0	1303772538253	0	0	0	0
1	1303772538263	0	0	0	0
2	1303772538272	0	0	0	0
3	1303772538292	0	0	0	0
4	1303772538303	0	0	0	0
5	1303772538314	0	0	0	0
6	1303772538327	0	0	0	0
7	1303772538340	0	0	0	0
8	1303772538354	0	0	0	0
9	1303772538369	0	0	0	0
10	1303772538385	0	0	0	0
11	1303772538400	0	0	0	0
12	1303772538419	0	0	0	0
13	1303772538436	0	0	0	0
14	1303772538452	0	0	0	0
15	1303772538467	0	0	0	0
16	1303772538482	0	0	0	0
17	1303772538498	0	0	0	0
18	1303772538522	0	0	0	0
19	1303772538538	0	0	0	0
20	1303772538556	0	0	0	0
21	1303772538572	0	0	0	0
22	1303772538589	0	0	0	0
23	1303772538606	0	0	0	0
24	1303772538622	0	0	0	0
25	1303772538680	0	0	0	0
26	1303772538697	0	0	0	0
27	1303772538756	0	0	0	0
28	1303772538775	0	0	0	0
29	1303772538791	0	0	0	0
30	1303772538849	0	0	0	0
31	1303772538907	0	0	0	0
32	1303772538924	0	0	0	0
33	1303772538941	0	0	0	0
34	1303772538981	0	0	0	0
35	1303772539002	0	0	0	0
36	1303772539019	0	0	0	0
37	1303772539037	0	0	0	0
38	1303772539054	0	0	0	0
39	1303772539075	0	0	0	0
40	1303772539093	0	0	0	0
41	1303772539152	0	0	0	0
42	1303772539170	0	0	0	0
43	1303772539191	0	0	0	0
44	1303772539250	0	0	0	0
45	1303772539313	0	0	0	0
46	1303772539332	0	0	0	0
47	1303772539351	0	0	0	0
48	1303772539370	0	0	0	0
49	1303772539389	0	0	0	0
50	1303772539410	0	0	0	0
51	1303772539428	0	0	0	0
52	1303772539445	0	0	0	0
53	1303772539463	0	0	0	0
54	1303772539481	0	0	0	0
55	1303772539498	0	0	0	0
56	1303772539516	0	0	0	0
57	1303772539537	0	0	0	0
58	1303772539555	0	0	0	0
59	1303772539573	0	0	0	0
60	1303772539591	0	0	0	0
61	1303772539609	0	0	0	0
62	1303772539626	0	0	0	0
63	1303772539645	0	0	0	0
64	1303772539704	0	0	0	0
65	1303772539725	0	0	0	0
66	1303772539743	0	0	0	0
67	1303772539762	0	0	0	0
68	1303772539779	0	0	0	0
69	1303772539797	0	0	0	0
70	1303772539815	0	0	0	0
71	1303772539833	0	0	0	0
72	1303772539854	0	0	0	0
73	1303772539873	0	0	0	0
74	1303772539891	0	0	0	0
75	1303772539909	0	0	0	0
76	1303772539935	0.5	0	0	0
77	1303772539981	0.5	0	0	0
78	1303772540032	0.5	0	0	0
79	1303772540084	0.5	0	0	0
80	1303772540132	0.5	0	0	0
81	1303772540179	0.5	0	0	0
82	1303772540273	0.5	0	0	0
83	1303772540329	0.5	0	0	0
84	1303772540400	0.5	1.5329	0	0
85	1303772540483	0.5	1.6196	0	0
86	1303772540580	0.5	1.4884	1.5	0.224
87	1303772540677	0.5	1.4884	0	0
88	1303772540775	0.5	1.4884	1.5	0.224
89	1303772540915	0.5	1.5576	0	0
90	1303772541012	0.5	1.5576	1.4167	0.2266
91	1303772541110	0.5	1.5576	1.5	0.214
92	1303772541205	0.5	1.5576	1.5	0.214
93	1303772541301	0.5	1.5576	1.5	0.214
94	1303772541394	0.5	1.5576	1.4444	0.2222
95	1303772541487	0.5	1.5576	1.3	0.2469
96	1303772541582	0.5	1.5576	1.25	0.2568
97	1303772541675	0.5	1.5576	1.25	0.2568
98	1303772541775	0.5	1.5576	1.25	0.2568
99	1303772541868	0.5	1.5576	1.2	0.2675
100	1303772542003	0.5	1.5576	1.2	0.2675
101	1303772542101	0.5	1.5576	1.25	0.2568
102	1303772542194	0.5	1.5576	1.25	0.2568
103	1303772542291	0.5	1.5576	1.25	0.2568
104	1303772542384	0.5	1.5576	1.25	0.2568
105	1303772542478	0.5	1.5576	1.25	0.2568
106	1303772542571	0.5	1.5576	1.25	0.2568
107	1303772542665	0.5	1.5576	1.25	0.2568
108	1303772542804	0.5	1.5576	1.25	0.2568
109	1303772542939	0.5	1.5978	1.25	0.2503
110	1303772543033	0.5	1.5978	1.25	0.2503
111	1303772543126	0.5	1.5978	1.25	0.2503
112	1303772543223	0.5	1.5978	1.25	0.2503
113	1303772543324	0.5	1.5978	1.25	0.2503
114	1303772543419	0.5	1.5978	1.25	0.2503
115	1303772543513	0.5	1.5978	1.2143	0.2577
116	1303772543606	0.5	1.5978	1.1667	0.2682
117	1303772543701	0.5	1.5978	1.1429	0.2738
118	1303772543796	0.5	1.5978	1.1071	0.2826
119	1303772543890	0.5	1.5978	1.1154	0.2806
120	1303772543984	0.5	1.5978	1.1071	0.2826
121	1303772544078	0.5	1.5978	1.1786	0.2655
122	1303772544174	0.5	1.5978	1.1071	0.2826
123	1303772544268	0.5	1.5978	1.1071	0.2826
124	1303772544412	0.5	1.5978	1.1071	0.2826
125	1303772544507	0.5	1.5978	1.1071	0.2826
126	1303772544646	1	1.5978	1.1071	0.5653
127	1303772544757	1	1.5978	1.1071	0.5653
128	1303772544868	1	1.5978	1.1071	0.5653
129	1303772544972	1	1.5978	1.1071	0.5653
130	1303772545071	1	1.5978	1.1071	0.5653
131	1303772545182	1	1.5978	1.1071	0.5653
132	1303772545299	1	1.5978	1.1071	0.5653
133	1303772545422	1	1.5978	1.1071	0.5653
134	1303772545589	1	1.5978	1.1071	0.5653
135	1303772545734	1	1.5978	1.1071	0.5653
136	1303772545890	1	1.3696	1.1071	0.6595
137	1303772546048	1	1.3696	1.1333	0.6442
138	1303772546194	1	1.3696	1.1562	0.6315
139	1303772546341	1	1.3696	1.1765	0.6206
140	1303772546529	1	1.3696	1.1944	0.6113
141	1303772546676	1	1.3696	1.1562	0.6315
142	1303772546822	1	1.3696	1.225	0.596
143	1303772547011	1	1.3696	1.2105	0.6032
144	1303772547200	1	1.3696	1.225	0.596
145	1303772547391	1	1.3696	1.225	0.596
146	1303772547535	1	1.3696	1.2381	0.5897
147	1303772547727	1	1.3696	1.25	0.5841
148	1303772547871	1	1.3696	1.2143	0.6013
149	1303772548017	1	1.3696	1.2381	0.5897
150	1303772548161	1	1.3696	1.2391	0.5892
151	1303772548314	1	1.4002	1.2045	0.5929
152	1303772548499	1	1.5015	1.2391	0.5375
153	1303772548725	1	1.5015	1.1957	0.557
154	1303772548893	1	1.5015	1.2292	0.5418
155	1303772549038	1	1.5015	1.2292	0.5418
156	1303772549182	1	1.5015	1.1957	0.557
157	1303772549328	1	1.5015	1.22	0.5459
158	1303772549472	1	1.5015	1.2222	0.5449
159	1303772549617	1	1.5015	1.1731	0.5677
160	1303772549785	1	1.5015	1.1852	0.5619
161	1303772550100	1	1.5015	1.1667	0.5708
162	1303772550247	1	1.5015	1.1667	0.5708
163	1303772550390	1	1.5015	1.1667	0.5708
164	1303772550535	1	1.5015	1.1667	0.5708
165	1303772550680	1	1.5015	1.1481	0.5801
166	1303772550826	1	1.5015	1.1429	0.5827
167	1303772550970	1	1.5015	1.1429	0.5827
168	1303772551120	1	1.5015	1.1429	0.5827
169	1303772551304	1	1.5015	1.1481	0.5801
170	1303772551450	1	1.5015	1.1379	0.5853
171	1303772551596	1	1.5015	1.1207	0.5943
172	1303772551741	1	1.5015	1.1207	0.5943
173	1303772551885	1	1.5015	1.1333	0.5876
174	1303772552032	1	1.5015	1.1207	0.5943
175	1303772552175	1	1.5015	1.1207	0.5943
176	1303772552323	1	1.5015	1.1207	0.5943
177	1303772552473	1	1.5015	1.1207	0.5943
178	1303772552619	1	1.5015	1.1167	0.5964
179	1303772552762	1	1.5015	1.1	0.6054
180	1303772552906	1	1.5015	1.1034	0.6035
181	1303772553050	1	1.5015	1.1	0.6054
182	1303772553236	1	1.5015	1.1034	0.6035
183	1303772553385	1	1.5015	1.1	0.6054
184	1303772553532	1	1.5015	1.1034	0.6035
185	1303772553677	1	1.5015	1.1034	0.6035
186	1303772553820	1	1.5015	1.1034	0.6035
187	1303772553964	1	1.5015	1.1	0.6054
188	1303772554107	1	1.5015	1.0833	0.6148
189	1303772554252	1	1.5015	1.0833	0.6148
190	1303772554396	1	1.5015	1.0833	0.6148
191	1303772554542	1	1.5015	1.0833	0.6148
192	1303772554692	1	1.5015	1.0833	0.6148
193	1303772554843	1	1.5015	1.0833	0.6148
194	1303772555036	1	1.5015	1.0833	0.6148
195	1303772555181	1	1.5015	1.0833	0.6148
196	1303772555368	1	1.5015	1.0833	0.6148
197	1303772555512	1	1.5015	1.0833	0.6148
198	1303772555657	1	1.5015	1.0833	0.6148
199	1303772555804	1	1.5015	1.0833	0.6148
200	1303772555948	1	1.5015	1.0833	0.6148
201	1303772556090	1	1.5015	1.0833	0.6148
202	1303772556233	1	1.5015	1.0833	0.6148
203	1303772556379	1	1.5015	1.0833	0.6148
204	1303772556523	1	1.5015	1.0833	0.6148
205	1303772556676	1	1.4804	1.0833	0.6235
206	1303772556825	1	1.4804	1.0833	0.6235
207	1303772556972	1	1.4804	1.0833	0.6235
208	1303772557116	1	1.4804	1.0833	0.6235
209	1303772557265	1	1.4804	1.0806	0.6251
210	1303772557409	1	1.4804	1.0806	0.6251
211	1303772557554	1	1.4804	1.0833	0.6235
212	1303772557703	1	1.4804	1.0806	0.6251
213	1303772557999	1	1.452	1.0806	0.6373
214	1303772558452	1	1.4657	1.0806	0.6313
215	1303772558627	1	1.4484	1.0645	0.6486
216	1303772558773	1	1.4509	1.0645	0.6474
217	1303772558920	1	1.4509	1.0645	0.6474
218	1303772559064	1	1.4509	1.0645	0.6474
219	1303772559209	1	1.4509	1.0645	0.6474
220	1303772559396	1	1.4509	1.0645	0.6474
221	1303772559544	1	1.4509	1.0645	0.6474
222	1303772559693	1	1.4509	1.0484	0.6574
223	1303772559839	1	1.4509	1.0484	0.6574
224	1303772559983	1	1.4509	1.0484	0.6574
225	1303772560137	1	1.4509	1.0484	0.6574
226	1303772560281	1	1.4509	1.0484	0.6574
227	1303772560427	1	1.4509	1.0484	0.6574
228	1303772560571	1	1.4509	1.0484	0.6574
229	1303772560715	1	1.4509	1.0484	0.6574
230	1303772560859	1	1.4509	1.0484	0.6574
231	1303772561008	1	1.4509	1.0484	0.6574
232	1303772561153	1	1.4509	1.0484	0.6574
233	1303772561296	1	1.4509	1.0484	0.6574
234	1303772561442	1	1.4509	1.0484	0.6574
235	1303772561591	1	1.4509	1.0484	0.6574
236	1303772561735	1	1.4509	1.0484	0.6574
237	1303772561880	1	1.4509	1.0484	0.6574
238	1303772562030	1	1.4509	1.0484	0.6574
239	1303772562179	1	1.4509	1.0484	0.6574
240	1303772562325	1	1.4509	1.0484	0.6574
241	1303772562474	1	1.4509	1.0484	0.6574
242	1303772562660	1	1.4509	1.0484	0.6574
243	1303772562853	1	1.2356	1.0484	0.772
244	1303772562998	1	1.2356	1.0484	0.772
245	1303772563140	1	1.2356	1.0484	0.772
246	1303772563327	1	1.2356	1.0484	0.772
247	1303772563512	1	1.4509	1.0484	0.6574
248	1303772563658	1	1.4509	1.0484	0.6574
249	1303772563804	1	1.4509	1.0484	0.6574
250	1303772563949	1	1.4509	1.0484	0.6574
251	1303772564093	1	1.4509	1.0484	0.6574
252	1303772564239	1	1.4509	1.0484	0.6574
253	1303772564383	1	1.4509	1.0469	0.6584
254	1303772564529	1	1.4509	1.0469	0.6584
255	1303772564673	1	1.4509	1.0469	0.6584
256	1303772564859	1	1.4509	1.0469	0.6584
257	1303772565008	1	1.4509	1.0312	0.6683
258	1303772565155	1	1.4509	1.0312	0.6683
259	1303772565299	1	1.4509	1.0312	0.6683
260	1303772565446	1	1.4509	1.0312	0.6683
261	1303772565631	1	1.4509	1.0312	0.6683
262	1303772565776	1	1.4509	1.0312	0.6683
263	1303772565921	1	1.4509	1.0312	0.6683
264	1303772566074	1	1.4509	1.0312	0.6683
265	1303772566218	1	1.4509	1.0312	0.6683
266	1303772566426	1	1.4509	1.0312	0.6683
267	1303772566593	1	1.4509	1.0312	0.6683
268	1303772566741	1	1.4509	1.0312	0.6683
269	1303772566887	1	1.4441	1.0312	0.6715
270	1303772567033	1	1.4441	1.0312	0.6715
271	1303772567177	1	1.4441	1.0312	0.6715
272	1303772567321	1	1.4441	1.0312	0.6715
273	1303772567472	1	1.4441	1.0312	0.6715
274	1303772567739	1	1.4441	1.0312	0.6715
275	1303772567988	1	1.442	1.0312	0.6725
276	1303772568149	1	1.4142	1.0312	0.6857
277	1303772568296	1	1.4138	1.0312	0.6859
278	1303772568446	1	1.4138	1.0312	0.6859
279	1303772568591	1	1.4138	1.0312	0.6859
280	1303772568735	1	1.4138	1.0312	0.6859
281	1303772568879	1	1.4138	1.0312	0.6859
282	1303772569039	1	1.4138	1.0312	0.6859
283	1303772569185	1	1.4138	1.0312	0.6859
284	1303772569335	1	1.4138	1.0312	0.6859
285	1303772569481	1	1.4138	1.0312	0.6859
286	1303772569626	1	1.4138	1.0312	0.6859
287	1303772569769	1	1.4138	1.0312	0.6859
288	1303772569915	1	1.4138	1.0312	0.6859
289	1303772570057	1	1.4138	1.0312	0.6859
290	1303772570202	1	1.4138	1.0312	0.6859
291	1303772570345	1	1.4138	1.0312	0.6859
292	1303772570490	1	1.4138	1.0312	0.6859
293	1303772570636	1	1.4138	1.0312	0.6859
294	1303772570822	1	1.4138	1.0312	0.6859
295	1303772571008	1	1.4138	1.0312	0.6859
296	1303772571154	1	1.4138	1.0312	0.6859
297	1303772571298	1	1.4138	1.0312	0.6859
298	1303772571447	1	1.4138	1.0312	0.6859
299	1303772571593	1	1.4138	1.0312	0.6859
300	1303772571738	1	1.4138	1.0312	0.6859
301	1303772571882	1	1.4138	1.0312	0.6859
302	1303772572027	1	1.4138	1.0312	0.6859
303	1303772572212	1	1.4138	1.0312	0.6859
304	1303772572360	1	1.4138	1.0312	0.6859
305	1303772572502	1	1.4138	1.0312	0.6859
306	1303772572649	1	1.4138	1.0312	0.6859
307	1303772572795	1	1.4138	1.0312	0.6859
308	1303772572941	1	1.4138	1.0312	0.6859
309	1303772573084	1	1.4138	1.0312	0.6859
310	1303772573230	1	1.4138	1.0312	0.6859
311	1303772573374	1	1.4138	1.0312	0.6859
312	1303772573520	1	1.4138	1.0312	0.6859
313	1303772573664	1	1.4138	1.0312	0.6859
314	1303772573809	1	1.4138	1.0312	0.6859
315	1303772573998	1	1.4138	1.0312	0.6859
316	1303772574148	1	1.4138	1.0312	0.6859
317	1303772574291	1	1.4138	1.0312	0.6859
318	1303772574436	1	1.4138	1.0312	0.6859
319	1303772574582	1	1.4138	1.0312	0.6859
320	1303772574733	1	1.4138	1.0312	0.6859
321	1303772574876	1	1.4138	1.0312	0.6859
322	1303772575019	1	1.4138	1.0312	0.6859
323	1303772575165	1	1.4138	1.0312	0.6859
324	1303772575310	1	1.4138	1.0312	0.6859
325	1303772575459	1	1.4138	1.0312	0.6859
326	1303772575603	1	1.4138	1.0312	0.6859
327	1303772575969	1	1.4138	1.0312	0.6859
328	1303772578878	1	1.4138	1.0312	0.6859
329	1303772579444	1	1.4138	1.0312	0.6859
330	1303772579601	1	1.4138	1.0312	0.6859
331	1303772579749	1	1.419	1.0312	0.6834
332	1303772579897	1	1.419	1.0312	0.6834
333	1303772580044	1	1.419	1.0312	0.6834
334	1303772580203	1	1.419	1.0312	0.6834
335	1303772580583	1	1.419	1.0312	0.6834
336	1303772580816	1	1.419	1.0312	0.6834
337	1303772580976	1	1.4111	1.0312	0.6872
338	1303772581124	1	1.4069	1.0312	0.6892
339	1303772581272	1	1.4069	1.0312	0.6892
340	1303772581428	1	1.4069	1.0312	0.6892
341	1303772581572	1	1.4069	1.0312	0.6892
342	1303772581717	1	1.4069	1.0312	0.6892
343	1303772581911	1	1.4069	1.0312	0.6892
344	1303772582057	1	1.4069	1.0312	0.6892
345	1303772582204	1	1.4069	1.0312	0.6892
346	1303772582349	1	1.4069	1.0312	0.6892
347	1303772582498	1	1.4069	1.0312	0.6892
348	1303772582644	1	1.4069	1.0312	0.6892
349	1303772582793	1	1.4069	1.0312	0.6892
350	1303772582939	1	1.4069	1.0312	0.6892
351	1303772583086	1	1.4069	1.0312	0.6892
352	1303772583238	1	1.4069	1.0312	0.6892
353	1303772583382	1	1.4069	1.0312	0.6892
354	1303772583527	1	1.4069	1.0312	0.6892
355	1303772583675	1	1.4069	1.0312	0.6892
356	1303772583824	1	1.4069	1.0312	0.6892
357	1303772583972	1	1.4069	1.0312	0.6892
358	1303772584117	1	1.4069	1.0312	0.6892
359	1303772584265	1	1.4069	1.0312	0.6892
360	1303772584411	1	1.4069	1.0312	0.6892
361	1303772584558	1	1.4069	1.0312	0.6892
362	1303772584704	1	1.4069	1.0312	0.6892
363	1303772584855	1	1.4069	1.0312	0.6892
364	1303772585007	1	1.4069	1.0312	0.6892
365	1303772585191	1	1.4249	1.0312	0.6805
366	1303772585336	1	1.4249	1.0312	0.6805
367	1303772585484	1	1.4249	1.0312	0.6805
368	1303772585631	1	1.4249	1.0312	0.6805
369	1303772585778	1	1.4249	1.0312	0.6805
370	1303772585975	1	1.4249	1.0312	0.6805
371	1303772586127	1	1.4249	1.0312	0.6805
372	1303772586313	1	1.4249	1.0312	0.6805
373	1303772586463	1	1.4249	1.0312	0.6805
374	1303772586611	1	1.4249	1.0312	0.6805
375	1303772586758	1	1.4249	1.0312	0.6805
376	1303772586909	1	1.4249	1.0312	0.6805
377	1303772587054	1	1.4249	1.0312	0.6805
378	1303772587201	1	1.4249	1.0312	0.6805
379	1303772587349	1	1.4249	1.0312	0.6805
380	1303772587495	1	1.4249	1.0312	0.6805
381	1303772587645	1	1.4249	1.0312	0.6805
382	1303772587789	1	1.4249	1.0312	0.6805
383	1303772587936	1	1.4249	1.0312	0.6805
384	1303772588085	1	1.4249	1.0312	0.6805
385	1303772588232	1	1.4249	1.0312	0.6805
386	1303772588379	1	1.4249	1.0312	0.6805
387	1303772588567	1	1.4249	1.0312	0.6805
388	1303772589105	1	1.4249	1.0312	0.6805
389	1303772597434	1	1.4249	1.0312	0.6805
390	1303772606614	1	1.4249	1.0312	0.6805
391	1303772607022	1	1.4249	1.0312	0.6805
392	1303772607171	1	1.4313	1.0312	0.6775
393	1303772607320	1	1.4313	1.0312	0.6775
394	1303772607469	1	1.4313	1.0312	0.6775
395	1303772607629	1	1.4313	1.0312	0.6775
396	1303772608042	1	1.4313	1.0312	0.6775
397	1303772608457	1	1.4313	1.0312	0.6775
398	1303772608673	1	1.4416	1.0312	0.6727
399	1303772608824	1	1.4416	1.0312	0.6727
400	1303772608970	1	1.4416	1.0312	0.6727
401	1303772609116	1	1.4416	1.0312	0.6727
402	1303772609264	1	1.4416	1.0312	0.6727
403	1303772609412	1	1.4416	1.0312	0.6727
404	1303772609565	1	1.4416	1.0312	0.6727
405	1303772609715	1	1.4416	1.0312	0.6727
406	1303772609861	1	1.4416	1.0312	0.6727
407	1303772610014	1	1.4416	1.0312	0.6727
408	1303772610166	1	1.4416	1.0312	0.6727
409	1303772610314	1	1.4416	1.0312	0.6727
410	1303772610462	1	1.4416	1.0312	0.6727
411	1303772610611	1	1.4416	1.0312	0.6727
412	1303772610798	1	1.4416	1.0312	0.6727
413	1303772610946	1	1.4416	1.0312	0.6727
414	1303772611133	1	1.4416	1.0312	0.6727
415	1303772611281	1	1.4416	1.0312	0.6727
416	1303772611432	1	1.4416	1.0312	0.6727
417	1303772611582	1	1.4416	1.0312	0.6727
418	1303772611735	1	1.4416	1.0312	0.6727
419	1303772611882	1	1.4416	1.0312	0.6727
420	1303772612040	1	1.4416	1.0312	0.6727
421	1303772612184	1	1.4416	1.0312	0.6727
422	1303772612330	1	1.4416	1.0312	0.6727
423	1303772612477	1	1.4416	1.0312	0.6727
424	1303772612664	1	1.4416	1.0312	0.6727
425	1303772612812	1	1.4416	1.0312	0.6727
426	1303772612959	1	1.4416	1.0312	0.6727
427	1303772613107	1	1.4416	1.0312	0.6727
428	1303772613253	1	1.4416	1.0312	0.6727
429	1303772613401	1	1.4416	1.0312	0.6727
430	1303772613547	1	1.4416	1.0312	0.6727
431	1303772613696	1	1.4416	1.0312	0.6727
432	1303772613882	1	1.4416	1.0312	0.6727
433	1303772614033	1	1.4416	1.0312	0.6727
434	1303772614181	1	1.4416	1.0312	0.6727
435	1303772614328	1	1.4416	1.0312	0.6727
436	1303772614476	1	1.4416	1.0312	0.6727
437	1303772614625	1	1.4416	1.0312	0.6727
438	1303772614771	1	1.4416	1.0312	0.6727
439	1303772614919	1	1.4416	1.0312	0.6727
440	1303772615073	1	1.4416	1.0312	0.6727
441	1303772615221	1	1.4416	1.0312	0.6727
442	1303772615374	1	1.4416	1.0312	0.6727
443	1303772615521	1	1.4416	1.0312	0.6727
444	1303772615667	1	1.4416	1.0312	0.6727
445	1303772615811	1	1.4416	1.0312	0.6727
446	1303772615958	1	1.4416	1.0312	0.6727
447	1303772616110	1	1.4416	1.0312	0.6727
448	1303772616260	1	1.4416	1.0312	0.6727
449	1303772616781	1	1.4422	1.0312	0.6724
450	1303772624512	1	1.4419	1.0312	0.6725
451	1303772632454	1	1.4418	1.0312	0.6725
452	1303772633304	1	1.4415	1.0312	0.6727
453	1303772633455	1	1.4415	1.0312	0.6727
454	1303772633602	1	1.4415	1.0312	0.6727
455	1303772633750	1	1.4415	1.0312	0.6727
456	1303772633907	1	1.4415	1.0312	0.6727
457	1303772634255	1	1.4415	1.0312	0.6727
458	1303772634652	1	1.4415	1.0312	0.6727
459	1303772634850	1	1.4433	1.0312	0.6718
460	1303772635003	1	1.4418	1.0312	0.6726
461	1303772635194	1	1.4418	1.0312	0.6726
462	1303772635345	1	1.4418	1.0312	0.6726
463	1303772635494	1	1.4418	1.0312	0.6726
464	1303772635641	1	1.4418	1.0312	0.6726
465	1303772635833	1	1.4418	1.0312	0.6726
466	1303772635984	1	1.4418	1.0312	0.6726
467	1303772636133	1	1.4418	1.0312	0.6726
468	1303772636279	1	1.4418	1.0312	0.6726
469	1303772636429	1	1.4418	1.0312	0.6726
470	1303772636577	1	1.4418	1.0312	0.6726
471	1303772636725	1	1.4418	1.0312	0.6726
472	1303772636877	1	1.4418	1.0312	0.6726
473	1303772637030	1	1.4418	1.0312	0.6726
474	1303772637219	1	1.4418	1.0312	0.6726
475	1303772637377	1	1.4418	1.0312	0.6726
476	1303772637526	1	1.4418	1.0312	0.6726
477	1303772637676	1	1.4418	1.0312	0.6726
478	1303772637829	1	1.4418	1.0312	0.6726
479	1303772637984	1	1.4418	1.0312	0.6726
480	1303772638142	1	1.4418	1.0312	0.6726
481	1303772638293	1	1.4418	1.0312	0.6726
482	1303772638442	1	1.4418	1.0312	0.6726
483	1303772638594	1	1.4418	1.0312	0.6726
484	1303772638783	1	1.4418	1.0312	0.6726
485	1303772638929	1	1.4418	1.0312	0.6726
486	1303772639077	1	1.4418	1.0312	0.6726
487	1303772639225	1	1.4418	1.0312	0.6726
488	1303772639375	1	1.4418	1.0312	0.6726
489	1303772639523	1	1.4418	1.0312	0.6726
490	1303772639671	1	1.4418	1.0312	0.6726
491	1303772639860	1	1.4418	1.0312	0.6726
492	1303772640009	1	1.4418	1.0312	0.6726
493	1303772640199	1	1.601	1.0312	0.6057
494	1303772640351	1	1.601	1.0312	0.6057
495	1303772640502	1	1.601	1.0312	0.6057
496	1303772640692	1	1.601	1.0312	0.6057
497	1303772640839	1	1.601	1.0312	0.6057
498	1303772640986	1	1.601	1.0312	0.6057
499	1303772641134	1	1.601	1.0312	0.6057
500	1303772641283	1	1.601	1.0312	0.6057
501	1303772641439	1	1.601	1.0312	0.6057
502	1303772641585	1	1.601	1.0312	0.6057
503	1303772641734	1	1.601	1.0312	0.6057
504	1303772641885	1	1.601	1.0312	0.6057
505	1303772642082	1	1.601	1.0312	0.6057
506	1303772642231	1	1.601	1.0312	0.6057
507	1303772642382	1	1.601	1.0312	0.6057
508	1303772642530	1	1.601	1.0312	0.6057
509	1303772642678	1	1.601	1.0312	0.6057
510	1303772643095	1	1.4026	1.0312	0.6913
511	1303772649496	1	1.4024	1.0312	0.6915
512	1303772655185	1	1.4024	1.0312	0.6915
513	1303772655778	1	1.4024	1.0312	0.6915
514	1303772655925	1	1.4024	1.0312	0.6915
515	1303772656075	1	1.4024	1.0312	0.6915
516	1303772656221	1	1.4024	1.0312	0.6915
517	1303772656378	1	1.4024	1.0312	0.6915
518	1303772656691	1	1.4024	1.0312	0.6915
519	1303772657051	1	1.4024	1.0312	0.6915
520	1303772657278	1	1.4024	1.0312	0.6915
521	1303772657430	1	1.4078	1.0312	0.6888
522	1303772657592	1	1.4078	1.0312	0.6888
523	1303772657742	1	1.4078	1.0312	0.6888
524	1303772657892	1	1.4078	1.0312	0.6888
525	1303772658040	1	1.4078	1.0312	0.6888
526	1303772658186	1	1.4078	1.0312	0.6888
527	1303772658332	1	1.4078	1.0312	0.6888
528	1303772658481	1	1.4078	1.0312	0.6888
529	1303772658629	1	1.4078	1.0312	0.6888
530	1303772658778	1	1.4078	1.0312	0.6888
531	1303772658929	1	1.4078	1.0312	0.6888
532	1303772659074	1	1.4078	1.0312	0.6888
533	1303772659222	1	1.4078	1.0312	0.6888
534	1303772659373	1	1.4078	1.0312	0.6888
535	1303772659522	1	1.4078	1.0312	0.6888
536	1303772659710	1	1.4078	1.0312	0.6888
537	1303772659901	1	1.4078	1.0312	0.6888
538	1303772660049	1	1.4078	1.0312	0.6888
539	1303772660198	1	1.4078	1.0312	0.6888
540	1303772660346	1	1.4078	1.0312	0.6888
541	1303772660494	1	1.4078	1.0312	0.6888
542	1303772660642	1	1.4078	1.0312	0.6888
543	1303772660790	1	1.4078	1.0312	0.6888
544	1303772660941	1	1.4078	1.0312	0.6888
545	1303772661089	1	1.4078	1.0312	0.6888
546	1303772661235	1	1.4078	1.0312	0.6888
547	1303772661382	1	1.4078	1.0312	0.6888
548	1303772661532	1	1.4078	1.0312	0.6888
549	1303772661679	1	1.4078	1.0312	0.6888
550	1303772661827	1	1.4078	1.0312	0.6888
551	1303772661975	1	1.4078	1.0312	0.6888
552	1303772662122	1	1.4078	1.0312	0.6888
553	1303772662270	1	1.4078	1.0312	0.6888
554	1303772662418	1	1.4078	1.0312	0.6888
555	1303772662566	1	1.4078	1.0312	0.6888
556	1303772662708	1	1.4078	1.0312	0.6888
557	1303772662855	1	1.4078	1.0312	0.6888
558	1303772663003	1	1.4078	1.0312	0.6888
559	1303772663151	1	1.4078	1.0312	0.6888
560	1303772663301	1	1.4078	1.0312	0.6888
561	1303772663461	1	1.4078	1.0312	0.6888
562	1303772663607	1	1.4078	1.0312	0.6888
563	1303772663756	1	1.4078	1.0312	0.6888
564	1303772663909	1	1.4078	1.0312	0.6888
565	1303772664059	1	1.4078	1.0312	0.6888
566	1303772664207	1	1.4078	1.0312	0.6888
567	1303772664356	1	1.4078	1.0312	0.6888
568	1303772664510	1	1.4078	1.0312	0.6888
569	1303772664658	1	1.4078	1.0312	0.6888
570	1303772664812	1	1.4078	1.0312	0.6888
571	1303772664995	1	1.4029	1.0312	0.6912
572	1303772665247	1	1.4027	1.0312	0.6913
573	1303772665405	1	1.4027	1.0312	0.6913
574	1303772665555	1	1.4027	1.0312	0.6913
575	1303772665704	1	1.4027	1.0312	0.6913
576	1303772665891	1	1.4027	1.0312	0.6913
577	1303772666040	1	1.4027	1.0312	0.6913
578	1303772666200	1	1.4027	1.0312	0.6913
579	1303772666432	1	1.4027	1.0312	0.6913
580	1303772666621	1	1.4027	1.0312	0.6913
581	1303772666773	1	1.4027	1.0312	0.6913
582	1303772666922	1	1.412	1.0312	0.6868
583	1303772667071	1	1.412	1.0312	0.6868
584	1303772667220	1	1.412	1.0312	0.6868
585	1303772667371	1	1.412	1.0312	0.6868
586	1303772667522	1	1.412	1.0312	0.6868
587	1303772667668	1	1.412	1.0312	0.6868
588	1303772667816	1	1.412	1.0312	0.6868
589	1303772667964	1	1.412	1.0312	0.6868
590	1303772668120	1	1.412	1.0312	0.6868
591	1303772668263	1	1.412	1.0312	0.6868
592	1303772668410	1	1.412	1.0312	0.6868
593	1303772668557	1	1.412	1.0312	0.6868
594	1303772668707	1	1.412	1.0312	0.6868
595	1303772668854	1	1.412	1.0312	0.6868
596	1303772669001	1	1.412	1.0312	0.6868
597	1303772669149	1	1.412	1.0312	0.6868
598	1303772669300	1	1.412	1.0312	0.6868
599	1303772669451	1	1.412	1.0312	0.6868
600	1303772669603	1	1.412	1.0312	0.6868
601	1303772669757	1	1.412	1.0312	0.6868
602	1303772669909	1	1.412	1.0312	0.6868
603	1303772670057	1	1.412	1.0312	0.6868
604	1303772670204	1	1.412	1.0312	0.6868
605	1303772670352	1	1.412	1.0312	0.6868
606	1303772670499	1	1.412	1.0312	0.6868
607	1303772670646	1	1.412	1.0312	0.6868
608	1303772670794	1	1.412	1.0312	0.6868
609	1303772670942	1	1.412	1.0312	0.6868
610	1303772671100	1	1.412	1.0312	0.6868
611	1303772671251	1	1.412	1.0312	0.6868
612	1303772671397	1	1.412	1.0312	0.6868
613	1303772671545	1	1.412	1.0312	0.6868
614	1303772671696	1	1.412	1.0312	0.6868
615	1303772671846	1	1.412	1.0312	0.6868
616	1303772671993	1	1.412	1.0312	0.6868
617	1303772672182	1	1.412	1.0312	0.6868
618	1303772672377	1	1.412	1.0312	0.6868
619	1303772672533	1	1.412	1.0312	0.6868
620	1303772672683	1	1.412	1.0312	0.6868
621	1303772672831	1	1.412	1.0312	0.6868
622	1303772672978	1	1.412	1.0312	0.6868
623	1303772673125	1	1.412	1.0312	0.6868
624	1303772673278	1	1.412	1.0312	0.6868
625	1303772673434	1	1.412	1.0312	0.6868
626	1303772673580	1	1.412	1.0312	0.6868
627	1303772673734	1	1.412	1.0312	0.6868
628	1303772673883	1	1.412	1.0312	0.6868
629	1303772674032	1	1.412	1.0312	0.6868
630	1303772674179	1	1.412	1.0312	0.6868
631	1303772674330	1	1.412	1.0312	0.6868
632	1303772674497	1	1.4089	1.0312	0.6882
633	1303772674669	1	1.4084	1.0312	0.6885
634	1303772674821	1	1.4084	1.0312	0.6885
635	1303772674979	1	1.4084	1.0312	0.6885
636	1303772675129	1	1.4084	1.0156	0.6991
637	1303772675281	1	1.4084	1.0312	0.6885
638	1303772675436	1	1.4084	1.0312	0.6885
639	1303772675591	1	1.4084	1.0312	0.6885
640	1303772675851	1	1.4084	1.0156	0.6991
641	1303772676079	1	1.4084	1.0312	0.6885
642	1303772676242	1	1.3956	1.0312	0.6948
643	1303772676394	1	1.3956	1.0312	0.6948
644	1303772676541	1	1.3956	1.0156	0.7055
645	1303772676689	1	1.3956	1.0312	0.6948
646	1303772676836	1	1.3956	1.0312	0.6948
647	1303772676984	1	1.3956	1.0312	0.6948
648	1303772677131	1	1.3956	1.0156	0.7055
649	1303772677279	1	1.3956	1.0312	0.6948
650	1303772677464	1	1.3956	1.0312	0.6948
651	1303772677611	1	1.3956	1.0312	0.6948
652	1303772677759	1	1.3956	1.0156	0.7055
653	1303772677915	1	1.3956	1.0312	0.6948
654	1303772678065	1	1.3956	1.0312	0.6948
655	1303772678215	1	1.3956	1.0312	0.6948
656	1303772678361	1	1.3956	1.0156	0.7055
657	1303772678509	1	1.3956	1.0312	0.6948
658	1303772678698	1	1.4397	1.0312	0.6735
659	1303772678847	1	1.4397	1.0312	0.6735
660	1303772679007	1	1.4397	1.0156	0.6839
661	1303772679161	1	1.4397	1.0312	0.6735
662	1303772679304	1	1.4397	1.0312	0.6735
663	1303772679457	1	1.4397	1.0312	0.6735
664	1303772679605	1	1.4397	1.0156	0.6839
665	1303772679756	1	1.4397	1.0312	0.6735
666	1303772679904	1	1.4397	1.0312	0.6735
667	1303772680061	1	1.4397	1.0312	0.6735
668	1303772680210	1	1.4397	1.0156	0.6839
669	1303772680357	1	1.4397	1.0312	0.6735
670	1303772680506	1	1.4397	1.0312	0.6735
671	1303772680659	1	1.4397	1.0312	0.6735
672	1303772680807	1	1.4397	1.0156	0.6839
673	1303772680955	1	1.4397	1.0312	0.6735
674	1303772681100	1	1.4397	1.0312	0.6735
675	1303772681245	1	1.4397	1.0312	0.6735
676	1303772681393	1	1.4397	1.0156	0.6839
677	1303772681543	1	1.4397	1.0312	0.6735
678	1303772681693	1	1.4397	1.0312	0.6735
679	1303772681846	1	1.4397	1.0312	0.6735
680	1303772681994	1	1.4397	1.0156	0.6839
681	1303772682141	1	1.4397	1.0312	0.6735
682	1303772682289	1	1.4397	1.0312	0.6735
683	1303772682436	1	1.4397	1.0312	0.6735
684	1303772682585	1	1.4397	1.0156	0.6839
685	1303772682729	1	1.4397	1.0312	0.6735
686	1303772682877	1	1.4397	1.0312	0.6735
687	1303772683031	1	1.4397	1.0312	0.6735
688	1303772683179	1	1.4397	1.0156	0.6839
689	1303772683325	1	1.4397	1.0312	0.6735
690	1303772683475	1	1.4397	1.0312	0.6735
691	1303772683621	1	1.4397	1.0312	0.6735
692	1303772683770	1	1.4397	1.0156	0.6839
693	1303772683943	1	1.4394	1.0312	0.6737
694	1303772684134	1	1.4389	1.0312	0.6739
695	1303772684295	1	1.4389	1.0312	0.6739
696	1303772684443	1	1.4389	1.0156	0.6843
697	1303772684596	1	1.4389	1.0312	0.6739
698	1303772684745	1	1.4389	1.0312	0.6739
699	1303772684892	1	1.4389	1.0312	0.6739
700	1303772685049	1	1.4389	1.0156	0.6843
701	1303772685379	1	1.4389	1.0312	0.6739
702	1303772685714	1	1.4389	1.0312	0.6739
703	1303772685968	1	1.4389	1.0312	0.6739
704	1303772686118	1	1.4504	1.0156	0.6788
705	1303772686266	1	1.4504	1.0312	0.6686
706	1303772686414	1	1.4504	1.0312	0.6686
707	1303772686558	1	1.4504	1.0312	0.6686
708	1303772686706	1	1.4504	1.0156	0.6788
709	1303772686852	1	1.4504	1.0312	0.6686
710	1303772687000	1	1.4504	1.0312	0.6686
711	1303772687147	1	1.4504	1.0312	0.6686
712	1303772687294	1	1.4504	1.0156	0.6788
713	1303772687443	1	1.4504	1.0312	0.6686
714	1303772687591	1	1.4504	1.0312	0.6686
715	1303772687737	1	1.4504	1.0312	0.6686
716	1303772687885	1	1.4504	1.0156	0.6788
717	1303772688032	1	1.4504	1.0312	0.6686
718	1303772688180	1	1.4504	1.0312	0.6686
719	1303772688329	1	1.4504	1.0312	0.6686
720	1303772688478	1	1.4504	1.0156	0.6788
721	1303772688624	1	1.4504	1.0312	0.6686
722	1303772688771	1	1.4504	1.0312	0.6686
723	1303772688918	1	1.4504	1.0312	0.6686
724	1303772689068	1	1.4504	1.0156	0.6788
725	1303772689216	1	1.4504	1.0312	0.6686
726	1303772689363	1	1.4504	1.0312	0.6686
727	1303772689521	1	1.4504	1.0312	0.6686
728	1303772689671	1	1.4504	1.0156	0.6788
729	1303772689819	1	1.4504	1.0312	0.6686
730	1303772690008	1	1.4846	1.0312	0.6532
731	1303772690156	1	1.4846	1.0312	0.6532
732	1303772690391	1	1.4846	1.0156	0.6632
733	1303772690554	1	1.4846	1.0312	0.6532
734	1303772690745	1	1.4846	1.0312	0.6532
735	1303772690895	1	1.4846	1.0312	0.6532
736	1303772691044	1	1.4846	1.0156	0.6632
737	1303772691190	1	1.4846	1.0312	0.6532
738	1303772691436	1	1.4846	1.0312	0.6532
739	1303772691583	1	1.4846	1.0312	0.6532
740	1303772691781	1	1.4846	1.0156	0.6632
741	1303772691928	1	1.4846	1.0312	0.6532
742	1303772692106	1	1.4846	1.0312	0.6532
743	1303772692263	1	1.4846	1.0312	0.6532
744	1303772692471	1	1.4846	1.0156	0.6632
745	1303772692628	1	1.4846	1.0312	0.6532
746	1303772692787	1	1.4846	1.0312	0.6532
747	1303772693043	1	1.4846	1.0312	0.6532
748	1303772693301	1	1.4846	1.0156	0.6632
749	1303772693450	1	1.4846	1.0312	0.6532
750	1303772693605	1	1.4846	1.0312	0.6532
751	1303772693757	1	1.4846	1.0312	0.6532
752	1303772693906	1	1.4846	1.0156	0.6632
753	1303772694053	1	1.4846	1.0312	0.6532
754	1303772694224	1	1.4841	1.0312	0.6534
755	1303772694407	1	1.484	1.0312	0.6534
756	1303772694612	1	1.484	1.0156	0.6635
757	1303772694804	1	1.484	1.0312	0.6534
758	1303772694953	1	1.484	1.0312	0.6534
759	1303772695102	1	1.484	1.0312	0.6534
760	1303772695291	1	1.484	1.0156	0.6635
761	1303772695492	1	1.484	1.0312	0.6534
762	1303772695747	1	1.484	1.0312	0.6534
763	1303772695941	1	1.484	1.0312	0.6534
764	1303772696103	1	1.484	1.0156	0.6635
765	1303772696293	1	1.484	1.0312	0.6534
766	1303772696444	1	1.4918	1.0312	0.65
767	1303772696643	1	1.4918	1.0312	0.65
768	1303772696789	1	1.4918	1.0156	0.66
769	1303772696938	1	1.4918	1.0312	0.65
770	1303772697086	1	1.4918	1.0312	0.65
771	1303772697233	1	1.4918	1.0312	0.65
772	1303772697382	1	1.4918	1.0156	0.66
773	1303772697531	1	1.4918	1.0312	0.65
774	1303772697678	1	1.4918	1.0312	0.65
775	1303772697826	1	1.4918	1.0312	0.65
776	1303772697972	1	1.4918	1.0156	0.66
777	1303772698119	1	1.4918	1.0312	0.65
778	1303772698265	1	1.4918	1.0312	0.65
779	1303772698410	1	1.4918	1.0312	0.65
780	1303772698561	1	1.4918	1.0156	0.66
781	1303772698720	1	1.4918	1.0312	0.65
782	1303772698867	1	1.4918	1.0312	0.65
783	1303772699016	1	1.4918	1.0312	0.65
784	1303772699164	1	1.4918	1.0156	0.66
785	1303772699313	1	1.4918	1.0312	0.65
786	1303772699459	1	1.4918	1.0312	0.65
787	1303772699649	1	1.4918	1.0312	0.65
788	1303772699796	1	1.4918	1.0156	0.66
789	1303772699945	1	1.4918	1.0312	0.65
790	1303772700093	1	1.4918	1.0312	0.65
791	1303772700236	1	1.4918	1.0312	0.65
792	1303772700382	1	1.4918	1.0156	0.66
793	1303772700530	1	1.4918	1.0312	0.65
794	1303772700676	1	1.4918	1.0312	0.65
795	1303772700869	1	1.4918	1.0312	0.65
796	1303772701059	1	1.4918	1.0156	0.66
797	1303772701207	1	1.4918	1.0312	0.65
798	1303772701354	1	1.4918	1.0312	0.65
799	1303772701588	1	1.4918	1.0312	0.65
800	1303772701736	1	1.4918	1.0156	0.66
801	1303772701895	1	1.4918	1.0312	0.65
802	1303772702084	1	1.4918	1.0312	0.65
803	1303772702229	1	1.4918	1.0312	0.65
804	1303772702377	1	1.4918	1.0156	0.66
805	1303772702525	1	1.4918	1.0312	0.65
806	1303772702671	1	1.4918	1.0312	0.65
807	1303772702821	1	1.4918	1.0312	0.65
808	1303772702970	1	1.4918	1.0156	0.66
809	1303772703119	1	1.4918	1.0312	0.65
810	1303772703268	1	1.4918	1.0312	0.65
811	1303772703416	1	1.4918	1.0312	0.65
812	1303772703564	1	1.4918	1.0156	0.66
813	1303772703719	1	1.4918	1.0312	0.65
814	1303772703863	1	1.4918	1.0312	0.65
815	1303772704037	1	1.4911	1.0312	0.6503
816	1303772704211	1	1.4911	1.0156	0.6603
817	1303772704367	1	1.4911	1.0312	0.6503
818	1303772704515	1	1.4911	1.0312	0.6503
819	1303772704664	1	1.4911	1.0312	0.6503
820	1303772704851	1	1.4911	1.0156	0.6603
821	1303772704999	1	1.4911	1.0312	0.6503
822	1303772705162	1	1.4911	1.0312	0.6503
823	1303772705423	1	1.4911	1.0312	0.6503
824	1303772705727	1	1.4911	1.0156	0.6603
825	1303772705900	1	1.4911	1.0312	0.6503
826	1303772706048	1	1.4911	1.0312	0.6503
827	1303772706201	1	1.5005	1.0312	0.6463
828	1303772706344	1	1.5005	1.0156	0.6562
829	1303772706534	1	1.563	1.0312	0.6204
830	1303772706681	1	1.563	1.0312	0.6204
831	1303772706830	1	1.563	1.0312	0.6204
832	1303772706978	1	1.563	1.0156	0.63
833	1303772707126	1	1.563	1.0312	0.6204
834	1303772707274	1	1.563	1.0312	0.6204
835	1303772707423	1	1.563	1.0312	0.6204
836	1303772707569	1	1.563	1.0156	0.63
837	1303772707718	1	1.563	1.0312	0.6204
838	1303772707865	1	1.563	1.0312	0.6204
839	1303772708025	1	1.563	1.0312	0.6204
840	1303772708170	1	1.563	1.0156	0.63
841	1303772708324	1	1.563	1.0312	0.6204
842	1303772708471	1	1.563	1.0312	0.6204
843	1303772708625	1	1.563	1.0312	0.6204
844	1303772708772	1	1.563	1.0156	0.63
845	1303772708929	1	1.563	1.0312	0.6204
846	1303772709079	1	1.563	1.0312	0.6204
847	1303772709228	1	1.563	1.0312	0.6204
848	1303772709374	1	1.563	1.0156	0.63
849	1303772709530	1	1.563	1.0312	0.6204
850	1303772709676	1	1.563	1.0312	0.6204
851	1303772709869	1	1.563	1.0312	0.6204
852	1303772710017	1	1.563	1.0156	0.63
853	1303772710205	1	1.2949	1.0312	0.7489
854	1303772710353	1	1.2949	1.0312	0.7489
855	1303772710501	1	1.2949	1.0312	0.7489
856	1303772710648	1	1.2949	1.0156	0.7604
857	1303772710794	1	1.2949	1.0312	0.7489
858	1303772710946	1	1.2949	1.0312	0.7489
859	1303772711094	1	1.2949	1.0312	0.7489
860	1303772711246	1	1.2949	1.0156	0.7604
861	1303772711406	1	1.2949	1.0312	0.7489
862	1303772711555	1	1.2949	1.0312	0.7489
863	1303772711746	1	1.2949	1.0312	0.7489
864	1303772711937	1	1.3332	1.0156	0.7386
865	1303772712125	1	1.3332	1.0312	0.7274
866	1303772712279	1	1.3332	1.0312	0.7274
867	1303772712429	1	1.3332	1.0312	0.7274
868	1303772712580	1	1.3332	1.0156	0.7386
869	1303772712728	1	1.3332	1.0312	0.7274
870	1303772712883	1	1.3332	1.0312	0.7274
871	1303772713030	1	1.3332	1.0312	0.7274
872	1303772713183	1	1.3332	1.0156	0.7386
873	1303772713330	1	1.3332	1.0312	0.7274
874	1303772713478	1	1.3332	1.0312	0.7274
875	1303772713621	1	1.3332	1.0312	0.7274
876	1303772713795	1	1.3332	1.0156	0.7386
877	1303772713985	1	1.3332	1.0312	0.7274
878	1303772714198	1	1.3332	1.0312	0.7274
879	1303772714345	1	1.3332	1.0312	0.7274
880	1303772714535	1	1.3335	1.0156	0.7383
881	1303772714721	1	1.334	1.0312	0.7269
882	1303772714870	1	1.334	1.0312	0.7269
883	1303772715063	1	1.334	1.0312	0.7269
884	1303772715342	1	1.334	1.0156	0.7381
885	1303772715556	1	1.334	1.0312	0.7269
886	1303772715745	1	1.334	1.0312	0.7269
887	1303772715934	1	1.334	1.0312	0.7269
888	1303772716086	1	1.3573	1.0156	0.7254
889	1303772716230	1	1.3573	1.0312	0.7144
890	1303772716378	1	1.3573	1.0312	0.7144
891	1303772716525	1	1.3573	1.0312	0.7144
892	1303772716714	1	1.3573	1.0156	0.7254
893	1303772716871	1	1.3573	1.0312	0.7144
894	1303772717019	1	1.3573	1.0312	0.7144
895	1303772717169	1	1.3573	1.0312	0.7144
896	1303772717318	1	1.3573	1.0156	0.7254
897	1303772717465	1	1.3573	1.0312	0.7144
898	1303772717616	1	1.3573	1.0312	0.7144
899	1303772717762	1	1.3573	1.0312	0.7144
900	1303772717912	1	1.3573	1.0156	0.7254
901	1303772718064	1	1.3573	1.0312	0.7144
902	1303772718216	1	1.3573	1.0312	0.7144
903	1303772718365	1	1.3573	1.0312	0.7144
904	1303772718512	1	1.3573	1.0156	0.7254
905	1303772718659	1	1.3573	1.0312	0.7144
906	1303772718807	1	1.3573	1.0312	0.7144
907	1303772718955	1	1.3573	1.0312	0.7144
908	1303772719104	1	1.3573	1.0156	0.7254
909	1303772719258	1	1.3573	1.0312	0.7144
910	1303772719412	1	1.3573	1.0312	0.7144
911	1303772719560	1	1.3573	1.0312	0.7144
912	1303772719709	1	1.3573	1.0156	0.7254
913	1303772719861	1	1.3573	1.0312	0.7144
914	1303772720056	1	1.3573	1.0312	0.7144
915	1303772720203	1	1.3573	1.0312	0.7144
916	1303772720352	1	1.3573	1.0156	0.7254
917	1303772720539	1	1.3573	1.0312	0.7144
918	1303772720690	1	1.3573	1.0312	0.7144
919	1303772720839	1	1.3573	1.0312	0.7144
920	1303772721028	1	1.3573	1.0156	0.7254
921	1303772721178	1	1.3573	1.0312	0.7144
922	1303772721327	1	1.3573	1.0312	0.7144
923	1303772721470	1	1.3573	1.0312	0.7144
924	1303772721618	1	1.3573	1.0156	0.7254
925	1303772721765	1	1.3573	1.0312	0.7144
926	1303772721954	1	1.3573	1.0312	0.7144
927	1303772722100	1	1.3573	1.0312	0.7144
928	1303772722247	1	1.3573	1.0156	0.7254
929	1303772722394	1	1.3573	1.0312	0.7144
930	1303772722542	1	1.3573	1.0312	0.7144
931	1303772722689	1	1.3573	1.0312	0.7144
932	1303772722878	1	1.3573	1.0156	0.7254
933	1303772723025	1	1.3573	1.0312	0.7144
934	1303772723179	1	1.3573	1.0312	0.7144
935	1303772723322	1	1.3573	1.0312	0.7144
936	1303772723470	1	1.3573	1.0156	0.7254
937	1303772723655	1	1.3573	1.0312	0.7144
938	1303772723870	1	1.3573	1.0312	0.7144
939	1303772724081	1	1.3573	1.0312	0.7144
940	1303772724234	1	1.3573	1.0156	0.7254
941	1303772724378	1	1.3573	1.0312	0.7144
942	1303772724530	1	1.3573	1.0312	0.7144
943	1303772724683	1	1.3573	1.0312	0.7144
944	1303772724881	1	1.3573	1.0156	0.7254
945	1303772725198	1	1.3573	1.0312	0.7144
946	1303772725448	1	1.3573	1.0312	0.7144
947	1303772725668	1	1.3573	1.0312	0.7144
948	1303772725818	1	1.3669	1.0156	0.7203
949	1303772726007	1	1.3669	1.0312	0.7094
950	1303772726159	1	1.3669	1.0312	0.7094
951	1303772726306	1	1.3669	1.0312	0.7094
952	1303772726496	1	1.3669	1.0156	0.7203
953	1303772726638	1	1.3669	1.0312	0.7094
954	1303772726786	1	1.3669	1.0312	0.7094
955	1303772726939	1	1.3669	1.0312	0.7094
956	1303772727091	1	1.3669	1.0156	0.7203
957	1303772727239	1	1.3669	1.0312	0.7094
958	1303772727390	1	1.3669	1.0312	0.7094
959	1303772727536	1	1.3669	1.0312	0.7094
960	1303772727684	1	1.3669	1.0156	0.7203
961	1303772727830	1	1.3669	1.0312	0.7094
962	1303772727979	1	1.3669	1.0312	0.7094
963	1303772728167	1	1.3669	1.0312	0.7094
964	1303772728314	1	1.3669	1.0156	0.7203
965	1303772728458	1	1.3669	1.0312	0.7094
966	1303772728606	1	1.3669	1.0312	0.7094
967	1303772728752	1	1.3669	1.0312	0.7094
968	1303772728899	1	1.3669	1.0156	0.7203
969	1303772729047	1	1.3669	1.0312	0.7094
970	1303772729195	1	1.3669	1.0312	0.7094
971	1303772729342	1	1.3669	1.0312	0.7094
972	1303772729532	1	1.3669	1.0156	0.7203
973	1303772729683	1	1.3669	1.0312	0.7094
974	1303772729832	1	1.3669	1.0312	0.7094
975	1303772729979	1	1.3669	1.0312	0.7094
976	1303772730122	1	1.3669	1.0156	0.7203
977	1303772730269	1	1.3669	1.0312	0.7094
978	1303772730417	1	1.3669	1.0312	0.7094
979	1303772730565	1	1.3669	1.0312	0.7094
980	1303772730712	1	1.3669	1.0156	0.7203
981	1303772730859	1	1.3669	1.0312	0.7094
982	1303772731008	1	1.3669	1.0312	0.7094
983	1303772731155	1	1.3669	1.0312	0.7094
984	1303772731306	1	1.3669	1.0156	0.7203
985	1303772731454	1	1.3669	1.0312	0.7094
986	1303772731602	1	1.3669	1.0312	0.7094
987	1303772731799	1	1.3669	1.0312	0.7094
988	1303772731946	1	1.3669	1.0156	0.7203
989	1303772732093	1	1.3669	1.0312	0.7094
990	1303772732282	1	1.3669	1.0312	0.7094
991	1303772732428	1	1.3669	1.0312	0.7094
992	1303772732576	1	1.3669	1.0156	0.7203
993	1303772732723	1	1.3669	1.0312	0.7094
994	1303772732870	1	1.3669	1.0312	0.7094
995	1303772733017	1	1.3669	1.0312	0.7094
996	1303772733165	1	1.3669	1.0156	0.7203
997	1303772733318	1	1.3669	1.0312	0.7094
998	1303772733574	1	1.3669	1.0312	0.7094
999	1303772733853	1	1.3669	1.0312	0.7094
1000	1303772734085	1	1.3669	1.0156	0.7203
1001	1303772734248	1	1.3669	1.0312	0.7094
1002	1303772734400	1	1.3671	1.0312	0.7093
1003	1303772734547	1	1.3671	1.0312	0.7093
1004	1303772734695	1	1.3671	1.0156	0.7202
1005	1303772734848	1	1.3671	1.0312	0.7093
1006	1303772735104	1	1.3671	1.0312	0.7093
1007	1303772735395	1	1.3671	1.0312	0.7093
1008	1303772735571	1	1.3671	1.0156	0.7202
1009	1303772735722	1	1.3671	1.0312	0.7093
1010	1303772735912	1	1.3837	1.0312	0.7008
1011	1303772736060	1	1.3837	1.0312	0.7008
1012	1303772736248	1	1.3837	1.0156	0.7116
1013	1303772736395	1	1.3837	1.0312	0.7008
1014	1303772736544	1	1.3837	1.0312	0.7008
1015	1303772736691	1	1.3837	1.0312	0.7008
1016	1303772736840	1	1.3837	1.0156	0.7116
1017	1303772736987	1	1.3837	1.0312	0.7008
1018	1303772737140	1	1.3837	1.0312	0.7008
1019	1303772737291	1	1.3837	1.0312	0.7008
1020	1303772737440	1	1.3837	1.0156	0.7116
1021	1303772737583	1	1.3837	1.0312	0.7008
1022	1303772737730	1	1.3837	1.0312	0.7008
1023	1303772737877	1	1.3837	1.0312	0.7008
1024	1303772738025	1	1.3837	1.0156	0.7116
1025	1303772738171	1	1.3837	1.0312	0.7008
1026	1303772738318	1	1.3837	1.0312	0.7008
1027	1303772738468	1	1.3837	1.0312	0.7008
1028	1303772738616	1	1.3837	1.0156	0.7116
1029	1303772738774	1	1.3837	1.0312	0.7008
1030	1303772738922	1	1.3837	1.0312	0.7008
1031	1303772739068	1	1.3837	1.0312	0.7008
1032	1303772739213	1	1.3837	1.0156	0.7116
1033	1303772739359	1	1.3837	1.0312	0.7008
1034	1303772739507	1	1.3837	1.0312	0.7008
1035	1303772739653	1	1.3837	1.0312	0.7008
1036	1303772739801	1	1.3837	1.0156	0.7116
1037	1303772739949	1	1.3837	1.0312	0.7008
1038	1303772740137	1	1.3837	1.0312	0.7008
1039	1303772740285	1	1.3837	1.0312	0.7008
1040	1303772740433	1	1.3837	1.0156	0.7116
1041	1303772740579	1	1.3837	1.0312	0.7008
1042	1303772740733	1	1.3837	1.0312	0.7008
1043	1303772740880	1	1.3837	1.0312	0.7008
1044	1303772741024	1	1.3837	1.0156	0.7116
1045	1303772741178	1	1.3837	1.0312	0.7008
1046	1303772741367	1	1.3837	1.0312	0.7008
1047	1303772741514	1	1.3837	1.0312	0.7008
1048	1303772741662	1	1.3837	1.0156	0.7116
1049	1303772741849	1	1.3837	1.0312	0.7008
1050	1303772741999	1	1.3837	1.0312	0.7008
1051	1303772742149	1	1.3837	1.0312	0.7008
1052	1303772742297	1	1.3837	1.0156	0.7116
1053	1303772742444	1	1.3837	1.0312	0.7008
1054	1303772742592	1	1.3837	1.0312	0.7008
1055	1303772742742	1	1.3837	1.0312	0.7008
1056	1303772742897	1	1.3837	1.0156	0.7116
1057	1303772743085	1	1.3835	1.0312	0.7009
1058	1303772743234	1	1.3835	1.0312	0.7009
1059	1303772743429	1	1.3835	1.0312	0.7009
1060	1303772743692	1	1.3835	1.0156	0.7117
1061	1303772743915	1	1.3835	1.0312	0.7009
1062	1303772744067	1	1.3835	1.0312	0.7009
1063	1303772744214	1	1.3847	1.0312	0.7003
1064	1303772744359	1	1.3847	1.0156	0.7111
1065	1303772744505	1	1.3847	1.0312	0.7003
1066	1303772744713	1	1.3695	1.0312	0.708
1067	1303772745023	1	1.3695	1.0312	0.708
1068	1303772745319	1	1.3695	1.0156	0.7189
1069	1303772745497	1	1.3696	1.0312	0.708
1070	1303772745648	1	1.3696	1.0312	0.708
1071	1303772745798	1	1.3698	1.0312	0.7079
1072	1303772745947	1	1.3698	1.0156	0.7188
1073	1303772746094	1	1.3698	1.0312	0.7079
1074	1303772746246	1	1.3698	1.0312	0.7079
1075	1303772746398	1	1.3698	1.0312	0.7079
1076	1303772746597	1	1.3698	1.0156	0.7188
1077	1303772746741	1	1.3698	1.0312	0.7079
1078	1303772746889	1	1.3698	1.0312	0.7079
1079	1303772747036	1	1.3698	1.0312	0.7079
1080	1303772747185	1	1.3698	1.0156	0.7188
1081	1303772747334	1	1.3698	1.0312	0.7079
1082	1303772747483	1	1.3698	1.0312	0.7079
1083	1303772747635	1	1.3698	1.0312	0.7079
1084	1303772747829	1	1.3163	1.0156	0.748
1085	1303772747977	1	1.3163	1.0312	0.7367
1086	1303772748132	1	1.3163	1.0312	0.7367
1087	1303772748321	1	1.3074	1.0312	0.7417
1088	1303772748471	1	1.3074	1.0156	0.7531
1089	1303772748614	1	1.3074	1.0312	0.7417
1090	1303772748763	1	1.3074	1.0312	0.7417
1091	1303772748910	1	1.3074	1.0312	0.7417
1092	1303772749059	1	1.3074	1.0156	0.7531
1093	1303772749207	1	1.3074	1.0312	0.7417
1094	1303772749355	1	1.3074	1.0312	0.7417
1095	1303772749502	1	1.3074	1.0312	0.7417
1096	1303772749650	1	1.3074	1.0156	0.7531
1097	1303772749796	1	1.3074	1.0312	0.7417
1098	1303772749945	1	1.3074	1.0312	0.7417
1099	1303772750095	1	1.3074	1.0312	0.7417
1100	1303772750242	1	1.3074	1.0156	0.7531
1101	1303772750385	1	1.3074	1.0312	0.7417
1102	1303772750533	1	1.3074	1.0312	0.7417
1103	1303772750680	1	1.3074	1.0312	0.7417
1104	1303772750828	1	1.3074	1.0156	0.7531
1105	1303772750975	1	1.3074	1.0312	0.7417
1106	1303772751123	1	1.3074	1.0312	0.7417
1107	1303772751312	1	1.3074	1.0312	0.7417
1108	1303772751461	1	1.3074	1.0156	0.7531
1109	1303772751614	1	1.3074	1.0312	0.7417
1110	1303772751766	1	1.3074	1.0312	0.7417
1111	1303772751912	1	1.3074	1.0312	0.7417
1112	1303772752065	1	1.3074	1.0156	0.7531
1113	1303772752210	1	1.3074	1.0312	0.7417
1114	1303772752359	1	1.3074	1.0312	0.7417
1115	1303772752505	1	1.3074	1.0312	0.7417
1116	1303772752653	1	1.3074	1.0156	0.7531
1117	1303772752799	1	1.3074	1.0312	0.7417
1118	1303772752947	1	1.3074	1.0312	0.7417
1119	1303772753094	1	1.3074	1.0312	0.7417
1120	1303772753302	1	1.3074	1.0156	0.7531
1121	1303772753554	1	1.3074	1.0312	0.7417
1122	1303772753737	1	1.3074	1.0312	0.7417
1123	1303772753888	1	1.3074	1.0312	0.7417
1124	1303772754037	1	1.3095	1.0156	0.7519
1125	1303772754184	1	1.3095	1.0312	0.7405
1126	1303772754333	1	1.3095	1.0312	0.7405
1127	1303772754482	1	1.3095	1.0312	0.7405
1128	1303772754716	1	1.3095	1.0156	0.7519
1129	1303772755032	1	1.4739	1.0312	0.6579
1130	1303772755188	1	1.4739	1.0312	0.6579
1131	1303772755338	1	1.4739	1.0312	0.6579
1132	1303772755486	1	1.4954	1.0156	0.6584
1133	1303772755634	1	1.4954	1.0312	0.6484
1134	1303772755782	1	1.4954	1.0312	0.6484
1135	1303772755931	1	1.4954	1.0312	0.6484
1136	1303772756082	1	1.4954	1.0156	0.6584
1137	1303772756229	1	1.4954	1.0312	0.6484
1138	1303772756377	1	1.4954	1.0312	0.6484
1139	1303772756534	1	1.4954	1.0312	0.6484
1140	1303772756685	1	1.4954	1.0156	0.6584
1141	1303772756833	1	1.4954	1.0312	0.6484
1142	1303772756978	1	1.4954	1.0312	0.6484
1143	1303772757125	1	1.4954	1.0312	0.6484
1144	1303772757319	1	1.4954	1.0156	0.6584
1145	1303772757466	1	1.4954	1.0312	0.6484
1146	1303772757615	1	1.4954	1.0312	0.6484
1147	1303772757762	1	1.4954	1.0312	0.6484
1148	1303772757910	1	1.4954	1.0156	0.6584
1149	1303772758056	1	1.4954	1.0312	0.6484
1150	1303772758204	1	1.4954	1.0312	0.6484
1151	1303772758357	1	1.4954	1.0312	0.6484
1152	1303772758513	1	1.4954	1.0312	0.6484
1153	1303772758662	1	1.4954	1.0312	0.6484
1154	1303772758809	1	1.4954	1.0312	0.6484
1155	1303772758957	1	1.4954	1.0312	0.6484
1156	1303772759105	1	1.4954	1.0312	0.6484
1157	1303772759252	1	1.4954	1.0312	0.6484
1158	1303772759401	1	1.4954	1.0312	0.6484
1159	1303772759548	1	1.4954	1.0312	0.6484
1160	1303772759701	1	1.4954	1.0312	0.6484
1161	1303772759848	1	1.4954	1.0312	0.6484
1162	1303772760001	1	1.4954	1.0312	0.6484
1163	1303772760148	1	1.4954	1.0312	0.6484
1164	1303772760296	1	1.4954	1.0312	0.6484
1165	1303772760452	1	1.4954	1.0312	0.6484
1166	1303772760600	1	1.4954	1.0312	0.6484
1167	1303772760747	1	1.4954	1.0312	0.6484
1168	1303772760894	1	1.4954	1.0312	0.6484
1169	1303772761041	1	1.4954	1.0312	0.6484
1170	1303772761188	1	1.4954	1.0312	0.6484
1171	1303772761335	1	1.4954	1.0312	0.6484
1172	1303772761490	1	1.4954	1.0312	0.6484
1173	1303772761636	1	1.4954	1.0312	0.6484
1174	1303772761826	1	1.4954	1.0312	0.6484
1175	1303772761980	1	1.4954	1.0312	0.6484
1176	1303772762130	1	1.4954	1.0312	0.6484
1177	1303772762274	1	1.4954	1.0312	0.6484
1178	1303772762422	1	1.4954	1.0312	0.6484
1179	1303772762575	1	1.4954	1.0312	0.6484
1180	1303772762725	1	1.4954	1.0312	0.6484
1181	1303772762936	1	1.4954	1.0312	0.6484
1182	1303772763213	1	1.4954	1.0312	0.6484
1183	1303772763395	1	1.4954	1.0312	0.6484
1184	1303772763547	1	1.4954	1.0312	0.6484
1185	1303772763700	1	1.4982	1.0312	0.6473
1186	1303772763846	1	1.4982	1.0312	0.6473
1187	1303772763994	1	1.4982	1.0312	0.6473
1188	1303772764147	1	1.4982	1.0312	0.6473
1189	1303772764387	1	1.4982	1.0312	0.6473
1190	1303772764682	1	1.4982	1.0312	0.6473
1191	1303772764845	1	1.4982	1.0312	0.6473
1192	1303772764996	1	1.4982	1.0312	0.6473
1193	1303772765143	1	1.5088	1.0312	0.6427
1194	1303772765297	1	1.5088	1.0312	0.6427
1195	1303772765486	1	1.5088	1.0312	0.6427
1196	1303772765637	1	1.5088	1.0312	0.6427
1197	1303772765786	1	1.5088	1.0312	0.6427
1198	1303772765942	1	1.5088	1.0312	0.6427
1199	1303772766094	1	1.5088	1.0312	0.6427
1200	1303772766246	1	1.5088	1.0312	0.6427
1201	1303772766395	1	1.5088	1.0312	0.6427
1202	1303772766545	1	1.5088	1.0312	0.6427
1203	1303772766693	1	1.5088	1.0312	0.6427
1204	1303772766843	1	1.5088	1.0312	0.6427
1205	1303772766997	1	1.5088	1.0312	0.6427
1206	1303772767147	1	1.5088	1.0312	0.6427
1207	1303772767295	1	1.5088	1.0312	0.6427
1208	1303772767453	1	1.5088	1.0312	0.6427
1209	1303772767650	1	1.5088	1.0312	0.6427
1210	1303772767804	1	1.5088	1.0312	0.6427
1211	1303772767954	1	1.5088	1.0312	0.6427
1212	1303772768101	1	1.5088	1.0312	0.6427
1213	1303772768255	1	1.5088	1.0312	0.6427
1214	1303772768404	1	1.5088	1.0312	0.6427
1215	1303772768557	1	1.5088	1.0312	0.6427
1216	1303772768710	1	1.5088	1.0312	0.6427
1217	1303772768865	1	1.5088	1.0312	0.6427
1218	1303772769015	1	1.5088	1.0312	0.6427
1219	1303772769165	1	1.5088	1.0312	0.6427
1220	1303772769314	1	1.5088	1.0312	0.6427
1221	1303772769464	1	1.5088	1.0312	0.6427
1222	1303772769617	1	1.5088	1.0312	0.6427
1223	1303772769766	1	1.5088	1.0312	0.6427
1224	1303772769956	1	1.4493	1.0312	0.6691
1225	1303772770145	1	1.4493	1.0312	0.6691
1226	1303772770298	1	1.4493	1.0312	0.6691
1227	1303772770449	1	1.4493	1.0312	0.6691
1228	1303772770602	1	1.4493	1.0312	0.6691
1229	1303772770751	1	1.4493	1.0312	0.6691
1230	1303772770903	1	1.4493	1.0312	0.6691
1231	1303772771052	1	1.4493	1.0312	0.6691
1232	1303772771208	1	1.4493	1.0312	0.6691
1233	1303772771354	1	1.4493	1.0312	0.6691
1234	1303772771506	1	1.4493	1.0312	0.6691
1235	1303772771656	1	1.4493	1.0312	0.6691
1236	1303772771806	1	1.4493	1.0312	0.6691
1237	1303772771954	1	1.4493	1.0312	0.6691
1238	1303772772103	1	1.4493	1.0312	0.6691
1239	1303772772250	1	1.4493	1.0312	0.6691
1240	1303772772402	1	1.4493	1.0312	0.6691
1241	1303772772551	1	1.4493	1.0312	0.6691
1242	1303772772755	1	1.4493	1.0312	0.6691
1243	1303772773018	1	1.4493	1.0312	0.6691
1244	1303772773191	1	1.4493	1.0312	0.6691
1245	1303772773344	1	1.4493	1.0312	0.6691
1246	1303772773494	1	1.4513	1.0312	0.6682
1247	1303772773657	1	1.4513	1.0312	0.6682
1248	1303772773808	1	1.4513	1.0312	0.6682
1249	1303772773966	1	1.4513	1.0312	0.6682
1250	1303772774211	1	1.4513	1.0312	0.6682
1251	1303772774516	1	1.4513	1.0312	0.6682
1252	1303772774680	1	1.4513	1.0312	0.6682
1253	1303772774831	1	1.4513	1.0312	0.6682
1254	1303772775022	1	1.2816	1.0312	0.7566
1255	1303772775171	1	1.2816	1.0312	0.7566
1256	1303772775323	1	1.2816	1.0312	0.7566
1257	1303772775474	1	1.2816	1.0312	0.7566
1258	1303772775625	1	1.2816	1.0312	0.7566
1259	1303772775776	1	1.2816	1.0312	0.7566
1260	1303772775965	1	1.2816	1.0312	0.7566
1261	1303772776115	1	1.2816	1.0312	0.7566
1262	1303772776264	1	1.2816	1.0312	0.7566
1263	1303772776417	1	1.2816	1.0312	0.7566
1264	1303772776582	1	1.2816	1.0312	0.7566
1265	1303772776731	1	1.2816	1.0312	0.7566
1266	1303772776880	1	1.2816	1.0312	0.7566
1267	1303772777032	1	1.2816	1.0312	0.7566
1268	1303772777182	1	1.2816	1.0312	0.7566
1269	1303772777332	1	1.2816	1.0312	0.7566
1270	1303772777488	1	1.2816	1.0312	0.7566
1271	1303772777636	1	1.2816	1.0312	0.7566
1272	1303772777828	1	1.2816	1.0312	0.7566
1273	1303772777978	1	1.2816	1.0312	0.7566
1274	1303772778132	1	1.2816	1.0312	0.7566
1275	1303772778278	1	1.2816	1.0312	0.7566
1276	1303772778429	1	1.2816	1.0312	0.7566
1277	1303772778579	1	1.2816	1.0312	0.7566
1278	1303772778728	1	1.2816	1.0312	0.7566
1279	1303772778887	1	1.2816	1.0312	0.7566
1280	1303772779045	1	1.2816	1.0312	0.7566
1281	1303772779249	1	1.2816	1.0312	0.7566
1282	1303772779401	1	1.2816	1.0312	0.7566
1283	1303772779565	1	1.2816	1.0312	0.7566
1284	1303772779756	1	1.2816	1.0312	0.7566
1285	1303772779906	1	1.2816	1.0312	0.7566
1286	1303772780056	1	1.2816	1.0312	0.7566
1287	1303772780247	1	1.2816	1.0312	0.7566
1288	1303772780402	1	1.2816	1.0312	0.7566
1289	1303772780560	1	1.2816	1.0312	0.7566
1290	1303772780709	1	1.2816	1.0312	0.7566
1291	1303772780859	1	1.2816	1.0312	0.7566
1292	1303772781009	1	1.2816	1.0312	0.7566
1293	1303772781159	1	1.2816	1.0312	0.7566
1294	1303772781310	1	1.2816	1.0312	0.7566
1295	1303772781456	1	1.2816	1.0312	0.7566
1296	1303772781617	1	1.2816	1.0312	0.7566
1297	1303772781768	1	1.2816	1.0312	0.7566
1298	1303772781920	1	1.2816	1.0312	0.7566
1299	1303772782071	1	1.2816	1.0312	0.7566
1300	1303772782221	1	1.2816	1.0312	0.7566
1301	1303772782370	1	1.2816	1.0312	0.7566
1302	1303772782561	1	1.3429	1.0312	0.7221
1303	1303772782764	1	1.3364	1.0312	0.7256
1304	1303772783038	1	1.3361	1.0312	0.7258
1305	1303772783218	1	1.3362	1.0312	0.7257
1306	1303772783378	1	1.3362	1.0312	0.7257
1307	1303772783528	1	1.3362	1.0312	0.7257
1308	1303772783673	1	1.3362	1.0312	0.7257
1309	1303772783870	1	1.3362	1.0312	0.7257
1310	1303772784021	1	1.3303	1.0312	0.7289
1311	1303772784240	1	1.3129	1.0312	0.7386
1312	1303772784438	1	1.3129	1.0312	0.7386
1313	1303772784600	1	1.3102	1.0312	0.7401
1314	1303772784757	1	1.3102	1.0312	0.7401
1315	1303772784906	1	1.3102	1.0312	0.7401
1316	1303772785090	1	1.3102	1.0312	0.7401
1317	1303772785238	1	1.3102	1.0312	0.7401
1318	1303772785388	1	1.3102	1.0312	0.7401
1319	1303772785536	1	1.3102	1.0312	0.7401
1320	1303772785686	1	1.3102	1.0312	0.7401
1321	1303772785842	1	1.3102	1.0312	0.7401
1322	1303772785989	1	1.3102	1.0312	0.7401
1323	1303772786136	1	1.3102	1.0312	0.7401
1324	1303772786283	1	1.3102	1.0312	0.7401
1325	1303772786476	1	1.3102	1.0312	0.7401
1326	1303772786624	1	1.3102	1.0312	0.7401
1327	1303772786779	1	1.3102	1.0312	0.7401
1328	1303772786934	1	1.3102	1.0312	0.7401
1329	1303772787079	1	1.3102	1.0312	0.7401
1330	1303772787249	1	1.3102	1.0312	0.7401
1331	1303772787403	1	1.3102	1.0312	0.7401
1332	1303772787585	1	1.3102	1.0312	0.7401
1333	1303772787773	1	1.3102	1.0312	0.7401
1334	1303772787922	1	1.3102	1.0312	0.7401
1335	1303772788070	1	1.3102	1.0312	0.7401
1336	1303772788218	1	1.3102	1.0312	0.7401
1337	1303772788365	1	1.3102	1.0312	0.7401
1338	1303772788515	1	1.3102	1.0312	0.7401
1339	1303772788663	1	1.3102	1.0312	0.7401
1340	1303772788811	1	1.3102	1.0312	0.7401
1341	1303772788960	1	1.3102	1.0312	0.7401
1342	1303772789105	1	1.3102	1.0312	0.7401
1343	1303772789253	1	1.3102	1.0312	0.7401
1344	1303772789402	1	1.3102	1.0312	0.7401
1345	1303772789557	1	1.3102	1.0312	0.7401
1346	1303772789706	1	1.3102	1.0312	0.7401
1347	1303772789900	1	1.3102	1.0312	0.7401
1348	1303772790080	1	1.3102	1.0312	0.7401
1349	1303772790232	1	1.3102	1.0312	0.7401
1350	1303772790379	1	1.3102	1.0312	0.7401
1351	1303772790530	1	1.3102	1.0312	0.7401
1352	1303772790684	1	1.3102	1.0312	0.7401
1353	1303772790827	1	1.3102	1.0312	0.7401
1354	1303772791011	1	1.3102	1.0312	0.7401
1355	1303772791159	1	1.3102	1.0312	0.7401
1356	1303772791313	1	1.3102	1.0312	0.7401
1357	1303772791465	1	1.3102	1.0312	0.7401
1358	1303772791612	1	1.3102	1.0312	0.7401
1359	1303772791761	1	1.3102	1.0312	0.7401
1360	1303772791909	1	1.3102	1.0312	0.7401
1361	1303772792059	1	1.3102	1.0312	0.7401
1362	1303772792274	1	1.3102	1.0312	0.7401
1363	1303772792627	1	1.3102	1.0312	0.7401
1364	1303772793061	1	1.3102	1.0312	0.7401
1365	1303772793652	1	1.3102	1.0312	0.7401
1366	1303772793941	1	1.3102	1.0312	0.7401
1367	1303772794167	1	1.3102	1.0312	0.7401
1368	1303772794314	1	1.3097	1.0312	0.7404
1369	1303772794471	1	1.3097	1.0312	0.7404
1370	1303772794619	1	1.3097	1.0312	0.7404
1371	1303772794798	1	1.3182	1.0312	0.7356
1372	1303772795025	1	1.3182	1.0312	0.7356
1373	1303772795318	1	1.3152	1.0156	0.7486
1374	1303772795490	1	1.3015	1.0312	0.7451
1375	1303772795640	1	1.3015	1.0312	0.7451
1376	1303772795865	1	1.3157	1.0312	0.737
1377	1303772796029	1	1.3157	1.0156	0.7483
1378	1303772796177	1	1.3157	1.0312	0.737
1379	1303772796341	1	1.3157	1.0312	0.737
1380	1303772796702	1	1.3157	1.0312	0.737
1381	1303772796871	1	1.3157	1.0156	0.7483
1382	1303772797020	1	1.3157	1.0312	0.737
1383	1303772797282	1	1.3157	1.0312	0.737
1384	1303772797434	1	1.3157	1.0312	0.737
1385	1303772797601	1	1.3157	1.0156	0.7483
1386	1303772797766	1	1.3157	1.0312	0.737
1387	1303772797937	1	1.3157	1.0312	0.737
1388	1303772798086	1	1.3157	1.0312	0.737
1389	1303772798276	1	1.3157	1.0156	0.7483
1390	1303772798419	1	1.3157	1.0312	0.737
1391	1303772798570	1	1.3157	1.0312	0.737
1392	1303772798725	1	1.3157	1.0312	0.737
1393	1303772798874	1	1.3157	1.0156	0.7483
1394	1303772799024	1	1.3157	1.0312	0.737
1395	1303772799173	1	1.3157	1.0312	0.737
1396	1303772799325	1	1.3157	1.0312	0.737
1397	1303772799478	1	1.3157	1.0156	0.7483
1398	1303772799624	1	1.3157	1.0312	0.737
1399	1303772799772	1	1.3157	1.0312	0.737
1400	1303772799925	1	1.3157	1.0312	0.737
1401	1303772800074	1	1.3157	1.0156	0.7483
1402	1303772800223	1	1.3157	1.0312	0.737
1403	1303772800372	1	1.3157	1.0312	0.737
1404	1303772800522	1	1.3157	1.0312	0.737
1405	1303772800671	1	1.3157	1.0156	0.7483
1406	1303772800819	1	1.3157	1.0312	0.737
1407	1303772800971	1	1.3157	1.0312	0.737
1408	1303772801125	1	1.3157	1.0312	0.737
1409	1303772801273	1	1.3157	1.0156	0.7483
1410	1303772801421	1	1.3157	1.0312	0.737
1411	1303772801570	1	1.3157	1.0312	0.737
1412	1303772801716	1	1.3157	1.0312	0.737
1413	1303772801869	1	1.3157	1.0156	0.7483
1414	1303772802014	1	1.3157	1.0312	0.737
1415	1303772802161	1	1.3157	1.0312	0.737
1416	1303772802309	1	1.3157	1.0312	0.737
1417	1303772802457	1	1.3157	1.0156	0.7483
1418	1303772802652	1	1.3157	1.0312	0.737
1419	1303772802800	1	1.3157	1.0312	0.737
1420	1303772802949	1	1.3157	1.0312	0.737
1421	1303772803098	1	1.3157	1.0156	0.7483
1422	1303772803246	1	1.3157	1.0312	0.737
1423	1303772803394	1	1.3157	1.0312	0.737
1424	1303772803544	1	1.3197	1.0312	0.7348
1425	1303772803935	1	1.3197	1.0156	0.7461
1426	1303772804430	1	1.3197	1.0312	0.7348
1427	1303772804633	1	1.3197	1.0312	0.7348
1428	1303772804787	1	1.3197	1.0312	0.7348
1429	1303772804936	1	1.3197	1.0156	0.7461
1430	1303772805082	1	1.3197	1.0312	0.7348
1431	1303772805231	1	1.3197	1.0312	0.7348
1432	1303772805390	1	1.3197	1.0312	0.7348
1433	1303772805608	1	1.3197	1.0156	0.7461
1434	1303772805867	1	1.3197	1.0312	0.7348
1435	1303772806029	1	1.3197	1.0312	0.7348
1436	1303772806179	1	1.3197	1.0312	0.7348
1437	1303772806330	1	1.3247	1.0312	0.732
1438	1303772806478	1	1.3247	1.0312	0.732
1439	1303772806628	1	1.3247	1.0312	0.732
1440	1303772806775	1	1.3247	1.0312	0.732
1441	1303772806923	1	1.3247	1.0312	0.732
1442	1303772807074	1	1.3247	1.0312	0.732
1443	1303772807227	1	1.3247	1.0312	0.732
1444	1303772807376	1	1.3247	1.0312	0.732
1445	1303772807528	1	1.3247	1.0312	0.732
1446	1303772807673	1	1.3247	1.0312	0.732
1447	1303772807820	1	1.3247	1.0312	0.732
1448	1303772807969	1	1.3247	1.0312	0.732
1449	1303772808116	1	1.3247	1.0312	0.732
1450	1303772808262	1	1.3247	1.0312	0.732
1451	1303772808458	1	1.3247	1.0312	0.732
1452	1303772808610	1	1.3247	1.0312	0.732
1453	1303772808760	1	1.3247	1.0312	0.732
1454	1303772808909	1	1.3247	1.0312	0.732
1455	1303772809059	1	1.3247	1.0312	0.732
1456	1303772809211	1	1.3247	1.0312	0.732
1457	1303772809363	1	1.3247	1.0312	0.732
1458	1303772809511	1	1.3247	1.0312	0.732
1459	1303772809655	1	1.3247	1.0312	0.732
1460	1303772809804	1	1.3247	1.0312	0.732
1461	1303772809953	1	1.3247	1.0312	0.732
1462	1303772810109	1	1.3247	1.0312	0.732
1463	1303772810266	1	1.3247	1.0312	0.732
1464	1303772810414	1	1.3247	1.0312	0.732
1465	1303772810563	1	1.3247	1.0312	0.732
1466	1303772810710	1	1.3247	1.0312	0.732
1467	1303772810861	1	1.3247	1.0312	0.732
1468	1303772811010	1	1.3247	1.0312	0.732
1469	1303772811203	1	1.3247	1.0312	0.732
1470	1303772811358	1	1.3247	1.0312	0.732
1471	1303772811507	1	1.3247	1.0312	0.732
1472	1303772811653	1	1.3247	1.0312	0.732
1473	1303772811843	1	1.3247	1.0312	0.732
1474	1303772811991	1	1.3247	1.0312	0.732
1475	1303772812139	1	1.3247	1.0312	0.732
1476	1303772812286	1	1.3247	1.0312	0.732
1477	1303772812435	1	1.3247	1.0312	0.732
1478	1303772812583	1	1.3247	1.0312	0.732
1479	1303772812739	1	1.3247	1.0312	0.732
1480	1303772812889	1	1.3247	1.0312	0.732
1481	1303772813050	1	1.3247	1.0312	0.732
1482	1303772813200	1	1.3247	1.0312	0.732
1483	1303772813350	1	1.3247	1.0312	0.732
1484	1303772813497	1	1.3247	1.0312	0.732
1485	1303772813653	1	1.3247	1.0312	0.732
1486	1303772814046	1	1.3247	1.0312	0.732
1487	1303772814670	1	1.3247	1.0312	0.732
1488	1303772814975	1	1.3247	1.0312	0.732
1489	1303772815149	1	1.3247	1.0312	0.732
1490	1303772815302	1	1.3251	1.0312	0.7318
1491	1303772815453	1	1.3251	1.0312	0.7318
1492	1303772815633	1	1.3251	1.0312	0.7318
1493	1303772815787	1	1.3251	1.0312	0.7318
1494	1303772815999	1	1.3251	1.0312	0.7318
1495	1303772816255	1	1.3251	1.0312	0.7318
1496	1303772816425	1	1.3251	1.0312	0.7318
1497	1303772816589	1	1.3251	1.0312	0.7318
1498	1303772816744	1	1.3249	1.0312	0.7319
1499	1303772816892	1	1.3249	1.0312	0.7319
1500	1303772817159	1	1.3249	1.0312	0.7319
1501	1303772817447	1	1.3249	1.0312	0.7319
1502	1303772817631	1	1.3249	1.0312	0.7319
1503	1303772817971	1	1.3249	1.0312	0.7319
1504	1303772818188	1	1.3249	1.0312	0.7319
1505	1303772818375	1	1.3249	1.0156	0.7432
1506	1303772818588	1	1.3249	1.0312	0.7319
1507	1303772818988	1	1.3249	1.0312	0.7319
1508	1303772819466	1	1.3249	1.0312	0.7319
1509	1303772819623	1	1.3249	1.0156	0.7432
1510	1303772819775	1	1.3249	1.0312	0.7319
1511	1303772819929	1	1.3249	1.0312	0.7319
1512	1303772820084	1	1.3249	1.0312	0.7319
1513	1303772820235	1	1.3249	1.0156	0.7432
1514	1303772820429	1	1.3249	1.0312	0.7319
1515	1303772820600	1	1.3249	1.0312	0.7319
1516	1303772820754	1	1.3249	1.0312	0.7319
1517	1303772820908	1	1.3249	1.0156	0.7432
1518	1303772821127	1	1.3249	1.0312	0.7319
1519	1303772821318	1	1.3249	1.0312	0.7319
1520	1303772821491	1	1.3249	1.0312	0.7319
1521	1303772821649	1	1.3249	1.0156	0.7432
1522	1303772821820	1	1.3249	1.0312	0.7319
1523	1303772822031	1	1.3249	1.0312	0.7319
1524	1303772822226	1	1.3249	1.0312	0.7319
1525	1303772822400	1	1.3249	1.0156	0.7432
1526	1303772822585	1	1.3249	1.0312	0.7319
1527	1303772822744	1	1.3249	1.0312	0.7319
1528	1303772822991	1	1.3249	1.0312	0.7319
1529	1303772823464	1	1.3249	1.0156	0.7432
1530	1303772823616	1	1.3249	1.0312	0.7319
1531	1303772823767	1	1.3249	1.0312	0.7319
1532	1303772823930	1	1.3249	1.0312	0.7319
1533	1303772824090	1	1.3249	1.0156	0.7432
1534	1303772824252	1	1.3249	1.0312	0.7319
1535	1303772824406	1	1.3249	1.0312	0.7319
1536	1303772824605	1	1.3249	1.0312	0.7319
1537	1303772824830	1	1.3249	1.0156	0.7432
1538	1303772824979	1	1.3249	1.0312	0.7319
1539	1303772825130	1	1.3249	1.0312	0.7319
1540	1303772825280	1	1.3249	1.0312	0.7319
1541	1303772825433	1	1.3249	1.0156	0.7432
1542	1303772825584	1	1.3249	1.0312	0.7319
1543	1303772825733	1	1.3249	1.0312	0.7319
1544	1303772825885	1	1.3249	1.0312	0.7319
1545	1303772826037	1	1.3249	1.0156	0.7432
1546	1303772826195	1	1.3246	1.0312	0.7321
1547	1303772826463	1	1.3241	1.0312	0.7323
1548	1303772826981	1	1.324	1.0312	0.7324
1549	1303772827175	1	1.324	1.0156	0.7437
1550	1303772827326	1	1.324	1.0312	0.7324
1551	1303772827479	1	1.324	1.0312	0.7324
1552	1303772827634	1	1.324	1.0312	0.7324
1553	1303772827781	1	1.324	1.0156	0.7437
1554	1303772827935	1	1.2904	1.0312	0.7515
1555	1303772828223	1	1.2566	1.0312	0.7717
1556	1303772828653	1	1.2505	1.0312	0.7755
1557	1303772828824	1	1.2505	1.0156	0.7874
1558	1303772828978	1	1.2505	1.0312	0.7755
1559	1303772829128	1	1.2505	1.0312	0.7755
1560	1303772829277	1	1.2505	1.0312	0.7755
1561	1303772829469	1	1.2505	1.0156	0.7874
1562	1303772829621	1	1.2505	1.0312	0.7755
1563	1303772829771	1	1.2505	1.0156	0.7874
1564	1303772829923	1	1.2505	1.0312	0.7755
1565	1303772830072	1	1.2505	1.0156	0.7874
1566	1303772830221	1	1.2505	1.0312	0.7755
1567	1303772830371	1	1.2505	1.0156	0.7874
1568	1303772830521	1	1.2505	1.0312	0.7755
1569	1303772830670	1	1.2505	1.0156	0.7874
1570	1303772830821	1	1.2505	1.0312	0.7755
1571	1303772830972	1	1.2505	1.0156	0.7874
1572	1303772831123	1	1.2505	1.0312	0.7755
1573	1303772831279	1	1.2505	1.0156	0.7874
1574	1303772831434	1	1.2505	1.0312	0.7755
1575	1303772831590	1	1.2505	1.0156	0.7874
1576	1303772831739	1	1.2505	1.0312	0.7755
1577	1303772831889	1	1.2505	1.0156	0.7874
1578	1303772832039	1	1.2505	1.0312	0.7755
1579	1303772832191	1	1.2505	1.0156	0.7874
1580	1303772832345	1	1.2505	1.0312	0.7755
1581	1303772832537	1	1.2505	1.0156	0.7874
1582	1303772832687	1	1.2505	1.0312	0.7755
1583	1303772832839	1	1.2505	1.0312	0.7755
1584	1303772832989	1	1.2505	1.0312	0.7755
1585	1303772833146	1	1.2505	1.0156	0.7874
1586	1303772833293	1	1.2505	1.0312	0.7755
1587	1303772833444	1	1.2505	1.0312	0.7755
1588	1303772833594	1	1.2505	1.0312	0.7755
1589	1303772833744	1	1.2505	1.0156	0.7874
1590	1303772833894	1	1.2505	1.0312	0.7755
1591	1303772834066	1	1.2505	1.0312	0.7755
1592	1303772834216	1	1.2505	1.0312	0.7755
1593	1303772834366	1	1.2505	1.0156	0.7874
1594	1303772834518	1	1.2505	1.0312	0.7755
1595	1303772834671	1	1.2505	1.0312	0.7755
1596	1303772834824	1	1.2505	1.0312	0.7755
1597	1303772834975	1	1.2505	1.0156	0.7874
1598	1303772835136	1	1.2505	1.0312	0.7755
1599	1303772835286	1	1.2505	1.0312	0.7755
1600	1303772835439	1	1.2505	1.0312	0.7755
1601	1303772835590	1	1.2505	1.0156	0.7874
1602	1303772835739	1	1.2505	1.0312	0.7755
1603	1303772835889	1	1.2505	1.0312	0.7755
1604	1303772836040	1	1.2505	1.0312	0.7755
1605	1303772836190	1	1.2505	1.0156	0.7874
1606	1303772836343	1	1.2505	1.0312	0.7755
1607	1303772836499	1	1.2505	1.0312	0.7755
1608	1303772836762	1	1.2507	1.0312	0.7753
1609	1303772837073	1	1.2505	1.0156	0.7873
1610	1303772837253	1	1.2505	1.0312	0.7754
1611	1303772837401	1	1.2505	1.0312	0.7754
1612	1303772837556	1	1.2505	1.0312	0.7754
1613	1303772837705	1	1.2505	1.0156	0.7873
1614	1303772837853	1	1.2505	1.0312	0.7754
1615	1303772838006	1	1.2505	1.0312	0.7754
1616	1303772838285	1	1.2505	1.0312	0.7754
1617	1303772838552	1	1.2505	1.0156	0.7873
1618	1303772838733	1	1.2505	1.0312	0.7754
1619	1303772838892	1	1.2505	1.0312	0.7754
1620	1303772839088	1	1.2501	1.0312	0.7757
1621	1303772839238	1	1.2501	1.0156	0.7876
1622	1303772839393	1	1.2501	1.0312	0.7757
1623	1303772839543	1	1.2501	1.0312	0.7757
1624	1303772839693	1	1.2501	1.0312	0.7757
1625	1303772839843	1	1.2501	1.0156	0.7876
1626	1303772839993	1	1.2501	1.0312	0.7757
1627	1303772840143	1	1.2501	1.0312	0.7757
1628	1303772840334	1	1.2501	1.0312	0.7757
1629	1303772840484	1	1.2501	1.0156	0.7876
1630	1303772840637	1	1.2501	1.0312	0.7757
1631	1303772840787	1	1.2501	1.0312	0.7757
1632	1303772840938	1	1.2501	1.0312	0.7757
1633	1303772841092	1	1.2501	1.0156	0.7876
1634	1303772841242	1	1.2501	1.0312	0.7757
1635	1303772841392	1	1.2501	1.0312	0.7757
1636	1303772841544	1	1.2501	1.0312	0.7757
1637	1303772841695	1	1.2501	1.0156	0.7876
1638	1303772841844	1	1.2501	1.0312	0.7757
1639	1303772842044	1	1.2501	1.0312	0.7757
1640	1303772842194	1	1.2501	1.0312	0.7757
1641	1303772842345	1	1.2501	1.0156	0.7876
1642	1303772842495	1	1.2501	1.0312	0.7757
1643	1303772842645	1	1.2501	1.0312	0.7757
1644	1303772842795	1	1.2501	1.0312	0.7757
1645	1303772842951	1	1.2501	1.0156	0.7876
1646	1303772843102	1	1.2501	1.0312	0.7757
1647	1303772843252	1	1.2501	1.0312	0.7757
1648	1303772843403	1	1.2501	1.0312	0.7757
1649	1303772843598	1	1.2501	1.0156	0.7876
1650	1303772843749	1	1.2501	1.0312	0.7757
1651	1303772843903	1	1.2501	1.0312	0.7757
1652	1303772844054	1	1.2501	1.0312	0.7757
1653	1303772844211	1	1.2501	1.0156	0.7876
1654	1303772844365	1	1.2501	1.0312	0.7757
1655	1303772844521	1	1.2501	1.0312	0.7757
1656	1303772844672	1	1.2501	1.0312	0.7757
1657	1303772844822	1	1.2501	1.0156	0.7876
1658	1303772844973	1	1.2501	1.0312	0.7757
1659	1303772845125	1	1.2501	1.0312	0.7757
1660	1303772845272	1	1.2501	1.0312	0.7757
1661	1303772845423	1	1.2501	1.0156	0.7876
1662	1303772845580	1	1.2501	1.0312	0.7757
1663	1303772845736	1	1.2501	1.0312	0.7757
1664	1303772845893	1	1.2501	1.0312	0.7757
1665	1303772846043	1	1.2501	1.0156	0.7876
1666	1303772846193	1	1.2501	1.0312	0.7757
1667	1303772846351	1	1.2501	1.0312	0.7757
1668	1303772846504	1	1.2501	1.0312	0.7757
1669	1303772846722	1	1.2501	1.0156	0.7876
1670	1303772846980	1	1.2501	1.0312	0.7757
1671	1303772847181	1	1.2501	1.0312	0.7757
1672	1303772847333	1	1.2468	1.0312	0.7778
1673	1303772847480	1	1.2468	1.0156	0.7897
1674	1303772847631	1	1.2468	1.0156	0.7897
1675	1303772847781	1	1.2468	1.0312	0.7778
1676	1303772847937	1	1.2468	1.0156	0.7897
1677	1303772848270	1	1.2468	1.0156	0.7897
1678	1303772848543	1	1.2468	1.0312	0.7778
1679	1303772848738	1	1.2468	1.0156	0.7897
1680	1303772848892	1	1.2524	1.0156	0.7862
1681	1303772849086	1	1.2524	1.0312	0.7743
1682	1303772849238	1	1.2524	1.0156	0.7862
1683	1303772849390	1	1.2524	1.0156	0.7862
1684	1303772849540	1	1.2524	1.0312	0.7743
1685	1303772849694	1	1.2524	1.0156	0.7862
1686	1303772849844	1	1.2524	1.0156	0.7862
1687	1303772849994	1	1.2524	1.0312	0.7743
1688	1303772850147	1	1.2524	1.0156	0.7862
1689	1303772850301	1	1.2524	1.0156	0.7862
1690	1303772850461	1	1.2524	1.0312	0.7743
1691	1303772850618	1	1.2524	1.0156	0.7862
1692	1303772850768	1	1.2524	1.0156	0.7862
1693	1303772850923	1	1.2524	1.0312	0.7743
1694	1303772851074	1	1.2524	1.0156	0.7862
1695	1303772851221	1	1.2524	1.0156	0.7862
1696	1303772851372	1	1.2524	1.0312	0.7743
1697	1303772851523	1	1.2524	1.0156	0.7862
1698	1303772851673	1	1.2524	1.0156	0.7862
1699	1303772851823	1	1.2524	1.0312	0.7743
1700	1303772851979	1	1.2524	1.0312	0.7743
1701	1303772852135	1	1.2524	1.0156	0.7862
1702	1303772852287	1	1.2524	1.0156	0.7862
1703	1303772852478	1	1.2524	1.0312	0.7743
1704	1303772852629	1	1.2524	1.0156	0.7862
1705	1303772852780	1	1.2524	1.0156	0.7862
1706	1303772852971	1	1.2524	1.0312	0.7743
1707	1303772853122	1	1.2524	1.0156	0.7862
1708	1303772853274	1	1.2524	1.0156	0.7862
1709	1303772853428	1	1.2524	1.0312	0.7743
1710	1303772853583	1	1.2524	1.0312	0.7743
1711	1303772853886	1	1.2524	1.0156	0.7862
1712	1303772854036	1	1.2524	1.0156	0.7862
1713	1303772854187	1	1.2524	1.0312	0.7743
1714	1303772854336	1	1.2524	1.0156	0.7862
1715	1303772854534	1	1.2524	1.0156	0.7862
1716	1303772854687	1	1.2524	1.0312	0.7743
1717	1303772854838	1	1.2524	1.0312	0.7743
1718	1303772855000	1	1.2524	1.0156	0.7862
1719	1303772855150	1	1.2524	1.0156	0.7862
1720	1303772855341	1	1.1852	1.0312	0.8182
1721	1303772855491	1	1.1852	1.0312	0.8182
1722	1303772855644	1	1.1852	1.0156	0.8308
1723	1303772855804	1	1.1852	1.0156	0.8308
1724	1303772855961	1	1.1852	1.0312	0.8182
1725	1303772856111	1	1.1852	1.0312	0.8182
1726	1303772856263	1	1.1852	1.0156	0.8308
1727	1303772856413	1	1.1852	1.0156	0.8308
1728	1303772856563	1	1.1852	1.0312	0.8182
1729	1303772856715	1	1.1852	1.0312	0.8182
1730	1303772857208	1	1.1852	1.0156	0.8308
1731	1303772863402	1	1.1852	1.0156	0.8308
1732	1303772869117	1	1.1852	1.0312	0.8182
1733	1303772869441	1	1.1852	1.0312	0.8182
1734	1303772869630	1	1.1857	1.0156	0.8304
1735	1303772869782	1	1.1857	1.0156	0.8304
1736	1303772869974	1	1.1857	1.0312	0.8178
1737	1303772870128	1	1.1857	1.0312	0.8178
1738	1303772870478	1	1.1857	1.0156	0.8304
1739	1303772870980	1	1.1857	1.0156	0.8304
1740	1303772871153	1	1.1857	1.0312	0.8178
1741	1303772871350	1	1.186	1.0312	0.8176
1742	1303772871503	1	1.186	1.0156	0.8302
1743	1303772871655	1	1.186	1.0156	0.8302
1744	1303772871809	1	1.186	1.0312	0.8176
1745	1303772871960	1	1.186	1.0312	0.8176
1746	1303772872111	1	1.186	1.0156	0.8302
1747	1303772872263	1	1.186	1.0156	0.8302
1748	1303772872455	1	1.186	1.0312	0.8176
1749	1303772872606	1	1.186	1.0312	0.8176
1750	1303772872757	1	1.186	1.0156	0.8302
1751	1303772872908	1	1.186	1.0156	0.8302
1752	1303772873059	1	1.186	1.0312	0.8176
1753	1303772873210	1	1.186	1.0312	0.8176
1754	1303772873410	1	1.186	1.0156	0.8302
1755	1303772873603	1	1.3255	1.0156	0.7428
1756	1303772873761	1	1.3255	1.0312	0.7316
1757	1303772873913	1	1.3255	1.0312	0.7316
1758	1303772874064	1	1.3255	1.0156	0.7428
1759	1303772874215	1	1.3255	1.0156	0.7428
1760	1303772874370	1	1.3255	1.0312	0.7316
1761	1303772874522	1	1.3255	1.0312	0.7316
1762	1303772874674	1	1.3255	1.0156	0.7428
1763	1303772874825	1	1.3255	1.0156	0.7428
1764	1303772875023	1	1.3255	1.0312	0.7316
1765	1303772875175	1	1.3255	1.0312	0.7316
1766	1303772875326	1	1.3255	1.0156	0.7428
1767	1303772875477	1	1.3255	1.0156	0.7428
1768	1303772875629	1	1.3255	1.0312	0.7316
1769	1303772875786	1	1.3255	1.0312	0.7316
1770	1303772875937	1	1.3255	1.0156	0.7428
1771	1303772876094	1	1.3255	1.0156	0.7428
1772	1303772876246	1	1.3255	1.0312	0.7316
1773	1303772876398	1	1.3255	1.0312	0.7316
1774	1303772876554	1	1.3255	1.0156	0.7428
1775	1303772876705	1	1.3255	1.0156	0.7428
1776	1303772876896	1	1.3255	1.0312	0.7316
1777	1303772877047	1	1.3255	1.0312	0.7316
1778	1303772877205	1	1.3255	1.0156	0.7428
1779	1303772877357	1	1.3255	1.0156	0.7428
1780	1303772877509	1	1.3255	1.0312	0.7316
1781	1303772877657	1	1.3255	1.0312	0.7316
1782	1303772877807	1	1.3255	1.0156	0.7428
1783	1303772877959	1	1.3255	1.0156	0.7428
1784	1303772878120	1	1.3255	1.0312	0.7316
1785	1303772878278	1	1.3255	1.0312	0.7316
1786	1303772878430	1	1.3255	1.0156	0.7428
1787	1303772878582	1	1.3255	1.0156	0.7428
1788	1303772878734	1	1.3255	1.0312	0.7316
1789	1303772878885	1	1.3255	1.0312	0.7316
1790	1303772879040	1	1.3255	1.0156	0.7428
1791	1303772879249	1	1.3248	1.0156	0.7432
1792	1303772879552	1	1.3247	1.0312	0.732
1793	1303772879840	1	1.3247	1.0312	0.732
1794	1303772880045	1	1.3247	1.0156	0.7433
1795	1303772880196	1	1.3247	1.0156	0.7433
1796	1303772880403	1	1.3247	1.0312	0.732
1797	1303772880555	1	1.3247	1.0156	0.7433
1798	1303772880711	1	1.3247	1.0156	0.7433
1799	1303772881003	1	1.3247	1.0312	0.732
1800	1303772881491	1	1.3247	1.0156	0.7433
