0	1303775974994	0	0	0	0
1	1303775975043	0	0	0	0
2	1303775975052	0	0	0	0
3	1303775975062	0	0	0	0
4	1303775975072	0	0	0	0
5	1303775975082	0	0	0	0
6	1303775975092	0	0	0	0
7	1303775975103	0	0	0	0
8	1303775975156	0	0	0	0
9	1303775975170	0	0	0	0
10	1303775975183	0	0	0	0
11	1303775975197	0	0	0	0
12	1303775975212	0	0	0	0
13	1303775975227	0	0	0	0
14	1303775975243	0	0	0	0
15	1303775975259	0	0	0	0
16	1303775975276	0	0	0	0
17	1303775975299	0	0	0	0
18	1303775975317	0	0	0	0
19	1303775975334	0	0	0	0
20	1303775975351	0	0	0	0
21	1303775975369	0	0	0	0
22	1303775975386	0	0	0	0
23	1303775975403	0	0	0	0
24	1303775975421	0	0	0	0
25	1303775975438	0	0	0	0
26	1303775975455	0	0	0	0
27	1303775975519	0	0	0	0
28	1303775975544	0.5	0	0	0
29	1303775975590	0.5	0	0	0
30	1303775975629	0.5	0	0	0
31	1303775975689	0.5	1.0911	0	0
32	1303775975721	0.5	1.0911	0	0
33	1303775975748	0.5	1.0911	1.5	0.3055
34	1303775975774	0.5	1.0911	1.5	0.3055
35	1303775975800	0.5	1.0911	1.3333	0.3437
36	1303775975831	0.5	1.0911	1.5	0.3055
37	1303775975856	0.5	1.0911	1.5	0.3055
38	1303775975882	0.5	1.0911	1.5	0.3055
39	1303775975908	0.5	1.0911	1.25	0.3666
40	1303775975934	0.5	1.0911	1.5	0.3055
41	1303775975960	0.5	1.0911	1.4	0.3273
42	1303775975990	0.5	1.0911	1.5	0.3055
43	1303775976015	0.5	1.0911	1.1667	0.3928
44	1303775976040	0.5	1.0911	1.0833	0.423
45	1303775976065	0.5	1.0911	1.0833	0.423
46	1303775976090	0.5	1.0911	1.0833	0.423
47	1303775976120	0.5	1.0911	1.1667	0.3928
48	1303775976145	0.5	1.0911	1.1429	0.401
49	1303775976170	0.5	1.0911	1.1429	0.401
50	1303775976236	0.5	1.0911	1.1667	0.3928
51	1303775976301	0.5	1.0911	1.1667	0.3928
52	1303775976332	0.5	1.0911	1.1667	0.3928
53	1303775976357	0.5	1.0911	1.1429	0.401
54	1303775976382	0.5	1.0911	1.1429	0.401
55	1303775976406	0.5	1.0911	1.1429	0.401
56	1303775976431	0.5	1.0911	1.1667	0.3928
57	1303775976456	1	1.0911	1.1667	0.7855
58	1303775976495	1	1.0911	1.1429	0.8019
59	1303775976544	1	1.0911	1.1429	0.8019
60	1303775976584	1	1.0911	1.1429	0.8019
61	1303775976609	1	1.0911	1.1429	0.8019
62	1303775976637	1	1.0911	1.1429	0.8019
63	1303775976660	1	1.0911	1.1429	0.8019
64	1303775976684	1	1.0911	1.1429	0.8019
65	1303775976708	1	1.0911	1.1429	0.8019
66	1303775976731	1	1.0911	1.1429	0.8019
67	1303775976754	1	1.0911	1.125	0.8146
68	1303775976783	1	1.0911	1.1429	0.8019
69	1303775976805	1	1.0911	1.125	0.8146
70	1303775976828	1	1.0911	1.1111	0.8248
71	1303775976851	1	1.0911	1.125	0.8146
72	1303775976874	1	1.0911	1.05	0.8728
73	1303775976897	1	1.0911	1	0.9165
74	1303775976920	1	1.0911	1.0714	0.8554
75	1303775976949	1	1.0911	1.1111	0.8248
76	1303775976972	1	1.0911	1.1	0.8332
77	1303775976996	1	1.0911	1	0.9165
78	1303775977020	1	1.0911	1	0.9165
79	1303775977043	1	1.0911	1	0.9165
80	1303775977066	1	1.0911	1.0455	0.8766
81	1303775977094	1	1.0911	1.0556	0.8682
82	1303775977116	1	1.0911	1.1364	0.8065
83	1303775977180	1	1.0911	1.1364	0.8065
84	1303775977203	1	1.0911	1.0909	0.8401
85	1303775977226	1	1.0911	1.0909	0.8401
86	1303775977248	1	1.0911	1.0909	0.8401
87	1303775977271	1	1.0911	1.0909	0.8401
88	1303775977339	1	1.0911	1.0909	0.8401
89	1303775977362	1	1.0911	1.0909	0.8401
90	1303775977384	1	1.0911	1.0909	0.8401
91	1303775977408	1	1.0911	1.0909	0.8401
92	1303775977430	1	1.0911	1.0909	0.8401
93	1303775977454	1	1.0344	1.0909	0.8862
94	1303775977477	1	1.0344	1.0909	0.8862
95	1303775977503	1	1.0344	1.0909	0.8862
96	1303775977522	1	1.0344	1.0909	0.8862
97	1303775977542	1	1.0344	1.0909	0.8862
98	1303775977603	1	1.0344	1.0909	0.8862
99	1303775977622	1	1.0344	1.0455	0.9247
100	1303775977642	1	1.0344	1.0909	0.8862
101	1303775977662	1	1.0344	1.0909	0.8862
102	1303775977681	1	1.0344	1.0909	0.8862
103	1303775977701	1	1.0344	1.0455	0.9247
104	1303775977721	1	1.0344	1.0455	0.9247
105	1303775977746	1	1.0344	1.0909	0.8862
106	1303775977766	1	1.0344	1.0909	0.8862
107	1303775977826	1	1.0344	1.0455	0.9247
108	1303775977846	1	1.0344	1.0455	0.9247
109	1303775977866	1	1.0344	1.0455	0.9247
110	1303775977926	1	1.0344	1.0455	0.9247
111	1303775977946	1	1.0344	1.0455	0.9247
112	1303775977965	1	1.0344	1.0455	0.9247
113	1303775978026	1	1.0344	1.0455	0.9247
114	1303775978045	1	1.0344	1.0455	0.9247
115	1303775978070	1	1.0344	1.0455	0.9247
116	1303775978090	1	1.0344	1.0455	0.9247
117	1303775978110	1	1.0344	1.0455	0.9247
118	1303775978130	1	1.0344	1.0455	0.9247
119	1303775978149	1	1.0344	1.0455	0.9247
120	1303775978169	1	1.0344	1.0455	0.9247
121	1303775978190	1	1.0344	1.0455	0.9247
122	1303775978210	1	1.0344	1.0455	0.9247
123	1303775978232	1	1.2143	1.0455	0.7877
124	1303775978262	1	1.106	1.0833	0.8346
125	1303775978286	1	1.106	1.0833	0.8346
126	1303775978309	1	1.106	1.1154	0.8107
127	1303775978331	1	1.106	1.1667	0.775
128	1303775978353	1	1.106	1.1875	0.7614
129	1303775978375	1	1.106	1.2059	0.7498
130	1303775978396	1	1.106	1.1429	0.7912
131	1303775978459	1	1.106	1.2222	0.7398
132	1303775978486	1	1.106	1.1875	0.7614
133	1303775978507	1	1.106	1.2059	0.7498
134	1303775978529	1	1.106	1.2222	0.7398
135	1303775978550	1	1.106	1.2368	0.731
136	1303775978572	1	1.106	1.2105	0.7469
137	1303775978593	1	1.106	1.175	0.7695
138	1303775978614	1	1.106	1.1842	0.7635
139	1303775978636	1	1.106	1.175	0.7695
140	1303775978662	1	1.106	1.1905	0.7595
141	1303775978684	1	1.106	1.1429	0.7912
142	1303775978705	1	1.106	1.1136	0.8119
143	1303775978726	1	1.106	1.1739	0.7702
144	1303775978747	1	1.106	1.1136	0.8119
145	1303775978768	1	1.106	1.1136	0.8119
146	1303775978790	1	1.106	1.1087	0.8155
147	1303775978851	1	1.106	1.1087	0.8155
148	1303775978873	1	1.106	1.1087	0.8155
149	1303775978899	1	1.106	1.1087	0.8155
150	1303775978920	1	1.106	1.1087	0.8155
151	1303775978941	1	1.106	1.1087	0.8155
152	1303775978962	1	1.106	1.1087	0.8155
153	1303775978983	1	1.106	1.1087	0.8155
154	1303775979006	1	1.0946	1.1304	0.8082
155	1303775979032	1	1.0946	1.087	0.8405
156	1303775979055	1	1.0946	1.087	0.8405
157	1303775979081	1	1.0946	1.087	0.8405
158	1303775979103	1	1.0946	1.0652	0.8577
159	1303775979124	1	1.0946	1.0652	0.8577
160	1303775979146	1	1.0946	1.0435	0.8755
161	1303775979167	1	1.0946	1.0435	0.8755
162	1303775979189	1	1.0946	1.0435	0.8755
163	1303775979210	1	1.0946	1.0435	0.8755
164	1303775979232	1	1.0946	1.0435	0.8755
165	1303775979258	1	1.0946	1.0435	0.8755
166	1303775979320	1	1.0946	1.0435	0.8755
167	1303775979342	1	1.0946	1.0435	0.8755
168	1303775979363	1	1.0946	1.0217	0.8941
169	1303775979385	1	1.0946	1.0217	0.8941
170	1303775979407	1	1.0946	1.0217	0.8941
171	1303775979428	1	1.0946	1.0208	0.8949
172	1303775979450	1	1.0946	1.0417	0.877
173	1303775979471	1	1.0946	1.0217	0.8941
174	1303775979498	1	1.0946	1.0417	0.877
175	1303775979519	1	1.0946	1.06	0.8619
176	1303775979540	1	1.0946	1.0208	0.8949
177	1303775979602	1	1.0946	1.02	0.8957
178	1303775979623	1	1.0946	1.04	0.8784
179	1303775979645	1	1.0946	1	0.9136
180	1303775979666	1	1.0946	1	0.9136
181	1303775979687	1	1.0946	1.04	0.8784
182	1303775979714	1	1.0946	1.02	0.8957
183	1303775979740	1	1.0946	1.02	0.8957
184	1303775982453	1	1.0649	1.04	0.9029
185	1303775991466	1	1.0649	1.02	0.9206
186	1303775997374	1	1.0649	1.02	0.9206
187	1303775997795	1	1.0649	1.0385	0.9042
188	1303775997816	1	1.0649	1.0192	0.9213
189	1303775997837	1	1.0649	1.02	0.9206
190	1303775997858	1	1.0649	1.04	0.9029
191	1303775997879	1	1.0649	1.0192	0.9213
192	1303775997900	1	1.0649	1.02	0.9206
193	1303775997921	1	1.0649	1.0385	0.9042
194	1303775997941	1	1.0649	1.0192	0.9213
195	1303775997967	1	1.0649	1.0192	0.9213
196	1303775997988	1	1.0649	1.04	0.9029
197	1303775998010	1	1.0649	1.0192	0.9213
198	1303775998030	1	1.0649	1.0192	0.9213
199	1303775998051	1	1.0649	1.0385	0.9042
200	1303775998072	1	1.0649	1.0192	0.9213
201	1303775998093	1	1.0649	1.0192	0.9213
202	1303775998114	1	1.0649	1.0385	0.9042
203	1303775998135	1	1.0649	1.0192	0.9213
204	1303775998162	1	1.0649	1.0192	0.9213
205	1303775998223	1	1.0649	1.0385	0.9042
206	1303775998245	1	1.0649	1.0192	0.9213
207	1303775998265	1	1.0649	1.0192	0.9213
208	1303775998286	1	1.0649	1.0385	0.9042
209	1303775998307	1	1.0649	1.0192	0.9213
210	1303775998328	1	1.0649	1.0192	0.9213
211	1303775998349	1	1.0649	1.0385	0.9042
212	1303775998376	1	1.0649	1.0192	0.9213
213	1303775998397	1	1.0649	1.0192	0.9213
214	1303775998418	1	1.0649	1.0385	0.9042
215	1303775998441	1	1.0626	1.0192	0.9234
216	1303775998506	1	1.0626	1.0192	0.9234
217	1303775998528	1	1.0626	1.0385	0.9063
218	1303775998550	1	1.0626	1.0192	0.9234
219	1303775998570	1	1.0626	1.0192	0.9234
220	1303775998594	1	1.0626	1.0385	0.9063
221	1303775998620	1	1.0626	1.0385	0.9063
222	1303775998641	1	1.0626	1.0192	0.9234
223	1303775998662	1	1.0626	1.0192	0.9234
224	1303775998683	1	1.0626	1.0385	0.9063
225	1303775998704	1	1.0626	1.0192	0.9234
226	1303775998726	1	1.0626	1.0192	0.9234
227	1303775998747	1	1.0626	1.0385	0.9063
228	1303775998767	1	1.0626	1.0192	0.9234
229	1303775998793	1	1.0626	1.0192	0.9234
230	1303775998814	1	1.0626	1.0385	0.9063
231	1303775998839	1	1.0626	1.0385	0.9063
232	1303775998862	1	1.0626	1.0192	0.9234
233	1303775998883	1	1.0626	1.0192	0.9234
234	1303775998905	1	1.0626	1.0385	0.9063
235	1303775998927	1	1.0626	1.0192	0.9234
236	1303775999003	1	1.0626	1.0192	0.9234
237	1303775999024	1	1.0626	1.0385	0.9063
238	1303775999052	1	1.0626	1.0192	0.9234
239	1303775999074	1	1.0626	1.0192	0.9234
240	1303775999096	1	1.0626	1.0385	0.9063
241	1303775999121	1	1.0626	1.0385	0.9063
242	1303775999142	1	1.0626	1.0192	0.9234
243	1303775999164	1	1.0626	1.0192	0.9234
244	1303775999248	1	1.0626	1.0385	0.9063
245	1303776011232	1	1.1283	1.0192	0.8696
246	1303776042120	1	1.125	1.0192	0.8721
247	1303776050467	1	1.1162	1.0385	0.8627
248	1303776051348	1	1.1162	1.0385	0.8627
249	1303776051372	1	1.1162	1.0192	0.879
250	1303776051409	1	1.1162	1.0192	0.879
251	1303776051431	1	1.1162	1.0385	0.8627
252	1303776051451	1	1.1162	1.0192	0.879
253	1303776051472	1	1.1162	1.0192	0.879
254	1303776051493	1	1.1162	1.0385	0.8627
255	1303776051514	1	1.1162	1.0385	0.8627
256	1303776051535	1	1.1162	1.0192	0.879
257	1303776051556	1	1.1162	1.0192	0.879
258	1303776051583	1	1.1162	1.0385	0.8627
259	1303776051604	1	1.1162	1.0192	0.879
260	1303776051625	1	1.1162	1.0192	0.879
261	1303776051646	1	1.1162	1.0385	0.8627
262	1303776051667	1	1.1162	1.0385	0.8627
263	1303776051688	1	1.1162	1.0192	0.879
264	1303776051709	1	1.1162	1.0192	0.879
265	1303776051729	1	1.1162	1.0385	0.8627
266	1303776051750	1	1.1162	1.0192	0.879
267	1303776051776	1	1.1162	1.0192	0.879
268	1303776051797	1	1.1162	1.0385	0.8627
269	1303776051817	1	1.1162	1.0385	0.8627
270	1303776051879	1	1.1162	1.0192	0.879
271	1303776051900	1	1.1162	1.0192	0.879
272	1303776051920	1	1.1162	1.0192	0.879
273	1303776051941	1	1.1162	1.0192	0.879
274	1303776051962	1	1.1162	1.0192	0.879
275	1303776051983	1	1.1162	1.0385	0.8627
276	1303776052011	1	1.2	1.0385	0.8024
277	1303776052035	1	1.2	1	0.8334
278	1303776052098	1	1.2	1.0192	0.8176
279	1303776052120	1	1.2	1.0385	0.8025
280	1303776052141	1	1.2	1.0192	0.8176
281	1303776052202	1	1.2	1.0192	0.8176
282	1303776052222	1	1.2	1.0192	0.8176
283	1303776052243	1	1.2	1.0192	0.8176
284	1303776052263	1	1.2	1.0192	0.8176
285	1303776052290	1	1.2	1.0385	0.8025
286	1303776052311	1	1.2	1.0385	0.8025
287	1303776052332	1	1.2	1	0.8334
288	1303776052353	1	1.2	1.0192	0.8176
289	1303776052373	1	1.2	1.0385	0.8025
290	1303776052394	1	1.2	1.0192	0.8176
291	1303776052414	1	1.2	1.0192	0.8176
292	1303776052435	1	1.2	1.0192	0.8176
293	1303776052456	1	1.2	1.0385	0.8025
294	1303776052483	1	1.2	1.0192	0.8176
295	1303776052504	1	1.2	1.0192	0.8176
296	1303776052525	1	1.2	1.0385	0.8025
297	1303776052546	1	1.2	1	0.8334
298	1303776052567	1	1.2	1.0192	0.8176
299	1303776052587	1	1.2	1.0385	0.8025
300	1303776052608	1	1.2	1.0385	0.8025
301	1303776052629	1	1.2	1	0.8334
302	1303776052650	1	1.2	1.0192	0.8176
303	1303776052678	1	1.2	1.0385	0.8025
304	1303776052698	1	1.2	1.0192	0.8176
305	1303776052785	1	1.2	1.0192	0.8176
306	1303776052985	1	1.3734	1.0192	0.7144
307	1303776053024	1	1.3714	1.0385	0.7022
308	1303776053096	1	1.3714	1.0192	0.7154
309	1303776053119	1	1.4138	1.0192	0.694
310	1303776053141	1	1.4138	1.0192	0.694
311	1303776053163	1	1.4138	1.0192	0.694
312	1303776053224	1	1.4138	1.0192	0.694
313	1303776053245	1	1.4138	1.0385	0.6811
314	1303776053306	1	1.4138	1.0385	0.6811
315	1303776053327	1	1.4138	1	0.7073
316	1303776053354	1	1.4138	1.0192	0.694
317	1303776053375	1	1.4138	1.0385	0.6811
318	1303776053437	1	1.4138	1.0192	0.694
319	1303776053458	1	1.4138	1.0192	0.694
320	1303776053479	1	1.4138	1.0192	0.694
321	1303776053500	1	1.4138	1.0385	0.6811
322	1303776053520	1	1.4138	1.0192	0.694
323	1303776053541	1	1.4138	1.0192	0.694
324	1303776053561	1	1.4138	1.0385	0.6811
325	1303776053589	1	1.4138	1	0.7073
326	1303776053610	1	1.4138	1.0192	0.694
327	1303776053631	1	1.4138	1.0385	0.6811
328	1303776053651	1	1.4138	1.0385	0.6811
329	1303776053672	1	1.4138	1.0192	0.694
330	1303776053693	1	1.4138	1	0.7073
331	1303776053714	1	1.4138	1.0385	0.6811
332	1303776053734	1	1.4138	1.0385	0.6811
333	1303776053755	1	1.4138	1.0192	0.694
334	1303776053823	1	1.4138	1.0192	0.694
335	1303776053885	1	1.4138	1.0192	0.694
336	1303776053906	1	1.4138	1.0192	0.694
337	1303776053928	1	1.3273	1.0192	0.7392
338	1303776053951	1	1.3272	1.0385	0.7256
339	1303776053973	1	1.3272	1.0385	0.7256
340	1303776053995	1	1.3272	1	0.7535
341	1303776054016	1	1.3272	1.0192	0.7392
342	1303776054037	1	1.3272	1.0385	0.7256
343	1303776054064	1	1.3272	1.0385	0.7256
344	1303776054085	1	1.3272	1.0192	0.7392
345	1303776054106	1	1.3272	1	0.7535
346	1303776054167	1	1.3272	1.0385	0.7256
347	1303776054187	1	1.3272	1.0192	0.7392
348	1303776054208	1	1.3272	1.0192	0.7392
349	1303776054228	1	1.3272	1.0385	0.7256
350	1303776054249	1	1.3272	1.0192	0.7392
351	1303776054310	1	1.3272	1.0192	0.7392
352	1303776054338	1	1.3272	1.0192	0.7392
353	1303776054359	1	1.3272	1.0385	0.7256
354	1303776054380	1	1.3272	1.0192	0.7392
355	1303776054401	1	1.3272	1	0.7535
356	1303776054421	1	1.3272	1.0385	0.7256
357	1303776054442	1	1.3272	1.0385	0.7256
358	1303776054503	1	1.3272	1.0192	0.7392
359	1303776054524	1	1.3272	1.0192	0.7392
360	1303776054545	1	1.3272	1.0192	0.7392
361	1303776054572	1	1.3272	1.0192	0.7392
362	1303776054593	1	1.3272	1.0192	0.7392
363	1303776054614	1	1.3272	1.0385	0.7256
364	1303776054634	1	1.3272	1.0385	0.7256
365	1303776054655	1	1.3272	1	0.7535
366	1303776054695	1	1.3272	1.0192	0.7392
367	1303776069318	1	1.3266	1.0385	0.7259
368	1303776106174	1	1.3265	1.0192	0.7396
369	1303776111585	1	1.3265	1.0192	0.7396
370	1303776111606	1	1.3265	1.0192	0.7396
371	1303776111627	1	1.3265	1.0385	0.7259
372	1303776111648	1	1.3265	1.0192	0.7396
373	1303776111668	1	1.3265	1.0192	0.7396
374	1303776111689	1	1.3265	1.0385	0.7259
375	1303776111710	1	1.3265	1	0.7538
376	1303776111730	1	1.3265	1.0192	0.7396
377	1303776111751	1	1.3265	1.0385	0.7259
378	1303776111779	1	1.3265	1.0385	0.7259
379	1303776111800	1	1.3265	1.0192	0.7396
380	1303776111820	1	1.3265	1	0.7538
381	1303776111841	1	1.3265	1.0385	0.7259
382	1303776111861	1	1.3265	1.0192	0.7396
383	1303776111882	1	1.3265	1.0192	0.7396
384	1303776111942	1	1.3265	1.0385	0.7259
385	1303776111963	1	1.3265	1.0192	0.7396
386	1303776111983	1	1.3265	1.0192	0.7396
387	1303776112011	1	1.3265	1.0192	0.7396
388	1303776112032	1	1.3265	1.0385	0.7259
389	1303776112053	1	1.3265	1.0192	0.7396
390	1303776112074	1	1.3265	1	0.7538
391	1303776112095	1	1.3265	1.0385	0.7259
392	1303776112116	1	1.3265	1.0385	0.7259
393	1303776112137	1	1.3265	1.0192	0.7396
394	1303776112158	1	1.3265	1.0192	0.7396
395	1303776112179	1	1.3265	1.0192	0.7396
396	1303776112206	1	1.3265	1.0192	0.7396
397	1303776112227	1	1.3265	1.0192	0.7396
398	1303776112249	1	1.3265	1.0385	0.7259
399	1303776112272	1	1.3265	1.0385	0.7259
400	1303776112295	1	1.3265	1	0.7538
401	1303776112316	1	1.3265	1.0192	0.7396
402	1303776112338	1	1.3266	1.0385	0.7259
403	1303776112359	1	1.3266	1.0192	0.7396
404	1303776112380	1	1.3266	1.0192	0.7396
405	1303776112408	1	1.3266	1.0192	0.7396
406	1303776112429	1	1.3266	1.0385	0.7259
407	1303776112490	1	1.3266	1.0192	0.7396
408	1303776112511	1	1.3266	1.0192	0.7396
409	1303776112532	1	1.3266	1.0385	0.7259
410	1303776112593	1	1.3266	1	0.7538
411	1303776112654	1	1.3266	1.0192	0.7396
412	1303776112674	1	1.3266	1.0385	0.7259
413	1303776112696	1	1.3266	1.0385	0.7259
414	1303776112724	1	1.3266	1.0192	0.7396
415	1303776112745	1	1.3266	1	0.7538
416	1303776112768	1	1.3266	1.0385	0.7259
417	1303776112789	1	1.3266	1.0192	0.7396
418	1303776112810	1	1.3266	1.0192	0.7396
419	1303776112831	1	1.3266	1.0385	0.7259
420	1303776112852	1	1.3266	1.0385	0.7259
421	1303776112874	1	1.3266	1	0.7538
422	1303776112895	1	1.3266	1.0192	0.7396
423	1303776112923	1	1.3266	1.0385	0.7259
424	1303776112944	1	1.3266	1.0192	0.7396
425	1303776112965	1	1.3266	1.0192	0.7396
426	1303776112986	1	1.3266	1.0192	0.7396
427	1303776113021	1	1.3266	1.0385	0.7259
428	1303776121682	1	1.3266	1.0192	0.7396
429	1303776146601	1	1.3266	1.0192	0.7396
430	1303776150817	1	1.3266	1.0385	0.7259
431	1303776150838	1	1.3266	1.0192	0.7396
432	1303776150859	1	1.3741	1.0192	0.714
433	1303776150879	1	1.3741	1.0385	0.7008
434	1303776150939	1	1.3741	1.0385	0.7008
435	1303776150960	1	1.3741	1.0192	0.714
436	1303776150981	1	1.3741	1	0.7277
437	1303776151022	1	1.3741	1.0385	0.7008
438	1303776151181	1	1.3741	1.0192	0.714
439	1303776151202	1	1.3741	1.0192	0.714
440	1303776151222	1	1.3741	1.0385	0.7008
441	1303776151243	1	1.3741	1.0192	0.714
442	1303776151264	1	1.3741	1.0192	0.714
443	1303776151283	1	1.3741	1.0192	0.714
444	1303776151304	1	1.3741	1.0385	0.7008
445	1303776151325	1	1.3741	1.0192	0.714
446	1303776151385	1	1.3741	1	0.7277
447	1303776151406	1	1.3741	1.0385	0.7008
448	1303776151475	1	1.3741	1.0385	0.7008
449	1303776151496	1	1.3741	1.0192	0.714
450	1303776151516	1	1.3741	1	0.7277
451	1303776151537	1	1.3741	1.0385	0.7008
452	1303776151558	1	1.3741	1.0192	0.714
453	1303776151578	1	1.3741	1.0192	0.714
454	1303776151638	1	1.3741	1.0385	0.7008
455	1303776151659	1	1.3741	1.0192	0.714
456	1303776151680	1	1.3741	1.0192	0.714
457	1303776151748	1	1.3741	1.0192	0.714
458	1303776151769	1	1.3741	1.0385	0.7008
459	1303776151790	1	1.3741	1	0.7277
460	1303776151814	1	1.3741	1.0192	0.714
461	1303776151836	1	1.3741	1.0385	0.7008
462	1303776151859	1	1.3741	1.0385	0.7008
463	1303776151880	1	1.3741	1.0192	0.714
464	1303776151901	1	1.3741	1	0.7278
465	1303776151929	1	1.3741	1.0385	0.7008
466	1303776151950	1	1.3741	1.0192	0.714
467	1303776151970	1	1.3741	1.0192	0.714
468	1303776151990	1	1.3741	1.0192	0.714
469	1303776152051	1	1.3741	1.0385	0.7008
470	1303776152072	1	1.3741	1.0192	0.714
471	1303776152093	1	1.3741	1.0192	0.714
472	1303776152113	1	1.3741	1.0385	0.7008
473	1303776152134	1	1.3741	1	0.7278
474	1303776152162	1	1.3741	1.0192	0.714
475	1303776152183	1	1.3741	1.0385	0.7008
476	1303776152203	1	1.3741	1.0385	0.7008
477	1303776152224	1	1.3741	1	0.7278
478	1303776152244	1	1.3741	1.0192	0.714
479	1303776152265	1	1.3741	1.0385	0.7008
480	1303776152286	1	1.3741	1.0192	0.714
481	1303776152306	1	1.3741	1.0192	0.714
482	1303776152327	1	1.3741	1.0192	0.714
483	1303776152355	1	1.3741	1.0385	0.7008
484	1303776152376	1	1.3741	1.0192	0.714
485	1303776152397	1	1.3741	1.0192	0.714
486	1303776152458	1	1.3761	1.0192	0.713
487	1303776152479	1	1.3761	1.0192	0.713
488	1303776152515	1	1.3761	1.0192	0.713
489	1303776161182	1	1.3745	1.0385	0.7006
490	1303776188766	1	1.3743	1.0192	0.7139
491	1303776197012	1	1.3743	1.0192	0.7139
492	1303776197034	1	1.3743	1.0192	0.7139
493	1303776197055	1	1.3743	1.0385	0.7007
494	1303776197075	1	1.3743	1	0.7276
495	1303776197109	1	1.3743	1.0192	0.7139
496	1303776197129	1	1.3743	1.0385	0.7007
497	1303776197190	1	1.3743	1.0385	0.7007
498	1303776197211	1	1.3743	1.0192	0.7139
499	1303776197272	1	1.3743	1	0.7276
500	1303776197293	1	1.3743	1.0385	0.7007
501	1303776197313	1	1.3743	1.0192	0.7139
502	1303776197334	1	1.3743	1.0192	0.7139
503	1303776197355	1	1.3743	1.0192	0.7139
504	1303776197429	1	1.3743	1.0385	0.7007
505	1303776197450	1	1.3743	1.0192	0.7139
506	1303776197470	1	1.3743	1.0192	0.7139
507	1303776197491	1	1.3743	1.0385	0.7007
508	1303776197553	1	1.3743	1	0.7276
509	1303776197573	1	1.3743	1.0192	0.7139
510	1303776197594	1	1.3743	1.0385	0.7007
511	1303776197614	1	1.3743	1.0385	0.7007
512	1303776197635	1	1.3743	1	0.7276
513	1303776197668	1	1.3743	1.0192	0.7139
514	1303776197689	1	1.3743	1.0385	0.7007
515	1303776197710	1	1.3743	1.0192	0.7139
516	1303776197771	1	1.3743	1	0.7276
517	1303776197791	1	1.3743	1.0385	0.7007
518	1303776197812	1	1.3743	1.0385	0.7007
519	1303776197833	1	1.3743	1.0192	0.7139
520	1303776197855	1	1.3743	1.0192	0.7139
521	1303776197934	1	1.3743	1.0192	0.7139
522	1303776197957	1	1.3743	1.0192	0.7139
523	1303776198018	1	1.3743	1.0192	0.7139
524	1303776198039	1	1.3743	1.0385	0.7007
525	1303776198060	1	1.3743	1.0192	0.7139
526	1303776198081	1	1.3743	1.0192	0.7139
527	1303776198101	1	1.3743	1.0192	0.7139
528	1303776198121	1	1.3743	1.0385	0.7007
529	1303776198142	1	1.3743	1	0.7276
530	1303776198170	1	1.3743	1.0192	0.7139
531	1303776198191	1	1.3743	1.0385	0.7007
532	1303776198212	1	1.3743	1.0385	0.7007
533	1303776198232	1	1.3743	1	0.7276
534	1303776198253	1	1.3743	1.0192	0.7139
535	1303776198273	1	1.3743	1.0385	0.7007
536	1303776198294	1	1.3743	1.0192	0.7139
537	1303776198315	1	1.3743	1	0.7276
538	1303776198335	1	1.3743	1.0385	0.7007
539	1303776198363	1	1.3743	1.0385	0.7007
540	1303776198383	1	1.3743	1.0192	0.7139
541	1303776198404	1	1.3743	1	0.7276
542	1303776198465	1	1.3743	1.0385	0.7007
543	1303776198486	1	1.3743	1.0192	0.7139
544	1303776198506	1	1.3743	1.0192	0.7139
545	1303776198527	1	1.3743	1.0192	0.7139
546	1303776198547	1	1.3743	1.0385	0.7007
547	1303776198568	1	1.3743	1.0192	0.7139
548	1303776198589	1	1.3743	1.0192	0.7139
549	1303776198634	1	1.3743	1.0192	0.7139
550	1303776207781	1	1.4249	1.0192	0.6885
551	1303776238476	1	1.4249	1.0192	0.6885
552	1303776247909	1	1.4249	1.0385	0.6758
553	1303776247930	1	1.4249	1.0192	0.6885
554	1303776247962	1	1.4249	1.0192	0.6885
555	1303776247982	1	1.4249	1.0192	0.6885
556	1303776248003	1	1.4249	1.0385	0.6758
557	1303776248024	1	1.4249	1	0.7018
558	1303776248044	1	1.4249	1.0192	0.6885
559	1303776248064	1	1.4249	1.0385	0.6758
560	1303776248085	1	1.4249	1.0385	0.6758
561	1303776248106	1	1.4249	1	0.7018
562	1303776248126	1	1.4249	1.0192	0.6885
563	1303776248158	1	1.4249	1.0385	0.6758
564	1303776248179	1	1.4249	1.0192	0.6885
565	1303776248200	1	1.4249	1.0192	0.6885
566	1303776248221	1	1.4249	1.0192	0.6885
567	1303776248241	1	1.4249	1.0385	0.6758
568	1303776248262	1	1.4249	1.0192	0.6885
569	1303776248322	1	1.4249	1.0192	0.6885
570	1303776248343	1	1.4249	1.0192	0.6885
571	1303776248364	1	1.4249	1.0192	0.6885
572	1303776248395	1	1.4249	1.0192	0.6885
573	1303776248416	1	1.4249	1.0385	0.6758
574	1303776248436	1	1.4249	1.0385	0.6758
575	1303776248456	1	1.4249	1	0.7018
576	1303776248477	1	1.4249	1.0192	0.6885
577	1303776248538	1	1.4249	1.0385	0.6758
578	1303776248598	1	1.4249	1.0192	0.6885
579	1303776248619	1	1.4249	1	0.7018
580	1303776248639	1	1.4249	1.0385	0.6758
581	1303776248680	1	1.424	1.0385	0.6762
582	1303776248703	1	1.4239	1.0192	0.6891
583	1303776248725	1	1.4239	1.0192	0.6891
584	1303776248746	1	1.4239	1.0192	0.6891
585	1303776248767	1	1.4239	1.0385	0.6763
586	1303776248827	1	1.4633	1.0192	0.6705
587	1303776248848	1	1.4633	1.0192	0.6705
588	1303776248868	1	1.4633	1.0192	0.6705
589	1303776248889	1	1.4633	1.0385	0.6581
590	1303776248918	1	1.4633	1.0192	0.6705
591	1303776248939	1	1.4633	1.0192	0.6705
592	1303776248959	1	1.4633	1.0385	0.6581
593	1303776248980	1	1.4633	1.0192	0.6705
594	1303776249000	1	1.4633	1.0192	0.6705
595	1303776249020	1	1.4633	1.0192	0.6705
596	1303776249040	1	1.4633	1.0385	0.6581
597	1303776249061	1	1.4633	1.0192	0.6705
598	1303776249121	1	1.4633	1.0192	0.6705
599	1303776249150	1	1.4633	1.0192	0.6705
600	1303776249171	1	1.4633	1.0385	0.6581
601	1303776249192	1	1.4633	1.0385	0.6581
602	1303776249212	1	1.4633	1	0.6834
603	1303776249233	1	1.4633	1.0192	0.6705
604	1303776249254	1	1.4633	1.0385	0.6581
605	1303776249274	1	1.4633	1.0192	0.6705
606	1303776249294	1	1.4633	1	0.6834
607	1303776249315	1	1.4633	1.0385	0.6581
608	1303776249343	1	1.4633	1.0385	0.6581
609	1303776249364	1	1.4633	1.0192	0.6705
610	1303776249402	1	1.4633	1	0.6834
611	1303776257265	1	1.4633	1.0385	0.6581
612	1303776279040	1	1.4633	1.0385	0.6581
613	1303776279390	1	1.4633	1.0192	0.6705
614	1303776279419	1	1.4633	1.0192	0.6705
615	1303776279481	1	1.4633	1.0192	0.6705
616	1303776279502	1	1.4633	1.0192	0.6705
617	1303776279563	1	1.4894	1.0192	0.6588
618	1303776279584	1	1.4894	1.0385	0.6466
619	1303776279604	1	1.4894	1.0192	0.6588
620	1303776279625	1	1.4894	1.0192	0.6588
621	1303776279646	1	1.4894	1.0192	0.6588
622	1303776279667	1	1.4894	1.0385	0.6466
623	1303776279696	1	1.4894	1.0385	0.6466
624	1303776279716	1	1.4894	1	0.6714
625	1303776279737	1	1.4894	1.0192	0.6588
626	1303776279758	1	1.4894	1.0385	0.6466
627	1303776279778	1	1.4894	1.0385	0.6466
628	1303776279798	1	1.4894	1.0192	0.6588
629	1303776279819	1	1.4894	1	0.6714
630	1303776279840	1	1.4894	1.0385	0.6466
631	1303776279861	1	1.4894	1.0192	0.6588
632	1303776279929	1	1.4894	1.0192	0.6588
633	1303776279950	1	1.4894	1.0385	0.6466
634	1303776279971	1	1.4894	1.0192	0.6588
635	1303776279991	1	1.4894	1.0192	0.6588
636	1303776280012	1	1.4894	1.0192	0.6588
637	1303776280032	1	1.4894	1.0385	0.6466
638	1303776280053	1	1.4894	1.0385	0.6466
639	1303776280074	1	1.4894	1	0.6714
640	1303776280095	1	1.4894	1.0192	0.6588
641	1303776280123	1	1.4894	1.0385	0.6466
642	1303776280145	1	1.4881	1.0385	0.6471
643	1303776280167	1	1.4881	1.0192	0.6593
644	1303776280189	1	1.4881	1	0.672
645	1303776280209	1	1.4881	1.0385	0.6471
646	1303776280230	1	1.4881	1.0192	0.6593
647	1303776280251	1	1.4881	1.0192	0.6593
648	1303776280272	1	1.4881	1.0385	0.6471
649	1303776280293	1	1.4881	1.0192	0.6593
650	1303776280362	1	1.4881	1.0192	0.6593
651	1303776280382	1	1.4881	1.0192	0.6593
652	1303776280402	1	1.4881	1.0385	0.6471
653	1303776280423	1	1.4881	1.0385	0.6471
654	1303776280444	1	1.4881	1	0.672
655	1303776280464	1	1.4881	1.0192	0.6593
656	1303776280525	1	1.4881	1.0385	0.6471
657	1303776280546	1	1.4881	1.0192	0.6593
658	1303776280607	1	1.4881	1.0192	0.6593
659	1303776280635	1	1.4881	1.0192	0.6593
660	1303776280656	1	1.4881	1.0385	0.6471
661	1303776280676	1	1.4881	1.0192	0.6593
662	1303776280738	1	1.4881	1.0192	0.6593
663	1303776280759	1	1.4881	1.0385	0.6471
664	1303776280780	1	1.4881	1	0.672
665	1303776280801	1	1.4881	1.0192	0.6593
666	1303776280822	1	1.4881	1.0385	0.6471
667	1303776280842	1	1.4881	1.0385	0.6471
668	1303776280871	1	1.4881	1.0192	0.6593
669	1303776280892	1	1.4881	1	0.672
670	1303776280913	1	1.4881	1.0385	0.6471
671	1303776280952	1	1.4881	1.0192	0.6593
672	1303776283181	1	1.4881	1.0192	0.6593
673	1303776283718	1	1.4881	1.0385	0.6471
674	1303776283742	1	1.4881	1.0192	0.6593
675	1303776283764	1	1.4898	1.0192	0.6586
676	1303776283785	1	1.4898	1.0192	0.6586
677	1303776283806	1	1.4898	1.0385	0.6464
678	1303776283868	1	1.4898	1	0.6712
679	1303776283888	1	1.4898	1.0192	0.6586
680	1303776283909	1	1.4898	1.0385	0.6464
681	1303776283930	1	1.4898	1.0385	0.6464
682	1303776283958	1	1.4898	1.0192	0.6586
683	1303776283978	1	1.4898	1	0.6712
684	1303776283999	1	1.4898	1.0385	0.6464
685	1303776284020	1	1.4898	1.0192	0.6586
686	1303776284041	1	1.4898	1.0192	0.6586
687	1303776284062	1	1.4898	1.0385	0.6464
688	1303776284082	1	1.4898	1.0192	0.6586
689	1303776284103	1	1.4898	1.0192	0.6586
690	1303776284123	1	1.4898	1.0192	0.6586
691	1303776284151	1	1.4898	1.0385	0.6464
692	1303776284173	1	1.4898	1.0192	0.6586
693	1303776284194	1	1.4898	1	0.6712
694	1303776284214	1	1.4898	1.0385	0.6464
695	1303776284235	1	1.4898	1.0385	0.6464
696	1303776284256	1	1.4898	1.0192	0.6586
697	1303776284317	1	1.4898	1.0192	0.6586
698	1303776284378	1	1.4898	1.0192	0.6586
699	1303776284399	1	1.4898	1.0385	0.6464
700	1303776284428	1	1.4898	1.0192	0.6586
701	1303776284488	1	1.4898	1.0192	0.6586
702	1303776284509	1	1.4898	1.0385	0.6464
703	1303776284531	1	1.4896	1	0.6713
704	1303776284554	1	1.4896	1.0192	0.6587
705	1303776284576	1	1.4896	1.0385	0.6465
706	1303776284598	1	1.4896	1.0385	0.6465
707	1303776284619	1	1.4896	1.0192	0.6587
708	1303776284640	1	1.4896	1	0.6713
709	1303776284668	1	1.4896	1.0385	0.6465
710	1303776284689	1	1.4896	1.0385	0.6465
711	1303776284751	1	1.4896	1.0192	0.6587
712	1303776284772	1	1.4896	1.0192	0.6587
713	1303776284793	1	1.4896	1.0192	0.6587
714	1303776284814	1	1.4896	1.0192	0.6587
715	1303776284835	1	1.4896	1.0192	0.6587
716	1303776284855	1	1.4896	1.0385	0.6465
717	1303776284877	1	1.4896	1.0385	0.6465
718	1303776284905	1	1.4896	1	0.6713
719	1303776284927	1	1.4896	1.0192	0.6587
720	1303776284948	1	1.4896	1.0385	0.6465
721	1303776284969	1	1.4896	1.0385	0.6465
722	1303776284990	1	1.4896	1.0192	0.6587
723	1303776285010	1	1.4896	1	0.6713
724	1303776285031	1	1.4896	1.0385	0.6465
725	1303776285052	1	1.4896	1.0192	0.6587
726	1303776285073	1	1.4896	1.0192	0.6587
727	1303776285143	1	1.4896	1.0385	0.6465
728	1303776285164	1	1.4896	1.0192	0.6587
729	1303776285184	1	1.4896	1.0192	0.6587
730	1303776285205	1	1.4896	1.0192	0.6587
731	1303776285226	1	1.4896	1.0385	0.6465
732	1303776285260	1	1.4896	1.0385	0.6465
733	1303776292257	1	1.4896	1	0.6713
734	1303776319900	1	1.4896	1.0192	0.6587
735	1303776327249	1	1.4896	1.0385	0.6465
736	1303776327272	1	1.4896	1.0192	0.6587
737	1303776327293	1	1.4925	1.0192	0.6574
738	1303776327314	1	1.4925	1.0192	0.6574
739	1303776327336	1	1.4925	1.0385	0.6452
740	1303776327356	1	1.4925	1.0192	0.6574
741	1303776327384	1	1.4925	1.0192	0.6574
742	1303776327405	1	1.4925	1.0385	0.6452
743	1303776327426	1	1.4925	1.0192	0.6574
744	1303776327447	1	1.4925	1.0192	0.6574
745	1303776327468	1	1.4925	1.0192	0.6574
746	1303776327489	1	1.4925	1.0385	0.6452
747	1303776327509	1	1.4925	1.0192	0.6574
748	1303776327531	1	1.4925	1.0192	0.6574
749	1303776327552	1	1.4925	1.0192	0.6574
750	1303776327580	1	1.4925	1.0385	0.6452
751	1303776327601	1	1.4925	1.0192	0.6574
752	1303776327622	1	1.4925	1.0192	0.6574
753	1303776327642	1	1.4925	1.0385	0.6452
754	1303776327663	1	1.4925	1.0385	0.6452
755	1303776327684	1	1.4925	1	0.67
756	1303776327705	1	1.4925	1.0192	0.6574
757	1303776327725	1	1.4925	1.0385	0.6452
758	1303776327746	1	1.4925	1.0192	0.6574
759	1303776327775	1	1.4925	1.0192	0.6574
760	1303776327796	1	1.4925	1.0385	0.6452
761	1303776327817	1	1.4925	1.0192	0.6574
762	1303776327838	1	1.4925	1.0192	0.6574
763	1303776327859	1	1.4925	1.0192	0.6574
764	1303776327922	1	1.4925	1.0385	0.6452
765	1303776327945	1	1.4925	1.0385	0.6452
766	1303776327967	1	1.4925	1.0192	0.6574
767	1303776327997	1	1.4925	1.0192	0.6574
768	1303776328018	1	1.4925	1.0192	0.6574
769	1303776328039	1	1.4925	1.0192	0.6574
770	1303776328061	1	1.4925	1.0192	0.6574
771	1303776328082	1	1.4925	1.0385	0.6452
772	1303776328105	1	1.4925	1.0385	0.6452
773	1303776328134	1	1.4925	1.0192	0.6574
774	1303776328155	1	1.4925	1.0192	0.6574
775	1303776328180	1	1.4925	1.0192	0.6574
776	1303776328251	1	1.4925	1.0385	0.6452
777	1303776328272	1	1.4925	1.0192	0.6574
778	1303776328294	1	1.4925	1.0192	0.6574
779	1303776328316	1	1.4925	1.0385	0.6452
780	1303776328378	1	1.4925	1.0385	0.6452
781	1303776328399	1	1.4925	1.0192	0.6574
782	1303776328420	1	1.4925	1	0.67
783	1303776328441	1	1.4925	1.0385	0.6452
784	1303776328462	1	1.4925	1.0192	0.6574
785	1303776328491	1	1.4925	1.0192	0.6574
786	1303776328512	1	1.4925	1.0385	0.6452
787	1303776328532	1	1.4925	1.0385	0.6452
788	1303776328593	1	1.4925	1.0192	0.6574
789	1303776328653	1	1.4925	1	0.67
790	1303776328674	1	1.4925	1.0385	0.6452
791	1303776328695	1	1.4925	1.0385	0.6452
792	1303776328716	1	1.4925	1.0192	0.6574
793	1303776328749	1	1.4925	1.0192	0.6574
794	1303776329869	1	1.4925	1.0385	0.6452
795	1303776330183	1	1.4925	1.0385	0.6452
796	1303776330208	1	1.4925	1.0192	0.6574
797	1303776330230	1	1.4958	1.0192	0.6559
798	1303776330252	1	1.4958	1.0385	0.6438
799	1303776330273	1	1.4958	1.0192	0.6559
800	1303776330334	1	1.4958	1.0192	0.6559
801	1303776330363	1	1.4958	1.0385	0.6438
802	1303776330384	1	1.4958	1.0385	0.6438
803	1303776330413	1	1.4958	1.0192	0.6559
804	1303776330434	1	1.4958	1.0192	0.6559
805	1303776330455	1	1.4958	1.0385	0.6438
806	1303776330475	1	1.4958	1.0385	0.6438
807	1303776330497	1	1.4958	1.0192	0.6559
808	1303776330517	1	1.4958	1.0192	0.6559
809	1303776330537	1	1.4958	1.0385	0.6438
810	1303776330558	1	1.4958	1.0385	0.6438
811	1303776330578	1	1.4958	1.0192	0.6559
812	1303776330607	1	1.4958	1	0.6685
813	1303776330627	1	1.4958	1.0385	0.6438
814	1303776330648	1	1.4958	1.0192	0.6559
815	1303776330668	1	1.4958	1.0192	0.6559
816	1303776330689	1	1.4958	1.0385	0.6438
817	1303776330710	1	1.4958	1.0192	0.6559
818	1303776330731	1	1.4958	1.0192	0.6559
819	1303776330752	1	1.4958	1.0192	0.6559
820	1303776330772	1	1.4958	1.0385	0.6438
821	1303776330800	1	1.4958	1.0385	0.6438
822	1303776330821	1	1.4958	1	0.6685
823	1303776330841	1	1.4958	1.0192	0.6559
824	1303776330862	1	1.4958	1.0385	0.6438
825	1303776330884	1	1.4958	1.0385	0.6438
826	1303776330906	1	1.4958	1.0192	0.6559
827	1303776330928	1	1.4958	1	0.6685
828	1303776330949	1	1.4958	1.0385	0.6438
829	1303776330970	1	1.4958	1.0192	0.6559
830	1303776330998	1	1.4958	1.0192	0.6559
831	1303776331019	1	1.4958	1.0385	0.6438
832	1303776331039	1	1.4958	1.0192	0.6559
833	1303776331060	1	1.4958	1.0192	0.6559
834	1303776331080	1	1.4958	1.0192	0.6559
835	1303776331101	1	1.4958	1.0385	0.6438
836	1303776331121	1	1.4958	1.0385	0.6438
837	1303776331142	1	1.4958	1	0.6685
838	1303776331162	1	1.4958	1.0192	0.6559
839	1303776331191	1	1.4958	1.0385	0.6438
840	1303776331250	1	1.4958	1.0385	0.6438
841	1303776331271	1	1.4958	1.0192	0.6559
842	1303776331291	1	1.4958	1	0.6685
843	1303776331311	1	1.4958	1.0385	0.6438
844	1303776331371	1	1.4958	1.0192	0.6559
845	1303776331392	1	1.4958	1.0192	0.6559
846	1303776331453	1	1.4958	1.0385	0.6438
847	1303776331473	1	1.4958	1.0192	0.6559
848	1303776331502	1	1.4958	1.0192	0.6559
849	1303776331523	1	1.4958	1.0192	0.6559
850	1303776331543	1	1.4958	1.0385	0.6438
851	1303776331564	1	1.4958	1.0385	0.6438
852	1303776331584	1	1.4958	1	0.6685
853	1303776331605	1	1.4958	1.0192	0.6559
854	1303776331638	1	1.4958	1.0385	0.6438
855	1303776335418	1	1.5285	1.0385	0.63
856	1303776351131	1	1.5284	1.0192	0.642
857	1303776354017	1	1.5284	1	0.6543
858	1303776354039	1	1.5284	1.0385	0.6301
859	1303776354061	1	1.5284	1.0192	0.642
860	1303776354082	1	1.5284	1.0192	0.642
861	1303776354102	1	1.5284	1.0385	0.6301
862	1303776354123	1	1.5284	1.0192	0.642
863	1303776354144	1	1.5284	1.0192	0.642
864	1303776354171	1	1.5284	1.0192	0.642
865	1303776354192	1	1.5284	1.0385	0.6301
866	1303776354212	1	1.5284	1.0385	0.6301
867	1303776354232	1	1.5284	1	0.6543
868	1303776354293	1	1.5284	1.0192	0.642
869	1303776354314	1	1.5284	1.0385	0.6301
870	1303776354375	1	1.5284	1.0385	0.6301
871	1303776354396	1	1.5284	1.0192	0.642
872	1303776354417	1	1.5284	1	0.6543
873	1303776354446	1	1.5284	1.0385	0.6301
874	1303776354466	1	1.5284	1.0192	0.642
875	1303776354486	1	1.5284	1.0192	0.642
876	1303776354507	1	1.5284	1.0385	0.6301
877	1303776354528	1	1.5284	1.0192	0.642
878	1303776354549	1	1.5284	1.0192	0.642
879	1303776354570	1	1.5284	1.0192	0.642
880	1303776354590	1	1.5284	1.0385	0.6301
881	1303776354610	1	1.5284	1.0385	0.6301
882	1303776354638	1	1.5284	1	0.6543
883	1303776354659	1	1.5284	1.0192	0.642
884	1303776354680	1	1.5284	1.0385	0.6301
885	1303776354701	1	1.5284	1.0385	0.6301
886	1303776354723	1	1.5284	1.0192	0.642
887	1303776354746	1	1.5284	1	0.6543
888	1303776354768	1	1.5284	1.0192	0.642
889	1303776354790	1	1.5284	1.0192	0.642
890	1303776354818	1	1.5284	1.0192	0.642
891	1303776354839	1	1.5284	1.0192	0.642
892	1303776354860	1	1.5284	1	0.6543
893	1303776354881	1	1.5284	1.0192	0.642
894	1303776354902	1	1.5284	1.0192	0.642
895	1303776354922	1	1.5284	1.0192	0.642
896	1303776354943	1	1.5284	1.0192	0.642
897	1303776354964	1	1.5284	1.0192	0.642
898	1303776354985	1	1.5284	1.0192	0.642
899	1303776355013	1	1.5284	1.0192	0.642
900	1303776355035	1	1.5284	1.0385	0.6301
901	1303776355055	1	1.5284	1.0192	0.642
902	1303776355076	1	1.5284	1	0.6543
903	1303776355097	1	1.5284	1.0385	0.6301
904	1303776355118	1	1.5284	1.0192	0.642
905	1303776355138	1	1.5284	1.0192	0.642
906	1303776355158	1	1.5284	1.0385	0.6301
907	1303776355178	1	1.5284	1	0.6543
908	1303776355199	1	1.5284	1.0192	0.642
909	1303776355227	1	1.5284	1.0385	0.6301
910	1303776355248	1	1.5284	1.0192	0.642
911	1303776355269	1	1.5284	1.0192	0.642
912	1303776355290	1	1.5284	1.0192	0.642
913	1303776355311	1	1.5284	1.0192	0.642
914	1303776355332	1	1.5284	1.0192	0.642
915	1303776355365	1	1.5284	1.0385	0.6301
916	1303776361092	1	1.5284	1.0385	0.6301
917	1303776380455	1	1.5284	1	0.6543
918	1303776381458	1	1.5284	1.0192	0.642
919	1303776381480	1	1.5303	1.0385	0.6293
920	1303776381502	1	1.5303	1.0192	0.6411
921	1303776381522	1	1.5303	1.0192	0.6411
922	1303776381583	1	1.5303	1.0192	0.6411
923	1303776381615	1	1.5303	1.0192	0.6411
924	1303776381636	1	1.5303	1.0192	0.6411
925	1303776381656	1	1.5303	1.0385	0.6293
926	1303776381676	1	1.5303	1.0385	0.6293
927	1303776381697	1	1.5303	1	0.6535
928	1303776381718	1	1.5303	1.0192	0.6411
929	1303776381738	1	1.5303	1.0385	0.6293
930	1303776381759	1	1.5303	1.0192	0.6411
931	1303776381780	1	1.5303	1.0192	0.6411
932	1303776381812	1	1.5303	1.0192	0.6411
933	1303776381832	1	1.5303	1.0385	0.6293
934	1303776381853	1	1.5303	1.0192	0.6411
935	1303776381874	1	1.5303	1.0192	0.6411
936	1303776381895	1	1.5303	1.0385	0.6293
937	1303776381916	1	1.5303	1.0192	0.6411
938	1303776381937	1	1.5303	1	0.6535
939	1303776381957	1	1.5303	1.0385	0.6293
940	1303776381978	1	1.5303	1.0385	0.6293
941	1303776382013	1	1.5303	1.0192	0.6411
942	1303776382034	1	1.5303	1.0192	0.6411
943	1303776382054	1	1.5303	1.0385	0.6293
944	1303776382075	1	1.5303	1	0.6535
945	1303776382095	1	1.5303	1.0192	0.6411
946	1303776382116	1	1.5303	1.0385	0.6293
947	1303776382138	1	1.5302	1.0385	0.6293
948	1303776382161	1	1.5302	1.0192	0.6412
949	1303776382183	1	1.5302	1	0.6535
950	1303776382252	1	1.5302	1.0192	0.6412
951	1303776382273	1	1.5302	1.0192	0.6412
952	1303776382294	1	1.5302	1.0192	0.6412
953	1303776382314	1	1.5302	1.0192	0.6412
954	1303776382375	1	1.5302	1.0192	0.6412
955	1303776382396	1	1.5302	1	0.6535
956	1303776382417	1	1.5302	1.0385	0.6293
957	1303776382437	1	1.5302	1.0192	0.6412
958	1303776382466	1	1.5302	1.0192	0.6412
959	1303776382487	1	1.5302	1.0385	0.6293
960	1303776382508	1	1.5302	1	0.6535
961	1303776382529	1	1.5302	1.0192	0.6412
962	1303776382550	1	1.5302	1.0385	0.6293
963	1303776382570	1	1.5302	1.0192	0.6412
964	1303776382592	1	1.5302	1.0192	0.6412
965	1303776382613	1	1.5302	1.0385	0.6293
966	1303776382674	1	1.5302	1	0.6535
967	1303776382702	1	1.5302	1.0192	0.6412
968	1303776382723	1	1.5302	1.0385	0.6293
969	1303776382744	1	1.5302	1.0192	0.6412
970	1303776382764	1	1.5302	1.0192	0.6412
971	1303776382785	1	1.5302	1.0192	0.6412
972	1303776382806	1	1.5302	1.0385	0.6293
973	1303776382826	1	1.5302	1.0192	0.6412
974	1303776382847	1	1.5302	1.0192	0.6412
975	1303776382867	1	1.5302	1.0385	0.6293
976	1303776382908	1	1.5302	1.0192	0.6412
977	1303776389664	1	1.5302	1	0.6535
978	1303776415515	1	1.5302	1.0385	0.6293
979	1303776420744	1	1.5302	1.0192	0.6412
980	1303776420773	1	1.5321	1.0192	0.6404
981	1303776420794	1	1.5321	1.0385	0.6285
982	1303776420814	1	1.5321	1.0192	0.6404
983	1303776420835	1	1.5321	1.0192	0.6404
984	1303776420856	1	1.5321	1.0192	0.6404
985	1303776420877	1	1.5321	1.0385	0.6285
986	1303776420897	1	1.5321	1.0192	0.6404
987	1303776420918	1	1.5321	1.0192	0.6404
988	1303776420939	1	1.5321	1.0192	0.6404
989	1303776420966	1	1.5321	1.0385	0.6285
990	1303776421027	1	1.5321	1.0192	0.6404
991	1303776421048	1	1.5321	1.0192	0.6404
992	1303776421069	1	1.5321	1.0385	0.6285
993	1303776421090	1	1.5321	1.0192	0.6404
994	1303776421111	1	1.5321	1	0.6527
995	1303776421131	1	1.5321	1.0385	0.6285
996	1303776421152	1	1.5321	1.0385	0.6285
997	1303776421214	1	1.5321	1.0192	0.6404
998	1303776421242	1	1.5321	1.0192	0.6404
999	1303776421263	1	1.5321	1.0385	0.6285
1000	1303776421284	1	1.5321	1	0.6527
1001	1303776421325	1	1.5321	1.0192	0.6404
1002	1303776421386	1	1.5321	1.0385	0.6285
1003	1303776421407	1	1.5321	1.0385	0.6285
1004	1303776421429	1	1.5321	1.0192	0.6404
1005	1303776421449	1	1.5321	1.0192	0.6404
1006	1303776421470	1	1.5321	1.0192	0.6404
1007	1303776421539	1	1.5321	1.0192	0.6404
1008	1303776421561	1	1.5321	1.0192	0.6404
1009	1303776421584	1	1.5321	1.0192	0.6404
1010	1303776421607	1	1.5321	1.0192	0.6404
1011	1303776421630	1	1.5321	1.0192	0.6404
1012	1303776421652	1	1.5321	1	0.6527
1013	1303776421675	1	1.5321	1.0192	0.6404
1014	1303776421698	1	1.5321	1.0192	0.6404
1015	1303776421727	1	1.5321	1.0192	0.6404
1016	1303776421751	1	1.5321	1.0192	0.6404
1017	1303776421773	1	1.5321	1.0192	0.6404
1018	1303776421796	1	1.5321	1.0192	0.6404
1019	1303776421818	1	1.5321	1.0192	0.6404
1020	1303776421841	1	1.5321	1.0192	0.6404
1021	1303776421864	1	1.5321	1.0385	0.6285
1022	1303776421886	1	1.5321	1.0192	0.6404
1023	1303776421916	1	1.5321	1.0192	0.6404
1024	1303776421938	1	1.5321	1.0385	0.6285
1025	1303776421960	1	1.5321	1	0.6527
1026	1303776421982	1	1.5321	1.0192	0.6404
1027	1303776422005	1	1.5321	1.0385	0.6285
1028	1303776422027	1	1.5321	1.0192	0.6404
1029	1303776422049	1	1.5321	1.0192	0.6404
1030	1303776422072	1	1.5321	1.0385	0.6285
1031	1303776422102	1	1.5321	1.0192	0.6404
1032	1303776422124	1	1.5321	1.0192	0.6404
1033	1303776422147	1	1.5321	1.0192	0.6404
1034	1303776422169	1	1.5321	1.0385	0.6285
1035	1303776422192	1	1.5321	1.0192	0.6404
1036	1303776422255	1	1.5321	1.0192	0.6404
1037	1303776422289	1	1.5321	1.0192	0.6404
1038	1303776426838	1	1.5321	1.0385	0.6285
1039	1303776445653	1	1.5321	1.0192	0.6404
1040	1303776449274	1	1.5321	1.0192	0.6404
1041	1303776449296	1	1.5321	1.0385	0.6285
1042	1303776449319	1	1.5321	1.0192	0.6404
1043	1303776449341	1	1.5321	1	0.6527
1044	1303776449364	1	1.5321	1.0385	0.6285
1045	1303776449386	1	1.5321	1.0385	0.6285
1046	1303776449410	1	1.5321	1.0192	0.6404
1047	1303776449434	1	1.5321	1.0192	0.6404
1048	1303776449464	1	1.5321	1.0385	0.6285
1049	1303776449487	1	1.5321	1.0385	0.6285
1050	1303776449509	1	1.5321	1	0.6527
1051	1303776449531	1	1.5321	1.0192	0.6404
1052	1303776449553	1	1.5321	1.0385	0.6285
1053	1303776449575	1	1.5321	1.0192	0.6404
1054	1303776449639	1	1.5321	1.0192	0.6404
1055	1303776449661	1	1.5321	1.0385	0.6285
1056	1303776449691	1	1.5321	1.0385	0.6285
1057	1303776449714	1	1.5321	1	0.6527
1058	1303776449777	1	1.5321	1.0192	0.6404
1059	1303776449799	1	1.5321	1.0385	0.6285
1060	1303776449821	1	1.5321	1.0385	0.6285
1061	1303776449884	1	1.5321	1.0192	0.6404
1062	1303776449906	1	1.5321	1.0192	0.6404
1063	1303776449929	1	1.5321	1.0385	0.6285
1064	1303776449959	1	1.5321	1.0192	0.6404
1065	1303776449981	1	1.5321	1	0.6527
1066	1303776450043	1	1.5321	1.0385	0.6285
1067	1303776450065	1	1.5321	1.0385	0.6285
1068	1303776450088	1	1.5321	1.0192	0.6404
1069	1303776450111	1	1.5321	1.0192	0.6404
1070	1303776450134	1	1.5321	1.0192	0.6404
1071	1303776450157	1	1.532	1.0192	0.6404
1072	1303776450187	1	1.532	1.0192	0.6404
1073	1303776450209	1	1.532	1	0.6527
1074	1303776450230	1	1.532	1.0192	0.6404
1075	1303776450251	1	1.532	1.0192	0.6404
1076	1303776450272	1	1.532	1.0385	0.6286
1077	1303776450293	1	1.532	1.0192	0.6404
1078	1303776450314	1	1.532	1.0192	0.6404
1079	1303776450334	1	1.532	1.0385	0.6286
1080	1303776450355	1	1.532	1.0192	0.6404
1081	1303776450384	1	1.532	1	0.6527
1082	1303776450405	1	1.532	1.0385	0.6286
1083	1303776450426	1	1.532	1.0192	0.6404
1084	1303776450446	1	1.532	1.0192	0.6404
1085	1303776450467	1	1.532	1.0385	0.6286
1086	1303776450488	1	1.532	1.0192	0.6404
1087	1303776450549	1	1.532	1.0192	0.6404
1088	1303776450570	1	1.532	1.0385	0.6286
1089	1303776450591	1	1.532	1.0192	0.6404
1090	1303776450619	1	1.532	1.0192	0.6404
1091	1303776450640	1	1.532	1.0192	0.6404
1092	1303776450661	1	1.532	1.0385	0.6286
1093	1303776450682	1	1.532	1.0192	0.6404
1094	1303776450703	1	1.532	1.0192	0.6404
1095	1303776450724	1	1.532	1.0385	0.6286
1096	1303776450745	1	1.532	1.0385	0.6286
1097	1303776450766	1	1.532	1	0.6527
1098	1303776450800	1	1.532	1.0192	0.6404
1099	1303776457493	1	1.532	1.0385	0.6286
1100	1303776484817	1	1.532	1.0385	0.6286
1101	1303776490461	1	1.532	1.0192	0.6404
1102	1303776490483	1	1.5365	1.0192	0.6386
1103	1303776490505	1	1.5365	1.0385	0.6267
1104	1303776490566	1	1.5365	1	0.6508
1105	1303776490587	1	1.5365	1.0192	0.6386
1106	1303776490607	1	1.5365	1.0385	0.6267
1107	1303776490628	1	1.5365	1.0385	0.6267
1108	1303776490649	1	1.5365	1.0192	0.6386
1109	1303776490669	1	1.5365	1.0192	0.6386
1110	1303776490739	1	1.5365	1.0385	0.6267
1111	1303776490760	1	1.5365	1.0385	0.6267
1112	1303776490781	1	1.5365	1.0192	0.6386
1113	1303776490802	1	1.5365	1	0.6508
1114	1303776490823	1	1.5365	1.0385	0.6267
1115	1303776490844	1	1.5365	1.0192	0.6386
1116	1303776490905	1	1.5365	1.0192	0.6386
1117	1303776490926	1	1.5365	1.0385	0.6267
1118	1303776490947	1	1.5365	1.0385	0.6267
1119	1303776490976	1	1.5365	1.0192	0.6386
1120	1303776490996	1	1.5365	1.0192	0.6386
1121	1303776491017	1	1.5365	1.0385	0.6267
1122	1303776491038	1	1.5365	1.0385	0.6267
1123	1303776491059	1	1.5365	1	0.6508
1124	1303776491080	1	1.5365	1.0192	0.6386
1125	1303776491141	1	1.5365	1.0385	0.6267
1126	1303776491162	1	1.5365	1.0192	0.6386
1127	1303776491183	1	1.5365	1.0192	0.6386
1128	1303776491212	1	1.5365	1.0385	0.6267
1129	1303776491233	1	1.5365	1.0385	0.6267
1130	1303776491297	1	1.5365	1.0192	0.6386
1131	1303776491319	1	1.5365	1.0192	0.6386
1132	1303776491342	1	1.5365	1.0192	0.6386
1133	1303776491364	1	1.5365	1.0192	0.6386
1134	1303776491386	1	1.5365	1	0.6508
1135	1303776491407	1	1.5365	1.0192	0.6386
1136	1303776491428	1	1.5365	1.0192	0.6386
1137	1303776491457	1	1.5365	1.0192	0.6386
1138	1303776491478	1	1.5365	1.0385	0.6267
1139	1303776491499	1	1.5365	1.0192	0.6386
1140	1303776491520	1	1.5365	1.0192	0.6386
1141	1303776491542	1	1.5365	1.0385	0.6267
1142	1303776491563	1	1.5365	1.0192	0.6386
1143	1303776491584	1	1.5365	1.0192	0.6386
1144	1303776491605	1	1.5365	1.0385	0.6267
1145	1303776491626	1	1.5365	1	0.6508
1146	1303776491655	1	1.5365	1.0192	0.6386
1147	1303776491717	1	1.5365	1.0385	0.6267
1148	1303776491738	1	1.5365	1.0192	0.6386
1149	1303776491759	1	1.5365	1.0192	0.6386
1150	1303776491780	1	1.5365	1.0385	0.6267
1151	1303776491801	1	1.5365	1.0385	0.6267
1152	1303776491822	1	1.5365	1.0192	0.6386
1153	1303776491843	1	1.5365	1.0192	0.6386
1154	1303776491864	1	1.5365	1.0385	0.6267
1155	1303776491893	1	1.5365	1.0192	0.6386
1156	1303776491914	1	1.5365	1	0.6508
1157	1303776491935	1	1.5365	1.0385	0.6267
1158	1303776491997	1	1.5365	1.0385	0.6267
1159	1303776492032	1	1.5365	1.0192	0.6386
1160	1303776498397	1	1.5365	1.0192	0.6386
1161	1303776521828	1	1.5365	1.0385	0.6267
1162	1303776525967	1	1.5365	1.0192	0.6386
1163	1303776525989	1	1.5365	1.0192	0.6386
1164	1303776526018	1	1.5365	1.0385	0.6267
1165	1303776526039	1	1.5365	1.0385	0.6267
1166	1303776526060	1	1.5365	1.0192	0.6386
1167	1303776526122	1	1.5365	1.0192	0.6386
1168	1303776526143	1	1.5365	1.0385	0.6267
1169	1303776526164	1	1.5365	1.0385	0.6267
1170	1303776526185	1	1.5365	1.0192	0.6386
1171	1303776526206	1	1.5365	1.0192	0.6386
1172	1303776526227	1	1.5365	1.0385	0.6267
1173	1303776526255	1	1.5365	1.0192	0.6386
1174	1303776526276	1	1.5365	1.0192	0.6386
1175	1303776526297	1	1.5365	1.0385	0.6267
1176	1303776526318	1	1.5365	1.0385	0.6267
1177	1303776526339	1	1.5365	1.0192	0.6386
1178	1303776526360	1	1.5365	1.0192	0.6386
1179	1303776526422	1	1.5365	1.0385	0.6267
1180	1303776526443	1	1.5365	1.0385	0.6267
1181	1303776526464	1	1.5365	1.0192	0.6386
1182	1303776526493	1	1.5365	1.0192	0.6386
1183	1303776526514	1	1.5365	1.0385	0.6267
1184	1303776526535	1	1.5365	1.0192	0.6386
1185	1303776526556	1	1.5365	1.0192	0.6386
1186	1303776526617	1	1.5365	1.0385	0.6267
1187	1303776526638	1	1.5365	1.0385	0.6267
1188	1303776526659	1	1.5365	1	0.6508
1189	1303776526680	1	1.5365	1.0192	0.6386
1190	1303776526702	1	1.5365	1.0385	0.6267
1191	1303776526731	1	1.5365	1.0192	0.6386
1192	1303776526754	1	1.5365	1.0192	0.6386
1193	1303776526777	1	1.5365	1.0192	0.6386
1194	1303776526800	1	1.5365	1.0192	0.6386
1195	1303776526822	1	1.5365	1	0.6508
1196	1303776526844	1	1.5365	1.0192	0.6386
1197	1303776526867	1	1.5365	1.0192	0.6386
1198	1303776526930	1	1.5365	1.0192	0.6386
1199	1303776526961	1	1.5365	1.0385	0.6267
1200	1303776526984	1	1.5365	1.0192	0.6386
1201	1303776527017	1	1.5365	1.0192	0.6386
1202	1303776527039	1	1.5365	1.0192	0.6386
1203	1303776527062	1	1.5365	1.0192	0.6386
1204	1303776527084	1	1.5365	1.0192	0.6386
1205	1303776527106	1	1.5365	1.0385	0.6267
1206	1303776527129	1	1.5365	1.0192	0.6386
1207	1303776527159	1	1.5365	1.0192	0.6386
1208	1303776527182	1	1.5365	1.0385	0.6267
1209	1303776527204	1	1.5365	1	0.6508
1210	1303776527267	1	1.5365	1.0192	0.6386
1211	1303776527289	1	1.5365	1.0385	0.6267
1212	1303776527312	1	1.5365	1.0385	0.6267
1213	1303776527335	1	1.5365	1.0192	0.6386
1214	1303776527365	1	1.5365	1.0192	0.6386
1215	1303776527388	1	1.5365	1.0385	0.6267
1216	1303776527410	1	1.5365	1	0.6508
1217	1303776527432	1	1.5365	1.0192	0.6386
1218	1303776527455	1	1.5365	1.0385	0.6267
1219	1303776527519	1	1.5365	1.0385	0.6267
1220	1303776527553	1	1.5365	1.0192	0.6386
1221	1303776528414	1	1.5365	1.0192	0.6386
1222	1303776528686	1	1.5365	1.0192	0.6386
1223	1303776528729	1	1.5365	1.0192	0.6386
1224	1303776528752	1	1.5424	1.0192	0.6361
1225	1303776528783	1	1.5424	1.0385	0.6243
1226	1303776528806	1	1.5424	1.0385	0.6243
1227	1303776528829	1	1.5424	1.0192	0.6361
1228	1303776528851	1	1.5424	1.0192	0.6361
1229	1303776528874	1	1.5424	1.0192	0.6361
1230	1303776528897	1	1.5424	1.0192	0.6361
1231	1303776528920	1	1.5424	1.0192	0.6361
1232	1303776528943	1	1.5424	1.0385	0.6243
1233	1303776528973	1	1.5424	1.0385	0.6243
1234	1303776528996	1	1.5424	1.0192	0.6361
1235	1303776529022	1	1.5424	1.0192	0.6361
1236	1303776529053	1	1.5424	1.0385	0.6243
1237	1303776529076	1	1.5424	1.0192	0.6361
1238	1303776529099	1	1.5424	1.0192	0.6361
1239	1303776529122	1	1.5424	1.0192	0.6361
1240	1303776529145	1	1.5424	1.0385	0.6243
1241	1303776529175	1	1.5424	1.0192	0.6361
1242	1303776529197	1	1.5424	1.0192	0.6361
1243	1303776529220	1	1.5424	1.0385	0.6243
1244	1303776529243	1	1.5424	1.0385	0.6243
1245	1303776529265	1	1.5424	1.0192	0.6361
1246	1303776529288	1	1.5424	1.0192	0.6361
1247	1303776529351	1	1.5424	1.0385	0.6243
1248	1303776529382	1	1.5424	1.0192	0.6361
1249	1303776529405	1	1.5424	1.0192	0.6361
1250	1303776529427	1	1.5424	1.0385	0.6243
1251	1303776529450	1	1.5424	1.0385	0.6243
1252	1303776529474	1	1.5424	1.0192	0.6361
1253	1303776529497	1	1.5424	1.0192	0.6361
1254	1303776529521	1	1.5424	1.0192	0.6361
1255	1303776529545	1	1.5424	1.0192	0.6361
1256	1303776529575	1	1.5424	1.0192	0.6361
1257	1303776529598	1	1.5424	1.0192	0.6361
1258	1303776529621	1	1.5424	1.0192	0.6361
1259	1303776529644	1	1.5424	1.0192	0.6361
1260	1303776529667	1	1.5424	1.0385	0.6243
1261	1303776529690	1	1.5424	1.0192	0.6361
1262	1303776529713	1	1.5424	1.0192	0.6361
1263	1303776529735	1	1.5424	1.0385	0.6243
1264	1303776529806	1	1.5424	1.0192	0.6361
1265	1303776529829	1	1.5424	1.0192	0.6361
1266	1303776529852	1	1.5424	1.0385	0.6243
1267	1303776529875	1	1.5424	1.0192	0.6361
1268	1303776529898	1	1.5424	1.0192	0.6361
1269	1303776529961	1	1.5424	1.0385	0.6243
1270	1303776529984	1	1.5424	1.0192	0.6361
1271	1303776530007	1	1.5424	1.0192	0.6361
1272	1303776530038	1	1.5424	1.0385	0.6243
1273	1303776530061	1	1.5424	1.0385	0.6243
1274	1303776530084	1	1.5424	1.0192	0.6361
1275	1303776530107	1	1.5424	1.0192	0.6361
1276	1303776530130	1	1.5424	1.0385	0.6243
1277	1303776530153	1	1.5424	1.0192	0.6361
1278	1303776530176	1	1.5424	1.0192	0.6361
1279	1303776530199	1	1.5424	1.0385	0.6243
1280	1303776530229	1	1.5424	1.0385	0.6243
1281	1303776530303	1	1.5424	1.0192	0.6361
1282	1303776535526	1	1.5425	1.0192	0.6361
1283	1303776556314	1	1.5425	1.0385	0.6243
1284	1303776562905	1	1.5425	1.0192	0.6361
1285	1303776562934	1	1.5425	1.0192	0.6361
1286	1303776562957	1	1.543	1.0385	0.6241
1287	1303776562981	1	1.543	1.0385	0.6241
1288	1303776563004	1	1.543	1.0192	0.6359
1289	1303776563027	1	1.543	1.0192	0.6359
1290	1303776563050	1	1.543	1.0192	0.6359
1291	1303776563073	1	1.543	1.0192	0.6359
1292	1303776563104	1	1.543	1.0192	0.6359
1293	1303776563127	1	1.543	1.0385	0.6241
1294	1303776563150	1	1.543	1.0385	0.6241
1295	1303776563173	1	1.543	1.0192	0.6359
1296	1303776563196	1	1.543	1.0192	0.6359
1297	1303776563219	1	1.543	1.0385	0.6241
1298	1303776563242	1	1.543	1.0192	0.6359
1299	1303776563265	1	1.543	1.0192	0.6359
1300	1303776563295	1	1.543	1.0385	0.6241
1301	1303776563318	1	1.543	1.0385	0.6241
1302	1303776563381	1	1.543	1.0192	0.6359
1303	1303776563445	1	1.543	1.0192	0.6359
1304	1303776563468	1	1.543	1.0385	0.6241
1305	1303776563491	1	1.543	1.0192	0.6359
1306	1303776563514	1	1.543	1.0192	0.6359
1307	1303776563538	1	1.543	1.0385	0.6241
1308	1303776563569	1	1.543	1.0385	0.6241
1309	1303776563592	1	1.543	1.0192	0.6359
1310	1303776563615	1	1.543	1.0192	0.6359
1311	1303776563638	1	1.543	1.0385	0.6241
1312	1303776563661	1	1.543	1.0192	0.6359
1313	1303776563685	1	1.5428	1.0192	0.6359
1314	1303776563709	1	1.5428	1.0192	0.6359
1315	1303776563733	1	1.5428	1.0192	0.6359
1316	1303776563764	1	1.5428	1.0192	0.6359
1317	1303776563787	1	1.5428	1.0192	0.6359
1318	1303776563810	1	1.5428	1.0192	0.6359
1319	1303776563833	1	1.5428	1.0192	0.6359
1320	1303776563855	1	1.5428	1.0385	0.6241
1321	1303776563878	1	1.5428	1.0192	0.6359
1322	1303776563901	1	1.5428	1.0192	0.6359
1323	1303776563923	1	1.5428	1.0385	0.6241
1324	1303776563954	1	1.5428	1.0192	0.6359
1325	1303776563977	1	1.5428	1.0192	0.6359
1326	1303776564000	1	1.5428	1.0385	0.6241
1327	1303776564023	1	1.5428	1.0192	0.6359
1328	1303776564046	1	1.5428	1.0192	0.6359
1329	1303776564070	1	1.5428	1.0385	0.6241
1330	1303776564093	1	1.5428	1.0192	0.6359
1331	1303776564116	1	1.5428	1.0192	0.6359
1332	1303776564147	1	1.5428	1.0385	0.6241
1333	1303776564170	1	1.5428	1.0385	0.6241
1334	1303776564193	1	1.5428	1.0192	0.6359
1335	1303776564215	1	1.5428	1.0192	0.6359
1336	1303776564238	1	1.5428	1.0385	0.6241
1337	1303776564261	1	1.5428	1.0192	0.6359
1338	1303776564284	1	1.5428	1.0192	0.6359
1339	1303776564315	1	1.5428	1.0385	0.6241
1340	1303776564338	1	1.5428	1.0385	0.6241
1341	1303776564361	1	1.5428	1.0192	0.6359
1342	1303776564392	1	1.5428	1.0192	0.6359
1343	1303776566904	1	1.5428	1.0385	0.6241
1344	1303776576418	1	1.5428	1.0192	0.6359
1345	1303776579815	1	1.5428	1.0192	0.6359
1346	1303776579878	1	1.5428	1.0385	0.6241
1347	1303776579902	1	1.5428	1.0385	0.6241
1348	1303776579926	1	1.5333	1	0.6522
1349	1303776579949	1	1.5333	1	0.6522
1350	1303776579973	1	1.5333	1.0385	0.628
1351	1303776579996	1	1.5333	1.0192	0.6399
1352	1303776580027	1	1.5333	1	0.6522
1353	1303776580051	1	1.5333	1.0192	0.6399
1354	1303776580075	1	1.5333	1.0385	0.628
1355	1303776580098	1	1.5333	1	0.6522
1356	1303776580122	1	1.5333	1	0.6522
1357	1303776580146	1	1.5333	1.0385	0.628
1358	1303776580169	1	1.5333	1	0.6522
1359	1303776580200	1	1.5333	1	0.6522
1360	1303776580224	1	1.5333	1.0385	0.628
1361	1303776580248	1	1.5333	1.0192	0.6399
1362	1303776580271	1	1.5333	1	0.6522
1363	1303776580294	1	1.5333	1.0192	0.6399
1364	1303776580318	1	1.5333	1.0192	0.6399
1365	1303776580341	1	1.5333	1	0.6522
1366	1303776580365	1	1.5333	1.0192	0.6399
1367	1303776580396	1	1.5333	1.0192	0.6399
1368	1303776580420	1	1.5333	1.0192	0.6399
1369	1303776580443	1	1.5333	1.0192	0.6399
1370	1303776580466	1	1.5333	1	0.6522
1371	1303776580489	1	1.5333	1.0192	0.6399
1372	1303776580513	1	1.5333	1.0192	0.6399
1373	1303776580537	1	1.5333	1	0.6522
1374	1303776580561	1	1.5326	1.0192	0.6402
1375	1303776580593	1	1.5326	1.0192	0.6402
1376	1303776580618	1	1.5326	1	0.6525
1377	1303776580642	1	1.5326	1	0.6525
1378	1303776580666	1	1.5326	1.0192	0.6402
1379	1303776580730	1	1.5326	1	0.6525
1380	1303776580754	1	1.5326	1	0.6525
1381	1303776580777	1	1.5326	1.0385	0.6283
1382	1303776580800	1	1.5326	1	0.6525
1383	1303776580831	1	1.5326	1	0.6525
1384	1303776580855	1	1.5326	1.0385	0.6283
1385	1303776580878	1	1.5326	1	0.6525
1386	1303776580901	1	1.5326	1	0.6525
1387	1303776580925	1	1.5326	1.0385	0.6283
1388	1303776580948	1	1.5326	1	0.6525
1389	1303776580972	1	1.5326	1	0.6525
1390	1303776581003	1	1.5326	1.0385	0.6283
1391	1303776581026	1	1.5326	1	0.6525
1392	1303776581050	1	1.5326	1	0.6525
1393	1303776581074	1	1.5326	1.0385	0.6283
1394	1303776581097	1	1.5326	1.0385	0.6283
1395	1303776581121	1	1.5326	1	0.6525
1396	1303776581144	1	1.5326	1	0.6525
1397	1303776581168	1	1.5326	1.0385	0.6283
1398	1303776581199	1	1.5326	1.0192	0.6402
1399	1303776581222	1	1.5326	1	0.6525
1400	1303776581245	1	1.5326	1.0192	0.6402
1401	1303776581269	1	1.5326	1.0385	0.6283
1402	1303776581293	1	1.5326	1.0192	0.6402
1403	1303776581328	1	1.5326	1	0.6525
1404	1303776589179	1	1.5275	1.0385	0.6304
1405	1303776622891	1	1.5275	1.0192	0.6423
1406	1303776635907	1	1.5275	1.0192	0.6423
1407	1303776635931	1	1.5275	1.0192	0.6423
1408	1303776635960	1	1.5275	1.0192	0.6423
1409	1303776635983	1	1.5275	1	0.6547
1410	1303776636006	1	1.5275	1	0.6547
1411	1303776636030	1	1.5275	1.0192	0.6423
1412	1303776636053	1	1.5275	1	0.6547
1413	1303776636084	1	1.5275	1	0.6547
1414	1303776636107	1	1.5275	1.0192	0.6423
1415	1303776636130	1	1.5275	1.0385	0.6304
1416	1303776636153	1	1.5275	1	0.6547
1417	1303776636176	1	1.5275	1	0.6547
1418	1303776636199	1	1.5275	1.0385	0.6304
1419	1303776636222	1	1.5275	1	0.6547
1420	1303776636244	1	1.5275	1	0.6547
1421	1303776636315	1	1.5275	1.0385	0.6304
1422	1303776636339	1	1.5275	1.0385	0.6304
1423	1303776636362	1	1.5275	1	0.6547
1424	1303776636384	1	1.5275	1	0.6547
1425	1303776636448	1	1.5275	1.0385	0.6304
1426	1303776636471	1	1.5275	1.0192	0.6423
1427	1303776636494	1	1.5275	1	0.6547
1428	1303776636517	1	1.5275	1.0192	0.6423
1429	1303776636548	1	1.5275	1.0385	0.6304
1430	1303776636571	1	1.5275	1.0192	0.6423
1431	1303776636594	1	1.5275	1	0.6547
1432	1303776636617	1	1.5275	1.0192	0.6423
1433	1303776636640	1	1.5275	1.0192	0.6423
1434	1303776636664	1	1.5275	1.0192	0.6423
1435	1303776636687	1	1.5275	1.0192	0.6423
1436	1303776636711	1	1.5275	1	0.6547
1437	1303776636741	1	1.5275	1.0192	0.6423
1438	1303776636764	1	1.5275	1.0192	0.6423
1439	1303776636787	1	1.5275	1	0.6547
1440	1303776636809	1	1.5275	1	0.6547
1441	1303776636832	1	1.5275	1.0192	0.6423
1442	1303776636855	1	1.5275	1.0385	0.6304
1443	1303776636877	1	1.5275	1	0.6547
1444	1303776636900	1	1.5275	1	0.6547
1445	1303776636930	1	1.5275	1.0385	0.6304
1446	1303776636953	1	1.5275	1.0192	0.6423
1447	1303776636975	1	1.5275	1	0.6547
1448	1303776636998	1	1.5275	1.0192	0.6423
1449	1303776637020	1	1.5275	1.0192	0.6423
1450	1303776637043	1	1.5275	1.0192	0.6423
1451	1303776637066	1	1.5275	1.0192	0.6423
1452	1303776637096	1	1.5275	1	0.6547
1453	1303776637118	1	1.5275	1.0192	0.6423
1454	1303776637141	1	1.5275	1.0385	0.6304
1455	1303776637172	1	1.5275	1.0192	0.6423
1456	1303776637195	1	1.5275	1	0.6547
1457	1303776637217	1	1.5275	1.0192	0.6423
1458	1303776637240	1	1.5275	1.0385	0.6304
1459	1303776637263	1	1.5275	1	0.6547
1460	1303776637293	1	1.5275	1	0.6547
1461	1303776637334	1	1.5275	1.0385	0.6304
1462	1303776637356	1	1.5275	1.0385	0.6304
1463	1303776637379	1	1.5275	1	0.6547
1464	1303776637416	1	1.5275	1	0.6547
1465	1303776642881	1	1.5275	1.0385	0.6304
1466	1303776669203	1	1.5275	1.0192	0.6423
1467	1303776677748	1	1.5275	1	0.6547
1468	1303776677771	1	1.5275	1.0192	0.6423
1469	1303776677793	1	1.5275	1.0385	0.6304
1470	1303776677815	1	1.5275	1.0192	0.6423
1471	1303776677878	1	1.5288	1	0.6541
1472	1303776677901	1	1.5288	1.0192	0.6417
1473	1303776677972	1	1.5288	1.0385	0.6299
1474	1303776678035	1	1.5288	1.0192	0.6417
1475	1303776678058	1	1.5288	1	0.6541
1476	1303776678081	1	1.5288	1.0192	0.6417
1477	1303776678104	1	1.5288	1.0192	0.6417
1478	1303776678127	1	1.5288	1.0192	0.6417
1479	1303776678150	1	1.5288	1.0192	0.6417
1480	1303776678173	1	1.5288	1.0192	0.6417
1481	1303776678204	1	1.5288	1.0192	0.6417
1482	1303776678227	1	1.5288	1.0192	0.6417
1483	1303776678249	1	1.5288	1.0192	0.6417
1484	1303776678272	1	1.5288	1	0.6541
1485	1303776678335	1	1.5288	1.0192	0.6417
1486	1303776678358	1	1.5288	1.0385	0.6299
1487	1303776678381	1	1.5288	1.0192	0.6417
1488	1303776678404	1	1.5288	1	0.6541
1489	1303776678434	1	1.5288	1.0192	0.6417
1490	1303776678457	1	1.5288	1.0385	0.6299
1491	1303776678480	1	1.5288	1	0.6541
1492	1303776678503	1	1.5288	1	0.6541
1493	1303776678526	1	1.5288	1.0385	0.6299
1494	1303776678549	1	1.5288	1.0385	0.6299
1495	1303776678572	1	1.5288	1	0.6541
1496	1303776678596	1	1.5288	1	0.6541
1497	1303776678628	1	1.5288	1.0192	0.6417
1498	1303776678652	1	1.5288	1.0192	0.6417
1499	1303776678676	1	1.5288	1	0.6541
1500	1303776678698	1	1.5288	1	0.6541
1501	1303776678762	1	1.5288	1	0.6541
1502	1303776678785	1	1.5288	1.0192	0.6417
1503	1303776678808	1	1.5292	1.0192	0.6416
1504	1303776678879	1	1.5292	1	0.6539
1505	1303776678903	1	1.5292	1.0192	0.6416
1506	1303776678926	1	1.5292	1.0385	0.6297
1507	1303776678949	1	1.5292	1	0.6539
1508	1303776678973	1	1.5292	1	0.6539
1509	1303776678996	1	1.5292	1.0385	0.6297
1510	1303776679018	1	1.5292	1.0192	0.6416
1511	1303776679042	1	1.5292	1	0.6539
1512	1303776679072	1	1.5292	1.0192	0.6416
1513	1303776679096	1	1.5292	1.0385	0.6297
1514	1303776679118	1	1.5292	1.0192	0.6416
1515	1303776679142	1	1.5292	1	0.6539
1516	1303776679206	1	1.5292	1.0192	0.6416
1517	1303776679229	1	1.5292	1.0385	0.6297
1518	1303776679294	1	1.5292	1.0192	0.6416
1519	1303776679317	1	1.5292	1	0.6539
1520	1303776679348	1	1.5292	1.0192	0.6416
1521	1303776679372	1	1.5292	1.0192	0.6416
1522	1303776679394	1	1.5292	1.0192	0.6416
1523	1303776679418	1	1.5292	1.0192	0.6416
1524	1303776679441	1	1.5292	1.0192	0.6416
1525	1303776679474	1	1.5292	1.0192	0.6416
1526	1303776683575	1	1.5292	1.0192	0.6416
1527	1303776704056	1	1.5292	1.0192	0.6416
1528	1303776711531	1	1.5292	1.0192	0.6416
1529	1303776711561	1	1.5292	1.0192	0.6416
1530	1303776711585	1	1.5292	1.0192	0.6416
1531	1303776711609	1	1.532	1.0192	0.6404
1532	1303776711632	1	1.532	1	0.6527
1533	1303776711656	1	1.532	1.0192	0.6404
1534	1303776711720	1	1.532	1.0385	0.6286
1535	1303776711743	1	1.532	1.0385	0.6286
1536	1303776711767	1	1.532	1	0.6527
1537	1303776711798	1	1.532	1	0.6527
1538	1303776711821	1	1.532	1.0385	0.6286
1539	1303776711844	1	1.532	1.0192	0.6404
1540	1303776711868	1	1.532	1.0192	0.6404
1541	1303776711891	1	1.532	1.0192	0.6404
1542	1303776711915	1	1.532	1.0192	0.6404
1543	1303776711938	1	1.532	1.0192	0.6404
1544	1303776711961	1	1.532	1.0192	0.6404
1545	1303776711992	1	1.532	1.0385	0.6286
1546	1303776712016	1	1.532	1	0.6527
1547	1303776712079	1	1.532	1	0.6527
1548	1303776712102	1	1.532	1.0385	0.6286
1549	1303776712126	1	1.532	1.0385	0.6286
1550	1303776712149	1	1.532	1.0192	0.6404
1551	1303776712173	1	1.532	1	0.6527
1552	1303776712204	1	1.532	1.0192	0.6404
1553	1303776712227	1	1.532	1.0192	0.6404
1554	1303776712250	1	1.532	1.0192	0.6404
1555	1303776712274	1	1.532	1.0192	0.6404
1556	1303776712338	1	1.532	1.0192	0.6404
1557	1303776712361	1	1.5316	1.0192	0.6406
1558	1303776712385	1	1.5316	1.0192	0.6406
1559	1303776712409	1	1.5316	1	0.6529
1560	1303776712440	1	1.5316	1	0.6529
1561	1303776712463	1	1.5316	1.0192	0.6406
1562	1303776712486	1	1.5316	1.0385	0.6287
1563	1303776712509	1	1.5316	1.0192	0.6406
1564	1303776712573	1	1.4522	1	0.6886
1565	1303776712596	1	1.4522	1.0192	0.6756
1566	1303776712619	1	1.4522	1.0192	0.6756
1567	1303776712642	1	1.4522	1.0192	0.6756
1568	1303776712673	1	1.4522	1.0385	0.6631
1569	1303776712696	1	1.4522	1	0.6886
1570	1303776712720	1	1.4522	1	0.6886
1571	1303776712742	1	1.4522	1.0385	0.6631
1572	1303776712766	1	1.4522	1.0385	0.6631
1573	1303776712788	1	1.4522	1.0192	0.6756
1574	1303776712852	1	1.4522	1	0.6886
1575	1303776712876	1	1.4522	1.0192	0.6756
1576	1303776712907	1	1.4522	1.0385	0.6631
1577	1303776712930	1	1.4522	1.0192	0.6756
1578	1303776712953	1	1.4522	1.0192	0.6756
1579	1303776712976	1	1.4522	1.0192	0.6756
1580	1303776713000	1	1.4522	1.0192	0.6756
1581	1303776713023	1	1.4522	1.0192	0.6756
1582	1303776713046	1	1.4522	1.0192	0.6756
1583	1303776713070	1	1.4522	1.0192	0.6756
1584	1303776713140	1	1.4522	1	0.6886
1585	1303776713164	1	1.4522	1.0192	0.6756
1586	1303776713201	1	1.4522	1.0385	0.6631
1587	1303776718735	1	1.4522	1.0385	0.6631
1588	1303776749149	1	1.4522	1	0.6886
1589	1303776759361	1	1.4522	1	0.6886
1590	1303776759384	1	1.4522	1.0385	0.6631
1591	1303776759408	1	1.4529	1.0385	0.6628
1592	1303776759432	1	1.4529	1.0192	0.6753
1593	1303776759456	1	1.4529	1	0.6883
1594	1303776759479	1	1.4529	1.0192	0.6753
1595	1303776759551	1	1.4529	1.0385	0.6628
1596	1303776759575	1	1.4529	1.0192	0.6753
1597	1303776759599	1	1.4529	1.0192	0.6753
1598	1303776759622	1	1.4529	1.0192	0.6753
1599	1303776759646	1	1.4529	1	0.6883
1600	1303776759670	1	1.4529	1.0192	0.6753
1601	1303776759693	1	1.4529	1.0385	0.6628
1602	1303776759717	1	1.4529	1.0385	0.6628
1603	1303776759748	1	1.4529	1.0192	0.6753
1604	1303776759771	1	1.4529	1	0.6883
1605	1303776759795	1	1.4529	1.0192	0.6753
1606	1303776759818	1	1.4529	1.0385	0.6628
1607	1303776759842	1	1.4529	1.0192	0.6753
1608	1303776759865	1	1.4529	1.0192	0.6753
1609	1303776759888	1	1.4529	1.0385	0.6628
1610	1303776759912	1	1.4529	1	0.6883
1611	1303776759943	1	1.4529	1	0.6883
1612	1303776759966	1	1.4529	1.0385	0.6628
1613	1303776759989	1	1.4529	1.0385	0.6628
1614	1303776760013	1	1.4529	1.0192	0.6753
1615	1303776760037	1	1.4529	1	0.6883
1616	1303776760101	1	1.4529	1.0192	0.6753
1617	1303776760125	1	1.4529	1.0385	0.6628
1618	1303776760149	1	1.4529	1.0192	0.6753
1619	1303776760181	1	1.4529	1.0192	0.6753
1620	1303776760204	1	1.4529	1	0.6883
1621	1303776760228	1	1.4529	1	0.6883
1622	1303776760252	1	1.4529	1.0192	0.6753
1623	1303776760276	1	1.4529	1.0385	0.6628
1624	1303776760299	1	1.4529	1.0192	0.6753
1625	1303776760323	1	1.4529	1.0192	0.6753
1626	1303776760347	1	1.4529	1.0192	0.6753
1627	1303776760378	1	1.4529	1	0.6883
1628	1303776760402	1	1.4529	1	0.6883
1629	1303776760426	1	1.4529	1.0385	0.6628
1630	1303776760490	1	1.4529	1.0192	0.6753
1631	1303776760514	1	1.4529	1	0.6883
1632	1303776760538	1	1.4529	1.0192	0.6753
1633	1303776760561	1	1.4529	1.0385	0.6628
1634	1303776760593	1	1.4529	1.0192	0.6753
1635	1303776760617	1	1.4529	1.0192	0.6753
1636	1303776760641	1	1.4529	1.0192	0.6753
1637	1303776760664	1	1.4529	1.0192	0.6753
1638	1303776760729	1	1.4529	1.0192	0.6753
1639	1303776760753	1	1.4529	1.0192	0.6753
1640	1303776760817	1	1.4529	1.0385	0.6628
1641	1303776760840	1	1.4529	1.0385	0.6628
1642	1303776760871	1	1.4529	1	0.6883
1643	1303776760895	1	1.4529	1	0.6883
1644	1303776760919	1	1.4529	1.0385	0.6628
1645	1303776760943	1	1.4529	1.0385	0.6628
1646	1303776760967	1	1.4529	1.0192	0.6753
1647	1303776760999	1	1.4529	1.0192	0.6753
1648	1303776764307	1	1.4529	1.0385	0.6628
1649	1303776782684	1	1.4529	1	0.6883
1650	1303776787183	1	1.4529	1	0.6883
1651	1303776787207	1	1.4529	1.0385	0.6628
1652	1303776787231	1	1.4529	1.0385	0.6628
1653	1303776787262	1	1.4529	1.0192	0.6753
1654	1303776787285	1	1.4529	1	0.6883
1655	1303776787309	1	1.4529	1.0385	0.6628
1656	1303776787333	1	1.4529	1.0385	0.6628
1657	1303776787356	1	1.4529	1.0192	0.6753
1658	1303776787380	1	1.4529	1.0192	0.6753
1659	1303776787404	1	1.4529	1.0192	0.6753
1660	1303776787428	1	1.4529	1.0192	0.6753
1661	1303776787499	1	1.4529	1.0192	0.6753
1662	1303776787523	1	1.4529	1.0385	0.6628
1663	1303776787589	1	1.4529	1.0385	0.6628
1664	1303776787612	1	1.4529	1	0.6883
1665	1303776787636	1	1.4529	1.0192	0.6753
1666	1303776787660	1	1.4529	1.0385	0.6628
1667	1303776787683	1	1.4529	1.0385	0.6628
1668	1303776787707	1	1.4529	1.0192	0.6753
1669	1303776787739	1	1.4529	1	0.6883
1670	1303776787762	1	1.4529	1.0385	0.6628
1671	1303776787786	1	1.4529	1.0192	0.6753
1672	1303776787810	1	1.4529	1.0192	0.6753
1673	1303776787833	1	1.4529	1.0385	0.6628
1674	1303776787857	1	1.4529	1.0192	0.6753
1675	1303776787881	1	1.4529	1.0192	0.6753
1676	1303776787904	1	1.4529	1.0192	0.6753
1677	1303776787935	1	1.4529	1.0385	0.6628
1678	1303776787959	1	1.4529	1.0385	0.6628
1679	1303776787984	1	1.4529	1	0.6883
1680	1303776788049	1	1.4529	1.0192	0.6753
1681	1303776788114	1	1.4529	1.0192	0.6753
1682	1303776788138	1	1.4529	1.0192	0.6753
1683	1303776788161	1	1.4529	1.0192	0.6753
1684	1303776788193	1	1.4529	1.0192	0.6753
1685	1303776788217	1	1.4529	1.0192	0.6753
1686	1303776788240	1	1.4529	1.0192	0.6753
1687	1303776788303	1	1.4529	1.0385	0.6628
1688	1303776788367	1	1.4529	1.0192	0.6753
1689	1303776788392	1	1.4529	1	0.6883
1690	1303776788415	1	1.4529	1.0385	0.6628
1691	1303776788440	1	1.4529	1.0385	0.6628
1692	1303776788472	1	1.4574	1.0192	0.6732
1693	1303776788496	1	1.4574	1.0192	0.6732
1694	1303776788520	1	1.4574	1.0192	0.6732
1695	1303776788544	1	1.4574	1.0192	0.6732
1696	1303776788568	1	1.4574	1.0192	0.6732
1697	1303776788632	1	1.4574	1.0385	0.6607
1698	1303776788656	1	1.4574	1.0385	0.6607
1699	1303776788680	1	1.4574	1	0.6861
1700	1303776788711	1	1.4574	1.0192	0.6732
1701	1303776788751	1	1.4574	1.0385	0.6607
1702	1303776788816	1	1.4574	1.0385	0.6607
1703	1303776788880	1	1.4574	1.0192	0.6732
1704	1303776788904	1	1.4574	1	0.6861
1705	1303776788928	1	1.4574	1.0385	0.6607
1706	1303776788952	1	1.4574	1.0192	0.6732
1707	1303776788976	1	1.4574	1.0192	0.6732
1708	1303776789022	1	1.4574	1.0385	0.6607
1709	1303776793540	1	1.4557	1.0192	0.674
1710	1303776815862	1	1.4557	1.0192	0.674
1711	1303776821686	1	1.4557	1.0192	0.674
1712	1303776821710	1	1.4557	1.0385	0.6615
1713	1303776821735	1	1.4557	1.0385	0.6615
1714	1303776821759	1	1.4557	1	0.687
1715	1303776821823	1	1.4557	1.0192	0.674
1716	1303776821855	1	1.4557	1.0385	0.6615
1717	1303776821919	1	1.4557	1.0192	0.674
1718	1303776821943	1	1.4557	1.0192	0.674
1719	1303776821967	1	1.4557	1.0385	0.6615
1720	1303776821991	1	1.4557	1.0192	0.674
1721	1303776822054	1	1.4557	1.0192	0.674
1722	1303776822079	1	1.4557	1.0192	0.674
1723	1303776822102	1	1.4557	1.0385	0.6615
1724	1303776822134	1	1.4557	1.0192	0.674
1725	1303776822158	1	1.4557	1.0192	0.674
1726	1303776822182	1	1.4557	1.0192	0.674
1727	1303776822206	1	1.4557	1.0385	0.6615
1728	1303776822230	1	1.4557	1.0192	0.674
1729	1303776822254	1	1.4557	1.0192	0.674
1730	1303776822278	1	1.4557	1.0385	0.6615
1731	1303776822302	1	1.4557	1.0192	0.674
1732	1303776822334	1	1.4557	1	0.687
1733	1303776822358	1	1.4557	1.0385	0.6615
1734	1303776822382	1	1.4557	1.0385	0.6615
1735	1303776822406	1	1.4557	1.0192	0.674
1736	1303776822431	1	1.4557	1.0192	0.674
1737	1303776822455	1	1.4557	1.0385	0.6615
1738	1303776822480	1	1.4557	1	0.687
1739	1303776822504	1	1.4557	1.0192	0.674
1740	1303776822536	1	1.4555	1.0385	0.6616
1741	1303776822561	1	1.4555	1.0385	0.6616
1742	1303776822586	1	1.4555	1.0192	0.6741
1743	1303776822610	1	1.4555	1.0192	0.6741
1744	1303776822634	1	1.4555	1.0192	0.6741
1745	1303776822659	1	1.4555	1.0192	0.6741
1746	1303776822683	1	1.4557	1.0192	0.674
1747	1303776822706	1	1.4557	1.0385	0.6615
1748	1303776822738	1	1.4557	1.0192	0.674
1749	1303776822762	1	1.4557	1.0192	0.674
1750	1303776822786	1	1.4557	1.0385	0.6615
1751	1303776822810	1	1.4557	1.0192	0.674
1752	1303776822875	1	1.4557	1.0192	0.674
1753	1303776822898	1	1.4557	1.0192	0.674
1754	1303776822923	1	1.4557	1.0385	0.6615
1755	1303776822947	1	1.4557	1.0192	0.674
1756	1303776822979	1	1.4557	1.0192	0.674
1757	1303776823003	1	1.4557	1.0192	0.674
1758	1303776823027	1	1.4557	1.0385	0.6615
1759	1303776823051	1	1.4557	1.0192	0.674
1760	1303776823075	1	1.4557	1.0192	0.674
1761	1303776823099	1	1.4557	1.0385	0.6615
1762	1303776823123	1	1.4557	1.0385	0.6615
1763	1303776823188	1	1.4557	1	0.687
1764	1303776823219	1	1.4557	1.0192	0.674
1765	1303776823244	1	1.4557	1.0385	0.6615
1766	1303776823268	1	1.4557	1.0192	0.674
1767	1303776823292	1	1.4557	1.0192	0.674
1768	1303776823317	1	1.4557	1.0385	0.6615
1769	1303776823351	1	1.4557	1.0192	0.674
1770	1303776827841	1	1.4557	1.0192	0.674
1771	1303776851618	1	1.4557	1.0192	0.674
1772	1303776866460	1	1.4557	1.0385	0.6615
1773	1303776867688	1	1.4557	1.0385	0.6615
1774	1303776867712	1	1.4557	1.0192	0.674
1775	1303776867775	1	1.4557	1	0.687
1776	1303776867800	1	1.4573	1.0385	0.6608
1777	1303776867831	1	1.4573	1.0192	0.6732
1778	1303776867856	1	1.4573	1.0192	0.6732
1779	1303776867880	1	1.4573	1.0385	0.6608
1780	1303776867904	1	1.4573	1.0385	0.6608
1781	1303776867967	1	1.4573	1.0192	0.6732
1782	1303776867991	1	1.4573	1	0.6862
1783	1303776868016	1	1.4573	1.0385	0.6608
1784	1303776868040	1	1.4573	1.0192	0.6732
1785	1303776868071	1	1.4573	1.0192	0.6732
1786	1303776868135	1	1.4573	1.0385	0.6608
1787	1303776868158	1	1.4573	1.0385	0.6608
1788	1303776868182	1	1.4573	1.0192	0.6732
1789	1303776868207	1	1.4573	1.0192	0.6732
1790	1303776868231	1	1.4573	1.0192	0.6732
1791	1303776868255	1	1.4573	1.0192	0.6732
1792	1303776868279	1	1.4573	1.0192	0.6732
1793	1303776868311	1	1.4573	1.0385	0.6608
1794	1303776868336	1	1.4573	1.0385	0.6608
1795	1303776868360	1	1.4573	1.0192	0.6732
1796	1303776868384	1	1.4573	1.0192	0.6732
1797	1303776868409	1	1.4573	1.0385	0.6608
1798	1303776868433	1	1.4573	1	0.6862
1799	1303776868458	1	1.4573	1.0192	0.6732
1800	1303776868490	1	1.4573	1.0385	0.6608
