0	1303770488833	0	0	0	0
1	1303770492202	0	0	0	0
2	1303770492239	0	0	0	0
3	1303770492332	0	0	0	0
4	1303770492375	0	0	0	0
5	1303770492412	0	0	0	0
6	1303770492441	0	0	0	0
7	1303770492472	0	0	0	0
8	1303770492501	0	0	0	0
9	1303770492531	0	0	0	0
10	1303770492562	0	0	0	0
11	1303770492599	0	0	0	0
12	1303770492625	0	0	0	0
13	1303770492648	0	0	0	0
14	1303770492673	0	0	0	0
15	1303770492718	0	0	0	0
16	1303770492777	0	0	0	0
17	1303770492806	0	0	0	0
18	1303770492828	0	0	0	0
19	1303770492848	0	0	0	0
20	1303770492869	0	0	0	0
21	1303770492887	0	0	0	0
22	1303770492960	0	0	0	0
23	1303770492978	0	0	0	0
24	1303770492996	0	0	0	0
25	1303770493060	0	0	0	0
26	1303770493099	0	0	0	0
27	1303770493141	0	0	0	0
28	1303770493197	0	0	0	0
29	1303770493217	0	0	0	0
30	1303770493237	0	0	0	0
31	1303770493300	0	0	0	0
32	1303770493318	0	0	0	0
33	1303770493340	0	0	0	0
34	1303770493357	0	0	0	0
35	1303770493374	0	0	0	0
36	1303770493393	0	0	0	0
37	1303770493410	0	0	0	0
38	1303770493426	0	0	0	0
39	1303770493445	0	0	0	0
40	1303770493461	0	0	0	0
41	1303770493528	0	0	0	0
42	1303770493544	0	0	0	0
43	1303770493561	0	0	0	0
44	1303770493585	0	0	0	0
45	1303770493600	0	0	0	0
46	1303770493622	0	0	0	0
47	1303770493638	0	0	0	0
48	1303770493654	0	0	0	0
49	1303770493674	0	0	0	0
50	1303770493691	0	0	0	0
51	1303770493708	0	0	0	0
52	1303770493724	0	0	0	0
53	1303770493741	0	0	0	0
54	1303770493759	0	0	0	0
55	1303770493776	0	0	0	0
56	1303770493793	0	0	0	0
57	1303770493856	0	0	0	0
58	1303770493875	0	0	0	0
59	1303770493892	0	0	0	0
60	1303770493909	0	0	0	0
61	1303770493928	0	0	0	0
62	1303770493945	0	0	0	0
63	1303770493964	0	0	0	0
64	1303770494024	0	0	0	0
65	1303770494043	0	0	0	0
66	1303770494104	0	0	0	0
67	1303770494122	0	0	0	0
68	1303770494139	0	0	0	0
69	1303770494158	0	0	0	0
70	1303770494176	0	0	0	0
71	1303770494194	0	0	0	0
72	1303770494257	0	0	0	0
73	1303770494275	0	0	0	0
74	1303770494292	0	0	0	0
75	1303770494309	0	0	0	0
76	1303770494329	0	0	0	0
77	1303770494346	0	0	0	0
78	1303770494373	0	0	0	0
79	1303770494411	1	0	0	0
80	1303770494479	1	0	0	0
81	1303770494579	1	0	0	0
82	1303770494659	1	0	0	0
83	1303770494681	1	0	0	0
84	1303770494702	1	0	0	0
85	1303770494722	1	0	0	0
86	1303770494788	1	0	0	0
87	1303770494823	1	0	0	0
88	1303770494866	1	0	0	0
89	1303770494975	1	1.6047	0	0
90	1303770495046	1	1.6047	0	0
91	1303770495109	1	1.6047	1.5	0.4155
92	1303770495170	1	1.6047	1.5	0.4155
93	1303770495220	1	1.6047	1.5	0.4155
94	1303770495271	1	1.6047	1.5	0.4155
95	1303770495317	1	1.6047	1.5	0.4155
96	1303770495404	1	1.6047	1.5	0.4155
97	1303770495446	1	1.6047	1.5	0.4155
98	1303770495534	1	1.6047	1.5	0.4155
99	1303770495576	1	1.6047	1.5	0.4155
100	1303770495662	1	1.6047	1.5	0.4155
101	1303770495703	1	1.6047	1.5	0.4155
102	1303770495744	1	1.6047	1.4	0.4451
103	1303770495783	1	1.6047	1.5	0.4155
104	1303770495824	1	1.6047	1.4	0.4451
105	1303770495863	1	1.6047	1.4	0.4451
106	1303770495902	1	1.6047	1.4	0.4451
107	1303770495940	1	1.6047	1.4	0.4451
108	1303770495979	1	1.6047	1.4	0.4451
109	1303770496063	1	1.6047	1.4167	0.4399
110	1303770496102	1	1.6047	1.3333	0.4674
111	1303770496140	1	1.6047	1.3	0.4794
112	1303770496179	1	1.6047	1.4167	0.4399
113	1303770496262	1	1.6047	1.3333	0.4674
114	1303770496300	1	1.6047	1.3571	0.4592
115	1303770496339	1	1.6047	1.3333	0.4674
116	1303770496377	1	1.6047	1.3333	0.4674
117	1303770496415	1	1.6047	1.3571	0.4592
118	1303770496453	1	1.6047	1.3333	0.4674
119	1303770496490	1	1.6047	1.25	0.4985
120	1303770496528	1	1.6047	1.25	0.4985
121	1303770496566	1	1.6047	1.2222	0.5099
122	1303770496604	1	1.6047	1.1667	0.5342
123	1303770496642	1	1.6047	1.1875	0.5248
124	1303770496725	1	1.6047	1.1667	0.5342
125	1303770496808	1	1.6047	1.1111	0.5609
126	1303770496846	1	1.6047	1.125	0.5539
127	1303770496887	1	1.6047	1.2222	0.5099
128	1303770496924	1	1.6047	1.2	0.5193
129	1303770496961	1	1.6047	1.1667	0.5342
130	1303770496998	1	1.6047	1.1667	0.5342
131	1303770497038	1	1.6047	1.2	0.5193
132	1303770497119	1	1.6047	1.2	0.5193
133	1303770497157	1	1.6047	1.15	0.5419
134	1303770497195	1	1.6047	1.15	0.5419
135	1303770497232	1	1.6047	1.15	0.5419
136	1303770497270	1	1.6047	1.15	0.5419
137	1303770497308	1	1.6047	1.15	0.5419
138	1303770497344	1	1.6047	1.15	0.5419
139	1303770497381	1	1.6047	1.15	0.5419
140	1303770497462	1	1.6047	1.15	0.5419
141	1303770497544	1	1.6047	1.15	0.5419
142	1303770497581	1	1.6047	1.15	0.5419
143	1303770497619	1	1.6047	1.15	0.5419
144	1303770497655	1	1.6047	1.15	0.5419
145	1303770497691	1	1.6047	1.15	0.5419
146	1303770497728	1	1.6047	1.15	0.5419
147	1303770497765	1	1.6047	1.15	0.5419
148	1303770497802	1	1.6047	1.15	0.5419
149	1303770497839	1	1.6047	1.15	0.5419
150	1303770497875	1	1.6047	1.15	0.5419
151	1303770497911	1	1.6047	1.15	0.5419
152	1303770497947	1	1.6047	1.15	0.5419
153	1303770497984	1	1.6047	1.15	0.5419
154	1303770498020	1	1.6047	1.15	0.5419
155	1303770498059	1	1.5503	1.15	0.5609
156	1303770498143	1	1.5433	1.15	0.5634
157	1303770498180	1	1.5433	1.15	0.5634
158	1303770498217	1	1.5433	1.15	0.5634
159	1303770498253	1	1.5433	1.15	0.5634
160	1303770498287	1	1.5433	1.15	0.5634
161	1303770498324	1	1.5433	1.15	0.5634
162	1303770498360	1	1.5433	1.15	0.5634
163	1303770498395	1	1.5433	1.15	0.5634
164	1303770498430	1	1.5433	1.15	0.5634
165	1303770498467	1	1.5433	1.15	0.5634
166	1303770498503	1	1.5433	1.15	0.5634
167	1303770498538	1	1.5433	1.15	0.5634
168	1303770498574	1	1.5433	1.15	0.5634
169	1303770498609	1	1.5433	1.15	0.5634
170	1303770498644	1	1.5433	1.15	0.5634
171	1303770498679	1	1.5433	1.15	0.5634
172	1303770498715	1	1.5433	1.15	0.5634
173	1303770498797	1	1.5433	1.1364	0.5702
174	1303770498832	1	1.5433	1.1364	0.5702
175	1303770498869	1	1.5433	1.1364	0.5702
176	1303770498903	1	1.5433	1.1364	0.5702
177	1303770498938	1	1.5433	1.1364	0.5702
178	1303770498975	1	1.5433	1.1364	0.5702
179	1303770499010	1	1.5433	1.1364	0.5702
180	1303770499045	1	1.5433	1.1364	0.5702
181	1303770499079	1	1.5433	1.1364	0.5702
182	1303770499114	1	1.5433	1.125	0.576
183	1303770499149	1	1.5433	1.125	0.576
184	1303770499184	1	1.5433	1.125	0.576
185	1303770499219	1	1.5433	1.125	0.576
186	1303770499255	1	1.5433	1.125	0.576
187	1303770499290	1	1.5433	1.125	0.576
188	1303770499325	1	1.5433	1.125	0.576
189	1303770499360	1	1.5433	1.125	0.576
190	1303770499395	1	1.5433	1.125	0.576
191	1303770499430	1	1.5433	1.125	0.576
192	1303770499465	1	1.5433	1.125	0.576
193	1303770499502	1	1.5433	1.125	0.576
194	1303770499537	1	1.5433	1.125	0.576
195	1303770499572	1	1.5433	1.125	0.576
196	1303770499608	1	1.5433	1.125	0.576
197	1303770499642	1	1.5433	1.125	0.576
198	1303770499676	1	1.5433	1.125	0.576
199	1303770499711	1	1.5433	1.125	0.576
200	1303770499745	1	1.5433	1.125	0.576
201	1303770499780	1	1.5433	1.125	0.576
202	1303770499815	1	1.5433	1.125	0.576
203	1303770499850	1	1.5433	1.125	0.576
204	1303770499885	1	1.5433	1.125	0.576
205	1303770499919	1	1.5433	1.125	0.576
206	1303770499953	1	1.5433	1.125	0.576
207	1303770499988	1	1.5433	1.125	0.576
208	1303770500023	1	1.5433	1.125	0.576
209	1303770500057	1	1.5433	1.125	0.576
210	1303770500092	1	1.5433	1.125	0.576
211	1303770500127	1	1.5433	1.125	0.576
212	1303770500162	1	1.5433	1.125	0.576
213	1303770500197	1	1.5433	1.125	0.576
214	1303770500232	1	1.5433	1.125	0.576
215	1303770500267	1	1.5433	1.125	0.576
216	1303770500305	1	1.4226	1.1154	0.6302
217	1303770500342	1	1.4132	1.0769	0.6571
218	1303770500378	1	1.4996	1.0769	0.6192
219	1303770500413	1	1.4996	1.0769	0.6192
220	1303770500448	1	1.4996	1.0833	0.6156
221	1303770500482	1	1.4996	1.0769	0.6192
222	1303770500517	1	1.4996	1.0769	0.6192
223	1303770500551	1	1.4996	1.0769	0.6192
224	1303770500585	1	1.4996	1.0769	0.6192
225	1303770500619	1	1.4996	1.0769	0.6192
226	1303770500652	1	1.4996	1.0769	0.6192
227	1303770500686	1	1.4996	1.0769	0.6192
228	1303770500720	1	1.4996	1.0769	0.6192
229	1303770500754	1	1.4996	1.0769	0.6192
230	1303770500788	1	1.4996	1.0769	0.6192
231	1303770500822	1	1.4996	1.0769	0.6192
232	1303770500856	1	1.4996	1.0769	0.6192
233	1303770500934	1	1.4996	1.0769	0.6192
234	1303770500969	1	1.4996	1.0769	0.6192
235	1303770501004	1	1.4996	1.0769	0.6192
236	1303770501037	1	1.4996	1.0769	0.6192
237	1303770501071	1	1.4996	1.0769	0.6192
238	1303770501106	1	1.4996	1.0769	0.6192
239	1303770501139	1	1.4996	1.0769	0.6192
240	1303770501173	1	1.4996	1.0769	0.6192
241	1303770501207	1	1.4996	1.0769	0.6192
242	1303770501241	1	1.4996	1.0769	0.6192
243	1303770501275	1	1.4996	1.0769	0.6192
244	1303770501354	1	1.4996	1.0769	0.6192
245	1303770501388	1	1.4996	1.0769	0.6192
246	1303770501422	1	1.4996	1.0769	0.6192
247	1303770501456	1	1.4996	1.0769	0.6192
248	1303770501489	1	1.4996	1.0769	0.6192
249	1303770501522	1	1.4996	1.0769	0.6192
250	1303770501602	1	1.4996	1.0769	0.6192
251	1303770501636	1	1.4996	1.0769	0.6192
252	1303770501670	1	1.4996	1.0769	0.6192
253	1303770501702	1	1.4996	1.0769	0.6192
254	1303770501736	1	1.4996	1.0769	0.6192
255	1303770501770	1	1.4996	1.0769	0.6192
256	1303770501804	1	1.4996	1.0769	0.6192
257	1303770501883	1	1.4996	1.0769	0.6192
258	1303770501916	1	1.4996	1.0769	0.6192
259	1303770501950	1	1.4996	1.0769	0.6192
260	1303770501984	1	1.4996	1.0769	0.6192
261	1303770502017	1	1.4996	1.0769	0.6192
262	1303770502054	1	1.4996	1.0769	0.6192
263	1303770502087	1	1.4996	1.0769	0.6192
264	1303770502121	1	1.4996	1.0769	0.6192
265	1303770502154	1	1.4996	1.0769	0.6192
266	1303770502187	1	1.4996	1.0769	0.6192
267	1303770502221	1	1.4996	1.0769	0.6192
268	1303770502255	1	1.4996	1.0769	0.6192
269	1303770502288	1	1.4996	1.0769	0.6192
270	1303770502322	1	1.4996	1.0769	0.6192
271	1303770502355	1	1.4996	1.0769	0.6192
272	1303770502389	1	1.4996	1.0769	0.6192
273	1303770502422	1	1.4996	1.0769	0.6192
274	1303770502455	1	1.4996	1.0769	0.6192
275	1303770502488	1	1.4996	1.0769	0.6192
276	1303770502568	1	1.4996	1.0769	0.6192
277	1303770502604	1	1.4543	1.0769	0.6385
278	1303770502641	1	1.445	1.0769	0.6426
279	1303770502676	1	1.445	1.0769	0.6426
280	1303770502711	1	1.445	1.0769	0.6426
281	1303770502745	1	1.445	1.0769	0.6426
282	1303770502780	1	1.445	1.0769	0.6426
283	1303770502814	1	1.445	1.0769	0.6426
284	1303770502847	1	1.445	1.0769	0.6426
285	1303770502880	1	1.445	1.0769	0.6426
286	1303770502914	1	1.445	1.0769	0.6426
287	1303770502947	1	1.445	1.0769	0.6426
288	1303770502981	1	1.445	1.0769	0.6426
289	1303770503060	1	1.445	1.0769	0.6426
290	1303770503093	1	1.445	1.0769	0.6426
291	1303770503128	1	1.445	1.0769	0.6426
292	1303770503161	1	1.445	1.0769	0.6426
293	1303770503194	1	1.445	1.0769	0.6426
294	1303770503228	1	1.445	1.0769	0.6426
295	1303770503262	1	1.445	1.0769	0.6426
296	1303770503295	1	1.445	1.0769	0.6426
297	1303770503327	1	1.445	1.0769	0.6426
298	1303770503361	1	1.445	1.0769	0.6426
299	1303770503395	1	1.445	1.0769	0.6426
300	1303770503429	1	1.445	1.0769	0.6426
301	1303770503462	1	1.445	1.0769	0.6426
302	1303770503495	1	1.445	1.0769	0.6426
303	1303770503529	1	1.445	1.0769	0.6426
304	1303770503562	1	1.445	1.0769	0.6426
305	1303770503595	1	1.445	1.0769	0.6426
306	1303770503629	1	1.445	1.0769	0.6426
307	1303770503662	1	1.445	1.0769	0.6426
308	1303770503695	1	1.445	1.0769	0.6426
309	1303770503729	1	1.445	1.0769	0.6426
310	1303770503762	1	1.445	1.0769	0.6426
311	1303770503795	1	1.445	1.0769	0.6426
312	1303770503828	1	1.445	1.0769	0.6426
313	1303770503862	1	1.445	1.0769	0.6426
314	1303770503896	1	1.445	1.0769	0.6426
315	1303770503929	1	1.445	1.0769	0.6426
316	1303770503963	1	1.445	1.0769	0.6426
317	1303770503996	1	1.445	1.0769	0.6426
318	1303770504029	1	1.445	1.0769	0.6426
319	1303770504063	1	1.445	1.0769	0.6426
320	1303770504096	1	1.445	1.0769	0.6426
321	1303770504129	1	1.445	1.0769	0.6426
322	1303770504162	1	1.445	1.0769	0.6426
323	1303770504196	1	1.445	1.0769	0.6426
324	1303770504229	1	1.445	1.0769	0.6426
325	1303770504262	1	1.445	1.0769	0.6426
326	1303770504296	1	1.445	1.0769	0.6426
327	1303770504329	1	1.445	1.0769	0.6426
328	1303770504363	1	1.445	1.0769	0.6426
329	1303770504396	1	1.445	1.0769	0.6426
330	1303770504429	1	1.445	1.0769	0.6426
331	1303770504508	1	1.445	1.0769	0.6426
332	1303770504542	1	1.445	1.0769	0.6426
333	1303770504620	1	1.445	1.0769	0.6426
334	1303770504654	1	1.445	1.0769	0.6426
335	1303770504688	1	1.445	1.0769	0.6426
336	1303770504720	1	1.445	1.0769	0.6426
337	1303770504756	1	1.445	1.0769	0.6426
338	1303770504792	1	1.445	1.0769	0.6426
339	1303770504828	1	1.4673	1.0769	0.6328
340	1303770504865	1	1.4673	1.0769	0.6328
341	1303770504901	1	1.4673	1.0769	0.6328
342	1303770504934	1	1.4673	1.0769	0.6328
343	1303770504968	1	1.4673	1.0769	0.6328
344	1303770505002	1	1.4673	1.0385	0.6563
345	1303770505035	1	1.4673	1.0769	0.6328
346	1303770505069	1	1.4673	1.0769	0.6328
347	1303770505147	1	1.4673	1.0769	0.6328
348	1303770505180	1	1.4673	1.0769	0.6328
349	1303770505215	1	1.4673	1.0769	0.6328
350	1303770505249	1	1.4673	1.0769	0.6328
351	1303770505282	1	1.4673	1.0769	0.6328
352	1303770505316	1	1.4673	1.0769	0.6328
353	1303770505349	1	1.4673	1.0769	0.6328
354	1303770505383	1	1.4673	1.0769	0.6328
355	1303770505416	1	1.4673	1.0769	0.6328
356	1303770505450	1	1.4673	1.0769	0.6328
357	1303770505528	1	1.4673	1.0769	0.6328
358	1303770505561	1	1.4673	1.0769	0.6328
359	1303770505595	1	1.4673	1.0769	0.6328
360	1303770505628	1	1.4673	1.0769	0.6328
361	1303770505707	1	1.4673	1.0769	0.6328
362	1303770505740	1	1.4673	1.0769	0.6328
363	1303770505819	1	1.4673	1.0769	0.6328
364	1303770505852	1	1.4673	1.0769	0.6328
365	1303770505886	1	1.4673	1.0769	0.6328
366	1303770505920	1	1.4673	1.0769	0.6328
367	1303770505998	1	1.4796	1.0769	0.6276
368	1303770506032	1	1.4796	1.0769	0.6276
369	1303770506066	1	1.4796	1.0769	0.6276
370	1303770506099	1	1.4796	1.0769	0.6276
371	1303770506177	1	1.4796	1.0769	0.6276
372	1303770506211	1	1.4796	1.0769	0.6276
373	1303770506245	1	1.4796	1.0769	0.6276
374	1303770506278	1	1.4796	1.0769	0.6276
375	1303770506311	1	1.4796	1.0769	0.6276
376	1303770506344	1	1.4796	1.0769	0.6276
377	1303770506378	1	1.4796	1.0769	0.6276
378	1303770506410	1	1.4796	1.0769	0.6276
379	1303770506444	1	1.4796	1.0769	0.6276
380	1303770506477	1	1.4796	1.0769	0.6276
381	1303770506510	1	1.4796	1.0769	0.6276
382	1303770506544	1	1.4796	1.0769	0.6276
383	1303770506577	1	1.4796	1.0769	0.6276
384	1303770506611	1	1.4796	1.0769	0.6276
385	1303770506644	1	1.4796	1.0769	0.6276
386	1303770506722	1	1.1325	1.0769	0.8199
387	1303770506756	1	1.1325	1.0769	0.8199
388	1303770506790	1	1.1325	1.0769	0.8199
389	1303770506823	1	1.1325	1.0769	0.8199
390	1303770506856	1	1.1325	1.0769	0.8199
391	1303770506889	1	1.1325	1.0769	0.8199
392	1303770506923	1	1.1325	1.0769	0.8199
393	1303770506956	1	1.1325	1.0769	0.8199
394	1303770506990	1	1.1325	1.0769	0.8199
395	1303770507023	1	1.1325	1.0769	0.8199
396	1303770507057	1	1.1325	1.0769	0.8199
397	1303770507091	1	1.1325	1.0769	0.8199
398	1303770507125	1	1.1325	1.0769	0.8199
399	1303770507206	1	1.1325	1.0769	0.8199
400	1303770507242	1	1.1325	1.0769	0.8199
401	1303770507279	1	1.1325	1.0385	0.8503
402	1303770507313	1	1.0693	1.0769	0.8684
403	1303770507392	1	1.0693	1.0769	0.8684
404	1303770507426	1	1.0693	1.0769	0.8684
405	1303770507460	1	1.0693	1.0385	0.9006
406	1303770507538	1	1.0693	1.0769	0.8684
407	1303770507572	1	1.0693	1.0769	0.8684
408	1303770507606	1	1.0693	1.0769	0.8684
409	1303770507684	1	1.0693	1.0385	0.9006
410	1303770507716	1	1.0693	1.0769	0.8684
411	1303770507750	1	1.0693	1.0769	0.8684
412	1303770507783	1	1.0693	1.0769	0.8684
413	1303770507816	1	1.0693	1.0385	0.9006
414	1303770507850	1	1.0693	1.0769	0.8684
415	1303770507883	1	1.0693	1.0769	0.8684
416	1303770507916	1	1.0693	1.0769	0.8684
417	1303770507950	1	1.0693	1.0385	0.9006
418	1303770507983	1	1.0693	1.0769	0.8684
419	1303770508016	1	1.0693	1.0769	0.8684
420	1303770508050	1	1.0693	1.0385	0.9006
421	1303770508128	1	1.1106	1.0385	0.867
422	1303770508162	1	1.1106	1.0769	0.8361
423	1303770508195	1	1.1106	1.0769	0.8361
424	1303770508229	1	1.1106	1.0385	0.867
425	1303770508263	1	1.1106	1.0769	0.8361
426	1303770508296	1	1.1106	1.0769	0.8361
427	1303770508330	1	1.1106	1.0769	0.8361
428	1303770508363	1	1.1106	1.0385	0.867
429	1303770508396	1	1.1106	1.0769	0.8361
430	1303770508430	1	1.1106	1.0769	0.8361
431	1303770508464	1	1.1106	1.0769	0.8361
432	1303770508497	1	1.1106	1.0385	0.867
433	1303770508531	1	1.1106	1.0769	0.8361
434	1303770508566	1	1.1106	1.0769	0.8361
435	1303770508598	1	1.1106	1.0769	0.8361
436	1303770508632	1	1.1106	1.0385	0.867
437	1303770508666	1	1.1106	1.0769	0.8361
438	1303770508699	1	1.1106	1.0769	0.8361
439	1303770508733	1	1.1106	1.0769	0.8361
440	1303770508811	1	1.1106	1.0385	0.867
441	1303770508845	1	1.1106	1.0769	0.8361
442	1303770508879	1	1.1106	1.0769	0.8361
443	1303770508915	1	1.1106	1.0769	0.8361
444	1303770508948	1	1.1106	1.0385	0.867
445	1303770508982	1	1.1106	1.0769	0.8361
446	1303770509061	1	1.1106	1.0769	0.8361
447	1303770509094	1	1.1106	1.0769	0.8361
448	1303770509128	1	1.1106	1.0385	0.867
449	1303770509161	1	1.1106	1.0769	0.8361
450	1303770509193	1	1.1106	1.0769	0.8361
451	1303770509227	1	1.1106	1.0769	0.8361
452	1303770509261	1	1.1106	1.0385	0.867
453	1303770509339	1	1.1106	1.0769	0.8361
454	1303770509373	1	1.1106	1.0769	0.8361
455	1303770509407	1	1.1106	1.0769	0.8361
456	1303770509440	1	1.1106	1.0385	0.867
457	1303770509519	1	1.1106	1.0769	0.8361
458	1303770509553	1	1.1106	1.0769	0.8361
459	1303770509588	1	1.1106	1.0769	0.8361
460	1303770509624	1	1.1064	1.0385	0.8704
461	1303770509660	1	1.1071	1.0769	0.8388
462	1303770509695	1	1.105	1.0769	0.8403
463	1303770509730	1	1.1047	1.0769	0.8406
464	1303770509764	1	1.1047	1.0769	0.8406
465	1303770509843	1	1.1047	1.0385	0.8717
466	1303770509877	1	1.1047	1.0769	0.8406
467	1303770509912	1	1.1047	1.0769	0.8406
468	1303770509946	1	1.1047	1.0769	0.8406
469	1303770509979	1	1.1047	1.0385	0.8717
470	1303770510057	1	1.1047	1.0769	0.8406
471	1303770510090	1	1.1047	1.0769	0.8406
472	1303770510124	1	1.1047	1.0769	0.8406
473	1303770510203	1	1.1047	1.0385	0.8717
474	1303770510237	1	1.1047	1.0769	0.8406
475	1303770510272	1	1.1047	1.0769	0.8406
476	1303770510305	1	1.1047	1.0769	0.8406
477	1303770510339	1	1.1047	1.0385	0.8717
478	1303770510372	1	1.1047	1.0769	0.8406
479	1303770510406	1	1.1047	1.0769	0.8406
480	1303770510439	1	1.1047	1.0769	0.8406
481	1303770510473	1	1.1047	1.0385	0.8717
482	1303770510507	1	1.1047	1.0769	0.8406
483	1303770510540	1	1.1047	1.0769	0.8406
484	1303770510574	1	1.1047	1.0769	0.8406
485	1303770510606	1	1.1047	1.0385	0.8717
486	1303770510639	1	1.1047	1.0769	0.8406
487	1303770510672	1	1.1047	1.0769	0.8406
488	1303770510706	1	1.1047	1.0769	0.8406
489	1303770510739	1	1.1047	1.0385	0.8717
490	1303770510818	1	1.1047	1.0769	0.8406
491	1303770510852	1	1.1047	1.0769	0.8406
492	1303770510886	1	1.1047	1.0769	0.8406
493	1303770510919	1	1.1047	1.0385	0.8717
494	1303770510952	1	1.1047	1.0769	0.8406
495	1303770510986	1	1.1047	1.0769	0.8406
496	1303770511019	1	1.1047	1.0769	0.8406
497	1303770511051	1	1.1047	1.0385	0.8717
498	1303770511084	1	1.1047	1.0769	0.8406
499	1303770511118	1	1.1047	1.0769	0.8406
500	1303770511151	1	1.1047	1.0769	0.8406
501	1303770511184	1	1.1047	1.0385	0.8717
502	1303770511218	1	1.1047	1.0769	0.8406
503	1303770511252	1	1.1047	1.0769	0.8406
504	1303770511285	1	1.1047	1.0769	0.8406
505	1303770511318	1	1.1047	1.0385	0.8717
506	1303770511352	1	1.1047	1.0769	0.8406
507	1303770511385	1	1.1047	1.0769	0.8406
508	1303770511466	1	1.1047	1.0769	0.8406
509	1303770511500	1	1.1047	1.0385	0.8717
510	1303770511532	1	1.1047	1.0769	0.8406
511	1303770511566	1	1.1047	1.0769	0.8406
512	1303770511599	1	1.1047	1.0769	0.8406
513	1303770511633	1	1.1047	1.0385	0.8717
514	1303770511666	1	1.1047	1.0769	0.8406
515	1303770511745	1	1.1047	1.0769	0.8406
516	1303770511778	1	1.1047	1.0769	0.8406
517	1303770511812	1	1.1047	1.0385	0.8717
518	1303770511845	1	1.1047	1.0769	0.8406
519	1303770511879	1	1.1047	1.0769	0.8406
520	1303770511914	1	1.1047	1.0769	0.8406
521	1303770511951	1	1.1065	1.0385	0.8703
522	1303770512032	1	1.1049	1.0769	0.8404
523	1303770512067	1	1.1049	1.0769	0.8404
524	1303770512102	1	1.1049	1.0769	0.8404
525	1303770512137	1	1.1038	1.0385	0.8724
526	1303770512171	1	1.1038	1.0769	0.8412
527	1303770512205	1	1.1038	1.0769	0.8412
528	1303770512256	1	1.1038	1.0769	0.8412
529	1303770512290	1	1.1038	1.0385	0.8724
530	1303770512323	1	1.1038	1.0769	0.8412
531	1303770512356	1	1.1038	1.0769	0.8412
532	1303770512435	1	1.1038	1.0769	0.8412
533	1303770512514	1	1.1038	1.0385	0.8724
534	1303770512548	1	1.1038	1.0769	0.8412
535	1303770512626	1	1.1038	1.0769	0.8412
536	1303770512659	1	1.1038	1.0769	0.8412
537	1303770512694	1	1.1038	1.0385	0.8724
538	1303770512727	1	1.1038	1.0769	0.8412
539	1303770512761	1	1.1038	1.0769	0.8412
540	1303770512794	1	1.1038	1.0385	0.8724
541	1303770512828	1	1.1038	1.0385	0.8724
542	1303770512862	1	1.1038	1.0769	0.8412
543	1303770512895	1	1.1038	1.0769	0.8412
544	1303770512928	1	1.1038	1.0385	0.8724
545	1303770512962	1	1.1038	1.0385	0.8724
546	1303770512996	1	1.1038	1.0769	0.8412
547	1303770513029	1	1.1038	1.0769	0.8412
548	1303770513062	1	1.1038	1.0385	0.8724
549	1303770513096	1	1.1038	1.0385	0.8724
550	1303770513129	1	1.1038	1.0769	0.8412
551	1303770513163	1	1.1038	1.0769	0.8412
552	1303770513196	1	1.1038	1.0385	0.8724
553	1303770513230	1	1.1038	1.0385	0.8724
554	1303770513263	1	1.1038	1.0769	0.8412
555	1303770513297	1	1.1038	1.0769	0.8412
556	1303770513330	1	1.1038	1.0385	0.8724
557	1303770513364	1	1.1038	1.0385	0.8724
558	1303770513397	1	1.1038	1.0769	0.8412
559	1303770513430	1	1.1038	1.0769	0.8412
560	1303770513464	1	1.1038	1.0385	0.8724
561	1303770513498	1	1.1038	1.0385	0.8724
562	1303770513531	1	1.1038	1.0769	0.8412
563	1303770513564	1	1.1038	1.0769	0.8412
564	1303770513598	1	1.1038	1.0385	0.8724
565	1303770513631	1	1.1038	1.0385	0.8724
566	1303770513665	1	1.1038	1.0769	0.8412
567	1303770513699	1	1.1038	1.0769	0.8412
568	1303770513732	1	1.1038	1.0385	0.8724
569	1303770513766	1	1.1038	1.0385	0.8724
570	1303770513800	1	1.1038	1.0769	0.8412
571	1303770513833	1	1.1038	1.0769	0.8412
572	1303770513866	1	1.1038	1.0385	0.8724
573	1303770513944	1	1.1038	1.0385	0.8724
574	1303770513978	1	1.1038	1.0769	0.8412
575	1303770514012	1	1.1038	1.0769	0.8412
576	1303770514045	1	1.1038	1.0385	0.8724
577	1303770514079	1	1.1038	1.0385	0.8724
578	1303770514112	1	1.1038	1.0769	0.8412
579	1303770514146	1	1.1038	1.0769	0.8412
580	1303770514180	1	1.1038	1.0385	0.8724
581	1303770514216	1	1.1038	1.0385	0.8724
582	1303770514253	1	1.1075	1.0769	0.8384
583	1303770514289	1	1.1225	1.0769	0.8273
584	1303770514324	1	1.1157	1.0769	0.8322
585	1303770514358	1	1.1157	1.0385	0.8631
586	1303770514392	1	1.1157	1.0769	0.8322
587	1303770514470	1	1.1157	1.0769	0.8322
588	1303770514504	1	1.1157	1.0769	0.8322
589	1303770514538	1	1.1157	1.0385	0.8631
590	1303770514617	1	1.1157	1.0769	0.8322
591	1303770514649	1	1.1157	1.0769	0.8322
592	1303770514683	1	1.1157	1.0385	0.8631
593	1303770514718	1	1.1157	1.0385	0.8631
594	1303770514752	1	1.1157	1.0769	0.8322
595	1303770514786	1	1.1157	1.0769	0.8322
596	1303770514819	1	1.1157	1.0385	0.8631
597	1303770514853	1	1.1157	1.0385	0.8631
598	1303770514886	1	1.1157	1.0769	0.8322
599	1303770514919	1	1.1157	1.0769	0.8322
600	1303770514952	1	1.1157	1.0385	0.8631
601	1303770514986	1	1.1157	1.0385	0.8631
602	1303770515064	1	1.1157	1.0769	0.8322
603	1303770515097	1	1.1157	1.0769	0.8322
604	1303770515131	1	1.1157	1.0385	0.8631
605	1303770515165	1	1.1157	1.0385	0.8631
606	1303770515198	1	1.1157	1.0769	0.8322
607	1303770515232	1	1.1157	1.0769	0.8322
608	1303770515265	1	1.1157	1.0385	0.8631
609	1303770515344	1	1.1157	1.0385	0.8631
610	1303770515377	1	1.1157	1.0769	0.8322
611	1303770515412	1	1.1157	1.0769	0.8322
612	1303770515445	1	1.1157	1.0385	0.8631
613	1303770515478	1	1.1157	1.0385	0.8631
614	1303770515511	1	1.1157	1.0769	0.8322
615	1303770515545	1	1.1157	1.0769	0.8322
616	1303770515623	1	1.1157	1.0385	0.8631
617	1303770515655	1	1.1157	1.0385	0.8631
618	1303770515690	1	1.1157	1.0769	0.8322
619	1303770515723	1	1.1157	1.0769	0.8322
620	1303770515757	1	1.1157	1.0385	0.8631
621	1303770515790	1	1.1157	1.0385	0.8631
622	1303770515823	1	1.1157	1.0769	0.8322
623	1303770515857	1	1.1157	1.0769	0.8322
624	1303770515890	1	1.1157	1.0385	0.8631
625	1303770515968	1	1.1157	1.0385	0.8631
626	1303770516002	1	1.1157	1.0769	0.8322
627	1303770516036	1	1.1157	1.0769	0.8322
628	1303770516069	1	1.1157	1.0385	0.8631
629	1303770516102	1	1.1157	1.0385	0.8631
630	1303770516181	1	1.1157	1.0769	0.8322
631	1303770516213	1	1.1157	1.0769	0.8322
632	1303770516247	1	1.1157	1.0385	0.8631
633	1303770516281	1	1.1157	1.0385	0.8631
634	1303770516314	1	1.1157	1.0769	0.8322
635	1303770516348	1	1.1157	1.0769	0.8322
636	1303770516381	1	1.1157	1.0385	0.8631
637	1303770516415	1	1.1157	1.0385	0.8631
638	1303770516449	1	1.1157	1.0769	0.8322
639	1303770516483	1	1.1157	1.0769	0.8322
640	1303770516516	1	1.1157	1.0385	0.8631
641	1303770516550	1	1.1157	1.0385	0.8631
642	1303770516588	1	1.1157	1.0769	0.8322
643	1303770516639	1	1.1157	1.0769	0.8322
644	1303770516675	1	1.1124	1.0385	0.8656
645	1303770516709	1	1.1114	1.0385	0.8665
646	1303770516743	1	1.1114	1.0769	0.8355
647	1303770516777	1	1.1114	1.0769	0.8355
648	1303770516810	1	1.1114	1.0385	0.8665
649	1303770516844	1	1.1114	1.0385	0.8665
650	1303770516879	1	1.1114	1.0769	0.8355
651	1303770516912	1	1.1114	1.0769	0.8355
652	1303770516945	1	1.1114	1.0385	0.8665
653	1303770516978	1	1.1114	1.0385	0.8665
654	1303770517011	1	1.1114	1.0769	0.8355
655	1303770517045	1	1.1114	1.0769	0.8355
656	1303770517078	1	1.1114	1.0385	0.8665
657	1303770517111	1	1.1114	1.0385	0.8665
658	1303770517144	1	1.1114	1.0769	0.8355
659	1303770517178	1	1.1114	1.0769	0.8355
660	1303770517211	1	1.1114	1.0385	0.8665
661	1303770517244	1	1.1114	1.0385	0.8665
662	1303770517278	1	1.1114	1.0769	0.8355
663	1303770517310	1	1.1114	1.0769	0.8355
664	1303770517344	1	1.1114	1.0385	0.8665
665	1303770517376	1	1.1114	1.0385	0.8665
666	1303770517410	1	1.1114	1.0769	0.8355
667	1303770517443	1	1.1114	1.0769	0.8355
668	1303770517476	1	1.1114	1.0385	0.8665
669	1303770517509	1	1.1114	1.0385	0.8665
670	1303770517542	1	1.1114	1.0769	0.8355
671	1303770517575	1	1.1114	1.0769	0.8355
672	1303770517609	1	1.1114	1.0385	0.8665
673	1303770517642	1	1.1114	1.0385	0.8665
674	1303770517721	1	1.1114	1.0769	0.8355
675	1303770517753	1	1.1114	1.0769	0.8355
676	1303770517788	1	1.1114	1.0385	0.8665
677	1303770517821	1	1.1114	1.0385	0.8665
678	1303770517855	1	1.1114	1.0769	0.8355
679	1303770517889	1	1.1114	1.0769	0.8355
680	1303770517923	1	1.1114	1.0385	0.8665
681	1303770517956	1	1.1114	1.0385	0.8665
682	1303770517989	1	1.1114	1.0769	0.8355
683	1303770518175	1	1.1114	1.0769	0.8355
684	1303770518551	1	1.1114	1.0385	0.8665
685	1303770518584	1	1.1114	1.0385	0.8665
686	1303770518618	1	1.1114	1.0769	0.8355
687	1303770518696	1	1.1114	1.0769	0.8355
688	1303770518728	1	1.1114	1.0385	0.8665
689	1303770518763	1	1.1114	1.0385	0.8665
690	1303770518796	1	1.1114	1.0769	0.8355
691	1303770518829	1	1.1114	1.0769	0.8355
692	1303770518862	1	1.1114	1.0385	0.8665
693	1303770518896	1	1.1114	1.0385	0.8665
694	1303770518929	1	1.1114	1.0769	0.8355
695	1303770518962	1	1.1114	1.0769	0.8355
696	1303770519040	1	1.1114	1.0385	0.8665
697	1303770519074	1	1.1114	1.0385	0.8665
698	1303770519108	1	1.1114	1.0769	0.8355
699	1303770519141	1	1.1114	1.0769	0.8355
700	1303770519173	1	1.1114	1.0385	0.8665
701	1303770519207	1	1.1114	1.0385	0.8665
702	1303770519240	1	1.1114	1.0769	0.8355
703	1303770519277	1	1.1114	1.0769	0.8355
704	1303770519318	1	1.1114	1.0385	0.8665
705	1303770519354	1	1.1114	1.0385	0.8665
706	1303770519388	1	1.1114	1.0769	0.8355
707	1303770519422	1	1.1114	1.0769	0.8355
708	1303770519456	1	1.1282	1.0385	0.8536
709	1303770519489	1	1.1282	1.0385	0.8536
710	1303770519523	1	1.1282	1.0769	0.8231
711	1303770519556	1	1.1282	1.0769	0.8231
712	1303770519589	1	1.1282	1.0385	0.8536
713	1303770519623	1	1.1282	1.0385	0.8536
714	1303770519656	1	1.1282	1.0769	0.8231
715	1303770519689	1	1.1282	1.0769	0.8231
716	1303770519722	1	1.1282	1.0385	0.8536
717	1303770519755	1	1.1282	1.0385	0.8536
718	1303770519789	1	1.1282	1.0769	0.8231
719	1303770519821	1	1.1282	1.0769	0.8231
720	1303770519855	1	1.1282	1.0385	0.8536
721	1303770519889	1	1.1282	1.0385	0.8536
722	1303770519922	1	1.1282	1.0769	0.8231
723	1303770519956	1	1.1282	1.0769	0.8231
724	1303770519989	1	1.1282	1.0385	0.8536
725	1303770520022	1	1.1282	1.0385	0.8536
726	1303770520056	1	1.1282	1.0769	0.8231
727	1303770520134	1	1.1282	1.0769	0.8231
728	1303770520168	1	1.1282	1.0385	0.8536
729	1303770520203	1	1.1282	1.0385	0.8536
730	1303770520236	1	1.1282	1.0769	0.8231
731	1303770520269	1	1.1282	1.0769	0.8231
732	1303770520303	1	1.1282	1.0385	0.8536
733	1303770520336	1	1.1282	1.0769	0.8231
734	1303770520370	1	1.1282	1.0385	0.8536
735	1303770520403	1	1.1282	1.0769	0.8231
736	1303770520481	1	1.1282	1.0385	0.8536
737	1303770520515	1	1.1282	1.0769	0.8231
738	1303770520593	1	1.1282	1.0769	0.8231
739	1303770520626	1	1.1282	1.0385	0.8536
740	1303770520660	1	1.1282	1.0385	0.8536
741	1303770520694	1	1.1282	1.0769	0.8231
742	1303770520771	1	1.1282	1.0769	0.8231
743	1303770520805	1	1.1282	1.0769	0.8231
744	1303770520840	1	1.1282	1	0.8864
745	1303770520873	1	1.1282	1.0769	0.8231
746	1303770520906	1	1.1282	1.0769	0.8231
747	1303770520940	1	1.1282	1.0769	0.8231
748	1303770520974	1	1.1282	1.0385	0.8536
749	1303770521008	1	1.1282	1.0385	0.8536
750	1303770521041	1	1.1282	1.0769	0.8231
751	1303770521074	1	1.1282	1.0769	0.8231
752	1303770521108	1	1.1282	1.0385	0.8536
753	1303770521187	1	1.1282	1.0769	0.8231
754	1303770521221	1	1.1282	1.0385	0.8536
755	1303770521255	1	1.1282	1.0769	0.8231
756	1303770521288	1	1.1282	1.0385	0.8536
757	1303770521322	1	1.1282	1.0769	0.8231
758	1303770521356	1	1.1282	1.0769	0.8231
759	1303770521388	1	1.1282	1.0385	0.8536
760	1303770521421	1	1.1282	1.0385	0.8536
761	1303770521455	1	1.1282	1.0769	0.8231
762	1303770521489	1	1.1282	1.0769	0.8231
763	1303770521522	1	1.1282	1.0769	0.8231
764	1303770521558	1	1.1282	1	0.8864
765	1303770521598	1	1.1282	1.0769	0.8231
766	1303770521633	1	1.1282	1.0769	0.8231
767	1303770521668	1	1.1282	1.0769	0.8231
768	1303770521702	1	1.1282	1.0385	0.8536
769	1303770521736	1	1.1404	1.0769	0.8143
770	1303770521770	1	1.1404	1.0769	0.8143
771	1303770521804	1	1.1404	1.0769	0.8143
772	1303770521838	1	1.1404	1.0385	0.8444
773	1303770521871	1	1.1404	1.0385	0.8444
774	1303770521905	1	1.1404	1.0769	0.8143
775	1303770521938	1	1.1404	1.0769	0.8143
776	1303770521970	1	1.1404	1.0385	0.8444
777	1303770522049	1	1.1404	1.0385	0.8444
778	1303770522082	1	1.1404	1.0769	0.8143
779	1303770522117	1	1.1404	1.0769	0.8143
780	1303770522151	1	1.1404	1.0385	0.8444
781	1303770522184	1	1.1404	1.0769	0.8143
782	1303770522218	1	1.1404	1.0385	0.8444
783	1303770522251	1	1.1404	1.0769	0.8143
784	1303770522285	1	1.1404	1.0385	0.8444
785	1303770522319	1	1.1404	1.0769	0.8143
786	1303770522352	1	1.1404	1.0769	0.8143
787	1303770522386	1	1.1404	1.0385	0.8444
788	1303770522419	1	1.1404	1.0385	0.8444
789	1303770522451	1	1.1404	1.0769	0.8143
790	1303770522485	1	1.1404	1.0769	0.8143
791	1303770522519	1	1.1404	1.0769	0.8143
792	1303770522553	1	1.1404	1	0.8769
793	1303770522586	1	1.1404	1.0769	0.8143
794	1303770522620	1	1.1404	1.0769	0.8143
795	1303770522654	1	1.1404	1.0769	0.8143
796	1303770522737	1	1.1404	1.0385	0.8444
797	1303770522770	1	1.1404	1.0385	0.8444
798	1303770522804	1	1.1404	1.0769	0.8143
799	1303770522837	1	1.1404	1.0769	0.8143
800	1303770522870	1	1.1404	1.0385	0.8444
801	1303770522948	1	1.1404	1.0769	0.8143
802	1303770522982	1	1.1404	1.0385	0.8444
803	1303770523016	1	1.1404	1.0769	0.8143
804	1303770523049	1	1.1404	1.0385	0.8444
805	1303770523082	1	1.1404	1.0769	0.8143
806	1303770523116	1	1.1404	1.0769	0.8143
807	1303770523149	1	1.1404	1.0385	0.8444
808	1303770523182	1	1.1404	1.0385	0.8444
809	1303770523216	1	1.1404	1.0769	0.8143
810	1303770523250	1	1.1404	1.0769	0.8143
811	1303770523282	1	1.1404	1.0769	0.8143
812	1303770523315	1	1.1404	1.0385	0.8444
813	1303770523349	1	1.1404	1.0769	0.8143
814	1303770523382	1	1.1404	1.0769	0.8143
815	1303770523415	1	1.1404	1.0769	0.8143
816	1303770523449	1	1.1404	1.0385	0.8444
817	1303770523483	1	1.1404	1.0385	0.8444
818	1303770523516	1	1.1404	1.0769	0.8143
819	1303770523550	1	1.1404	1.0769	0.8143
820	1303770523628	1	1.1404	1.0385	0.8444
821	1303770523662	1	1.1404	1.0769	0.8143
822	1303770523695	1	1.1404	1.0385	0.8444
823	1303770523728	1	1.1404	1.0769	0.8143
824	1303770523806	1	1.1404	1.0385	0.8444
825	1303770523841	1	1.1404	1.0769	0.8143
826	1303770523878	1	1.1404	1.0769	0.8143
827	1303770523915	1	1.1404	1.0385	0.8444
828	1303770523995	1	1.1404	1.0385	0.8444
829	1303770524029	1	1.1404	1.0769	0.8143
830	1303770524065	1	1.176	1.0385	0.8188
831	1303770524098	1	1.176	1.0769	0.7896
832	1303770524131	1	1.176	1.0385	0.8188
833	1303770524165	1	1.176	1.0769	0.7896
834	1303770524198	1	1.176	1.0385	0.8188
835	1303770524232	1	1.176	1.0769	0.7896
836	1303770524265	1	1.176	1.0385	0.8188
837	1303770524299	1	1.176	1.0769	0.7896
838	1303770524332	1	1.176	1.0769	0.7896
839	1303770524410	1	1.176	1.0769	0.7896
840	1303770524444	1	1.176	1.0385	0.8188
841	1303770524478	1	1.176	1.0769	0.7896
842	1303770524557	1	1.176	1.0769	0.7896
843	1303770524589	1	1.176	1.0769	0.7896
844	1303770524624	1	1.176	1.0385	0.8188
845	1303770524657	1	1.176	1.0769	0.7896
846	1303770524691	1	1.176	1.0769	0.7896
847	1303770524770	1	1.176	1.0769	0.7896
848	1303770524803	1	1.176	1.0385	0.8188
849	1303770524837	1	1.176	1.0769	0.7896
850	1303770524870	1	1.176	1.0769	0.7896
851	1303770524904	1	1.176	1.0769	0.7896
852	1303770524938	1	1.176	1.0385	0.8188
853	1303770524971	1	1.176	1.0769	0.7896
854	1303770525005	1	1.176	1.0769	0.7896
855	1303770525037	1	1.176	1.0769	0.7896
856	1303770525071	1	1.176	1.0385	0.8188
857	1303770525104	1	1.176	1.0769	0.7896
858	1303770525138	1	1.176	1.0769	0.7896
859	1303770525172	1	1.176	1.0769	0.7896
860	1303770525208	1	1.176	1.0385	0.8188
861	1303770525241	1	1.176	1.0769	0.7896
862	1303770525274	1	1.176	1.0769	0.7896
863	1303770525308	1	1.176	1.0769	0.7896
864	1303770525341	1	1.176	1.0385	0.8188
865	1303770525375	1	1.176	1.0769	0.7896
866	1303770525407	1	1.176	1.0769	0.7896
867	1303770525441	1	1.176	1.0769	0.7896
868	1303770525475	1	1.176	1.0385	0.8188
869	1303770525508	1	1.176	1.0769	0.7896
870	1303770525542	1	1.176	1.0769	0.7896
871	1303770525575	1	1.176	1.0769	0.7896
872	1303770525608	1	1.176	1.0385	0.8188
873	1303770525642	1	1.176	1.0769	0.7896
874	1303770525675	1	1.176	1.0769	0.7896
875	1303770525754	1	1.176	1.0769	0.7896
876	1303770525834	1	1.176	1.0385	0.8188
877	1303770525869	1	1.176	1.0769	0.7896
878	1303770525907	1	1.176	1.0769	0.7896
879	1303770525944	1	1.176	1.0769	0.7896
880	1303770525976	1	1.176	1.0385	0.8188
881	1303770526008	1	1.176	1.0769	0.7896
882	1303770526042	1	1.176	1.0769	0.7896
883	1303770526075	1	1.176	1.0769	0.7896
884	1303770526108	1	1.176	1.0385	0.8188
885	1303770526141	1	1.176	1.0769	0.7896
886	1303770526177	1	1.176	1.0769	0.7896
887	1303770526215	1	1.176	1.0769	0.7896
888	1303770526249	1	1.176	1.0385	0.8188
889	1303770526283	1	1.176	1.0385	0.8188
890	1303770526318	1	1.176	1.0769	0.7896
891	1303770526351	1	1.1889	1.0769	0.781
892	1303770526385	1	1.1889	1.0385	0.8099
893	1303770526418	1	1.1889	1.0385	0.8099
894	1303770526450	1	1.1889	1.0769	0.781
895	1303770526483	1	1.1889	1.0769	0.781
896	1303770526517	1	1.1889	1.0385	0.8099
897	1303770526550	1	1.1889	1.0769	0.781
898	1303770526583	1	1.1889	1.0769	0.781
899	1303770526617	1	1.1889	1.0769	0.781
900	1303770526650	1	1.1889	1.0385	0.8099
901	1303770526683	1	1.1889	1.0769	0.781
902	1303770526716	1	1.1889	1.0769	0.781
903	1303770526794	1	1.1889	1.0769	0.781
904	1303770526828	1	1.1889	1.0385	0.8099
905	1303770526906	1	1.1889	1.0769	0.781
906	1303770526940	1	1.1889	1.0769	0.781
907	1303770526974	1	1.1889	1.0769	0.781
908	1303770527008	1	1.1889	1.0385	0.8099
909	1303770527041	1	1.1889	1.0769	0.781
910	1303770527074	1	1.1889	1.0769	0.781
911	1303770527107	1	1.1889	1.0769	0.781
912	1303770527141	1	1.1889	1.0385	0.8099
913	1303770527174	1	1.1889	1.0769	0.781
914	1303770527207	1	1.1889	1.0769	0.781
915	1303770527241	1	1.1889	1.0769	0.781
916	1303770527273	1	1.1889	1.0385	0.8099
917	1303770527307	1	1.1889	1.0769	0.781
918	1303770527340	1	1.1889	1.0769	0.781
919	1303770527374	1	1.1889	1.0769	0.781
920	1303770527452	1	1.1889	1.0385	0.8099
921	1303770527486	1	1.1889	1.0769	0.781
922	1303770527520	1	1.1889	1.0769	0.781
923	1303770527553	1	1.1889	1.0769	0.781
924	1303770527586	1	1.1889	1.0385	0.8099
925	1303770527619	1	1.1889	1.0769	0.781
926	1303770527653	1	1.1889	1.0769	0.781
927	1303770527732	1	1.1889	1.0769	0.781
928	1303770527765	1	1.1889	1.0385	0.8099
929	1303770527798	1	1.1889	1.0769	0.781
930	1303770527832	1	1.1889	1.0769	0.781
931	1303770527865	1	1.1889	1.0769	0.781
932	1303770527898	1	1.1889	1.0385	0.8099
933	1303770527932	1	1.1889	1.0769	0.781
934	1303770528010	1	1.1889	1.0769	0.781
935	1303770528043	1	1.1889	1.0769	0.781
936	1303770528077	1	1.1889	1.0385	0.8099
937	1303770528110	1	1.1889	1.0769	0.781
938	1303770528144	1	1.1889	1.0769	0.781
939	1303770528222	1	1.1889	1.0769	0.781
940	1303770528256	1	1.1889	1.0385	0.8099
941	1303770528334	1	1.1889	1.0769	0.781
942	1303770528366	1	1.1889	1.0769	0.781
943	1303770528445	1	1.1889	1.0769	0.781
944	1303770528479	1	1.1889	1.0385	0.8099
945	1303770528513	1	1.1889	1.0769	0.781
946	1303770528547	1	1.1889	1.0769	0.781
947	1303770528582	1	1.1889	1.0769	0.781
948	1303770528623	1	1.1889	1.0385	0.8099
949	1303770528658	1	1.1889	1.0769	0.781
950	1303770528693	1	1.1889	1.0769	0.781
951	1303770528728	1	1.1889	1.0769	0.781
952	1303770528762	1	1.1941	1.0385	0.8064
953	1303770528795	1	1.1941	1.0769	0.7776
954	1303770528829	1	1.1941	1.0769	0.7776
955	1303770528862	1	1.1941	1.0769	0.7776
956	1303770528895	1	1.1941	1.0385	0.8064
957	1303770528929	1	1.1941	1.0769	0.7776
958	1303770528963	1	1.1941	1.0769	0.7776
959	1303770528995	1	1.1941	1.0769	0.7776
960	1303770529029	1	1.1941	1.0385	0.8064
961	1303770529062	1	1.1941	1.0769	0.7776
962	1303770529095	1	1.1941	1.0769	0.7776
963	1303770529129	1	1.1941	1.0769	0.7776
964	1303770529163	1	1.1941	1.0385	0.8064
965	1303770529196	1	1.1941	1.0769	0.7776
966	1303770529230	1	1.1941	1.0769	0.7776
967	1303770529263	1	1.1941	1.0769	0.7776
968	1303770529296	1	1.1941	1.0385	0.8064
969	1303770529329	1	1.1941	1.0769	0.7776
970	1303770529362	1	1.1941	1.0769	0.7776
971	1303770529396	1	1.1941	1.0769	0.7776
972	1303770529430	1	1.1941	1.0385	0.8064
973	1303770529463	1	1.1941	1.0769	0.7776
974	1303770529497	1	1.1941	1.0769	0.7776
975	1303770529531	1	1.1941	1.0769	0.7776
976	1303770529564	1	1.1941	1.0385	0.8064
977	1303770529597	1	1.1941	1.0769	0.7776
978	1303770529630	1	1.1941	1.0769	0.7776
979	1303770529664	1	1.1941	1.0769	0.7776
980	1303770529696	1	1.1941	1.0385	0.8064
981	1303770529730	1	1.1941	1.0769	0.7776
982	1303770529763	1	1.1941	1.0769	0.7776
983	1303770529797	1	1.1941	1.0769	0.7776
984	1303770529830	1	1.1941	1.0385	0.8064
985	1303770529864	1	1.1941	1.0769	0.7776
986	1303770529897	1	1.1941	1.0769	0.7776
987	1303770529931	1	1.1941	1.0769	0.7776
988	1303770530010	1	1.1941	1.0385	0.8064
989	1303770530044	1	1.1941	1.0769	0.7776
990	1303770530078	1	1.1941	1.0769	0.7776
991	1303770530111	1	1.1941	1.0769	0.7776
992	1303770530144	1	1.1941	1.0385	0.8064
993	1303770530178	1	1.1941	1.0769	0.7776
994	1303770530211	1	1.1941	1.0769	0.7776
995	1303770530245	1	1.1941	1.0769	0.7776
996	1303770530278	1	1.1941	1.0385	0.8064
997	1303770530312	1	1.1941	1.0769	0.7776
998	1303770530345	1	1.1941	1.0769	0.7776
999	1303770530379	1	1.1941	1.0769	0.7776
1000	1303770530458	1	1.1941	1.0385	0.8064
1001	1303770530491	1	1.1941	1.0769	0.7776
1002	1303770530525	1	1.1941	1.0769	0.7776
1003	1303770530557	1	1.1941	1.0769	0.7776
1004	1303770530590	1	1.1941	1.0385	0.8064
1005	1303770530624	1	1.1941	1.0769	0.7776
1006	1303770530658	1	1.1941	1.0769	0.7776
1007	1303770530692	1	1.1941	1.0769	0.7776
1008	1303770530727	1	1.1941	1.0385	0.8064
1009	1303770530765	1	1.1941	1.0769	0.7776
1010	1303770530800	1	1.1941	1.0385	0.8064
1011	1303770530836	1	1.1941	1.0769	0.7776
1012	1303770530870	1	1.2052	1.0385	0.799
1013	1303770530904	1	1.2052	1.0769	0.7705
1014	1303770530937	1	1.2052	1.0385	0.799
1015	1303770530971	1	1.2052	1.0769	0.7705
1016	1303770531005	1	1.2052	1.0385	0.799
1017	1303770531038	1	1.2052	1.0769	0.7705
1018	1303770531070	1	1.2052	1.0769	0.7705
1019	1303770531104	1	1.2052	1.0769	0.7705
1020	1303770531138	1	1.2052	1.0385	0.799
1021	1303770531172	1	1.2052	1.0769	0.7705
1022	1303770531205	1	1.2052	1.0769	0.7705
1023	1303770531239	1	1.2052	1.0769	0.7705
1024	1303770531319	1	1.2052	1.0385	0.799
1025	1303770531352	1	1.2052	1.0769	0.7705
1026	1303770531386	1	1.2052	1.0769	0.7705
1027	1303770531420	1	1.2052	1.0769	0.7705
1028	1303770531454	1	1.2052	1.0385	0.799
1029	1303770531488	1	1.2052	1.0769	0.7705
1030	1303770531521	1	1.2052	1.0769	0.7705
1031	1303770531555	1	1.2052	1.0769	0.7705
1032	1303770531589	1	1.2052	1.0385	0.799
1033	1303770531623	1	1.2052	1.0769	0.7705
1034	1303770531656	1	1.2052	1.0769	0.7705
1035	1303770531735	1	1.2052	1.0769	0.7705
1036	1303770531769	1	1.2052	1.0385	0.799
1037	1303770531803	1	1.2052	1.0769	0.7705
1038	1303770531836	1	1.2052	1.0769	0.7705
1039	1303770531869	1	1.2052	1.0769	0.7705
1040	1303770531903	1	1.2052	1.0385	0.799
1041	1303770531935	1	1.2052	1.0769	0.7705
1042	1303770531969	1	1.2052	1.0769	0.7705
1043	1303770532007	1	1.2052	1.0769	0.7705
1044	1303770532044	1	1.2052	1.0385	0.799
1045	1303770532079	1	1.2052	1.0769	0.7705
1046	1303770532112	1	1.2052	1.0769	0.7705
1047	1303770532146	1	1.2052	1.0769	0.7705
1048	1303770532225	1	1.2052	1.0385	0.799
1049	1303770532258	1	1.2052	1.0769	0.7705
1050	1303770532336	1	1.2052	1.0769	0.7705
1051	1303770532370	1	1.2052	1.0769	0.7705
1052	1303770532404	1	1.2052	1.0385	0.799
1053	1303770532436	1	1.2052	1.0769	0.7705
1054	1303770532469	1	1.2052	1.0769	0.7705
1055	1303770532503	1	1.2052	1.0769	0.7705
1056	1303770532581	1	1.2052	1.0385	0.799
1057	1303770532614	1	1.2052	1.0769	0.7705
1058	1303770532648	1	1.2052	1.0769	0.7705
1059	1303770532681	1	1.2052	1.0769	0.7705
1060	1303770532714	1	1.2052	1.0385	0.799
1061	1303770532748	1	1.2052	1.0769	0.7705
1062	1303770532781	1	1.2052	1.0769	0.7705
1063	1303770532814	1	1.2052	1.0769	0.7705
1064	1303770532846	1	1.2052	1.0385	0.799
1065	1303770532880	1	1.2052	1.0769	0.7705
1066	1303770532913	1	1.2052	1.0769	0.7705
1067	1303770532946	1	1.2052	1.0769	0.7705
1068	1303770532979	1	1.2052	1.0385	0.799
1069	1303770533015	1	1.2052	1.0769	0.7705
1070	1303770533052	1	1.2052	1.0769	0.7705
1071	1303770533087	1	1.2052	1.0385	0.799
1072	1303770533121	1	1.2052	1	0.8297
1073	1303770533156	1	1.2148	1.0769	0.7644
1074	1303770533190	1	1.2148	1.0385	0.7927
1075	1303770533224	1	1.2148	1.0769	0.7644
1076	1303770533258	1	1.2148	1.0385	0.7927
1077	1303770533291	1	1.2148	1.0769	0.7644
1078	1303770533324	1	1.2148	1.0385	0.7927
1079	1303770533358	1	1.2148	1.0769	0.7644
1080	1303770533390	1	1.2148	1.0769	0.7644
1081	1303770533423	1	1.2148	1.0769	0.7644
1082	1303770533457	1	1.2148	1.0385	0.7927
1083	1303770533489	1	1.2148	1.0769	0.7644
1084	1303770533523	1	1.2148	1.0769	0.7644
1085	1303770533556	1	1.2148	1.0769	0.7644
1086	1303770533589	1	1.2148	1.0385	0.7927
1087	1303770533622	1	1.2148	1.0769	0.7644
1088	1303770533656	1	1.2148	1.0769	0.7644
1089	1303770533734	1	1.2148	1.0769	0.7644
1090	1303770533768	1	1.2148	1.0385	0.7927
1091	1303770533801	1	1.2148	1.0769	0.7644
1092	1303770533834	1	1.2148	1.0769	0.7644
1093	1303770533868	1	1.2148	1.0769	0.7644
1094	1303770533901	1	1.2148	1.0385	0.7927
1095	1303770533934	1	1.2148	1.0769	0.7644
1096	1303770533968	1	1.2148	1.0769	0.7644
1097	1303770534002	1	1.2148	1.0769	0.7644
1098	1303770534035	1	1.2148	1.0385	0.7927
1099	1303770534068	1	1.2148	1.0769	0.7644
1100	1303770534102	1	1.2148	1.0769	0.7644
1101	1303770534135	1	1.2148	1.0769	0.7644
1102	1303770534168	1	1.2148	1.0385	0.7927
1103	1303770534200	1	1.2148	1.0769	0.7644
1104	1303770534234	1	1.2148	1.0769	0.7644
1105	1303770534267	1	1.2148	1.0769	0.7644
1106	1303770534301	1	1.2148	1.0385	0.7927
1107	1303770534334	1	1.2148	1.0769	0.7644
1108	1303770534367	1	1.2148	1.0769	0.7644
1109	1303770534401	1	1.2148	1.0769	0.7644
1110	1303770534435	1	1.2148	1.0385	0.7927
1111	1303770534469	1	1.2148	1.0769	0.7644
1112	1303770534503	1	1.2148	1.0769	0.7644
1113	1303770534537	1	1.2148	1.0769	0.7644
1114	1303770534570	1	1.2148	1.0385	0.7927
1115	1303770534603	1	1.2148	1.0769	0.7644
1116	1303770534637	1	1.2148	1.0769	0.7644
1117	1303770534671	1	1.2148	1.0769	0.7644
1118	1303770534704	1	1.2148	1.0385	0.7927
1119	1303770534738	1	1.2148	1.0769	0.7644
1120	1303770534772	1	1.2148	1.0769	0.7644
1121	1303770534806	1	1.2148	1.0769	0.7644
1122	1303770534839	1	1.2148	1.0385	0.7927
1123	1303770534873	1	1.2148	1.0769	0.7644
1124	1303770534906	1	1.2148	1.0769	0.7644
1125	1303770534940	1	1.2148	1.0769	0.7644
1126	1303770534974	1	1.2148	1.0385	0.7927
1127	1303770535006	1	1.2148	1.0769	0.7644
1128	1303770535040	1	1.2148	1.0769	0.7644
1129	1303770535118	1	1.2148	1.0769	0.7644
1130	1303770535154	1	1.2148	1.0385	0.7927
1131	1303770535193	1	1.2148	1.0385	0.7927
1132	1303770535231	1	1.2148	1.0769	0.7644
1133	1303770535266	1	1.2206	1.0769	0.7607
1134	1303770535301	1	1.2206	1	0.8192
1135	1303770535334	1	1.2206	1.0385	0.7889
1136	1303770535367	1	1.2206	1.0769	0.7607
1137	1303770535402	1	1.2206	1.0385	0.7889
1138	1303770535435	1	1.2206	1.0385	0.7889
1139	1303770535469	1	1.2206	1.0385	0.7889
1140	1303770535547	1	1.2206	1.0769	0.7607
1141	1303770535581	1	1.2206	1.0385	0.7889
1142	1303770535617	1	1.2206	1.0769	0.7607
1143	1303770535650	1	1.2206	1.0385	0.7889
1144	1303770535729	1	1.2206	1.0769	0.7607
1145	1303770535763	1	1.2206	1.0385	0.7889
1146	1303770535798	1	1.2206	1.0769	0.7607
1147	1303770535832	1	1.2206	1.0769	0.7607
1148	1303770535866	1	1.2206	1.0769	0.7607
1149	1303770535900	1	1.2206	1.0385	0.7889
1150	1303770535932	1	1.2206	1.0769	0.7607
1151	1303770535966	1	1.2206	1.0769	0.7607
1152	1303770535999	1	1.2206	1.0769	0.7607
1153	1303770536033	1	1.2206	1.0769	0.7607
1154	1303770536067	1	1.2206	1.0769	0.7607
1155	1303770536102	1	1.2206	1.0769	0.7607
1156	1303770536135	1	1.2206	1.0769	0.7607
1157	1303770536213	1	1.4428	1.0769	0.6436
1158	1303770536247	1	1.4428	1.0769	0.6436
1159	1303770536281	1	1.4428	1.0769	0.6436
1160	1303770536315	1	1.4428	1.0769	0.6436
1161	1303770536349	1	1.4428	1.0769	0.6436
1162	1303770536381	1	1.4428	1.0769	0.6436
1163	1303770536460	1	1.4428	1.0769	0.6436
1164	1303770536494	1	1.4428	1.0769	0.6436
1165	1303770536572	1	1.4428	1.0769	0.6436
1166	1303770536606	1	1.4428	1.0769	0.6436
1167	1303770536684	1	1.4428	1.0769	0.6436
1168	1303770536717	1	1.4428	1.0769	0.6436
1169	1303770536751	1	1.4428	1.0769	0.6436
1170	1303770536787	1	1.4428	1.0769	0.6436
1171	1303770536821	1	1.4428	1.0769	0.6436
1172	1303770536854	1	1.4428	1.0769	0.6436
1173	1303770536888	1	1.4428	1.0769	0.6436
1174	1303770536921	1	1.4428	1.0769	0.6436
1175	1303770536953	1	1.4428	1.0769	0.6436
1176	1303770536987	1	1.4428	1.0769	0.6436
1177	1303770537021	1	1.4428	1.0769	0.6436
1178	1303770537055	1	1.4428	1.0769	0.6436
1179	1303770537089	1	1.4428	1.0769	0.6436
1180	1303770537123	1	1.4428	1.0769	0.6436
1181	1303770537156	1	1.4428	1.0769	0.6436
1182	1303770537190	1	1.4428	1.0769	0.6436
1183	1303770537223	1	1.4428	1.0769	0.6436
1184	1303770537258	1	1.4428	1.0769	0.6436
1185	1303770537291	1	1.4428	1.0769	0.6436
1186	1303770537369	1	1.4428	1.0769	0.6436
1187	1303770537402	1	1.4428	1.0769	0.6436
1188	1303770537436	1	1.4428	1.0769	0.6436
1189	1303770537470	1	1.4428	1.0769	0.6436
1190	1303770537504	1	1.4428	1.0769	0.6436
1191	1303770537540	1	1.4428	1.0769	0.6436
1192	1303770537577	1	1.4428	1.0769	0.6436
1193	1303770537612	1	1.4428	1.0385	0.6674
1194	1303770537647	1	1.4647	1.0385	0.6574
1195	1303770537681	1	1.4647	1.0385	0.6574
1196	1303770537716	1	1.4647	1.0769	0.634
1197	1303770537750	1	1.4647	1.0385	0.6574
1198	1303770537784	1	1.4647	1.0385	0.6574
1199	1303770537818	1	1.4647	1.0769	0.634
1200	1303770537852	1	1.4647	1.0769	0.634
1201	1303770537886	1	1.4647	1.0769	0.634
1202	1303770537964	1	1.4647	1.0769	0.634
1203	1303770537998	1	1.4647	1.0385	0.6574
1204	1303770538077	1	1.4647	1.0769	0.634
1205	1303770538111	1	1.4647	1.0769	0.634
1206	1303770538144	1	1.4647	1.0769	0.634
1207	1303770538178	1	1.4647	1.0769	0.634
1208	1303770538212	1	1.4647	1.0769	0.634
1209	1303770538245	1	1.4647	1.0769	0.634
1210	1303770538278	1	1.4647	1.0769	0.634
1211	1303770538312	1	1.4647	1.0769	0.634
1212	1303770538346	1	1.4647	1.0769	0.634
1213	1303770538379	1	1.4647	1.0769	0.634
1214	1303770538413	1	1.4647	1.0769	0.634
1215	1303770538446	1	1.4647	1.0769	0.634
1216	1303770538481	1	1.4647	1.0769	0.634
1217	1303770538513	1	1.4647	1.0769	0.634
1218	1303770538547	1	1.4647	1.0769	0.634
1219	1303770538581	1	1.4647	1.0769	0.634
1220	1303770538614	1	1.4647	1.0769	0.634
1221	1303770538649	1	1.4647	1.0769	0.634
1222	1303770538738	1	1.4647	1.0769	0.634
1223	1303770538772	1	1.4647	1.0769	0.634
1224	1303770538850	1	1.4647	1.0769	0.634
1225	1303770538885	1	1.4647	1.0769	0.634
1226	1303770538919	1	1.4647	1.0769	0.634
1227	1303770538999	1	1.4647	1.0769	0.634
1228	1303770539033	1	1.4647	1.0769	0.634
1229	1303770539067	1	1.4647	1.0769	0.634
1230	1303770539100	1	1.4647	1.0769	0.634
1231	1303770539134	1	1.4647	1.0769	0.634
1232	1303770539167	1	1.4647	1.0769	0.634
1233	1303770539201	1	1.4647	1.0769	0.634
1234	1303770539235	1	1.4647	1.0769	0.634
1235	1303770539268	1	1.4647	1.0769	0.634
1236	1303770539302	1	1.4647	1.0769	0.634
1237	1303770539336	1	1.4647	1.0769	0.634
1238	1303770539370	1	1.4647	1.0769	0.634
1239	1303770539404	1	1.4647	1.0769	0.634
1240	1303770539438	1	1.4647	1.0769	0.634
1241	1303770539471	1	1.4647	1.0769	0.634
1242	1303770539505	1	1.4647	1.0769	0.634
1243	1303770539539	1	1.4647	1.0769	0.634
1244	1303770539573	1	1.4647	1.0769	0.634
1245	1303770539605	1	1.4647	1.0769	0.634
1246	1303770539639	1	1.4647	1.0769	0.634
1247	1303770539673	1	1.4647	1.0769	0.634
1248	1303770539707	1	1.4647	1.0769	0.634
1249	1303770539741	1	1.4647	1.0769	0.634
1250	1303770539819	1	1.4647	1.0769	0.634
1251	1303770539854	1	1.4647	1.0769	0.634
1252	1303770539889	1	1.4647	1.0769	0.634
1253	1303770539926	1	1.4647	1.0385	0.6574
1254	1303770539961	1	1.4647	1.0385	0.6574
1255	1303770539996	1	1.475	1.0385	0.6529
1256	1303770540031	1	1.475	1	0.678
1257	1303770540065	1	1.475	1.0385	0.6529
1258	1303770540099	1	1.475	1.0769	0.6296
1259	1303770540133	1	1.475	1	0.678
1260	1303770540166	1	1.475	1	0.678
1261	1303770540200	1	1.475	1.0769	0.6296
1262	1303770540234	1	1.475	1.0385	0.6529
1263	1303770540268	1	1.475	1.0769	0.6296
1264	1303770540301	1	1.475	1.0385	0.6529
1265	1303770540335	1	1.475	1.0769	0.6296
1266	1303770540368	1	1.475	1.0385	0.6529
1267	1303770540402	1	1.475	1.0769	0.6296
1268	1303770540450	1	1.475	1.0769	0.6296
1269	1303770540484	1	1.475	1.0769	0.6296
1270	1303770540517	1	1.475	1.0385	0.6529
1271	1303770540551	1	1.475	1.0769	0.6296
1272	1303770540585	1	1.475	1.0769	0.6296
1273	1303770540620	1	1.475	1.0769	0.6296
1274	1303770540702	1	1.475	1.0385	0.6529
1275	1303770540736	1	1.475	1.0769	0.6296
1276	1303770540770	1	1.475	1.0769	0.6296
1277	1303770540803	1	1.475	1.0769	0.6296
1278	1303770540837	1	1.475	1.0385	0.6529
1279	1303770540871	1	1.475	1.0769	0.6296
1280	1303770540904	1	1.475	1.0769	0.6296
1281	1303770540938	1	1.475	1.0769	0.6296
1282	1303770540972	1	1.475	1.0769	0.6296
1283	1303770541006	1	1.475	1.0769	0.6296
1284	1303770541039	1	1.475	1.0769	0.6296
1285	1303770541118	1	1.475	1.0769	0.6296
1286	1303770541152	1	1.475	1.0769	0.6296
1287	1303770541186	1	1.475	1.0769	0.6296
1288	1303770541219	1	1.475	1.0769	0.6296
1289	1303770541253	1	1.475	1.0769	0.6296
1290	1303770541287	1	1.475	1.0769	0.6296
1291	1303770541320	1	1.475	1.0769	0.6296
1292	1303770541353	1	1.475	1.0769	0.6296
1293	1303770541387	1	1.475	1.0769	0.6296
1294	1303770541465	1	1.475	1.0769	0.6296
1295	1303770541499	1	1.475	1.0769	0.6296
1296	1303770541532	1	1.475	1.0769	0.6296
1297	1303770541566	1	1.475	1.0769	0.6296
1298	1303770541600	1	1.475	1.0769	0.6296
1299	1303770541634	1	1.475	1.0769	0.6296
1300	1303770541713	1	1.475	1.0769	0.6296
1301	1303770541746	1	1.475	1.0769	0.6296
1302	1303770541780	1	1.475	1.0769	0.6296
1303	1303770541814	1	1.475	1.0769	0.6296
1304	1303770541848	1	1.475	1.0769	0.6296
1305	1303770541880	1	1.475	1.0769	0.6296
1306	1303770541914	1	1.475	1.0769	0.6296
1307	1303770541948	1	1.475	1.0769	0.6296
1308	1303770541982	1	1.475	1.0769	0.6296
1309	1303770542015	1	1.475	1.0769	0.6296
1310	1303770542094	1	1.475	1.0769	0.6296
1311	1303770542127	1	1.475	1.0769	0.6296
1312	1303770542206	1	1.2377	1.0769	0.7503
1313	1303770542241	1	1.2377	1.0769	0.7503
1314	1303770542281	1	1.2377	1.0385	0.7781
1315	1303770542316	1	1.2411	1.0385	0.7759
1316	1303770542351	1	1.2411	1.0385	0.7759
1317	1303770542385	1	1.2411	1.0385	0.7759
1318	1303770542419	1	1.2411	1	0.8057
1319	1303770542468	1	1.2411	1.0385	0.7759
1320	1303770542547	1	1.2411	1.0385	0.7759
1321	1303770542582	1	1.2411	1.0769	0.7482
1322	1303770542616	1	1.2411	1.0385	0.7759
1323	1303770542650	1	1.2411	1.0385	0.7759
1324	1303770542684	1	1.2411	1.0385	0.7759
1325	1303770542716	1	1.2411	1.0769	0.7482
1326	1303770542795	1	1.2411	1.0769	0.7482
1327	1303770542829	1	1.2411	1.0769	0.7482
1328	1303770542864	1	1.2411	1	0.8057
1329	1303770542898	1	1.2411	1.0769	0.7482
1330	1303770542932	1	1.2411	1.0769	0.7482
1331	1303770542966	1	1.2411	1.0769	0.7482
1332	1303770542999	1	1.2411	1.0385	0.7759
1333	1303770543078	1	1.2411	1.0769	0.7482
1334	1303770543112	1	1.2411	1.0769	0.7482
1335	1303770543146	1	1.2411	1.0769	0.7482
1336	1303770543225	1	1.2411	1.0385	0.7759
1337	1303770543259	1	1.2411	1.0769	0.7482
1338	1303770543293	1	1.2411	1.0769	0.7482
1339	1303770543327	1	1.2411	1.0769	0.7482
1340	1303770543360	1	1.2411	1.0769	0.7482
1341	1303770543395	1	1.2411	1.0769	0.7482
1342	1303770543428	1	1.2411	1.0769	0.7482
1343	1303770543462	1	1.2411	1.0769	0.7482
1344	1303770543496	1	1.2411	1.0769	0.7482
1345	1303770543529	1	1.2411	1.0769	0.7482
1346	1303770543563	1	1.2411	1.0769	0.7482
1347	1303770543596	1	1.2411	1.0769	0.7482
1348	1303770543630	1	1.2411	1.0769	0.7482
1349	1303770543664	1	1.2411	1.0769	0.7482
1350	1303770543698	1	1.2411	1.0769	0.7482
1351	1303770543732	1	1.2411	1.0769	0.7482
1352	1303770543765	1	1.2411	1.0769	0.7482
1353	1303770543798	1	1.2411	1.0769	0.7482
1354	1303770543832	1	1.2411	1.0769	0.7482
1355	1303770543911	1	1.2411	1.0769	0.7482
1356	1303770543945	1	1.2411	1.0769	0.7482
1357	1303770543979	1	1.2411	1.0769	0.7482
1358	1303770544013	1	1.2411	1.0769	0.7482
1359	1303770544047	1	1.2411	1.0769	0.7482
1360	1303770544080	1	1.2411	1.0769	0.7482
1361	1303770544114	1	1.2411	1.0769	0.7482
1362	1303770544147	1	1.2411	1.0769	0.7482
1363	1303770544181	1	1.2411	1.0769	0.7482
1364	1303770544215	1	1.2411	1.0769	0.7482
1365	1303770544248	1	1.2411	1.0769	0.7482
1366	1303770544282	1	1.2411	1.0769	0.7482
1367	1303770544315	1	1.2411	1.0769	0.7482
1368	1303770544349	1	1.2411	1.0769	0.7482
1369	1303770544427	1	1.2411	1.0769	0.7482
1370	1303770544461	1	1.2411	1.0769	0.7482
1371	1303770544540	1	1.2411	1.0769	0.7482
1372	1303770544574	1	1.2411	1.0769	0.7482
1373	1303770544609	1	1.2411	1.0769	0.7482
1374	1303770544644	1	1.2411	1.0769	0.7482
1375	1303770544680	1	1.2411	1.0769	0.7482
1376	1303770544715	1	1.2411	1	0.8057
1377	1303770544750	1	1.1016	1	0.9078
1378	1303770544784	1	1.1016	1.0385	0.8741
1379	1303770544818	1	1.1016	1	0.9078
1380	1303770544852	1	1.1016	1.0769	0.8429
1381	1303770544886	1	1.1016	1.0385	0.8741
1382	1303770544920	1	1.1016	1.0385	0.8741
1383	1303770544952	1	1.1016	1.0385	0.8741
1384	1303770544986	1	1.1016	1.0385	0.8741
1385	1303770545019	1	1.1016	1.0385	0.8741
1386	1303770545052	1	1.1016	1.0769	0.8429
1387	1303770545086	1	1.1016	1	0.9078
1388	1303770545120	1	1.1016	1.0385	0.8741
1389	1303770545154	1	1.1016	1.0769	0.8429
1390	1303770545187	1	1.1016	1.0769	0.8429
1391	1303770545221	1	1.1016	1	0.9078
1392	1303770545255	1	1.1016	1.0385	0.8741
1393	1303770545289	1	1.1016	1.0769	0.8429
1394	1303770545322	1	1.1016	1.0385	0.8741
1395	1303770545356	1	1.1016	1	0.9078
1396	1303770545389	1	1.1016	1.0769	0.8429
1397	1303770545423	1	1.1016	1.0769	0.8429
1398	1303770545456	1	1.1016	1.0385	0.8741
1399	1303770545490	1	1.1016	1.0385	0.8741
1400	1303770545524	1	1.1016	1.0769	0.8429
1401	1303770545558	1	1.1016	1.0769	0.8429
1402	1303770545592	1	1.1016	1.0385	0.8741
1403	1303770545625	1	1.1016	1.0385	0.8741
1404	1303770545659	1	1.1016	1.0769	0.8429
1405	1303770545691	1	1.1016	1.0769	0.8429
1406	1303770545725	1	1.1016	1.0385	0.8741
1407	1303770545803	1	1.1016	1.0385	0.8741
1408	1303770545837	1	1.1016	1.0769	0.8429
1409	1303770545917	1	1.1016	1.0769	0.8429
1410	1303770545950	1	1.1016	1.0385	0.8741
1411	1303770545985	1	1.1016	1.0385	0.8741
1412	1303770546018	1	1.1016	1.0769	0.8429
1413	1303770546052	1	1.1016	1.0769	0.8429
1414	1303770546085	1	1.1016	1.0385	0.8741
1415	1303770546120	1	1.1016	1.0385	0.8741
1416	1303770546153	1	1.1016	1.0769	0.8429
1417	1303770546187	1	1.1016	1.0769	0.8429
1418	1303770546221	1	1.1016	1.0385	0.8741
1419	1303770546254	1	1.1016	1.0385	0.8741
1420	1303770546287	1	1.1016	1.0769	0.8429
1421	1303770546321	1	1.1016	1.0769	0.8429
1422	1303770546355	1	1.1016	1.0385	0.8741
1423	1303770546388	1	1.1016	1.0385	0.8741
1424	1303770546422	1	1.1016	1.0769	0.8429
1425	1303770546456	1	1.1016	1.0769	0.8429
1426	1303770546490	1	1.1016	1.0385	0.8741
1427	1303770546523	1	1.1016	1.0385	0.8741
1428	1303770546557	1	1.1016	1.0769	0.8429
1429	1303770546591	1	1.1016	1.0769	0.8429
1430	1303770546670	1	1.1016	1.0385	0.8741
1431	1303770546703	1	1.1016	1.0769	0.8429
1432	1303770546737	1	1.1016	1.0769	0.8429
1433	1303770546771	1	1.1016	1.0769	0.8429
1434	1303770546805	1	1.1016	1.0385	0.8741
1435	1303770546840	1	1.1016	1.0769	0.8429
1436	1303770546877	1	1.1143	1.0769	0.8333
1437	1303770546912	1	1.1143	1.0385	0.8642
1438	1303770546947	1	1.1143	1	0.8974
1439	1303770546981	1	1.1143	1.0769	0.8333
1440	1303770547015	1	1.1143	1.0385	0.8642
1441	1303770547094	1	1.1143	1.0385	0.8642
1442	1303770547128	1	1.1143	1.0769	0.8333
1443	1303770547162	1	1.1143	1.0385	0.8642
1444	1303770547242	1	1.1143	1.0385	0.8642
1445	1303770547276	1	1.1143	1.0769	0.8333
1446	1303770547310	1	1.1143	1.0769	0.8333
1447	1303770547344	1	1.1143	1.0385	0.8642
1448	1303770547377	1	1.1143	1.0385	0.8642
1449	1303770547410	1	1.1143	1.0769	0.8333
1450	1303770547444	1	1.1143	1.0769	0.8333
1451	1303770547478	1	1.1143	1.0385	0.8642
1452	1303770547511	1	1.1143	1.0769	0.8333
1453	1303770547545	1	1.1143	1.0769	0.8333
1454	1303770547578	1	1.1143	1.0769	0.8333
1455	1303770547612	1	1.1143	1.0385	0.8642
1456	1303770547646	1	1.1143	1.0769	0.8333
1457	1303770547725	1	1.1143	1.0769	0.8333
1458	1303770547758	1	1.1143	1.0769	0.8333
1459	1303770547792	1	1.1143	1.0385	0.8642
1460	1303770547826	1	1.1143	1.0769	0.8333
1461	1303770547859	1	1.1143	1.0769	0.8333
1462	1303770547895	1	1.1143	1.0769	0.8333
1463	1303770547978	1	1.1143	1.0385	0.8642
1464	1303770548013	1	1.1143	1.0769	0.8333
1465	1303770548047	1	1.1143	1.0769	0.8333
1466	1303770548081	1	1.1143	1.0769	0.8333
1467	1303770548114	1	1.1143	1.0385	0.8642
1468	1303770548148	1	1.1143	1.0769	0.8333
1469	1303770548181	1	1.1143	1.0769	0.8333
1470	1303770548215	1	1.1143	1.0769	0.8333
1471	1303770548248	1	1.1143	1.0385	0.8642
1472	1303770548282	1	1.1143	1.0769	0.8333
1473	1303770548316	1	1.1143	1.0769	0.8333
1474	1303770548349	1	1.1143	1.0769	0.8333
1475	1303770548382	1	1.1143	1.0385	0.8642
1476	1303770548416	1	1.1143	1.0769	0.8333
1477	1303770548495	1	1.1143	1.0769	0.8333
1478	1303770548529	1	1.1143	1.0769	0.8333
1479	1303770548565	1	1.1143	1.0385	0.8642
1480	1303770548661	1	1.1143	1.0769	0.8333
1481	1303770548695	1	1.1143	1.0769	0.8333
1482	1303770548774	1	1.1143	1.0769	0.8333
1483	1303770548807	1	1.1143	1.0385	0.8642
1484	1303770548842	1	1.1143	1.0769	0.8333
1485	1303770548875	1	1.1143	1.0769	0.8333
1486	1303770548909	1	1.1143	1.0769	0.8333
1487	1303770548941	1	1.1143	1.0385	0.8642
1488	1303770548975	1	1.1143	1.0769	0.8333
1489	1303770549008	1	1.1143	1.0769	0.8333
1490	1303770549042	1	1.1143	1.0769	0.8333
1491	1303770549076	1	1.1143	1.0385	0.8642
1492	1303770549109	1	1.1143	1.0769	0.8333
1493	1303770549143	1	1.1143	1.0769	0.8333
1494	1303770549177	1	1.1143	1.0769	0.8333
1495	1303770549211	1	1.1143	1.0385	0.8642
1496	1303770549246	1	1.1143	1.0769	0.8333
1497	1303770549329	1	1.1143	1.0769	0.8333
1498	1303770549365	1	1.1143	1.0385	0.8642
1499	1303770549399	1	1.1216	1	0.8916
1500	1303770549433	1	1.1216	1.0385	0.8586
1501	1303770549467	1	1.1216	1.0385	0.8586
1502	1303770549500	1	1.1216	1	0.8916
1503	1303770549534	1	1.1216	1.0385	0.8586
1504	1303770549567	1	1.1216	1.0769	0.8279
1505	1303770549600	1	1.1216	1.0385	0.8586
1506	1303770549634	1	1.1216	1.0385	0.8586
1507	1303770549668	1	1.1216	1.0385	0.8586
1508	1303770549747	1	1.1216	1.0769	0.8279
1509	1303770549781	1	1.1216	1.0385	0.8586
1510	1303770549815	1	1.1216	1.0385	0.8586
1511	1303770549849	1	1.1216	1.0385	0.8586
1512	1303770549883	1	1.1216	1.0769	0.8279
1513	1303770549917	1	1.1216	1.0385	0.8586
1514	1303770549951	1	1.1216	1.0385	0.8586
1515	1303770549984	1	1.1216	1.0385	0.8586
1516	1303770550018	1	1.1216	1.0769	0.8279
1517	1303770550051	1	1.1216	1.0385	0.8586
1518	1303770550085	1	1.1216	1.0385	0.8586
1519	1303770550119	1	1.1216	1.0385	0.8586
1520	1303770550152	1	1.1216	1.0769	0.8279
1521	1303770550231	1	1.1216	1.0385	0.8586
1522	1303770550265	1	1.1216	1.0385	0.8586
1523	1303770550299	1	1.1216	1.0769	0.8279
1524	1303770550333	1	1.1216	1.0769	0.8279
1525	1303770550367	1	1.1216	1.0385	0.8586
1526	1303770550400	1	1.1216	1.0385	0.8586
1527	1303770550479	1	1.1216	1.0769	0.8279
1528	1303770550513	1	1.1216	1.0769	0.8279
1529	1303770550547	1	1.1216	1.0385	0.8586
1530	1303770550580	1	1.1216	1.0385	0.8586
1531	1303770550613	1	1.1216	1.0769	0.8279
1532	1303770550647	1	1.1216	1.0769	0.8279
1533	1303770550681	1	1.1216	1.0385	0.8586
1534	1303770550714	1	1.1216	1.0385	0.8586
1535	1303770550748	1	1.1216	1.0385	0.8586
1536	1303770550827	1	1.1216	1.0769	0.8279
1537	1303770550861	1	1.1216	1.0769	0.8279
1538	1303770550940	1	1.1216	1.0385	0.8586
1539	1303770550974	1	1.1216	1.0385	0.8586
1540	1303770551008	1	1.1216	1.0769	0.8279
1541	1303770551042	1	1.1216	1.0769	0.8279
1542	1303770551120	1	1.1216	1.0385	0.8586
1543	1303770551154	1	1.1216	1.0385	0.8586
1544	1303770551188	1	1.1216	1.0769	0.8279
1545	1303770551221	1	1.1216	1.0769	0.8279
1546	1303770551255	1	1.1216	1.0385	0.8586
1547	1303770551289	1	1.1216	1.0385	0.8586
1548	1303770551323	1	1.1216	1.0769	0.8279
1549	1303770551356	1	1.1216	1.0769	0.8279
1550	1303770551434	1	1.1216	1.0385	0.8586
1551	1303770551468	1	1.1216	1.0769	0.8279
1552	1303770551502	1	1.1216	1.0769	0.8279
1553	1303770551581	1	1.1216	1.0769	0.8279
1554	1303770551615	1	1.1216	1.0385	0.8586
1555	1303770551649	1	1.1216	1.0769	0.8279
1556	1303770551683	1	1.1216	1.0769	0.8279
1557	1303770551718	1	1.1216	1.0769	0.8279
1558	1303770551754	1	1.1216	1.0385	0.8586
1559	1303770551789	1	1.1216	1.0385	0.8586
1560	1303770551869	1	1.1682	1.0385	0.8243
1561	1303770551904	1	1.1682	1	0.856
1562	1303770551938	1	1.1682	1.0385	0.8243
1563	1303770551972	1	1.1682	1.0385	0.8243
1564	1303770552005	1	1.1682	1.0769	0.7949
1565	1303770552039	1	1.1682	1.0385	0.8243
1566	1303770552072	1	1.1682	1.0385	0.8243
1567	1303770552106	1	1.1682	1.0769	0.7949
1568	1303770552139	1	1.1682	1.0769	0.7949
1569	1303770552173	1	1.1682	1.0769	0.7949
1570	1303770552207	1	1.1682	1	0.856
1571	1303770552241	1	1.1682	1.0769	0.7949
1572	1303770552276	1	1.1682	1.0769	0.7949
1573	1303770552309	1	1.1682	1.0769	0.7949
1574	1303770552343	1	1.1682	1.0385	0.8243
1575	1303770552376	1	1.1682	1.0385	0.8243
1576	1303770552410	1	1.1682	1.0769	0.7949
1577	1303770552444	1	1.1682	1.0769	0.7949
1578	1303770552477	1	1.1682	1.0769	0.7949
1579	1303770552511	1	1.1682	1.0769	0.7949
1580	1303770552594	1	1.1682	1.0769	0.7949
1581	1303770552628	1	1.1682	1.0385	0.8243
1582	1303770552662	1	1.1682	1.0769	0.7949
1583	1303770552695	1	1.1682	1.0769	0.7949
1584	1303770552729	1	1.1682	1.0769	0.7949
1585	1303770552763	1	1.1682	1.0769	0.7949
1586	1303770552796	1	1.1682	1.0769	0.7949
1587	1303770552830	1	1.1682	1.0385	0.8243
1588	1303770552863	1	1.1682	1.0769	0.7949
1589	1303770552896	1	1.1682	1.0769	0.7949
1590	1303770552930	1	1.1682	1.0769	0.7949
1591	1303770552964	1	1.1682	1.0769	0.7949
1592	1303770552998	1	1.1682	1.0385	0.8243
1593	1303770553032	1	1.1682	1.0769	0.7949
1594	1303770553070	1	1.1682	1.0769	0.7949
1595	1303770553109	1	1.1682	1.0769	0.7949
1596	1303770553142	1	1.1682	1.0769	0.7949
1597	1303770553176	1	1.1682	1.0385	0.8243
1598	1303770553209	1	1.1682	1.0769	0.7949
1599	1303770553242	1	1.1682	1.0769	0.7949
1600	1303770553276	1	1.1682	1.0769	0.7949
1601	1303770553310	1	1.1682	1.0769	0.7949
1602	1303770553344	1	1.1682	1.0769	0.7949
1603	1303770553377	1	1.1682	1.0385	0.8243
1604	1303770553410	1	1.1682	1.0769	0.7949
1605	1303770553444	1	1.1682	1.0769	0.7949
1606	1303770553478	1	1.1682	1.0769	0.7949
1607	1303770553511	1	1.1682	1.0769	0.7949
1608	1303770553545	1	1.1682	1.0769	0.7949
1609	1303770553578	1	1.1682	1.0385	0.8243
1610	1303770553657	1	1.1682	1.0769	0.7949
1611	1303770553690	1	1.1682	1.0769	0.7949
1612	1303770553727	1	1.1682	1.0769	0.7949
1613	1303770553761	1	1.1682	1.0769	0.7949
1614	1303770553794	1	1.1682	1.0385	0.8243
1615	1303770553828	1	1.1682	1.0769	0.7949
1616	1303770553861	1	1.1682	1.0769	0.7949
1617	1303770553895	1	1.1682	1.0769	0.7949
1618	1303770553931	1	1.1682	1.0769	0.7949
1619	1303770553967	1	1.1682	1.0385	0.8243
1620	1303770554002	1	1.1682	1.0385	0.8243
1621	1303770554037	1	1.1792	1.0385	0.8166
1622	1303770554117	1	1.1792	1.0385	0.8166
1623	1303770554151	1	1.1792	1.0385	0.8166
1624	1303770554186	1	1.1792	1	0.848
1625	1303770554220	1	1.1792	1.0385	0.8166
1626	1303770554253	1	1.1792	1.0769	0.7874
1627	1303770554287	1	1.1792	1	0.848
1628	1303770554319	1	1.1792	1.0385	0.8166
1629	1303770554354	1	1.1792	1.0769	0.7874
1630	1303770554387	1	1.1792	1.0385	0.8166
1631	1303770554421	1	1.1792	1.0769	0.7874
1632	1303770554455	1	1.1792	1.0385	0.8166
1633	1303770554489	1	1.1792	1.0769	0.7874
1634	1303770554522	1	1.1792	1.0385	0.8166
1635	1303770554556	1	1.1792	1.0769	0.7874
1636	1303770554590	1	1.1792	1.0769	0.7874
1637	1303770554623	1	1.1792	1.0769	0.7874
1638	1303770554656	1	1.1792	1	0.848
1639	1303770554689	1	1.1792	1.0769	0.7874
1640	1303770554723	1	1.1792	1.0769	0.7874
1641	1303770554757	1	1.1792	1.0769	0.7874
1642	1303770554791	1	1.1792	1.0385	0.8166
1643	1303770554824	1	1.1792	1.0769	0.7874
1644	1303770554858	1	1.1792	1.0385	0.8166
1645	1303770554891	1	1.1792	1.0769	0.7874
1646	1303770554925	1	1.1792	1.0385	0.8166
1647	1303770554959	1	1.1792	1.0769	0.7874
1648	1303770554993	1	1.1792	1.0769	0.7874
1649	1303770555027	1	1.1792	1.0769	0.7874
1650	1303770555061	1	1.1792	1.0385	0.8166
1651	1303770555094	1	1.1792	1.0385	0.8166
1652	1303770555128	1	1.1792	1.0769	0.7874
1653	1303770555162	1	1.1792	1.0769	0.7874
1654	1303770555196	1	1.1792	1.0385	0.8166
1655	1303770555230	1	1.1792	1.0769	0.7874
1656	1303770555264	1	1.1792	1.0769	0.7874
1657	1303770555298	1	1.1792	1.0769	0.7874
1658	1303770555331	1	1.1792	1.0769	0.7874
1659	1303770555365	1	1.1792	1.0769	0.7874
1660	1303770555400	1	1.1792	1.0769	0.7874
1661	1303770555434	1	1.1792	1.0769	0.7874
1662	1303770555469	1	1.1792	1.0769	0.7874
1663	1303770555501	1	1.1792	1.0769	0.7874
1664	1303770555535	1	1.1792	1.0769	0.7874
1665	1303770555569	1	1.1792	1.0769	0.7874
1666	1303770555603	1	1.1792	1.0769	0.7874
1667	1303770555636	1	1.1792	1.0769	0.7874
1668	1303770555670	1	1.1792	1.0769	0.7874
1669	1303770555704	1	1.1792	1.0769	0.7874
1670	1303770555738	1	1.1792	1.0769	0.7874
1671	1303770555771	1	1.1792	1.0769	0.7874
1672	1303770555850	1	1.1792	1.0769	0.7874
1673	1303770555884	1	1.1792	1.0769	0.7874
1674	1303770555919	1	1.1792	1.0769	0.7874
1675	1303770555952	1	1.1792	1.0769	0.7874
1676	1303770555985	1	1.1792	1.0769	0.7874
1677	1303770556019	1	1.1792	1.0769	0.7874
1678	1303770556053	1	1.1792	1.0769	0.7874
1679	1303770556089	1	1.1792	1.0769	0.7874
1680	1303770556124	1	1.1792	1.0769	0.7874
1681	1303770556160	1	1.1792	1.0769	0.7874
1682	1303770556195	1	1.2078	1	0.828
1683	1303770556274	1	1.2082	1	0.8277
1684	1303770556354	1	1.2081	1.0769	0.7686
1685	1303770556390	1	1.2081	1.0385	0.7971
1686	1303770556424	1	1.2081	1	0.8278
1687	1303770556458	1	1.2081	1.0385	0.7971
1688	1303770556492	1	1.2081	1.0385	0.7971
1689	1303770556526	1	1.2081	1.0385	0.7971
1690	1303770556605	1	1.2081	1.0769	0.7686
1691	1303770556683	1	1.2081	1	0.8278
1692	1303770556717	1	1.2081	1.0769	0.7686
1693	1303770556752	1	1.2081	1.0769	0.7686
1694	1303770556786	1	1.2081	1.0769	0.7686
1695	1303770556819	1	1.2081	1.0385	0.7971
1696	1303770556853	1	1.2081	1.0769	0.7686
1697	1303770556888	1	1.2081	1.0385	0.7971
1698	1303770556922	1	1.2081	1.0769	0.7686
1699	1303770556956	1	1.2081	1.0385	0.7971
1700	1303770557035	1	1.2081	1.0769	0.7686
1701	1303770557069	1	1.2081	1.0769	0.7686
1702	1303770557104	1	1.2081	1.0769	0.7686
1703	1303770557138	1	1.2081	1	0.8278
1704	1303770557172	1	1.2081	1.0769	0.7686
1705	1303770557205	1	1.2081	1.0769	0.7686
1706	1303770557240	1	1.2081	1.0769	0.7686
1707	1303770557273	1	1.2081	1.0385	0.7971
1708	1303770557307	1	1.2081	1.0769	0.7686
1709	1303770557341	1	1.2081	1.0769	0.7686
1710	1303770557375	1	1.2081	1.0769	0.7686
1711	1303770557408	1	1.2081	1.0385	0.7971
1712	1303770557443	1	1.2081	1.0769	0.7686
1713	1303770557476	1	1.2081	1.0769	0.7686
1714	1303770557510	1	1.2081	1.0769	0.7686
1715	1303770557544	1	1.2081	1.0385	0.7971
1716	1303770557578	1	1.2081	1.0769	0.7686
1717	1303770557612	1	1.2081	1.0769	0.7686
1718	1303770557646	1	1.2081	1.0769	0.7686
1719	1303770557680	1	1.2081	1.0385	0.7971
1720	1303770557714	1	1.2081	1.0769	0.7686
1721	1303770557747	1	1.2081	1.0769	0.7686
1722	1303770557826	1	1.2081	1.0769	0.7686
1723	1303770557860	1	1.2081	1.0769	0.7686
1724	1303770557894	1	1.2081	1.0769	0.7686
1725	1303770557928	1	1.2081	1.0769	0.7686
1726	1303770557961	1	1.2081	1.0769	0.7686
1727	1303770557995	1	1.2081	1.0769	0.7686
1728	1303770558029	1	1.2081	1.0769	0.7686
1729	1303770558062	1	1.2081	1.0769	0.7686
1730	1303770558097	1	1.2081	1.0769	0.7686
1731	1303770558175	1	1.2081	1.0769	0.7686
1732	1303770558210	1	1.2081	1.0769	0.7686
1733	1303770558244	1	1.2081	1.0769	0.7686
1734	1303770558278	1	1.2081	1.0769	0.7686
1735	1303770558312	1	1.2081	1.0769	0.7686
1736	1303770558346	1	1.2081	1.0769	0.7686
1737	1303770558379	1	1.2081	1.0769	0.7686
1738	1303770558414	1	1.2081	1.0769	0.7686
1739	1303770558448	1	1.2081	1.0769	0.7686
1740	1303770558484	1	1.2081	1.0769	0.7686
1741	1303770558521	1	1.2081	1.0769	0.7686
1742	1303770558556	1	1.2081	1.0769	0.7686
1743	1303770558591	1	1.2264	1	0.8154
1744	1303770558626	1	1.2264	1.0385	0.7852
1745	1303770558660	1	1.2264	1.0385	0.7852
1746	1303770558742	1	1.2264	1.0385	0.7852
1747	1303770558781	1	1.2264	1.0385	0.7852
1748	1303770558816	1	1.2264	1.0385	0.7852
1749	1303770558850	1	1.2264	1.0769	0.7571
1750	1303770558884	1	1.2264	1.0385	0.7852
1751	1303770558917	1	1.2264	1.0769	0.7571
1752	1303770558951	1	1.2264	1.0385	0.7852
1753	1303770558985	1	1.2264	1.0769	0.7571
1754	1303770559019	1	1.2264	1.0385	0.7852
1755	1303770559052	1	1.2264	1.0769	0.7571
1756	1303770559086	1	1.2264	1.0769	0.7571
1757	1303770559118	1	1.2264	1.0769	0.7571
1758	1303770559152	1	1.2264	1.0769	0.7571
1759	1303770559186	1	1.2264	1.0385	0.7852
1760	1303770559220	1	1.2264	1.0769	0.7571
1761	1303770559254	1	1.2264	1.0769	0.7571
1762	1303770559288	1	1.2264	1.0769	0.7571
1763	1303770559321	1	1.2264	1.0769	0.7571
1764	1303770559355	1	1.2264	1.0769	0.7571
1765	1303770559389	1	1.2264	1.0769	0.7571
1766	1303770559422	1	1.2264	1.0769	0.7571
1767	1303770559455	1	1.2264	1.0769	0.7571
1768	1303770559489	1	1.2264	1.0769	0.7571
1769	1303770559522	1	1.2264	1.0769	0.7571
1770	1303770559556	1	1.2264	1.0769	0.7571
1771	1303770559591	1	1.2264	1.0769	0.7571
1772	1303770559624	1	1.2264	1.0769	0.7571
1773	1303770559658	1	1.2264	1.0769	0.7571
1774	1303770559691	1	1.2264	1.0769	0.7571
1775	1303770559725	1	1.2264	1.0769	0.7571
1776	1303770559758	1	1.2264	1.0769	0.7571
1777	1303770559792	1	1.2264	1.0769	0.7571
1778	1303770559871	1	1.2264	1.0769	0.7571
1779	1303770559950	1	1.2264	1.0769	0.7571
1780	1303770559983	1	1.2264	1.0769	0.7571
1781	1303770560018	1	1.2264	1.0769	0.7571
1782	1303770560052	1	1.2264	1.0769	0.7571
1783	1303770560086	1	1.2264	1.0769	0.7571
1784	1303770560119	1	1.2264	1.0769	0.7571
1785	1303770560153	1	1.2264	1.0769	0.7571
1786	1303770560188	1	1.2264	1.0769	0.7571
1787	1303770560222	1	1.2264	1.0769	0.7571
1788	1303770560255	1	1.2264	1.0769	0.7571
1789	1303770560289	1	1.2264	1.0769	0.7571
1790	1303770560322	1	1.2264	1.0769	0.7571
1791	1303770560400	1	1.2264	1.0769	0.7571
1792	1303770560434	1	1.2264	1.0769	0.7571
1793	1303770560469	1	1.2264	1.0769	0.7571
1794	1303770560503	1	1.2264	1.0769	0.7571
1795	1303770560537	1	1.2264	1.0769	0.7571
1796	1303770560570	1	1.2264	1.0769	0.7571
1797	1303770560605	1	1.2264	1.0769	0.7571
1798	1303770560639	1	1.2264	1.0769	0.7571
1799	1303770560673	1	1.2264	1.0769	0.7571
1800	1303770560706	1	1.2264	1.0769	0.7571
