0	1303772494147	0	0	0	0
1	1303772494156	0	0	0	0
2	1303772494165	0	0	0	0
3	1303772494185	0	0	0	0
4	1303772494240	0	0	0	0
5	1303772494251	0	0	0	0
6	1303772494262	0	0	0	0
7	1303772494273	0	0	0	0
8	1303772494285	0	0	0	0
9	1303772494297	0	0	0	0
10	1303772494312	0.5	0	0	0
11	1303772494352	0.5	0	0	0
12	1303772494384	0.5	1.0279	0	0
13	1303772494446	0.5	0.999	0	0
14	1303772494475	0.5	0.999	0	0
15	1303772494490	0.5	0.999	0	0
16	1303772494503	0.5	0.999	0	0
17	1303772494517	0.5	0.999	0	0
18	1303772494571	0.5	0.999	0	0
19	1303772494585	0.5	0.999	0	0
20	1303772494599	0.5	0.999	0	0
21	1303772494653	0.5	0.999	0	0
22	1303772494668	0.5	0.999	1.5	0.3337
23	1303772494685	0.5	0.999	1.5	0.3337
24	1303772494699	0.5	0.999	1.5	0.3337
25	1303772494714	0.5	0.999	1.5	0.3337
26	1303772494728	0.5	0.999	1.5	0.3337
27	1303772494743	0.5	0.999	1.5	0.3337
28	1303772494798	0.5	0.999	1.5	0.3337
29	1303772494813	0.5	0.999	1.3	0.385
30	1303772494828	0.5	0.999	1.1667	0.429
31	1303772494842	0.5	0.999	1	0.5005
32	1303772494900	0.5	0.999	1	0.5005
33	1303772494915	0.5	0.999	1.2	0.4171
34	1303772494930	0.5	0.999	1.3333	0.3754
35	1303772494945	0.5	0.999	1	0.5005
36	1303772494960	0.5	0.999	1	0.5005
37	1303772494975	0.5	0.999	1.1	0.455
38	1303772494990	0.5	0.999	1.1	0.455
39	1303772495005	0.5	0.999	1.1667	0.429
40	1303772495020	0.5	0.999	1.0833	0.462
41	1303772495038	0.5	0.999	1.1667	0.429
42	1303772495053	0.5	0.999	1	0.5005
43	1303772495069	0.5	0.999	1.0833	0.462
44	1303772495083	0.5	0.999	1.0833	0.462
45	1303772495098	0.5	0.999	1.1	0.455
46	1303772495114	0.5	0.999	1	0.5005
47	1303772495130	0.5	0.999	1	0.5005
48	1303772495146	0.5	0.999	1.1	0.455
49	1303772495202	0.5	0.999	1.1	0.455
50	1303772495218	0.5	0.999	1.1667	0.429
51	1303772495237	0.5	0.999	1.0833	0.462
52	1303772495253	0.5	0.999	1.0833	0.462
53	1303772495269	0.5	0.999	1.1	0.455
54	1303772495285	0.5	0.999	1.0833	0.462
55	1303772495302	0.5	0.999	1.0833	0.462
56	1303772495363	1	0.999	1.1667	0.858
57	1303772495381	1	0.999	1.0833	0.924
58	1303772495415	1	0.999	1.25	0.8008
59	1303772495451	1	0.999	1.0833	0.924
60	1303772495473	1	0.999	1.1667	0.858
61	1303772495490	1	0.999	1.0833	0.924
62	1303772495506	1	0.999	1.0833	0.924
63	1303772495525	1	0.999	1.0833	0.924
64	1303772495542	1	0.999	1.0833	0.924
65	1303772495559	1	0.999	1.0833	0.924
66	1303772495576	1	0.999	1.0833	0.924
67	1303772495593	1	0.999	1.0833	0.924
68	1303772495611	1	0.999	1.0833	0.924
69	1303772495628	1	0.999	1.0833	0.924
70	1303772495645	1	0.999	1.0833	0.924
71	1303772495665	1	0.999	1.0833	0.924
72	1303772495682	1	0.999	1.0833	0.924
73	1303772495699	1	0.999	1.0833	0.924
74	1303772495718	1	0.999	1.0833	0.924
75	1303772495737	1	0.999	1	1.001
76	1303772495755	1	0.999	1.0833	0.924
77	1303772495774	1	1	1.0833	0.9231
78	1303772495795	1	1	1.0833	0.9231
79	1303772495815	1	1	1	1
80	1303772495833	1	1	1	1
81	1303772495853	1	1	1.0833	0.9231
82	1303772495872	1	1	1.0833	0.9231
83	1303772495891	1	1	1	1
84	1303772495914	1	1	1	1
85	1303772495933	1	1	1.0833	0.9231
86	1303772495951	1	1	1	1
87	1303772495969	1	1	1	1
88	1303772495988	1	1	1.0833	0.9231
89	1303772496006	1	1	1	1
90	1303772496026	1	1	1	1
91	1303772496047	1	1	1.0833	0.9231
92	1303772496066	1	1	1	1
93	1303772496084	1	1	1	1
94	1303772496103	1	1	1.0833	0.9231
95	1303772496121	1	1	1	1
96	1303772496139	1	1	1	1
97	1303772496158	1	1	1	1
98	1303772496178	1	1	1	1
99	1303772496197	1	1	1	1
100	1303772496216	1	1	1	1
101	1303772496234	1	1	1	1
102	1303772496292	1	1	1	1
103	1303772496311	1	1	1	1
104	1303772496332	1	1	1	1
105	1303772496353	1	1	1	1
106	1303772496372	1	1	1	1
107	1303772496392	1	1	1	1
108	1303772496411	1	1	1	1
109	1303772496431	1	1	1	1
110	1303772496450	1	1	1	1
111	1303772496472	1	1	1	1
112	1303772496490	1	1	1	1
113	1303772496508	1	1	1	1
114	1303772496526	1	1	1	1
115	1303772496544	1	1	1	1
116	1303772496564	1	1	1	1
117	1303772496583	1	1	1	1
118	1303772496604	1	1	1	1
119	1303772496622	1	1	1	1
120	1303772496682	1	1.0183	1	0.982
121	1303772496702	1	1.0183	1.125	0.8729
122	1303772496721	1	1.0183	1.1875	0.827
123	1303772496741	1	1.0183	1.1875	0.827
124	1303772496761	1	1.0183	1.1875	0.827
125	1303772496827	1	1.0183	1.1875	0.827
126	1303772496847	1	1.0183	1.25	0.7856
127	1303772496866	1	1.0183	1.25	0.7856
128	1303772496886	1	1.0183	1.2727	0.7716
129	1303772496905	1	1.0183	1.2727	0.7716
130	1303772496924	1	1.0183	1.2727	0.7716
131	1303772496942	1	1.0183	1.2727	0.7716
132	1303772496963	1	1.0183	1.2727	0.7716
133	1303772496982	1	1.0183	1.25	0.7856
134	1303772497041	1	1.0183	1.2692	0.7737
135	1303772497059	1	1.0183	1.1538	0.8511
136	1303772497078	1	1.0183	1.0769	0.9119
137	1303772497138	1	1.0183	1.1538	0.8511
138	1303772497201	1	1.0183	1.1154	0.8805
139	1303772497225	1	1.0183	1.1071	0.887
140	1303772497244	1	1.0183	1.1071	0.887
141	1303772497264	1	1.0183	1.1071	0.887
142	1303772497283	1	1.0183	1.0714	0.9166
143	1303772497302	1	1.0183	1.1071	0.887
144	1303772497321	1	1.0183	1.1071	0.887
145	1303772497343	1	1.0183	1.1071	0.887
146	1303772497362	1	1.0183	1.0357	0.9482
147	1303772497380	1	1.0183	1.0714	0.9166
148	1303772497399	1	1.0183	1.0714	0.9166
149	1303772497418	1	1.0183	1.0714	0.9166
150	1303772497437	1	1.0183	1.0357	0.9482
151	1303772497455	1	1.0183	1.0714	0.9166
152	1303772497477	1	1.0183	1.0714	0.9166
153	1303772497537	1	1.0183	1.0714	0.9166
154	1303772497596	1	1.0183	1.0714	0.9166
155	1303772497656	1	1.0183	1.0714	0.9166
156	1303772497675	1	1.0183	1.0714	0.9166
157	1303772497694	1	1.0183	1.0714	0.9166
158	1303772497712	1	1.0183	1.0714	0.9166
159	1303772497775	1	1.0183	1.0714	0.9166
160	1303772497836	1	1.0183	1.0714	0.9166
161	1303772497854	1	1.0183	1.0714	0.9166
162	1303772497874	1	1.0183	1.0714	0.9166
163	1303772497894	1	1.0183	1.0714	0.9166
164	1303772497912	1	1.0183	1.0714	0.9166
165	1303772497935	1	1.0183	1.0667	0.9207
166	1303772497953	1	1.0183	1.0667	0.9207
167	1303772497972	1	1.0183	1.0667	0.9207
168	1303772498031	1	1.0183	1.0714	0.9166
169	1303772498050	1	1.0183	1.1	0.8928
170	1303772498070	1	1.0183	1.0667	0.9207
171	1303772498088	1	1.0183	1.0625	0.9243
172	1303772498110	1	1.0183	1.0667	0.9207
173	1303772498130	1	1.0183	1.0667	0.9207
174	1303772498149	1	1.0183	1.0625	0.9243
175	1303772498167	1	1.0183	1.0625	0.9243
176	1303772498187	1	1.0183	1.0625	0.9243
177	1303772498207	1	1.0183	1.0625	0.9243
178	1303772498225	1	1.0183	1.0625	0.9243
179	1303772498247	1	1.0183	1.0625	0.9243
180	1303772498267	1	1.007	1.0625	0.9346
181	1303772498297	1	1.0059	1.0625	0.9357
182	1303772498377	1	1.0059	1.0625	0.9357
183	1303772498403	1	1.0059	1.0625	0.9357
184	1303772498422	1	1.0059	1.0625	0.9357
185	1303772498444	1	1.0059	1.0625	0.9357
186	1303772498463	1	1.0059	1.0625	0.9357
187	1303772498481	1	1.0059	1.0625	0.9357
188	1303772498499	1	1.0059	1.0625	0.9357
189	1303772498517	1	1.0059	1.0625	0.9357
190	1303772498536	1	1.0059	1.0625	0.9357
191	1303772498555	1	1.0059	1.0625	0.9357
192	1303772498576	1	1.0059	1.0625	0.9357
193	1303772498594	1	1.0059	1.0625	0.9357
194	1303772498612	1	1.0059	1.0625	0.9357
195	1303772498631	1	1.0059	1.0625	0.9357
196	1303772498649	1	1.0059	1.0625	0.9357
197	1303772498668	1	1.0059	1.0625	0.9357
198	1303772498687	1	1.0059	1.0625	0.9357
199	1303772498708	1	1.0059	1.0625	0.9357
200	1303772498728	1	1.0059	1.0625	0.9357
201	1303772498748	1	1.0059	1.0625	0.9357
202	1303772498766	1	1.0059	1.0625	0.9357
203	1303772498784	1	1.0059	1.0625	0.9357
204	1303772498803	1	1.0059	1.0625	0.9357
205	1303772498822	1	1.0059	1.0625	0.9357
206	1303772498843	1	1.0059	1.0625	0.9357
207	1303772498862	1	1.0059	1.0625	0.9357
208	1303772498881	1	1.0059	1.0625	0.9357
209	1303772498900	1	1.0059	1.0625	0.9357
210	1303772498918	1	1.0059	1.0625	0.9357
211	1303772498937	1	1.0059	1.0625	0.9357
212	1303772498996	1	1.0059	1.0625	0.9357
213	1303772499017	1	1.0059	1.0625	0.9357
214	1303772499036	1	1.0059	1.0625	0.9357
215	1303772499055	1	1.0059	1.0625	0.9357
216	1303772499073	1	1.0059	1.0625	0.9357
217	1303772499093	1	1.0059	1.0625	0.9357
218	1303772499153	1	1.0059	1.0625	0.9357
219	1303772499174	1	1.0059	1.0625	0.9357
220	1303772499194	1	1.0059	1.0625	0.9357
221	1303772499213	1	1.0059	1.0625	0.9357
222	1303772499231	1	1.0059	1.0625	0.9357
223	1303772499250	1	1.0059	1.0625	0.9357
224	1303772499269	1	1.0059	1.0625	0.9357
225	1303772499288	1	1.0059	1.0625	0.9357
226	1303772499310	1	1.0059	1.0625	0.9357
227	1303772499329	1	1.0059	1.0625	0.9357
228	1303772499348	1	1.0059	1.0625	0.9357
229	1303772499407	1	1.0059	1.0625	0.9357
230	1303772499425	1	1.0059	1.0625	0.9357
231	1303772499444	1	1.0059	1.0625	0.9357
232	1303772499462	1	1.0059	1.0625	0.9357
233	1303772499484	1	1.0059	1.0625	0.9357
234	1303772499503	1	1.0059	1.0625	0.9357
235	1303772499522	1	1.0059	1.0625	0.9357
236	1303772499542	1	1.0059	1.0625	0.9357
237	1303772499561	1	1.0059	1.0625	0.9357
238	1303772499580	1	1.0059	1.0625	0.9357
239	1303772499599	1	1.0059	1.0625	0.9357
240	1303772499620	1	1.0059	1.0625	0.9357
241	1303772499639	1	1.0281	1.0625	0.9155
242	1303772499663	1	1.165	1.0625	0.8079
243	1303772499683	1	1.1638	1.0625	0.8087
244	1303772499703	1	1.1638	1.0588	0.8115
245	1303772499723	1	1.1638	1.0625	0.8087
246	1303772499786	1	1.1638	1.0625	0.8087
247	1303772499845	1	1.1638	1.0588	0.8115
248	1303772499864	1	1.1638	1.0588	0.8115
249	1303772499883	1	1.1638	1.0625	0.8087
250	1303772499902	1	1.1638	1.0588	0.8115
251	1303772499922	1	1.1638	1.0588	0.8115
252	1303772499941	1	1.1638	1.0588	0.8115
253	1303772499963	1	1.1638	1.0588	0.8115
254	1303772499983	1	1.1638	1.0588	0.8115
255	1303772500001	1	1.1638	1.0588	0.8115
256	1303772500020	1	1.1638	1.0588	0.8115
257	1303772500040	1	1.1639	1.0588	0.8115
258	1303772500060	1	1.1639	1.0588	0.8115
259	1303772500124	1	1.1639	1.0588	0.8115
260	1303772500146	1	1.1639	1.0588	0.8115
261	1303772500165	1	1.1639	1.0588	0.8115
262	1303772500184	1	1.1639	1.0588	0.8115
263	1303772500202	1	1.1639	1.0588	0.8115
264	1303772500221	1	1.1639	1.0588	0.8115
265	1303772500240	1	1.1639	1.0588	0.8115
266	1303772500262	1	1.1639	1.0588	0.8115
267	1303772500281	1	1.1639	1.0588	0.8115
268	1303772500339	1	1.1639	1.0588	0.8115
269	1303772500357	1	1.1639	1.0588	0.8115
270	1303772500376	1	1.1639	1.0588	0.8115
271	1303772500435	1	1.1639	1.0588	0.8115
272	1303772500454	1	1.1639	1.0588	0.8115
273	1303772500475	1	1.1639	1.0588	0.8115
274	1303772500494	1	1.1639	1.0588	0.8115
275	1303772500512	1	1.1639	1.0588	0.8115
276	1303772500531	1	1.1639	1.0588	0.8115
277	1303772500549	1	1.1639	1.0588	0.8115
278	1303772500568	1	1.1639	1.0588	0.8115
279	1303772500585	1	1.1639	1.0588	0.8115
280	1303772500606	1	1.1639	1.0588	0.8115
281	1303772500625	1	1.1639	1.0588	0.8115
282	1303772500643	1	1.1639	1.0588	0.8115
283	1303772500661	1	1.1639	1.0588	0.8115
284	1303772500680	1	1.1639	1.0588	0.8115
285	1303772500739	1	1.1639	1.0588	0.8115
286	1303772500758	1	1.1639	1.0588	0.8115
287	1303772500781	1	1.1639	1.0588	0.8115
288	1303772500799	1	1.1639	1.0588	0.8115
289	1303772500818	1	1.1639	1.0588	0.8115
290	1303772500838	1	1.1639	1.0588	0.8115
291	1303772500856	1	1.1639	1.0588	0.8115
292	1303772500875	1	1.1639	1.0588	0.8115
293	1303772500894	1	1.1639	1.0588	0.8115
294	1303772500915	1	1.1639	1.0588	0.8115
295	1303772500933	1	1.1639	1.0588	0.8115
296	1303772500959	1	1.1639	1.0588	0.8115
297	1303772500981	1	1.1639	1.0588	0.8115
298	1303772501000	1	1.1639	1.0588	0.8115
299	1303772501020	1	1.1639	1.0588	0.8115
300	1303772501039	1	1.1639	1.0588	0.8115
301	1303772501061	1	1.1639	1.0588	0.8115
302	1303772501080	1	1.1639	1.0588	0.8115
303	1303772501101	1	1.1997	1.0588	0.7872
304	1303772501121	1	1.1994	1.0588	0.7875
305	1303772501139	1	1.1994	1.0588	0.7875
306	1303772501158	1	1.1994	1.0588	0.7875
307	1303772501176	1	1.1994	1.0588	0.7875
308	1303772501198	1	1.1994	1.0588	0.7875
309	1303772501217	1	1.1994	1.0588	0.7875
310	1303772501235	1	1.1994	1.0588	0.7875
311	1303772501253	1	1.1994	1.0588	0.7875
312	1303772501272	1	1.1994	1.0588	0.7875
313	1303772501290	1	1.1994	1.0588	0.7875
314	1303772501309	1	1.1994	1.0588	0.7875
315	1303772501331	1	1.1994	1.0588	0.7875
316	1303772501349	1	1.1994	1.0588	0.7875
317	1303772501368	1	1.1994	1.0588	0.7875
318	1303772501387	1	1.1994	1.0588	0.7875
319	1303772501406	1	1.1994	1.0588	0.7875
320	1303772501425	1	1.1994	1.0588	0.7875
321	1303772501444	1	1.1995	1.0588	0.7873
322	1303772501466	1	1.1995	1.0588	0.7873
323	1303772501484	1	1.1995	1.0588	0.7873
324	1303772501503	1	1.1995	1.0588	0.7873
325	1303772501522	1	1.1995	1.0588	0.7873
326	1303772501540	1	1.1995	1.0588	0.7873
327	1303772501558	1	1.1995	1.0588	0.7873
328	1303772501576	1	1.1995	1.0588	0.7873
329	1303772501638	1	1.1995	1.0588	0.7873
330	1303772501658	1	1.1995	1.0588	0.7873
331	1303772501677	1	1.1995	1.0588	0.7873
332	1303772501696	1	1.1995	1.0588	0.7873
333	1303772501716	1	1.1995	1.0588	0.7873
334	1303772501735	1	1.1995	1.0588	0.7873
335	1303772501758	1	1.1995	1.0588	0.7873
336	1303772501776	1	1.1995	1.0588	0.7873
337	1303772501795	1	1.1995	1.0588	0.7873
338	1303772501814	1	1.1995	1.0588	0.7873
339	1303772501832	1	1.1995	1.0588	0.7873
340	1303772501851	1	1.1995	1.0588	0.7873
341	1303772501910	1	1.1995	1.0588	0.7873
342	1303772501932	1	1.1995	1.0588	0.7873
343	1303772501951	1	1.1995	1.0588	0.7873
344	1303772502010	1	1.1995	1.0588	0.7873
345	1303772502029	1	1.1995	1.0588	0.7873
346	1303772502048	1	1.1995	1.0588	0.7873
347	1303772502066	1	1.1995	1.0588	0.7873
348	1303772502085	1	1.1995	1.0588	0.7873
349	1303772502106	1	1.1995	1.0588	0.7873
350	1303772502127	1	1.1995	1.0588	0.7873
351	1303772502146	1	1.1995	1.0588	0.7873
352	1303772502166	1	1.1995	1.0588	0.7873
353	1303772502185	1	1.1995	1.0588	0.7873
354	1303772502204	1	1.1995	1.0588	0.7873
355	1303772502223	1	1.1995	1.0588	0.7873
356	1303772502245	1	1.1995	1.0588	0.7873
357	1303772502263	1	1.1995	1.0588	0.7873
358	1303772502282	1	1.1995	1.0588	0.7873
359	1303772502300	1	1.1995	1.0588	0.7873
360	1303772502319	1	1.1995	1.0588	0.7873
361	1303772502338	1	1.1995	1.0588	0.7873
362	1303772502357	1	1.1995	1.0588	0.7873
363	1303772502380	1	1.1995	1.0588	0.7873
364	1303772502443	1	1.2207	1.0588	0.7737
365	1303772502463	1	1.2207	1.0588	0.7737
366	1303772502481	1	1.2207	1.0588	0.7737
367	1303772502500	1	1.2207	1.0588	0.7737
368	1303772502519	1	1.2207	1.0588	0.7737
369	1303772502585	1	1.2207	1.0588	0.7737
370	1303772502649	1	1.2207	1.0588	0.7737
371	1303772502668	1	1.2207	1.0588	0.7737
372	1303772502687	1	1.2207	1.0588	0.7737
373	1303772502706	1	1.2207	1.0588	0.7737
374	1303772502724	1	1.2207	1.0588	0.7737
375	1303772502744	1	1.2207	1.0588	0.7737
376	1303772502765	1	1.2207	1.0588	0.7737
377	1303772502784	1	1.2207	1.0588	0.7737
378	1303772502804	1	1.2207	1.0588	0.7737
379	1303772502823	1	1.2207	1.0588	0.7737
380	1303772502842	1	1.2207	1.0588	0.7737
381	1303772502860	1	1.2207	1.0588	0.7737
382	1303772502880	1	1.2321	1.0588	0.7666
383	1303772502901	1	1.2321	1.0588	0.7666
384	1303772502920	1	1.2321	1.0588	0.7666
385	1303772502938	1	1.2321	1.0588	0.7666
386	1303772502957	1	1.2321	1.0588	0.7666
387	1303772502976	1	1.2321	1.0588	0.7666
388	1303772502995	1	1.2321	1.0588	0.7666
389	1303772503054	1	1.6979	1.0588	0.5562
390	1303772503076	1	1.6979	1.0588	0.5562
391	1303772503094	1	1.6979	1.0588	0.5562
392	1303772503113	1	1.6979	1.0588	0.5562
393	1303772503131	1	1.6979	1.0588	0.5562
394	1303772503150	1	1.6979	1.0588	0.5562
395	1303772503168	1	1.6979	1.0588	0.5562
396	1303772503186	1	1.6979	1.0588	0.5562
397	1303772503208	1	1.6979	1.0588	0.5562
398	1303772503226	1	1.6979	1.0588	0.5562
399	1303772503285	1	1.6979	1.0588	0.5562
400	1303772503304	1	1.6979	1.0588	0.5562
401	1303772503323	1	1.6979	1.0588	0.5562
402	1303772503342	1	1.6979	1.0588	0.5562
403	1303772503361	1	1.6979	1.0588	0.5562
404	1303772503382	1	1.6979	1.0588	0.5562
405	1303772503442	1	1.6979	1.0588	0.5562
406	1303772503461	1	1.6979	1.0588	0.5562
407	1303772503520	1	1.6979	1.0588	0.5562
408	1303772503540	1	1.6979	1.0588	0.5562
409	1303772503559	1	1.6979	1.0588	0.5562
410	1303772503579	1	1.6979	1.0588	0.5562
411	1303772503641	1	1.6979	1.0588	0.5562
412	1303772503660	1	1.6979	1.0588	0.5562
413	1303772503719	1	1.6979	1.0588	0.5562
414	1303772503738	1	1.6979	1.0588	0.5562
415	1303772503757	1	1.6979	1.0588	0.5562
416	1303772503777	1	1.6979	1.0588	0.5562
417	1303772503800	1	1.6979	1.0588	0.5562
418	1303772503859	1	1.6979	1.0588	0.5562
419	1303772503877	1	1.6979	1.0588	0.5562
420	1303772503938	1	1.6979	1.0588	0.5562
421	1303772503958	1	1.6979	1.0588	0.5562
422	1303772503978	1	1.6979	1.0588	0.5562
423	1303772503996	1	1.6979	1.0588	0.5562
424	1303772504059	1	1.6979	1.0588	0.5562
425	1303772504081	1	1.6999	1.0588	0.5556
426	1303772504100	1	1.6999	1.0588	0.5556
427	1303772504159	1	1.6999	1.0588	0.5556
428	1303772504178	1	1.6999	1.0588	0.5556
429	1303772504197	1	1.6999	1.0588	0.5556
430	1303772504219	1	1.6999	1.0588	0.5556
431	1303772504238	1	1.6999	1.0588	0.5556
432	1303772504302	1	1.6999	1.0588	0.5556
433	1303772504321	1	1.6999	1.0588	0.5556
434	1303772504340	1	1.6999	1.0588	0.5556
435	1303772504359	1	1.6999	1.0588	0.5556
436	1303772504378	1	1.6999	1.0588	0.5556
437	1303772504400	1	1.6999	1.0588	0.5556
438	1303772504419	1	1.6999	1.0588	0.5556
439	1303772504437	1	1.6999	1.0588	0.5556
440	1303772504456	1	1.6977	1.0588	0.5563
441	1303772504484	1	1.6977	1.0588	0.5563
442	1303772504503	1	1.6977	1.0588	0.5563
443	1303772504522	1	1.6977	1.0588	0.5563
444	1303772504544	1	1.6977	1.0588	0.5563
445	1303772504602	1	1.6977	1.0588	0.5563
446	1303772504621	1	1.6977	1.0588	0.5563
447	1303772504640	1	1.6977	1.0588	0.5563
448	1303772504659	1	1.6977	1.0588	0.5563
449	1303772504678	1	1.6977	1.0588	0.5563
450	1303772504698	1	1.6977	1.0588	0.5563
451	1303772504720	1	1.6977	1.0588	0.5563
452	1303772504740	1	1.6977	1.0588	0.5563
453	1303772504759	1	1.6977	1.0588	0.5563
454	1303772504778	1	1.6977	1.0588	0.5563
455	1303772504799	1	1.6977	1.0588	0.5563
456	1303772504818	1	1.6977	1.0588	0.5563
457	1303772504837	1	1.6977	1.0588	0.5563
458	1303772504858	1	1.6977	1.0588	0.5563
459	1303772504878	1	1.6977	1.0588	0.5563
460	1303772504938	1	1.6977	1.0588	0.5563
461	1303772504956	1	1.6977	1.0588	0.5563
462	1303772504975	1	1.6977	1.0588	0.5563
463	1303772504994	1	1.6977	1.0588	0.5563
464	1303772505058	1	1.6977	1.0588	0.5563
465	1303772505081	1	1.6977	1.0588	0.5563
466	1303772505100	1	1.6977	1.0588	0.5563
467	1303772505119	1	1.6977	1.0588	0.5563
468	1303772505139	1	1.6977	1.0588	0.5563
469	1303772505157	1	1.6977	1.0588	0.5563
470	1303772505177	1	1.6977	1.0588	0.5563
471	1303772505200	1	1.6977	1.0588	0.5563
472	1303772505260	1	1.6977	1.0588	0.5563
473	1303772505280	1	1.6977	1.0588	0.5563
474	1303772505298	1	1.6977	1.0588	0.5563
475	1303772505318	1	1.6977	1.0588	0.5563
476	1303772505337	1	1.6977	1.0588	0.5563
477	1303772505356	1	1.6977	1.0588	0.5563
478	1303772505379	1	1.6977	1.0588	0.5563
479	1303772505398	1	1.6977	1.0588	0.5563
480	1303772505417	1	1.6977	1.0588	0.5563
481	1303772505436	1	1.6977	1.0588	0.5563
482	1303772505454	1	1.6977	1.0588	0.5563
483	1303772505536	1	1.6977	1.0588	0.5563
484	1303772505555	1	1.6977	1.0588	0.5563
485	1303772505577	1	1.6977	1.0588	0.5563
486	1303772505600	1	1.6964	1.0588	0.5567
487	1303772505620	1	1.6964	1.0588	0.5567
488	1303772505639	1	1.6964	1.0588	0.5567
489	1303772505658	1	1.6964	1.0588	0.5567
490	1303772505717	1	1.6964	1.0588	0.5567
491	1303772505736	1	1.6964	1.0588	0.5567
492	1303772505758	1	1.6964	1.0588	0.5567
493	1303772505777	1	1.6964	1.0588	0.5567
494	1303772505796	1	1.6964	1.0588	0.5567
495	1303772505815	1	1.6964	1.0588	0.5567
496	1303772505833	1	1.6964	1.0588	0.5567
497	1303772505852	1	1.6964	1.0588	0.5567
498	1303772505871	1	1.6964	1.0588	0.5567
499	1303772505892	1	1.6964	1.0588	0.5567
500	1303772505910	1	1.6964	1.0588	0.5567
501	1303772505929	1	1.6915	1.0588	0.5583
502	1303772505948	1	1.6915	1.0588	0.5583
503	1303772506007	1	1.6915	1.0588	0.5583
504	1303772506026	1	1.6915	1.0588	0.5583
505	1303772506045	1	1.6915	1.0588	0.5583
506	1303772506067	1	1.6915	1.0588	0.5583
507	1303772506086	1	1.6915	1.0588	0.5583
508	1303772506146	1	1.6915	1.0588	0.5583
509	1303772506165	1	1.6915	1.0588	0.5583
510	1303772506185	1	1.6915	1.0588	0.5583
511	1303772506205	1	1.6915	1.0588	0.5583
512	1303772506226	1	1.6915	1.0588	0.5583
513	1303772506246	1	1.6915	1.0588	0.5583
514	1303772506265	1	1.6915	1.0588	0.5583
515	1303772506284	1	1.6915	1.0588	0.5583
516	1303772506349	1	1.6915	1.0588	0.5583
517	1303772506369	1	1.6915	1.0588	0.5583
518	1303772506389	1	1.6915	1.0588	0.5583
519	1303772506411	1	1.6915	1.0588	0.5583
520	1303772506430	1	1.6915	1.0588	0.5583
521	1303772506489	1	1.6915	1.0588	0.5583
522	1303772506509	1	1.6915	1.0588	0.5583
523	1303772506529	1	1.6915	1.0588	0.5583
524	1303772506548	1	1.6915	1.0588	0.5583
525	1303772506607	1	1.6915	1.0588	0.5583
526	1303772506629	1	1.6915	1.0588	0.5583
527	1303772506647	1	1.6915	1.0588	0.5583
528	1303772506666	1	1.6915	1.0588	0.5583
529	1303772506684	1	1.6915	1.0588	0.5583
530	1303772506704	1	1.6915	1.0588	0.5583
531	1303772506723	1	1.6915	1.0588	0.5583
532	1303772506743	1	1.6915	1.0588	0.5583
533	1303772506765	1	1.6915	1.0588	0.5583
534	1303772506784	1	1.6915	1.0588	0.5583
535	1303772506804	1	1.6915	1.0588	0.5583
536	1303772506824	1	1.6915	1.0588	0.5583
537	1303772506844	1	1.6915	1.0588	0.5583
538	1303772506863	1	1.6915	1.0588	0.5583
539	1303772506882	1	1.6915	1.0588	0.5583
540	1303772506903	1	1.6915	1.0588	0.5583
541	1303772506922	1	1.6915	1.0588	0.5583
542	1303772506941	1	1.6915	1.0588	0.5583
543	1303772506960	1	1.6915	1.0588	0.5583
544	1303772506979	1	1.6915	1.0588	0.5583
545	1303772506998	1	1.6915	1.0588	0.5583
546	1303772507019	1	1.6915	1.0588	0.5583
547	1303772507043	1	1.6924	1.0588	0.558
548	1303772507062	1	1.6924	1.0588	0.558
549	1303772507081	1	1.6924	1.0588	0.558
550	1303772507100	1	1.6924	1.0588	0.558
551	1303772507119	1	1.6924	1.0588	0.558
552	1303772507137	1	1.6924	1.0588	0.558
553	1303772507159	1	1.6924	1.0588	0.558
554	1303772507178	1	1.6924	1.0588	0.558
555	1303772507197	1	1.6924	1.0588	0.558
556	1303772507216	1	1.6924	1.0588	0.558
557	1303772507275	1	1.6924	1.0588	0.558
558	1303772507295	1	1.6924	1.0588	0.558
559	1303772507314	1	1.6924	1.0588	0.558
560	1303772507336	1	1.6924	1.0588	0.558
561	1303772507356	1	1.6924	1.0588	0.558
562	1303772507376	1	1.6893	1.0588	0.5591
563	1303772507396	1	1.6893	1.0588	0.5591
564	1303772507416	1	1.6893	1.0588	0.5591
565	1303772507435	1	1.6893	1.0588	0.5591
566	1303772507454	1	1.6893	1.0588	0.5591
567	1303772507476	1	1.6893	1.0588	0.5591
568	1303772507495	1	1.6893	1.0588	0.5591
569	1303772507515	1	1.6893	1.0588	0.5591
570	1303772507535	1	1.6893	1.0588	0.5591
571	1303772507554	1	1.6893	1.0588	0.5591
572	1303772507574	1	1.6893	1.0588	0.5591
573	1303772507593	1	1.6893	1.0588	0.5591
574	1303772507616	1	1.6893	1.0588	0.5591
575	1303772507635	1	1.6893	1.0588	0.5591
576	1303772507654	1	1.6893	1.0588	0.5591
577	1303772507673	1	1.6893	1.0588	0.5591
578	1303772507693	1	1.6893	1.0588	0.5591
579	1303772507712	1	1.6893	1.0588	0.5591
580	1303772507732	1	1.6893	1.0588	0.5591
581	1303772507754	1	1.6893	1.0588	0.5591
582	1303772507773	1	1.6893	1.0588	0.5591
583	1303772507791	1	1.6893	1.0588	0.5591
584	1303772507810	1	1.6893	1.0588	0.5591
585	1303772507828	1	1.6893	1.0588	0.5591
586	1303772507847	1	1.6893	1.0588	0.5591
587	1303772507865	1	1.6893	1.0588	0.5591
588	1303772507888	1	1.6893	1.0588	0.5591
589	1303772507907	1	1.6893	1.0588	0.5591
590	1303772507927	1	1.6893	1.0588	0.5591
591	1303772507945	1	1.6893	1.0588	0.5591
592	1303772507966	1	1.6893	1.0588	0.5591
593	1303772507985	1	1.6893	1.0588	0.5591
594	1303772508044	1	1.6893	1.0588	0.5591
595	1303772508066	1	1.6893	1.0588	0.5591
596	1303772508086	1	1.6893	1.0588	0.5591
597	1303772508106	1	1.6893	1.0588	0.5591
598	1303772508125	1	1.6893	1.0588	0.5591
599	1303772508145	1	1.6893	1.0588	0.5591
600	1303772508163	1	1.6893	1.0588	0.5591
601	1303772508182	1	1.6893	1.0588	0.5591
602	1303772508204	1	1.6893	1.0588	0.5591
603	1303772508224	1	1.6893	1.0588	0.5591
604	1303772508242	1	1.6893	1.0588	0.5591
605	1303772508261	1	1.6893	1.0588	0.5591
606	1303772508280	1	1.6893	1.0588	0.5591
607	1303772508299	1	1.6893	1.0588	0.5591
608	1303772508320	1	1.6893	1.0588	0.5591
609	1303772508342	1	1.6893	1.0588	0.5591
610	1303772508401	1	1.6893	1.0588	0.5591
611	1303772508420	1	1.6894	1.0588	0.559
612	1303772508439	1	1.6894	1.0588	0.559
613	1303772508458	1	1.6894	1.0588	0.559
614	1303772508478	1	1.6894	1.0588	0.559
615	1303772508497	1	1.6894	1.0588	0.559
616	1303772508520	1	1.6894	1.0588	0.559
617	1303772508539	1	1.6894	1.0588	0.559
618	1303772508558	1	1.6894	1.0588	0.559
619	1303772508578	1	1.6894	1.0588	0.559
620	1303772508597	1	1.6894	1.0588	0.559
621	1303772508615	1	1.6894	1.0588	0.559
622	1303772508635	1	1.6894	1.0588	0.559
623	1303772508656	1	1.6894	1.0588	0.559
624	1303772508715	1	1.6894	1.0588	0.559
625	1303772508734	1	1.6894	1.0588	0.559
626	1303772508753	1	1.6894	1.0588	0.559
627	1303772508773	1	1.6894	1.0588	0.559
628	1303772508791	1	1.6894	1.0588	0.559
629	1303772508814	1	1.6894	1.0588	0.559
630	1303772508833	1	1.6894	1.0588	0.559
631	1303772508852	1	1.6894	1.0588	0.559
632	1303772508873	1	1.6894	1.0588	0.559
633	1303772508892	1	1.6894	1.0588	0.559
634	1303772508911	1	1.6894	1.0588	0.559
635	1303772508930	1	1.6894	1.0588	0.559
636	1303772508992	1	1.6894	1.0588	0.559
637	1303772509010	1	1.6894	1.0588	0.559
638	1303772509029	1	1.6894	1.0588	0.559
639	1303772509048	1	1.6894	1.0588	0.559
640	1303772509066	1	1.6894	1.0588	0.559
641	1303772509085	1	1.6894	1.0588	0.559
642	1303772509104	1	1.6894	1.0588	0.559
643	1303772509167	1	1.6894	1.0588	0.559
644	1303772509186	1	1.6894	1.0588	0.559
645	1303772509206	1	1.6894	1.0588	0.559
646	1303772509225	1	1.6894	1.0588	0.559
647	1303772509244	1	1.6894	1.0588	0.559
648	1303772509264	1	1.6894	1.0588	0.559
649	1303772509283	1	1.6894	1.0588	0.559
650	1303772509305	1	1.6894	1.0588	0.559
651	1303772509323	1	1.6894	1.0588	0.559
652	1303772509342	1	1.6894	1.0588	0.559
653	1303772509360	1	1.6894	1.0588	0.559
654	1303772509379	1	1.6894	1.0588	0.559
655	1303772509398	1	1.6894	1.0588	0.559
656	1303772509418	1	1.6894	1.0588	0.559
657	1303772509440	1	1.6894	1.0588	0.559
658	1303772509504	1	1.6894	1.0588	0.559
659	1303772509523	1	1.6894	1.0588	0.559
660	1303772509542	1	1.6894	1.0588	0.559
661	1303772509561	1	1.6894	1.0588	0.559
662	1303772509581	1	1.6894	1.0588	0.559
663	1303772509600	1	1.6894	1.0588	0.559
664	1303772509662	1	1.6894	1.0588	0.559
665	1303772509681	1	1.6894	1.0588	0.559
666	1303772509700	1	1.6894	1.0588	0.559
667	1303772509719	1	1.6894	1.0588	0.559
668	1303772509739	1	1.6894	1.0588	0.559
669	1303772509761	1	1.6917	1.0588	0.5583
670	1303772509785	1	1.6917	1.0588	0.5583
671	1303772509805	1	1.6917	1.0588	0.5583
672	1303772509824	1	1.6917	1.0588	0.5583
673	1303772509842	1	1.6917	1.0588	0.5583
674	1303772509861	1	1.6917	1.0588	0.5583
675	1303772509880	1	1.6917	1.0588	0.5583
676	1303772509899	1	1.6917	1.0588	0.5583
677	1303772509921	1	1.6917	1.0588	0.5583
678	1303772509939	1	1.6917	1.0588	0.5583
679	1303772509959	1	1.6917	1.0588	0.5583
680	1303772509978	1	1.6917	1.0588	0.5583
681	1303772509997	1	1.6917	1.0588	0.5583
682	1303772510017	1	1.6917	1.0588	0.5583
683	1303772510036	1	1.6917	1.0588	0.5583
684	1303772510100	1	1.6917	1.0588	0.5583
685	1303772510119	1	1.6917	1.0588	0.5583
686	1303772510139	1	1.6917	1.0588	0.5583
687	1303772510158	1	1.6917	1.0588	0.5583
688	1303772510178	1	1.6917	1.0588	0.5583
689	1303772510197	1	1.6917	1.0588	0.5583
690	1303772510256	1	1.6917	1.0588	0.5583
691	1303772510319	1	1.6917	1.0588	0.5583
692	1303772510339	1	1.6917	1.0588	0.5583
693	1303772510358	1	1.7103	1.0588	0.5522
694	1303772510377	1	1.7103	1.0588	0.5522
695	1303772510397	1	1.7103	1.0588	0.5522
696	1303772510416	1	1.7103	1.0588	0.5522
697	1303772510437	1	1.7103	1.0588	0.5522
698	1303772510500	1	1.7103	1.0588	0.5522
699	1303772510519	1	1.7103	1.0588	0.5522
700	1303772510578	1	1.7103	1.0588	0.5522
701	1303772510597	1	1.7103	1.0588	0.5522
702	1303772510615	1	1.7103	1.0588	0.5522
703	1303772510635	1	1.7103	1.0588	0.5522
704	1303772510657	1	1.7103	1.0588	0.5522
705	1303772510676	1	1.7103	1.0588	0.5522
706	1303772510695	1	1.7103	1.0588	0.5522
707	1303772510755	1	1.7103	1.0588	0.5522
708	1303772510814	1	1.7103	1.0588	0.5522
709	1303772510833	1	1.7103	1.0588	0.5522
710	1303772510852	1	1.7103	1.0588	0.5522
711	1303772510874	1	1.7103	1.0588	0.5522
712	1303772510934	1	1.7103	1.0588	0.5522
713	1303772510953	1	1.7103	1.0588	0.5522
714	1303772510972	1	1.7103	1.0588	0.5522
715	1303772510990	1	1.7103	1.0588	0.5522
716	1303772511050	1	1.7103	1.0588	0.5522
717	1303772511069	1	1.7103	1.0588	0.5522
718	1303772511091	1	1.7103	1.0588	0.5522
719	1303772511110	1	1.7103	1.0588	0.5522
720	1303772511129	1	1.7103	1.0588	0.5522
721	1303772511148	1	1.7103	1.0588	0.5522
722	1303772511167	1	1.7103	1.0588	0.5522
723	1303772511187	1	1.7103	1.0588	0.5522
724	1303772511206	1	1.7103	1.0588	0.5522
725	1303772511228	1	1.7103	1.0588	0.5522
726	1303772511250	1	1.7103	1.0588	0.5522
727	1303772511270	1	1.7103	1.0588	0.5522
728	1303772511289	1	1.7103	1.0588	0.5522
729	1303772511309	1	1.7103	1.0588	0.5522
730	1303772511330	1	1.7105	1.0588	0.5522
731	1303772511352	1	1.7105	1.0588	0.5522
732	1303772511412	1	1.7105	1.0588	0.5522
733	1303772511431	1	1.7105	1.0588	0.5522
734	1303772511450	1	1.7105	1.0588	0.5522
735	1303772511469	1	1.7105	1.0588	0.5522
736	1303772511487	1	1.7105	1.0588	0.5522
737	1303772511506	1	1.7105	1.0588	0.5522
738	1303772511528	1	1.7105	1.0588	0.5522
739	1303772511547	1	1.7105	1.0588	0.5522
740	1303772511565	1	1.7105	1.0588	0.5522
741	1303772511624	1	1.7105	1.0588	0.5522
742	1303772511643	1	1.7105	1.0588	0.5522
743	1303772511663	1	1.7105	1.0588	0.5522
744	1303772511682	1	1.7105	1.0588	0.5522
745	1303772511704	1	1.6972	1.0588	0.5565
746	1303772511723	1	1.6972	1.0588	0.5565
747	1303772511743	1	1.6972	1.0588	0.5565
748	1303772511763	1	1.6972	1.0588	0.5565
749	1303772511783	1	1.6972	1.0588	0.5565
750	1303772511803	1	1.6972	1.0588	0.5565
751	1303772511822	1	1.6972	1.0588	0.5565
752	1303772511844	1	1.6972	1.0588	0.5565
753	1303772511908	1	1.6972	1.0588	0.5565
754	1303772511968	1	1.6972	1.0588	0.5565
755	1303772511987	1	1.6972	1.0588	0.5565
756	1303772512007	1	1.6972	1.0588	0.5565
757	1303772512026	1	1.6972	1.0588	0.5565
758	1303772512045	1	1.6972	1.0588	0.5565
759	1303772512111	1	1.6972	1.0588	0.5565
760	1303772512129	1	1.6972	1.0588	0.5565
761	1303772512148	1	1.6972	1.0588	0.5565
762	1303772512167	1	1.6972	1.0588	0.5565
763	1303772512186	1	1.6972	1.0588	0.5565
764	1303772512205	1	1.6972	1.0588	0.5565
765	1303772512267	1	1.6972	1.0588	0.5565
766	1303772512286	1	1.6972	1.0588	0.5565
767	1303772512305	1	1.6972	1.0588	0.5565
768	1303772512324	1	1.6972	1.0588	0.5565
769	1303772512343	1	1.6972	1.0588	0.5565
770	1303772512362	1	1.6972	1.0588	0.5565
771	1303772512381	1	1.6972	1.0588	0.5565
772	1303772512403	1	1.6972	1.0588	0.5565
773	1303772512424	1	1.6972	1.0588	0.5565
774	1303772512445	1	1.6972	1.0588	0.5565
775	1303772512470	1	1.6972	1.0588	0.5565
776	1303772512494	1	1.6972	1.0588	0.5565
777	1303772512513	1	1.6972	1.0588	0.5565
778	1303772512532	1	1.6972	1.0588	0.5565
779	1303772512554	1	1.6972	1.0588	0.5565
780	1303772512574	1	1.6972	1.0588	0.5565
781	1303772512592	1	1.6972	1.0588	0.5565
782	1303772512611	1	1.6972	1.0588	0.5565
783	1303772512631	1	1.6972	1.0588	0.5565
784	1303772512650	1	1.6972	1.0588	0.5565
785	1303772512669	1	1.6972	1.0588	0.5565
786	1303772512690	1	1.6972	1.0588	0.5565
787	1303772512710	1	1.6972	1.0588	0.5565
788	1303772512770	1	1.6972	1.0588	0.5565
789	1303772512789	1	1.6972	1.0588	0.5565
790	1303772512809	1	1.6972	1.0588	0.5565
791	1303772512830	1	1.6975	1.0588	0.5564
792	1303772512850	1	1.6975	1.0588	0.5564
793	1303772512873	1	1.6975	1.0588	0.5564
794	1303772512892	1	1.6975	1.0588	0.5564
795	1303772512911	1	1.6975	1.0588	0.5564
796	1303772512971	1	1.6975	1.0588	0.5564
797	1303772512990	1	1.6975	1.0588	0.5564
798	1303772513008	1	1.6975	1.0588	0.5564
799	1303772513028	1	1.6975	1.0588	0.5564
800	1303772513050	1	1.6975	1.0588	0.5564
801	1303772513069	1	1.6975	1.0588	0.5564
802	1303772513089	1	1.6975	1.0588	0.5564
803	1303772513109	1	1.6975	1.0588	0.5564
804	1303772513129	1	1.6975	1.0588	0.5564
805	1303772513148	1	1.6975	1.0588	0.5564
806	1303772513169	1	1.6942	1.0588	0.5575
807	1303772513191	1	1.6942	1.0588	0.5575
808	1303772513210	1	1.6942	1.0588	0.5575
809	1303772513230	1	1.6942	1.0588	0.5575
810	1303772513249	1	1.6942	1.0588	0.5575
811	1303772513268	1	1.6942	1.0588	0.5575
812	1303772513287	1	1.6942	1.0588	0.5575
813	1303772513306	1	1.6942	1.0588	0.5575
814	1303772513328	1	1.6942	1.0588	0.5575
815	1303772513347	1	1.6942	1.0588	0.5575
816	1303772513366	1	1.6942	1.0588	0.5575
817	1303772513424	1	1.6942	1.0588	0.5575
818	1303772513443	1	1.6942	1.0588	0.5575
819	1303772513461	1	1.6942	1.0588	0.5575
820	1303772513480	1	1.6942	1.0588	0.5575
821	1303772513502	1	1.6942	1.0588	0.5575
822	1303772513521	1	1.6942	1.0588	0.5575
823	1303772513540	1	1.6942	1.0588	0.5575
824	1303772513558	1	1.6942	1.0588	0.5575
825	1303772513577	1	1.6942	1.0588	0.5575
826	1303772513596	1	1.6942	1.0588	0.5575
827	1303772513616	1	1.6942	1.0588	0.5575
828	1303772513635	1	1.6942	1.0588	0.5575
829	1303772513653	1	1.6942	1.0588	0.5575
830	1303772513672	1	1.6942	1.0588	0.5575
831	1303772513692	1	1.6942	1.0588	0.5575
832	1303772513711	1	1.6942	1.0588	0.5575
833	1303772513730	1	1.6942	1.0588	0.5575
834	1303772513752	1	1.6942	1.0588	0.5575
835	1303772513771	1	1.6942	1.0588	0.5575
836	1303772513790	1	1.6942	1.0588	0.5575
837	1303772513808	1	1.6942	1.0588	0.5575
838	1303772513827	1	1.6942	1.0588	0.5575
839	1303772513846	1	1.6942	1.0588	0.5575
840	1303772513866	1	1.6942	1.0588	0.5575
841	1303772513888	1	1.6942	1.0588	0.5575
842	1303772513907	1	1.6942	1.0588	0.5575
843	1303772513926	1	1.6942	1.0588	0.5575
844	1303772513945	1	1.6942	1.0588	0.5575
845	1303772513965	1	1.6942	1.0588	0.5575
846	1303772513984	1	1.6942	1.0588	0.5575
847	1303772514003	1	1.6942	1.0588	0.5575
848	1303772514025	1	1.6942	1.0588	0.5575
849	1303772514044	1	1.6942	1.0588	0.5575
850	1303772514063	1	1.6942	1.0588	0.5575
851	1303772514083	1	1.6942	1.0588	0.5575
852	1303772514145	1	1.6942	1.0588	0.5575
853	1303772514164	1	1.6942	1.0588	0.5575
854	1303772514184	1	1.6942	1.0588	0.5575
855	1303772514206	1	1.6945	1.0588	0.5573
856	1303772514227	1	1.6945	1.0588	0.5573
857	1303772514246	1	1.6945	1.0588	0.5573
858	1303772514266	1	1.6945	1.0588	0.5573
859	1303772514286	1	1.6945	1.0588	0.5573
860	1303772514305	1	1.6945	1.0588	0.5573
861	1303772514324	1	1.6945	1.0588	0.5573
862	1303772514346	1	1.6945	1.0588	0.5573
863	1303772514365	1	1.6945	1.0588	0.5573
864	1303772514384	1	1.6945	1.0588	0.5573
865	1303772514402	1	1.6945	1.0588	0.5573
866	1303772514423	1	1.6945	1.0588	0.5573
867	1303772514442	1	1.6945	1.0588	0.5574
868	1303772514461	1	1.6945	1.0588	0.5574
869	1303772514482	1	1.6945	1.0588	0.5574
870	1303772514502	1	1.6945	1.0588	0.5574
871	1303772514522	1	1.6945	1.0588	0.5574
872	1303772514540	1	1.6945	1.0588	0.5574
873	1303772514558	1	1.6945	1.0588	0.5574
874	1303772514577	1	1.6945	1.0588	0.5574
875	1303772514596	1	1.6945	1.0588	0.5574
876	1303772514658	1	1.6945	1.0588	0.5574
877	1303772514678	1	1.6945	1.0588	0.5574
878	1303772514698	1	1.6945	1.0588	0.5574
879	1303772514716	1	1.6945	1.0588	0.5574
880	1303772514735	1	1.6945	1.0588	0.5574
881	1303772514754	1	1.6945	1.0588	0.5574
882	1303772514773	1	1.6945	1.0588	0.5574
883	1303772514794	1	1.6945	1.0588	0.5574
884	1303772514813	1	1.6945	1.0588	0.5574
885	1303772514832	1	1.6945	1.0588	0.5574
886	1303772514891	1	1.6945	1.0588	0.5574
887	1303772514909	1	1.6945	1.0588	0.5574
888	1303772514928	1	1.6945	1.0588	0.5574
889	1303772514946	1	1.6945	1.0588	0.5574
890	1303772514968	1	1.6945	1.0588	0.5574
891	1303772514987	1	1.6945	1.0588	0.5574
892	1303772515006	1	1.6945	1.0588	0.5574
893	1303772515025	1	1.6945	1.0588	0.5574
894	1303772515044	1	1.6945	1.0588	0.5574
895	1303772515063	1	1.6945	1.0588	0.5574
896	1303772515082	1	1.6945	1.0588	0.5574
897	1303772515103	1	1.6945	1.0588	0.5574
898	1303772515122	1	1.6945	1.0588	0.5574
899	1303772515181	1	1.6945	1.0588	0.5574
900	1303772515200	1	1.6945	1.0588	0.5574
901	1303772515219	1	1.6945	1.0588	0.5574
902	1303772515240	1	1.6945	1.0588	0.5574
903	1303772515304	1	1.6945	1.0588	0.5574
904	1303772515325	1	1.6945	1.0588	0.5574
905	1303772515385	1	1.4721	1.0588	0.6416
906	1303772515404	1	1.4721	1.0588	0.6416
907	1303772515463	1	1.4721	1.0588	0.6416
908	1303772515483	1	1.4721	1.0588	0.6416
909	1303772515543	1	1.4721	1.0588	0.6416
910	1303772515564	1	1.4721	1.0588	0.6416
911	1303772515584	1	1.4721	1.0588	0.6416
912	1303772515605	1	1.4721	1.0588	0.6416
913	1303772515627	1	1.4721	1.0588	0.6416
914	1303772515647	1	1.4721	1.0588	0.6416
915	1303772515666	1	1.4721	1.0588	0.6416
916	1303772515686	1	1.471	1.0588	0.6421
917	1303772515709	1	1.471	1.0588	0.6421
918	1303772515728	1	1.471	1.0588	0.6421
919	1303772515747	1	1.471	1.0588	0.6421
920	1303772515765	1	1.471	1.0588	0.6421
921	1303772515784	1	1.471	1.0588	0.6421
922	1303772515803	1	1.471	1.0588	0.6421
923	1303772515823	1	1.471	1.0588	0.6421
924	1303772515844	1	1.471	1.0588	0.6421
925	1303772515863	1	1.471	1.0588	0.6421
926	1303772515882	1	1.471	1.0588	0.6421
927	1303772515901	1	1.471	1.0588	0.6421
928	1303772515920	1	1.471	1.0588	0.6421
929	1303772515940	1	1.471	1.0588	0.6421
930	1303772515959	1	1.471	1.0588	0.6421
931	1303772515981	1	1.471	1.0588	0.6421
932	1303772516000	1	1.4753	1.0588	0.6402
933	1303772516060	1	1.4753	1.0588	0.6402
934	1303772516079	1	1.4753	1.0588	0.6402
935	1303772516099	1	1.4753	1.0588	0.6402
936	1303772516117	1	1.4753	1.0588	0.6402
937	1303772516139	1	1.4753	1.0588	0.6402
938	1303772516158	1	1.4753	1.0588	0.6402
939	1303772516217	1	1.4753	1.0588	0.6402
940	1303772516236	1	1.4753	1.0588	0.6402
941	1303772516254	1	1.4753	1.0588	0.6402
942	1303772516273	1	1.4753	1.0588	0.6402
943	1303772516292	1	1.4753	1.0588	0.6402
944	1303772516315	1	1.4753	1.0588	0.6402
945	1303772516333	1	1.4753	1.0588	0.6402
946	1303772516352	1	1.4753	1.0588	0.6402
947	1303772516372	1	1.4753	1.0588	0.6402
948	1303772516391	1	1.4753	1.0588	0.6402
949	1303772516411	1	1.4753	1.0588	0.6402
950	1303772516431	1	1.4753	1.0588	0.6402
951	1303772516452	1	1.4753	1.0588	0.6402
952	1303772516472	1	1.4753	1.0588	0.6402
953	1303772516491	1	1.4753	1.0588	0.6402
954	1303772516550	1	1.4753	1.0588	0.6402
955	1303772516569	1	1.4753	1.0588	0.6402
956	1303772516588	1	1.4753	1.0588	0.6402
957	1303772516608	1	1.4753	1.0588	0.6402
958	1303772516630	1	1.4753	1.0588	0.6402
959	1303772516650	1	1.4753	1.0588	0.6402
960	1303772516669	1	1.4753	1.0588	0.6402
961	1303772516689	1	1.4753	1.0588	0.6402
962	1303772516708	1	1.4753	1.0588	0.6402
963	1303772516729	1	1.4753	1.0588	0.6402
964	1303772516748	1	1.4753	1.0588	0.6402
965	1303772516770	1	1.4753	1.0588	0.6402
966	1303772516791	1	1.4753	1.0588	0.6402
967	1303772516811	1	1.4753	1.0588	0.6402
968	1303772516830	1	1.4753	1.0588	0.6402
969	1303772516849	1	1.4753	1.0588	0.6402
970	1303772516869	1	1.4753	1.0588	0.6402
971	1303772516889	1	1.4753	1.0588	0.6402
972	1303772516912	1	1.4753	1.0588	0.6402
973	1303772516972	1	1.4753	1.0588	0.6402
974	1303772516993	1	1.4754	1.0588	0.6401
975	1303772517013	1	1.4754	1.0588	0.6401
976	1303772517032	1	1.4754	1.0588	0.6401
977	1303772517052	1	1.4754	1.0588	0.6401
978	1303772517072	1	1.4754	1.0588	0.6401
979	1303772517094	1	1.4754	1.0588	0.6401
980	1303772517153	1	1.4754	1.0588	0.6401
981	1303772517173	1	1.4754	1.0588	0.6401
982	1303772517193	1	1.4754	1.0588	0.6401
983	1303772517213	1	1.4754	1.0588	0.6401
984	1303772517232	1	1.4754	1.0588	0.6401
985	1303772517256	1	1.4754	1.0588	0.6401
986	1303772517276	1	1.4754	1.0588	0.6401
987	1303772517336	1	1.4754	1.0588	0.6401
988	1303772517356	1	1.4754	1.0588	0.6401
989	1303772517375	1	1.4713	1.0588	0.6419
990	1303772517434	1	1.4713	1.0588	0.6419
991	1303772517454	1	1.4713	1.0588	0.6419
992	1303772517476	1	1.4713	1.0588	0.6419
993	1303772517534	1	1.4713	1.0588	0.6419
994	1303772517594	1	1.4713	1.0588	0.6419
995	1303772517613	1	1.4713	1.0588	0.6419
996	1303772517632	1	1.4713	1.0588	0.6419
997	1303772517651	1	1.4713	1.0588	0.6419
998	1303772517670	1	1.4713	1.0588	0.6419
999	1303772517693	1	1.4713	1.0588	0.6419
1000	1303772517754	1	1.4713	1.0588	0.6419
1001	1303772517773	1	1.4713	1.0588	0.6419
1002	1303772517792	1	1.4713	1.0588	0.6419
1003	1303772517811	1	1.4713	1.0588	0.6419
1004	1303772517830	1	1.4713	1.0588	0.6419
1005	1303772517849	1	1.4713	1.0588	0.6419
1006	1303772517870	1	1.4713	1.0588	0.6419
1007	1303772517929	1	1.4713	1.0588	0.6419
1008	1303772517994	1	1.4713	1.0588	0.6419
1009	1303772518014	1	1.4713	1.0588	0.6419
1010	1303772518073	1	1.4713	1.0588	0.6419
1011	1303772518092	1	1.4713	1.0588	0.6419
1012	1303772518114	1	1.4713	1.0588	0.6419
1013	1303772518134	1	1.4713	1.0588	0.6419
1014	1303772518154	1	1.4713	1.0588	0.6419
1015	1303772518174	1	1.4713	1.0588	0.6419
1016	1303772518234	1	1.4713	1.0588	0.6419
1017	1303772518254	1	1.4713	1.0588	0.6419
1018	1303772518274	1	1.4713	1.0588	0.6419
1019	1303772518297	1	1.4713	1.0588	0.6419
1020	1303772518316	1	1.4713	1.0588	0.6419
1021	1303772518335	1	1.4713	1.0588	0.6419
1022	1303772518356	1	1.4713	1.0588	0.6419
1023	1303772518376	1	1.4713	1.0588	0.6419
1024	1303772518395	1	1.4713	1.0588	0.6419
1025	1303772518414	1	1.4713	1.0588	0.6419
1026	1303772518438	1	1.4713	1.0588	0.6419
1027	1303772518458	1	1.4713	1.0588	0.6419
1028	1303772518478	1	1.4713	1.0588	0.6419
1029	1303772518498	1	1.4713	1.0588	0.6419
1030	1303772518517	1	1.4713	1.0588	0.6419
1031	1303772518537	1	1.4713	1.0588	0.6419
1032	1303772518569	1	1.4713	1.0588	0.6419
1033	1303772518592	1	1.4713	1.0588	0.6419
1034	1303772518612	1	1.4713	1.0588	0.6419
1035	1303772518634	1	1.4713	1.0588	0.6419
1036	1303772518654	1	1.4713	1.0588	0.6419
1037	1303772518673	1	1.4713	1.0588	0.6419
1038	1303772518693	1	1.4713	1.0588	0.6419
1039	1303772518714	1	1.4713	1.0588	0.6419
1040	1303772518737	1	1.4713	1.0588	0.6419
1041	1303772518757	1	1.4713	1.0588	0.6419
1042	1303772518777	1	1.4713	1.0588	0.6419
1043	1303772518797	1	1.4713	1.0588	0.6419
1044	1303772518816	1	1.4713	1.0588	0.6419
1045	1303772518835	1	1.4713	1.0588	0.6419
1046	1303772518855	1	1.4713	1.0588	0.6419
1047	1303772518877	1	1.4713	1.0588	0.6419
1048	1303772518897	1	1.4713	1.0588	0.6419
1049	1303772518928	1	1.4713	1.0588	0.6419
1050	1303772518947	1	1.4713	1.0588	0.6419
1051	1303772519009	1	1.4713	1.0588	0.6419
1052	1303772519029	1	1.4713	1.0588	0.6419
1053	1303772519051	1	1.4713	1.0588	0.6419
1054	1303772519070	1	1.4713	1.0588	0.6419
1055	1303772519091	1	1.4713	1.0588	0.6419
1056	1303772519111	1	1.4713	1.0588	0.6419
1057	1303772519131	1	1.4713	1.0588	0.6419
1058	1303772519151	1	1.4713	1.0588	0.6419
1059	1303772519170	1	1.4713	1.0588	0.6419
1060	1303772519192	1	1.4713	1.0588	0.6419
1061	1303772519211	1	1.4713	1.0588	0.6419
1062	1303772519231	1	1.4713	1.0588	0.6419
1063	1303772519251	1	1.4713	1.0588	0.6419
1064	1303772519270	1	1.4713	1.0588	0.6419
1065	1303772519289	1	1.4713	1.0588	0.6419
1066	1303772519309	1	1.4713	1.0588	0.6419
1067	1303772519331	1	1.4713	1.0588	0.6419
1068	1303772519350	1	1.4713	1.0588	0.6419
1069	1303772519370	1	1.4713	1.0588	0.6419
1070	1303772519389	1	1.4713	1.0588	0.6419
1071	1303772519408	1	1.4713	1.0588	0.6419
1072	1303772519560	1	1.4713	1.0588	0.6419
1073	1303772519581	1	1.4713	1.0588	0.6419
1074	1303772519644	1	1.4713	1.0588	0.6419
1075	1303772519664	1	1.4713	1.0588	0.6419
1076	1303772519683	1	1.4713	1.0588	0.6419
1077	1303772519703	1	1.4713	1.0588	0.6419
1078	1303772519723	1	1.4713	1.0588	0.6419
1079	1303772519783	1	1.4713	1.0588	0.6419
1080	1303772519802	1	1.4713	1.0588	0.6419
1081	1303772519825	1	1.4713	1.0588	0.6419
1082	1303772519844	1	1.4713	1.0588	0.6419
1083	1303772519863	1	1.4713	1.0588	0.6419
1084	1303772519883	1	1.4713	1.0588	0.6419
1085	1303772519902	1	1.4713	1.0588	0.6419
1086	1303772519921	1	1.4713	1.0588	0.6419
1087	1303772519981	1	1.4713	1.0588	0.6419
1088	1303772520003	1	1.4713	1.0588	0.6419
1089	1303772520023	1	1.4713	1.0588	0.6419
1090	1303772520044	1	1.4713	1.0588	0.6419
1091	1303772520063	1	1.4713	1.0588	0.6419
1092	1303772520083	1	1.4713	1.0588	0.6419
1093	1303772520104	1	1.4713	1.0588	0.6419
1094	1303772520124	1	1.4713	1.0588	0.6419
1095	1303772520148	1	1.4713	1.0588	0.6419
1096	1303772520169	1	1.4737	1.0588	0.6408
1097	1303772520189	1	1.4737	1.0588	0.6408
1098	1303772520208	1	1.4737	1.0588	0.6408
1099	1303772520228	1	1.4737	1.0588	0.6408
1100	1303772520248	1	1.4737	1.0588	0.6408
1101	1303772520307	1	1.0039	1.0588	0.9408
1102	1303772520330	1	1.0039	1.0588	0.9408
1103	1303772520349	1	1.0039	1.0588	0.9408
1104	1303772520369	1	1.0039	1.0588	0.9408
1105	1303772520388	1	1.0039	1.0588	0.9408
1106	1303772520406	1	1.0039	1.0588	0.9408
1107	1303772520425	1	1.0039	1.0588	0.9408
1108	1303772520444	1	1.0039	1.0588	0.9408
1109	1303772520467	1	1.0039	1.0588	0.9408
1110	1303772520486	1	1.0039	1.0588	0.9408
1111	1303772520505	1	1.0039	1.0588	0.9408
1112	1303772520524	1	1.0039	1.0588	0.9408
1113	1303772520544	1	1.0039	1.0588	0.9408
1114	1303772520563	1	1.0039	1.0588	0.9408
1115	1303772520582	1	1.0039	1.0588	0.9408
1116	1303772520604	1	1.0039	1.0588	0.9408
1117	1303772520623	1	1.0039	1.0588	0.9408
1118	1303772520642	1	1.0039	1.0588	0.9408
1119	1303772520663	1	1.0039	1.0588	0.9408
1120	1303772520682	1	1.0039	1.0588	0.9408
1121	1303772520701	1	1.0039	1.0588	0.9408
1122	1303772520720	1	1.0039	1.0588	0.9408
1123	1303772520742	1	1.0039	1.0588	0.9408
1124	1303772520762	1	1.0039	1.0588	0.9408
1125	1303772520781	1	1.0039	1.0588	0.9408
1126	1303772520800	1	1.0039	1.0588	0.9408
1127	1303772520819	1	1.0039	1.0588	0.9408
1128	1303772520839	1	1.0039	1.0588	0.9408
1129	1303772520862	1	1.0039	1.0588	0.9408
1130	1303772520883	1	1.0039	1.0588	0.9408
1131	1303772520903	1	1.0039	1.0588	0.9408
1132	1303772520922	1	1.0039	1.0588	0.9408
1133	1303772520942	1	1.0039	1.0588	0.9408
1134	1303772520962	1	1.0039	1.0588	0.9408
1135	1303772520982	1	1.0039	1.0588	0.9408
1136	1303772521005	1	1.0039	1.0588	0.9408
1137	1303772521025	1	1.0039	1.0588	0.9408
1138	1303772521044	1	1.0039	1.0588	0.9408
1139	1303772521064	1	1.0039	1.0588	0.9408
1140	1303772521083	1	1.0039	1.0588	0.9408
1141	1303772521104	1	1.0039	1.0588	0.9408
1142	1303772521124	1	1.0039	1.0588	0.9408
1143	1303772521146	1	1.0039	1.0588	0.9408
1144	1303772521165	1	1.0039	1.0588	0.9408
1145	1303772521184	1	1.0039	1.0588	0.9408
1146	1303772521203	1	1.0039	1.0588	0.9408
1147	1303772521222	1	1.0039	1.0588	0.9408
1148	1303772521241	1	1.0039	1.0588	0.9408
1149	1303772521260	1	1.0039	1.0588	0.9408
1150	1303772521283	1	1.0039	1.0588	0.9408
1151	1303772521303	1	1.0039	1.0588	0.9408
1152	1303772521324	1	1.0039	1.0588	0.9408
1153	1303772521344	1	1.0039	1.0588	0.9408
1154	1303772521365	1	1.0039	1.0588	0.9408
1155	1303772521385	1	1.0039	1.0588	0.9408
1156	1303772521406	1	1.0039	1.0588	0.9408
1157	1303772521431	1	1.0039	1.0588	0.9408
1158	1303772521452	1	1.0039	1.0588	0.9408
1159	1303772521472	1	1.0039	1.0588	0.9408
1160	1303772521494	1	1.0039	1.0588	0.9408
1161	1303772521514	1	1.0039	1.0588	0.9408
1162	1303772521534	1	1.0039	1.0588	0.9408
1163	1303772521553	1	1.0039	1.0588	0.9408
1164	1303772521575	1	1.0039	1.0588	0.9408
1165	1303772521595	1	1.0039	1.0588	0.9408
1166	1303772521615	1	1.0039	1.0588	0.9408
1167	1303772521635	1	1.0039	1.0588	0.9408
1168	1303772521655	1	1.0039	1.0588	0.9408
1169	1303772521674	1	1.0039	1.0588	0.9408
1170	1303772521694	1	1.0039	1.0588	0.9408
1171	1303772521717	1	1.0039	1.0588	0.9408
1172	1303772521737	1	1.0039	1.0588	0.9408
1173	1303772521757	1	1.0039	1.0588	0.9408
1174	1303772521777	1	1.0039	1.0588	0.9408
1175	1303772521796	1	1.0039	1.0588	0.9408
1176	1303772521816	1	1.0039	1.0588	0.9408
1177	1303772521836	1	1.0039	1.0588	0.9408
1178	1303772521858	1	1.0039	1.0588	0.9408
1179	1303772521878	1	1.0039	1.0588	0.9408
1180	1303772521899	1	1.0039	1.0588	0.9408
1181	1303772521919	1	1.0039	1.0588	0.9408
1182	1303772521939	1	1.0039	1.0588	0.9408
1183	1303772521959	1	1.0039	1.0588	0.9408
1184	1303772521979	1	1.0039	1.0588	0.9408
1185	1303772522002	1	1.0039	1.0588	0.9408
1186	1303772522063	1	1.0039	1.0588	0.9408
1187	1303772522083	1	1.0039	1.0588	0.9408
1188	1303772522103	1	1.0039	1.0588	0.9408
1189	1303772522123	1	1.0039	1.0588	0.9408
1190	1303772522184	1	1.0039	1.0588	0.9408
1191	1303772522207	1	1.0039	1.0588	0.9408
1192	1303772522227	1	1.0039	1.0588	0.9408
1193	1303772522247	1	1.0039	1.0588	0.9408
1194	1303772522266	1	1.0039	1.0588	0.9408
1195	1303772522286	1	1.0039	1.0588	0.9408
1196	1303772522307	1	1.0039	1.0588	0.9408
1197	1303772522328	1	1.0039	1.0588	0.9408
1198	1303772522350	1	1.0039	1.0588	0.9408
1199	1303772522370	1	1.0039	1.0588	0.9408
1200	1303772522391	1	1.0039	1.0588	0.9408
1201	1303772522411	1	1.0039	1.0588	0.9408
1202	1303772522431	1	1.0039	1.0588	0.9408
1203	1303772522451	1	1.0039	1.0588	0.9408
1204	1303772522471	1	1.0039	1.0588	0.9408
1205	1303772522494	1	1.0039	1.0588	0.9408
1206	1303772522515	1	1.0039	1.0588	0.9408
1207	1303772522535	1	1.0039	1.0588	0.9408
1208	1303772522555	1	1.0039	1.0588	0.9408
1209	1303772522574	1	1.0039	1.0588	0.9408
1210	1303772522594	1	1.0039	1.0588	0.9408
1211	1303772522615	1	1.0039	1.0588	0.9408
1212	1303772522638	1	1.0039	1.0588	0.9408
1213	1303772522659	1	1.0039	1.0588	0.9408
1214	1303772522680	1	1.0039	1.0588	0.9408
1215	1303772522700	1	1.0039	1.0588	0.9408
1216	1303772522720	1	1.0039	1.0588	0.9408
1217	1303772522741	1	1.0039	1.0588	0.9408
1218	1303772522765	1	1.0039	1.0588	0.9408
1219	1303772522789	1	1.0039	1.0588	0.9408
1220	1303772522810	1	1.0039	1.0588	0.9408
1221	1303772522830	1	1.0039	1.0588	0.9408
1222	1303772522850	1	1.0039	1.0588	0.9408
1223	1303772522870	1	1.0039	1.0588	0.9408
1224	1303772522890	1	1.0039	1.0588	0.9408
1225	1303772522910	1	1.0039	1.0588	0.9408
1226	1303772522973	1	1.0039	1.0588	0.9408
1227	1303772522993	1	1.0039	1.0588	0.9408
1228	1303772523013	1	1.0039	1.0588	0.9408
1229	1303772523033	1	1.0039	1.0588	0.9408
1230	1303772523052	1	1.0039	1.0588	0.9408
1231	1303772523073	1	1.0039	1.0588	0.9408
1232	1303772523093	1	1.0039	1.0588	0.9408
1233	1303772523116	1	1.0039	1.0588	0.9408
1234	1303772523137	1	1.0039	1.0588	0.9408
1235	1303772523157	1	1.0039	1.0588	0.9408
1236	1303772523177	1	1.0039	1.0588	0.9408
1237	1303772523197	1	1.0039	1.0588	0.9408
1238	1303772523217	1	1.0039	1.0588	0.9408
1239	1303772523240	1	1.0039	1.0588	0.9408
1240	1303772523259	1	1.0039	1.0588	0.9408
1241	1303772523279	1	1.0039	1.0588	0.9408
1242	1303772523299	1	1.0039	1.0588	0.9408
1243	1303772523320	1	1.0039	1.0588	0.9408
1244	1303772523339	1	1.0039	1.0588	0.9408
1245	1303772523359	1	1.0045	1.0588	0.9402
1246	1303772523383	1	1.0045	1.0588	0.9402
1247	1303772523403	1	1.0045	1.0588	0.9402
1248	1303772523423	1	1.0045	1.0588	0.9402
1249	1303772523443	1	1.0045	1.0588	0.9402
1250	1303772523463	1	1.0045	1.0588	0.9402
1251	1303772523483	1	1.0045	1.0588	0.9402
1252	1303772523502	1	1.0045	1.0588	0.9402
1253	1303772523525	1	1.0045	1.0588	0.9402
1254	1303772523545	1	1.0045	1.0588	0.9402
1255	1303772523565	1	1.0045	1.0588	0.9402
1256	1303772523586	1	1.0045	1.0588	0.9402
1257	1303772523647	1	1.0045	1.0588	0.9402
1258	1303772523666	1	1.0045	1.0588	0.9402
1259	1303772523687	1	1.0045	1.0588	0.9402
1260	1303772523711	1	1.0045	1.0588	0.9402
1261	1303772523731	1	1.0045	1.0588	0.9402
1262	1303772523751	1	1.0045	1.0588	0.9402
1263	1303772523771	1	1.0045	1.0588	0.9402
1264	1303772523791	1	1.0045	1.0588	0.9402
1265	1303772523811	1	1.0045	1.0588	0.9402
1266	1303772523831	1	1.0045	1.0588	0.9402
1267	1303772523898	1	1.0045	1.0588	0.9402
1268	1303772523918	1	1.0045	1.0588	0.9402
1269	1303772523938	1	1.0045	1.0588	0.9402
1270	1303772523958	1	1.0045	1.0588	0.9402
1271	1303772523978	1	1.0045	1.0588	0.9402
1272	1303772524043	1	1.0045	1.0588	0.9402
1273	1303772524064	1	1.0045	1.0588	0.9402
1274	1303772524087	1	1.0045	1.0588	0.9402
1275	1303772524107	1	1.0045	1.0588	0.9402
1276	1303772524127	1	1.0045	1.0588	0.9402
1277	1303772524147	1	1.0045	1.0588	0.9402
1278	1303772524170	1	1.0045	1.0588	0.9402
1279	1303772524199	1	1.0045	1.0588	0.9402
1280	1303772524227	1	1.0045	1.0588	0.9402
1281	1303772524249	1	1.0045	1.0588	0.9402
1282	1303772524269	1	1.0045	1.0588	0.9402
1283	1303772524289	1	1.0045	1.0588	0.9402
1284	1303772524309	1	1.0045	1.0588	0.9402
1285	1303772524329	1	1.0045	1.0588	0.9402
1286	1303772524349	1	1.0045	1.0588	0.9402
1287	1303772524372	1	1.0045	1.0588	0.9402
1288	1303772524392	1	1.0045	1.0588	0.9402
1289	1303772524412	1	1.0045	1.0588	0.9402
1290	1303772524432	1	1.0045	1.0588	0.9402
1291	1303772524453	1	1.0045	1.0588	0.9402
1292	1303772524473	1	1.0045	1.0588	0.9402
1293	1303772524493	1	1.0045	1.0588	0.9402
1294	1303772524516	1	1.0045	1.0588	0.9402
1295	1303772524536	1	1.0045	1.0588	0.9402
1296	1303772524557	1	1.0045	1.0588	0.9402
1297	1303772524578	1	1.0045	1.0588	0.9402
1298	1303772524597	1	1.0045	1.0588	0.9402
1299	1303772524617	1	1.0049	1.0588	0.9398
1300	1303772524637	1	1.0049	1.0588	0.9398
1301	1303772524660	1	1.0049	1.0588	0.9398
1302	1303772524681	1	1.0049	1.0588	0.9398
1303	1303772524702	1	1.0049	1.0588	0.9398
1304	1303772524723	1	1.0049	1.0588	0.9398
1305	1303772524784	1	1.0049	1.0588	0.9398
1306	1303772524804	1	1.0049	1.0588	0.9398
1307	1303772524864	1	1.0049	1.0588	0.9398
1308	1303772524888	1	1.0049	1.0588	0.9398
1309	1303772524954	1	1.0049	1.0588	0.9398
1310	1303772524975	1	1.0049	1.0588	0.9398
1311	1303772524995	1	1.0049	1.0588	0.9398
1312	1303772525015	1	1.0049	1.0588	0.9398
1313	1303772525036	1	1.0049	1.0588	0.9398
1314	1303772525057	1	1.0049	1.0588	0.9398
1315	1303772525081	1	1.0049	1.0588	0.9398
1316	1303772525101	1	1.0049	1.0588	0.9398
1317	1303772525178	1	1.0049	1.0588	0.9398
1318	1303772525198	1	1.0049	1.0588	0.9398
1319	1303772525220	1	1.0049	1.0588	0.9398
1320	1303772525241	1	1.0049	1.0588	0.9398
1321	1303772525264	1	1.0049	1.0588	0.9398
1322	1303772525284	1	1.0049	1.0588	0.9398
1323	1303772525304	1	1.0049	1.0588	0.9398
1324	1303772525324	1	1.0049	1.0588	0.9398
1325	1303772525344	1	1.0049	1.0588	0.9398
1326	1303772525365	1	1.0049	1.0588	0.9398
1327	1303772525385	1	1.0049	1.0588	0.9398
1328	1303772525408	1	1.0049	1.0588	0.9398
1329	1303772525430	1	1.0049	1.0588	0.9398
1330	1303772525491	1	1.0049	1.0588	0.9398
1331	1303772525510	1	1.0049	1.0588	0.9398
1332	1303772525530	1	1.0049	1.0588	0.9398
1333	1303772525550	1	1.0049	1.0588	0.9398
1334	1303772525571	1	1.0049	1.0588	0.9398
1335	1303772525593	1	1.0049	1.0588	0.9398
1336	1303772525614	1	1.0049	1.0588	0.9398
1337	1303772525634	1	1.0049	1.0588	0.9398
1338	1303772525695	1	1.0049	1.0588	0.9398
1339	1303772525717	1	1.0049	1.0588	0.9398
1340	1303772525743	1	1.0049	1.0588	0.9398
1341	1303772525809	1	1.0049	1.0588	0.9398
1342	1303772525834	1	1.0049	1.0588	0.9398
1343	1303772525854	1	1.0049	1.0588	0.9398
1344	1303772525914	1	1.0049	1.0588	0.9398
1345	1303772525935	1	1.0049	1.0588	0.9398
1346	1303772525955	1	1.0049	1.0588	0.9398
1347	1303772526015	1	1.0049	1.0588	0.9398
1348	1303772526038	1	1.0049	1.0588	0.9398
1349	1303772526098	1	1.0049	1.0588	0.9398
1350	1303772526118	1	1.0049	1.0588	0.9398
1351	1303772526138	1	1.0049	1.0588	0.9398
1352	1303772526159	1	1.0049	1.0588	0.9398
1353	1303772526179	1	1.0049	1.0588	0.9398
1354	1303772526199	1	1.0049	1.0588	0.9398
1355	1303772526223	1	1.0049	1.0588	0.9398
1356	1303772526243	1	1.0049	1.0588	0.9398
1357	1303772526263	1	1.0049	1.0588	0.9398
1358	1303772526283	1	1.0049	1.0588	0.9398
1359	1303772526304	1	1.0058	1.0588	0.939
1360	1303772526325	1	1.0058	1.0588	0.939
1361	1303772526344	1	1.0058	1.0588	0.939
1362	1303772526367	1	1.0058	1.0588	0.939
1363	1303772526387	1	1.0058	1.0588	0.939
1364	1303772526408	1	1.0058	1.0588	0.939
1365	1303772526427	1	1.0058	1.0588	0.939
1366	1303772526447	1	1.0058	1.0588	0.939
1367	1303772526468	1	1.0058	1.0588	0.939
1368	1303772526489	1	1.0058	1.0588	0.939
1369	1303772526512	1	1.0058	1.0588	0.939
1370	1303772526533	1	1.0058	1.0588	0.939
1371	1303772526552	1	1.0058	1.0588	0.939
1372	1303772526572	1	1.0058	1.0588	0.939
1373	1303772526592	1	1.0058	1.0588	0.939
1374	1303772526612	1	1.0058	1.0588	0.939
1375	1303772526631	1	1.0058	1.0588	0.939
1376	1303772526654	1	1.0058	1.0588	0.939
1377	1303772526674	1	1.0058	1.0588	0.939
1378	1303772526693	1	1.0058	1.0588	0.939
1379	1303772526713	1	1.0058	1.0588	0.939
1380	1303772526733	1	1.0058	1.0588	0.939
1381	1303772526752	1	1.0058	1.0588	0.939
1382	1303772526812	1	1.0058	1.0588	0.939
1383	1303772526835	1	1.0058	1.0588	0.939
1384	1303772526855	1	1.0058	1.0588	0.939
1385	1303772526874	1	1.0058	1.0588	0.939
1386	1303772526893	1	1.0058	1.0588	0.939
1387	1303772526913	1	1.0058	1.0588	0.939
1388	1303772526933	1	1.0058	1.0588	0.939
1389	1303772526955	1	1.0058	1.0588	0.939
1390	1303772526975	1	1.0058	1.0588	0.939
1391	1303772526995	1	1.0058	1.0588	0.939
1392	1303772527015	1	1.0058	1.0588	0.939
1393	1303772527035	1	1.0058	1.0588	0.939
1394	1303772527055	1	1.0058	1.0588	0.939
1395	1303772527114	1	1.0058	1.0588	0.939
1396	1303772527137	1	1.0058	1.0588	0.939
1397	1303772527157	1	1.0058	1.0588	0.939
1398	1303772527176	1	1.0058	1.0588	0.939
1399	1303772527238	1	1.0058	1.0588	0.939
1400	1303772527261	1	1.0058	1.0588	0.939
1401	1303772527290	1	1.0058	1.0588	0.939
1402	1303772527316	1	1.0058	1.0588	0.939
1403	1303772527341	1	1.0058	1.0588	0.939
1404	1303772527362	1	1.0058	1.0588	0.939
1405	1303772527382	1	1.0058	1.0588	0.939
1406	1303772527403	1	1.0058	1.0588	0.939
1407	1303772527423	1	1.0058	1.0588	0.939
1408	1303772527443	1	1.0058	1.0588	0.939
1409	1303772527466	1	1.0058	1.0588	0.939
1410	1303772527487	1	1.0058	1.0588	0.939
1411	1303772527507	1	1.0058	1.0588	0.939
1412	1303772527527	1	1.0058	1.0588	0.939
1413	1303772527546	1	1.0058	1.0588	0.939
1414	1303772527567	1	1.0058	1.0588	0.939
1415	1303772527588	1	1.0058	1.0588	0.939
1416	1303772527655	1	1.0058	1.0588	0.939
1417	1303772527716	1	1.0058	1.0588	0.939
1418	1303772527776	1	1.0058	1.0588	0.939
1419	1303772527797	1	1.0058	1.0588	0.939
1420	1303772527818	1	1.0066	1.0588	0.9383
1421	1303772527838	1	1.0066	1.0588	0.9383
1422	1303772527858	1	1.0066	1.0588	0.9383
1423	1303772527881	1	1.0066	1.0588	0.9383
1424	1303772527901	1	1.0066	1.0588	0.9383
1425	1303772527921	1	1.0066	1.0588	0.9383
1426	1303772527941	1	1.0066	1.0588	0.9383
1427	1303772527961	1	1.0066	1.0588	0.9383
1428	1303772527981	1	1.0066	1.0588	0.9383
1429	1303772528001	1	1.0066	1.0588	0.9383
1430	1303772528024	1	1.0066	1.0588	0.9383
1431	1303772528044	1	1.0066	1.0588	0.9383
1432	1303772528064	1	1.0066	1.0588	0.9383
1433	1303772528084	1	1.0066	1.0588	0.9383
1434	1303772528104	1	1.0066	1.0588	0.9383
1435	1303772528124	1	1.0066	1.0588	0.9383
1436	1303772528145	1	1.0066	1.0588	0.9383
1437	1303772528167	1	1.0066	1.0588	0.9383
1438	1303772528230	1	1.0066	1.0588	0.9383
1439	1303772528251	1	1.0066	1.0588	0.9383
1440	1303772528315	1	1.0066	1.0588	0.9383
1441	1303772528336	1	1.0066	1.0588	0.9383
1442	1303772528356	1	1.0066	1.0588	0.9383
1443	1303772528379	1	1.0066	1.0588	0.9383
1444	1303772528399	1	1.0066	1.0588	0.9383
1445	1303772528420	1	1.0066	1.0588	0.9383
1446	1303772528441	1	1.0066	1.0588	0.9383
1447	1303772528462	1	1.0066	1.0588	0.9383
1448	1303772528483	1	1.0066	1.0588	0.9383
1449	1303772528503	1	1.0066	1.0588	0.9383
1450	1303772528527	1	1.0066	1.0588	0.9383
1451	1303772528548	1	1.0066	1.0588	0.9383
1452	1303772528609	1	1.0066	1.0588	0.9383
1453	1303772528630	1	1.0066	1.0588	0.9383
1454	1303772528651	1	1.0066	1.0588	0.9383
1455	1303772528671	1	1.0066	1.0588	0.9383
1456	1303772528732	1	1.0066	1.0588	0.9383
1457	1303772528755	1	1.0066	1.0588	0.9383
1458	1303772528775	1	1.0066	1.0588	0.9383
1459	1303772528840	1	1.0066	1.0588	0.9383
1460	1303772528861	1	1.0066	1.0588	0.9383
1461	1303772528886	1	1.0066	1.0588	0.9383
1462	1303772528935	1	1.0066	1.0588	0.9383
1463	1303772529003	1	1.0066	1.0588	0.9383
1464	1303772529025	1	1.0066	1.0588	0.9383
1465	1303772529045	1	1.0066	1.0588	0.9383
1466	1303772529065	1	1.0066	1.0588	0.9383
1467	1303772529086	1	1.0066	1.0588	0.9383
1468	1303772529107	1	1.0066	1.0588	0.9383
1469	1303772529131	1	1.0066	1.0588	0.9383
1470	1303772529151	1	1.0066	1.0588	0.9383
1471	1303772529170	1	1.0066	1.0588	0.9383
1472	1303772529192	1	1.0066	1.0588	0.9383
1473	1303772529213	1	1.0066	1.0588	0.9383
1474	1303772529235	1	1.0066	1.0588	0.9383
1475	1303772529255	1	1.0066	1.0588	0.9383
1476	1303772529278	1	1.0066	1.0588	0.9383
1477	1303772529300	1	1.0066	1.0588	0.9383
1478	1303772529321	1	1.0066	1.0588	0.9383
1479	1303772529341	1	1.0066	1.0588	0.9383
1480	1303772529362	1	1.0066	1.0588	0.9383
1481	1303772529382	1	1.0073	1.0588	0.9376
1482	1303772529443	1	1.0073	1.0588	0.9376
1483	1303772529467	1	1.0073	1.0588	0.9376
1484	1303772529487	1	1.0073	1.0588	0.9376
1485	1303772529507	1	1.0073	1.0588	0.9376
1486	1303772529528	1	1.0073	1.0588	0.9376
1487	1303772529549	1	1.0073	1.0588	0.9376
1488	1303772529571	1	1.0073	1.0588	0.9376
1489	1303772529592	1	1.0073	1.0588	0.9376
1490	1303772529615	1	1.0073	1.0588	0.9376
1491	1303772529636	1	1.0073	1.0588	0.9376
1492	1303772529656	1	1.0073	1.0588	0.9376
1493	1303772529677	1	1.0073	1.0588	0.9376
1494	1303772529697	1	1.0073	1.0588	0.9376
1495	1303772529719	1	1.0073	1.0588	0.9376
1496	1303772529740	1	1.0073	1.0588	0.9376
1497	1303772529764	1	1.0073	1.0588	0.9376
1498	1303772529785	1	1.0073	1.0588	0.9376
1499	1303772529806	1	1.0073	1.0588	0.9376
1500	1303772529827	1	1.0073	1.0588	0.9376
1501	1303772529849	1	1.0073	1.0588	0.9376
1502	1303772529869	1	1.0073	1.0588	0.9376
1503	1303772529889	1	1.0073	1.0588	0.9376
1504	1303772529912	1	1.0073	1.0588	0.9376
1505	1303772529933	1	1.0073	1.0588	0.9376
1506	1303772529953	1	1.0073	1.0588	0.9376
1507	1303772529974	1	1.0073	1.0588	0.9376
1508	1303772529996	1	1.0073	1.0588	0.9376
1509	1303772530018	1	1.0073	1.0588	0.9376
1510	1303772530041	1	1.0073	1.0588	0.9376
1511	1303772530061	1	1.0073	1.0588	0.9376
1512	1303772530081	1	1.0073	1.0588	0.9376
1513	1303772530102	1	1.0073	1.0588	0.9376
1514	1303772530122	1	1.0073	1.0588	0.9376
1515	1303772530185	1	1.0073	1.0588	0.9376
1516	1303772530206	1	1.0073	1.0588	0.9376
1517	1303772530230	1	1.0073	1.0588	0.9376
1518	1303772530250	1	1.0073	1.0588	0.9376
1519	1303772530271	1	1.0073	1.0588	0.9376
1520	1303772530291	1	1.0073	1.0588	0.9376
1521	1303772530311	1	1.0073	1.0588	0.9376
1522	1303772530337	1	1.0073	1.0588	0.9376
1523	1303772530468	1	1.0073	1.0588	0.9376
1524	1303772530508	1	1.0073	1.0588	0.9376
1525	1303772530529	1	1.0073	1.0588	0.9376
1526	1303772530549	1	1.0073	1.0588	0.9376
1527	1303772530570	1	1.0073	1.0588	0.9376
1528	1303772530593	1	1.0073	1.0588	0.9376
1529	1303772530613	1	1.0073	1.0588	0.9376
1530	1303772530633	1	1.0073	1.0588	0.9376
1531	1303772530653	1	1.0073	1.0588	0.9376
1532	1303772530714	1	1.0073	1.0588	0.9376
1533	1303772530734	1	1.0073	1.0588	0.9376
1534	1303772530756	1	1.0073	1.0588	0.9376
1535	1303772530779	1	1.0073	1.0588	0.9376
1536	1303772530800	1	1.0073	1.0588	0.9376
1537	1303772530861	1	1.0073	1.0588	0.9376
1538	1303772530881	1	1.0073	1.0588	0.9376
1539	1303772530901	1	1.0073	1.0588	0.9376
1540	1303772530922	1	1.0073	1.0588	0.9376
1541	1303772530942	1	1.0073	1.0588	0.9376
1542	1303772531005	1	1.0073	1.0588	0.9376
1543	1303772531026	1	1.0084	1.0588	0.9366
1544	1303772531046	1	1.0084	1.0588	0.9366
1545	1303772531066	1	1.0084	1.0588	0.9366
1546	1303772531127	1	1.0084	1.0588	0.9366
1547	1303772531188	1	1.0084	1.0588	0.9366
1548	1303772531251	1	1.0084	1.0588	0.9366
1549	1303772531271	1	1.0084	1.0588	0.9366
1550	1303772531291	1	1.0084	1.0588	0.9366
1551	1303772531352	1	1.0084	1.0588	0.9366
1552	1303772531373	1	1.0084	1.0588	0.9366
1553	1303772531433	1	1.0084	1.0588	0.9366
1554	1303772531454	1	1.0084	1.0588	0.9366
1555	1303772531477	1	1.0084	1.0588	0.9366
1556	1303772531497	1	1.0084	1.0588	0.9366
1557	1303772531517	1	1.0084	1.0588	0.9366
1558	1303772531538	1	1.0084	1.0588	0.9366
1559	1303772531558	1	1.0084	1.0588	0.9366
1560	1303772531579	1	1.0084	1.0588	0.9366
1561	1303772531599	1	1.0084	1.0588	0.9366
1562	1303772531663	1	1.0084	1.0588	0.9366
1563	1303772531683	1	1.0084	1.0588	0.9366
1564	1303772531703	1	1.0084	1.0588	0.9366
1565	1303772531724	1	1.0084	1.0588	0.9366
1566	1303772531744	1	1.0084	1.0588	0.9366
1567	1303772531765	1	1.0084	1.0588	0.9366
1568	1303772531788	1	1.0084	1.0588	0.9366
1569	1303772531808	1	1.0084	1.0588	0.9366
1570	1303772531828	1	1.0084	1.0588	0.9366
1571	1303772531848	1	1.0084	1.0588	0.9366
1572	1303772531869	1	1.0084	1.0588	0.9366
1573	1303772531890	1	1.0084	1.0588	0.9366
1574	1303772531910	1	1.0084	1.0588	0.9366
1575	1303772531933	1	1.0084	1.0588	0.9366
1576	1303772531953	1	1.0084	1.0588	0.9366
1577	1303772531974	1	1.0084	1.0588	0.9366
1578	1303772531994	1	1.0084	1.0588	0.9366
1579	1303772532014	1	1.0084	1.0588	0.9366
1580	1303772532035	1	1.0084	1.0588	0.9366
1581	1303772532056	1	1.0084	1.0588	0.9366
1582	1303772532079	1	1.0084	1.0588	0.9366
1583	1303772532103	1	1.0084	1.0588	0.9366
1584	1303772532160	1	1.0084	1.0588	0.9366
1585	1303772532188	1	1.0084	1.0588	0.9366
1586	1303772532210	1	1.0084	1.0588	0.9366
1587	1303772532231	1	1.0084	1.0588	0.9366
1588	1303772532253	1	1.0084	1.0588	0.9366
1589	1303772532273	1	1.0084	1.0588	0.9366
1590	1303772532334	1	1.0084	1.0588	0.9366
1591	1303772532355	1	1.0084	1.0588	0.9366
1592	1303772532375	1	1.0084	1.0588	0.9366
1593	1303772532395	1	1.0084	1.0588	0.9366
1594	1303772532416	1	1.0084	1.0588	0.9366
1595	1303772532439	1	1.0084	1.0588	0.9366
1596	1303772532460	1	1.0084	1.0588	0.9366
1597	1303772532521	1	1.0084	1.0588	0.9366
1598	1303772532586	1	1.0084	1.0588	0.9366
1599	1303772532609	1	1.0084	1.0588	0.9366
1600	1303772532630	1	1.0084	1.0588	0.9366
1601	1303772532654	1	1.0084	1.0588	0.9366
1602	1303772532674	1	1.0084	1.0588	0.9366
1603	1303772532696	1	1.0084	1.0588	0.9366
1604	1303772532732	1	1.0084	1.0588	0.9366
1605	1303772532752	1	1.0084	1.0588	0.9366
1606	1303772532773	1	1.0084	1.0588	0.9366
1607	1303772532793	1	1.0084	1.0588	0.9366
1608	1303772532817	1	1.0084	1.0588	0.9366
1609	1303772532839	1	1.0084	1.0588	0.9366
1610	1303772532860	1	1.0084	1.0588	0.9366
1611	1303772532880	1	1.0084	1.0588	0.9366
1612	1303772532901	1	1.0084	1.0588	0.9366
1613	1303772532921	1	1.0084	1.0588	0.9366
1614	1303772532942	1	1.0084	1.0588	0.9366
1615	1303772532966	1	1.0084	1.0588	0.9366
1616	1303772532986	1	1.0084	1.0588	0.9366
1617	1303772533007	1	1.0084	1.0588	0.9366
1618	1303772533027	1	1.0084	1.0588	0.9366
1619	1303772533048	1	1.0084	1.0588	0.9366
1620	1303772533109	1	1.0084	1.0588	0.9366
1621	1303772533131	1	1.0084	1.0588	0.9366
1622	1303772533155	1	1.0084	1.0588	0.9366
1623	1303772533175	1	1.0084	1.0588	0.9366
1624	1303772533196	1	1.0084	1.0588	0.9366
1625	1303772533217	1	1.0084	1.0588	0.9366
1626	1303772533238	1	1.0084	1.0588	0.9366
1627	1303772533258	1	1.0084	1.0588	0.9366
1628	1303772533319	1	1.0084	1.0588	0.9366
1629	1303772533343	1	1.0084	1.0588	0.9366
1630	1303772533363	1	1.0084	1.0588	0.9366
1631	1303772533383	1	1.0084	1.0588	0.9366
1632	1303772533403	1	1.0084	1.0588	0.9366
1633	1303772533424	1	1.0084	1.0588	0.9366
1634	1303772533445	1	1.0084	1.0588	0.9366
1635	1303772533465	1	1.0084	1.0588	0.9366
1636	1303772533488	1	1.0084	1.0588	0.9366
1637	1303772533508	1	1.0084	1.0588	0.9366
1638	1303772533537	1	1.0084	1.0588	0.9366
1639	1303772533557	1	1.0084	1.0588	0.9366
1640	1303772533578	1	1.0084	1.0588	0.9366
1641	1303772533598	1	1.0084	1.0588	0.9366
1642	1303772533620	1	1.0084	1.0588	0.9366
1643	1303772533644	1	1.0084	1.0588	0.9366
1644	1303772533669	1	1.0084	1.0588	0.9366
1645	1303772533702	1	1.0083	1.0588	0.9366
1646	1303772533773	1	1.0083	1.0588	0.9366
1647	1303772533799	1	1.0083	1.0588	0.9366
1648	1303772533823	1	1.0083	1.0588	0.9366
1649	1303772533847	1	1.0083	1.0588	0.9366
1650	1303772533868	1	1.0083	1.0588	0.9366
1651	1303772533890	1	1.0083	1.0588	0.9366
1652	1303772533911	1	1.0083	1.0588	0.9366
1653	1303772533933	1	1.0083	1.0588	0.9366
1654	1303772533954	1	1.0083	1.0588	0.9366
1655	1303772533975	1	1.0083	1.0588	0.9366
1656	1303772533998	1	1.0083	1.0588	0.9366
1657	1303772534020	1	1.0083	1.0588	0.9366
1658	1303772534041	1	1.0083	1.0588	0.9366
1659	1303772534062	1	1.0083	1.0588	0.9366
1660	1303772534082	1	1.0083	1.0588	0.9367
1661	1303772534103	1	1.0083	1.0588	0.9366
1662	1303772534127	1	1.0083	1.0588	0.9366
1663	1303772534147	1	1.0083	1.0588	0.9366
1664	1303772534167	1	1.0083	1.0588	0.9366
1665	1303772534188	1	1.0083	1.0588	0.9366
1666	1303772534209	1	1.0083	1.0588	0.9366
1667	1303772534231	1	1.0083	1.0588	0.9366
1668	1303772534252	1	1.0083	1.0588	0.9366
1669	1303772534275	1	1.0083	1.0588	0.9366
1670	1303772534295	1	1.0083	1.0588	0.9366
1671	1303772534317	1	1.0083	1.0588	0.9366
1672	1303772534339	1	1.0083	1.0588	0.9366
1673	1303772534360	1	1.0083	1.0588	0.9366
1674	1303772534381	1	1.0083	1.0588	0.9366
1675	1303772534403	1	1.0083	1.0588	0.9366
1676	1303772534427	1	1.0083	1.0588	0.9366
1677	1303772534447	1	1.0083	1.0588	0.9366
1678	1303772534468	1	1.0083	1.0588	0.9366
1679	1303772534489	1	1.0083	1.0588	0.9366
1680	1303772534510	1	1.0083	1.0588	0.9366
1681	1303772534531	1	1.0083	1.0588	0.9366
1682	1303772534551	1	1.0083	1.0588	0.9366
1683	1303772534574	1	1.0083	1.0588	0.9366
1684	1303772534594	1	1.0083	1.0588	0.9366
1685	1303772534615	1	1.0083	1.0588	0.9366
1686	1303772534635	1	1.0083	1.0588	0.9366
1687	1303772534656	1	1.0083	1.0588	0.9366
1688	1303772534677	1	1.0083	1.0588	0.9366
1689	1303772534697	1	1.0083	1.0588	0.9366
1690	1303772534721	1	1.0083	1.0588	0.9366
1691	1303772534742	1	1.0083	1.0588	0.9366
1692	1303772534763	1	1.0083	1.0588	0.9366
1693	1303772534785	1	1.0083	1.0588	0.9366
1694	1303772534806	1	1.0083	1.0588	0.9366
1695	1303772534827	1	1.0083	1.0588	0.9366
1696	1303772534847	1	1.0083	1.0588	0.9366
1697	1303772534872	1	1.0083	1.0588	0.9366
1698	1303772534893	1	1.0083	1.0588	0.9366
1699	1303772534914	1	1.0083	1.0588	0.9366
1700	1303772534934	1	1.0083	1.0588	0.9366
1701	1303772534955	1	1.0083	1.0588	0.9366
1702	1303772534977	1	1.0083	1.0588	0.9366
1703	1303772534998	1	1.0083	1.0588	0.9366
1704	1303772535021	1	1.0087	1.0588	0.9363
1705	1303772535046	1	1.0087	1.0588	0.9363
1706	1303772535121	1	1.0087	1.0588	0.9363
1707	1303772535146	1	1.0087	1.0588	0.9363
1708	1303772535171	1	1.0087	1.0588	0.9363
1709	1303772535193	1	1.0087	1.0588	0.9363
1710	1303772535218	1	1.0088	1.0588	0.9362
1711	1303772535240	1	1.0088	1.0588	0.9362
1712	1303772535261	1	1.0088	1.0588	0.9362
1713	1303772535283	1	1.0088	1.0588	0.9362
1714	1303772535304	1	1.0088	1.0588	0.9362
1715	1303772535370	1	1.0088	1.0588	0.9362
1716	1303772535392	1	1.0088	1.0588	0.9362
1717	1303772535416	1	1.0088	1.0588	0.9362
1718	1303772535438	1	1.0088	1.0588	0.9362
1719	1303772535461	1	1.0088	1.0588	0.9362
1720	1303772535483	1	1.0088	1.0588	0.9362
1721	1303772535505	1	1.0088	1.0588	0.9362
1722	1303772535526	1	1.0088	1.0588	0.9362
1723	1303772535548	1	1.0088	1.0588	0.9362
1724	1303772535572	1	1.0088	1.0588	0.9362
1725	1303772535593	1	1.0088	1.0588	0.9362
1726	1303772535654	1	1.0088	1.0588	0.9362
1727	1303772535676	1	1.0088	1.0588	0.9362
1728	1303772535698	1	1.0088	1.0588	0.9362
1729	1303772535720	1	1.0088	1.0588	0.9362
1730	1303772535742	1	1.0088	1.0588	0.9362
1731	1303772535766	1	1.0088	1.0588	0.9362
1732	1303772535788	1	1.0088	1.0588	0.9362
1733	1303772535810	1	1.0088	1.0588	0.9362
1734	1303772535831	1	1.0088	1.0588	0.9362
1735	1303772535851	1	1.0088	1.0588	0.9362
1736	1303772535872	1	1.0113	1.0588	0.9339
1737	1303772535893	1	1.0113	1.0588	0.9339
1738	1303772535917	1	1.0113	1.0588	0.9339
1739	1303772535938	1	1.0113	1.0588	0.9339
1740	1303772535958	1	1.0113	1.0588	0.9339
1741	1303772535979	1	1.0113	1.0588	0.9339
1742	1303772536000	1	1.0113	1.0588	0.9339
1743	1303772536020	1	1.0113	1.0588	0.9339
1744	1303772536044	1	1.0113	1.0588	0.9339
1745	1303772536106	1	1.0113	1.0588	0.9339
1746	1303772536127	1	1.0113	1.0588	0.9339
1747	1303772536148	1	1.0113	1.0588	0.9339
1748	1303772536168	1	1.0113	1.0588	0.9339
1749	1303772536190	1	1.0113	1.0588	0.9339
1750	1303772536211	1	1.0113	1.0588	0.9339
1751	1303772536236	1	1.0113	1.0588	0.9339
1752	1303772536296	1	1.0113	1.0588	0.9339
1753	1303772536317	1	1.0113	1.0588	0.9339
1754	1303772536338	1	1.0113	1.0588	0.9339
1755	1303772536360	1	1.0113	1.0588	0.9339
1756	1303772536382	1	1.0113	1.0588	0.9339
1757	1303772536404	1	1.0113	1.0588	0.9339
1758	1303772536429	1	1.0113	1.0588	0.9339
1759	1303772536496	1	1.0113	1.0588	0.9339
1760	1303772536517	1	1.0113	1.0588	0.9339
1761	1303772536538	1	1.0113	1.0588	0.9339
1762	1303772536558	1	1.0113	1.0588	0.9339
1763	1303772536579	1	1.0113	1.0588	0.9339
1764	1303772536600	1	1.0113	1.0588	0.9339
1765	1303772536624	1	1.0113	1.0588	0.9339
1766	1303772536651	1	1.0113	1.0588	0.9339
1767	1303772536686	1	1.0113	1.0588	0.9339
1768	1303772536711	1	1.0113	1.0588	0.9339
1769	1303772536739	1	1.0113	1.0588	0.9339
1770	1303772536762	1	1.0113	1.0588	0.9339
1771	1303772536786	1	1.0113	1.0588	0.9339
1772	1303772536808	1	1.0113	1.0588	0.9339
1773	1303772536830	1	1.0113	1.0588	0.9339
1774	1303772536852	1	1.0113	1.0588	0.9339
1775	1303772536873	1	1.0113	1.0588	0.9339
1776	1303772536894	1	1.0117	1.0588	0.9336
1777	1303772536915	1	1.0117	1.0588	0.9336
1778	1303772536938	1	1.0117	1.0588	0.9336
1779	1303772536959	1	1.0117	1.0588	0.9336
1780	1303772536981	1	1.0117	1.0588	0.9336
1781	1303772537002	1	1.0117	1.0588	0.9336
1782	1303772537023	1	1.0117	1.0588	0.9336
1783	1303772537084	1	1.0023	1.0588	0.9423
1784	1303772537105	1	1.0023	1.0588	0.9423
1785	1303772537129	1	1.0023	1.0588	0.9423
1786	1303772537148	1	1.0023	1.0588	0.9423
1787	1303772537168	1	1.0023	1.0588	0.9423
1788	1303772537188	1	1.0023	1.0588	0.9423
1789	1303772537207	1	1.0023	1.0588	0.9423
1790	1303772537227	1	1.0023	1.0588	0.9423
1791	1303772537247	1	1.0023	1.0588	0.9423
1792	1303772537310	1	1.0023	1.0588	0.9423
1793	1303772537329	1	1.0023	1.0588	0.9423
1794	1303772537349	1	1.0023	1.0588	0.9423
1795	1303772537369	1	1.0023	1.0588	0.9423
1796	1303772537389	1	1.0023	1.0588	0.9423
1797	1303772537409	1	1.0023	1.0588	0.9423
1798	1303772537428	1	1.0023	1.0588	0.9423
1799	1303772537451	1	1.0023	1.0588	0.9423
1800	1303772537471	1	1.0023	1.0588	0.9423
