0	1303771493798	0	0	0	0
1	1303771493807	0	0	0	0
2	1303771493817	0	0	0	0
3	1303771493842	0	0	0	0
4	1303771493855	0	0	0	0
5	1303771493867	0	0	0	0
6	1303771493881	0	0	0	0
7	1303771493894	0	0	0	0
8	1303771493907	0	0	0	0
9	1303771493963	0	0	0	0
10	1303771493978	0	0	0	0
11	1303771493994	0	0	0	0
12	1303771494008	0	0	0	0
13	1303771494068	0	0	0	0
14	1303771494082	0	0	0	0
15	1303771494097	0	0	0	0
16	1303771494112	0	0	0	0
17	1303771494169	0	0	0	0
18	1303771494185	0	0	0	0
19	1303771494201	0	0	0	0
20	1303771494217	0	0	0	0
21	1303771494233	0	0	0	0
22	1303771494248	0	0	0	0
23	1303771494264	0	0	0	0
24	1303771494281	0	0	0	0
25	1303771494296	0	0	0	0
26	1303771494314	0	0	0	0
27	1303771494329	0	0	0	0
28	1303771494346	0	0	0	0
29	1303771494361	0	0	0	0
30	1303771494377	0	0	0	0
31	1303771494394	0	0	0	0
32	1303771494410	0	0	0	0
33	1303771494427	0	0	0	0
34	1303771494449	1	0	0	0
35	1303771494497	1	0	0	0
36	1303771494535	1	0	0	0
37	1303771494556	1	1.1243	0	0
38	1303771494584	1	1.1082	0	0
39	1303771494654	1	1.1082	0	0
40	1303771494683	1	1.1082	0	0
41	1303771494711	1	1.1082	1.5	0.6016
42	1303771494738	1	1.1082	1.5	0.6016
43	1303771494766	1	1.1082	1.5	0.6016
44	1303771494793	1	1.1082	1.5	0.6016
45	1303771494820	1	1.1082	1.5	0.6016
46	1303771494848	1	1.1082	1.5	0.6016
47	1303771494876	1	1.1082	1.4167	0.6369
48	1303771494903	1	1.1082	1.4167	0.6369
49	1303771494929	1	1.1082	1.2857	0.7018
50	1303771494955	1	1.1082	1.2143	0.7431
51	1303771494983	1	1.1082	1.1875	0.7599
52	1303771495010	1	1.1082	1.1667	0.7734
53	1303771495035	1	1.1082	1.2143	0.7431
54	1303771495061	1	1.1082	1.1875	0.7599
55	1303771495086	1	1.1082	1.1875	0.7599
56	1303771495112	1	1.1082	1.1875	0.7599
57	1303771495138	1	1.1082	1.1667	0.7734
58	1303771495164	1	1.1082	1.125	0.8021
59	1303771495190	1	1.1082	1.0625	0.8493
60	1303771495257	1	1.1082	1.125	0.8021
61	1303771495284	1	1.1082	1.125	0.8021
62	1303771495308	1	1.1082	1.1111	0.8121
63	1303771495334	1	1.1082	1.125	0.8021
64	1303771495359	1	1.1082	1.1111	0.8121
65	1303771495385	1	1.1082	1.125	0.8021
66	1303771495410	1	1.1082	1.1111	0.8121
67	1303771495435	1	1.1082	1.1111	0.8121
68	1303771495503	1	1.1082	1.1111	0.8121
69	1303771495528	1	1.1082	1.0625	0.8493
70	1303771495553	1	1.1082	1.1	0.8203
71	1303771495579	1	1.1082	1.05	0.8594
72	1303771495603	1	1.1082	1.05	0.8594
73	1303771495627	1	1.1082	1.1	0.8203
74	1303771495652	1	1.1082	1.1	0.8203
75	1303771495677	1	1.1082	1.1	0.8203
76	1303771495703	1	1.1082	1.0909	0.8271
77	1303771495768	1	1.1082	1.1	0.8203
78	1303771495792	1	1.1082	1.1	0.8203
79	1303771495819	1	1.1082	1.0909	0.8271
80	1303771495844	1	1.1082	1.1	0.8203
81	1303771495869	1	1.1082	1.1	0.8203
82	1303771495895	1	1.1082	1.0909	0.8271
83	1303771495918	1	1.1082	1.0909	0.8271
84	1303771495944	1	1.1082	1.0909	0.8271
85	1303771496010	1	1.1082	1.0909	0.8271
86	1303771496036	1	1.1082	1.1	0.8203
87	1303771496105	1	1.1082	1.0909	0.8271
88	1303771496132	1	1.1082	1.0909	0.8271
89	1303771496157	1	1.1082	1.0909	0.8271
90	1303771496223	1	1.1082	1.0909	0.8271
91	1303771496249	1	1.1082	1.0909	0.8271
92	1303771496271	1	1.1082	1.0909	0.8271
93	1303771496295	1	1.1082	1.0909	0.8271
94	1303771496321	1	1.1082	1.0909	0.8271
95	1303771496343	1	1.1082	1.0909	0.8271
96	1303771496368	1	1.1082	1.0909	0.8271
97	1303771496393	1	1.1082	1.0909	0.8271
98	1303771496419	1	1.119	1.0909	0.8192
99	1303771496978	1	1.02	1.0909	0.8987
100	1303771497571	1	1.0071	1.0909	0.9102
101	1303771497597	1	1.0071	1.0909	0.9102
102	1303771497619	1	1.0071	1.0909	0.9102
103	1303771497643	1	1.0071	1.0909	0.9102
104	1303771497666	1	1.0071	1.0909	0.9102
105	1303771497687	1	1.0071	1.0909	0.9102
106	1303771497710	1	1.0071	1.125	0.8827
107	1303771497733	1	1.0071	1.1364	0.8738
108	1303771497755	1	1.0071	1.0833	0.9166
109	1303771497778	1	1.0071	1.125	0.8827
110	1303771497800	1	1.0071	1.0833	0.9166
111	1303771497824	1	1.0071	1.0833	0.9166
112	1303771497847	1	1.0071	1.0833	0.9166
113	1303771497870	1	1.0071	1.0833	0.9166
114	1303771497893	1	1.0071	1.0833	0.9166
115	1303771497916	1	1.0071	1.0833	0.9166
116	1303771497939	1	1.0071	1.0833	0.9166
117	1303771497963	1	1.0071	1.0833	0.9166
118	1303771497985	1	1.0071	1.0833	0.9166
119	1303771498008	1	1.0071	1.0833	0.9166
120	1303771498030	1	1.0071	1.0833	0.9166
121	1303771498052	1	1.0071	1.0833	0.9166
122	1303771498075	1	1.0071	1.0833	0.9166
123	1303771498098	1	1.0071	1.0833	0.9166
124	1303771498159	1	1.0071	1.0833	0.9166
125	1303771498182	1	1.0071	1.0833	0.9166
126	1303771498203	1	1.0071	1.0417	0.9533
127	1303771498226	1	1.0071	1.0833	0.9166
128	1303771498249	1	1.0071	1.0833	0.9166
129	1303771498270	1	1.0071	1.0833	0.9166
130	1303771498292	1	1.0071	1.0417	0.9533
131	1303771498314	1	1.0071	1.0833	0.9166
132	1303771498338	1	1.0071	1.0833	0.9166
133	1303771498360	1	1.0071	1.0833	0.9166
134	1303771498383	1	1.0071	1.0417	0.9533
135	1303771498410	1	1.0071	1.0833	0.9166
136	1303771498434	1	1.0071	1.0833	0.9166
137	1303771498457	1	1.0071	1.0833	0.9166
138	1303771498481	1	1.0071	1.0417	0.9533
139	1303771498547	1	1.0071	1.0833	0.9166
140	1303771498573	1	1.0071	1.0833	0.9166
141	1303771498642	1	1.0071	1.0769	0.9221
142	1303771498664	1	1.0071	1.0385	0.9562
143	1303771498688	1	1.0071	1.0769	0.9221
144	1303771498709	1	1.0071	1.0769	0.9221
145	1303771498732	1	1.0071	1.0769	0.9221
146	1303771498755	1	1.0071	1.0385	0.9562
147	1303771498776	1	1.0071	1.0769	0.9221
148	1303771498800	1	1.0071	1.0769	0.9221
149	1303771498820	1	1.0071	1.0769	0.9221
150	1303771498843	1	1.0071	1.0385	0.9562
151	1303771498866	1	1.0071	1.0769	0.9221
152	1303771498887	1	1.0071	1.0769	0.9221
153	1303771498910	1	1.0071	1.0385	0.9562
154	1303771498930	1	1.0071	1.0385	0.9562
155	1303771498953	1	1.0071	1.0769	0.9221
156	1303771498975	1	1.0071	1.0769	0.9221
157	1303771498996	1	1.0071	1.0385	0.9562
158	1303771499018	1	1.0071	1.0385	0.9562
159	1303771499042	1	1.0054	1.0769	0.9236
160	1303771499071	1	1.0053	1.0769	0.9237
161	1303771499138	1	1.0053	1.0385	0.9579
162	1303771499159	1	1.0053	1.0385	0.9579
163	1303771499182	1	1.0053	1.0769	0.9237
164	1303771499203	1	1.0053	1.0769	0.9237
165	1303771499225	1	1.0053	1.0385	0.9579
166	1303771499247	1	1.0053	1.0385	0.9579
167	1303771499268	1	1.0053	1.0769	0.9237
168	1303771499289	1	1.0053	1.0769	0.9237
169	1303771499310	1	1.0053	1.0385	0.9579
170	1303771499332	1	1.0053	1.0385	0.9579
171	1303771499352	1	1.0053	1.0769	0.9237
172	1303771499375	1	1.0053	1.0769	0.9237
173	1303771499395	1	1.0053	1.0385	0.9579
174	1303771499417	1	1.0053	1.0385	0.9579
175	1303771499440	1	1.0053	1.0769	0.9237
176	1303771499461	1	1.0053	1.0769	0.9237
177	1303771499483	1	1.0053	1.0385	0.9579
178	1303771499502	1	1.0053	1.0385	0.9579
179	1303771499524	1	1.0053	1.0769	0.9237
180	1303771499545	1	1.0053	1.0769	0.9237
181	1303771499567	1	1.0053	1.0385	0.9579
182	1303771499589	1	1.0053	1.0385	0.9579
183	1303771499611	1	1.0053	1.0769	0.9237
184	1303771499674	1	1.0053	1.0769	0.9237
185	1303771499735	1	1.0053	1.0385	0.9579
186	1303771499757	1	1.0053	1.0385	0.9579
187	1303771499818	1	1.0053	1.0769	0.9237
188	1303771499840	1	1.0053	1.0769	0.9237
189	1303771499861	1	1.0053	1.0385	0.9579
190	1303771499883	1	1.0053	1.0385	0.9579
191	1303771499905	1	1.0053	1.0769	0.9237
192	1303771499926	1	1.0053	1.0769	0.9237
193	1303771499948	1	1.0053	1.0385	0.9579
194	1303771499969	1	1.0053	1.0385	0.9579
195	1303771499990	1	1.0053	1.0769	0.9237
196	1303771500011	1	1.0053	1.0769	0.9237
197	1303771500032	1	1.0053	1.0385	0.9579
198	1303771500095	1	1.0053	1.0385	0.9579
199	1303771500115	1	1.0053	1.0769	0.9237
200	1303771500137	1	1.0053	1.0769	0.9237
201	1303771500158	1	1.0053	1.0385	0.9579
202	1303771500221	1	1.0053	1.0385	0.9579
203	1303771500241	1	1.0053	1.0769	0.9237
204	1303771500264	1	1.0053	1.0769	0.9237
205	1303771500285	1	1.0053	1.0385	0.9579
206	1303771500306	1	1.0053	1.0385	0.9579
207	1303771500326	1	1.0053	1.0769	0.9237
208	1303771500389	1	1.0053	1.0769	0.9237
209	1303771500411	1	1.0053	1.0385	0.9579
210	1303771500431	1	1.0053	1.0385	0.9579
211	1303771500453	1	1.0053	1.0769	0.9237
212	1303771500473	1	1.0053	1.0769	0.9237
213	1303771500495	1	1.0053	1.0385	0.9579
214	1303771500517	1	1.0053	1.0385	0.9579
215	1303771500539	1	1.0053	1.0769	0.9237
216	1303771500560	1	1.0053	1.0769	0.9237
217	1303771500582	1	1.0053	1.0385	0.9579
218	1303771500605	1	1.0053	1.0385	0.9579
219	1303771500689	1	1.0053	1.0769	0.9237
220	1303771500712	1	1.0053	1.0769	0.9237
221	1303771500737	1	1.0053	1.0385	0.9579
222	1303771500763	1	1.0053	1.0385	0.9579
223	1303771500785	1	1.0053	1.0769	0.9237
224	1303771500807	1	1.0129	1.0769	0.9168
225	1303771500831	1	1.0129	1.0385	0.9507
226	1303771500853	1	1.0129	1.0385	0.9507
227	1303771500876	1	1.0129	1.0769	0.9168
228	1303771500901	1	1.0129	1.0769	0.9168
229	1303771500924	1	1.0129	1.0385	0.9507
230	1303771500947	1	1.0129	1.0385	0.9507
231	1303771500971	1	1.0129	1.0769	0.9168
232	1303771500993	1	1.0129	1.0769	0.9168
233	1303771501016	1	1.0129	1.0385	0.9507
234	1303771501039	1	1.0129	1.0385	0.9507
235	1303771501060	1	1.0129	1.0769	0.9168
236	1303771501084	1	1.0129	1.0769	0.9168
237	1303771501106	1	1.0129	1.0385	0.9507
238	1303771501129	1	1.0129	1.0385	0.9507
239	1303771501153	1	1.0129	1.0769	0.9168
240	1303771501175	1	1.0129	1.0769	0.9168
241	1303771501199	1	1.0129	1.0385	0.9507
242	1303771501264	1	1.0129	1.0769	0.9168
243	1303771501287	1	1.0129	1.0385	0.9507
244	1303771501311	1	1.0129	1.0769	0.9168
245	1303771501335	1	1.0129	1.0385	0.9507
246	1303771501357	1	1.0129	1.0769	0.9168
247	1303771501381	1	1.0129	1.0769	0.9168
248	1303771501403	1	1.0129	1.0385	0.9507
249	1303771501428	1	1.0129	1.0385	0.9507
250	1303771501451	1	1.0129	1.0769	0.9168
251	1303771501473	1	1.0129	1.0769	0.9168
252	1303771501497	1	1.0129	1.0769	0.9168
253	1303771501521	1	1.0129	1.0385	0.9507
254	1303771501543	1	1.0129	1.0769	0.9168
255	1303771501566	1	1.0129	1.0769	0.9168
256	1303771501588	1	1.0129	1.0769	0.9168
257	1303771501611	1	1.0129	1.0385	0.9507
258	1303771501635	1	1.0129	1.0769	0.9168
259	1303771501656	1	1.0129	1.0769	0.9168
260	1303771501680	1	1.0129	1.0769	0.9168
261	1303771501703	1	1.0129	1.0385	0.9507
262	1303771501725	1	1.0129	1.0769	0.9168
263	1303771501750	1	1.0129	1.0769	0.9168
264	1303771501773	1	1.0129	1.0769	0.9168
265	1303771501840	1	1.0129	1.0385	0.9507
266	1303771501864	1	1.0129	1.0769	0.9168
267	1303771501886	1	1.0129	1.0769	0.9168
268	1303771501909	1	1.0129	1.0769	0.9168
269	1303771501933	1	1.0129	1.0385	0.9507
270	1303771501955	1	1.0129	1.0769	0.9168
271	1303771501978	1	1.0129	1.0769	0.9168
272	1303771502002	1	1.0129	1.0769	0.9168
273	1303771502025	1	1.0129	1.0385	0.9507
274	1303771502049	1	1.0129	1.0769	0.9168
275	1303771502070	1	1.0129	1.0769	0.9168
276	1303771502094	1	1.0129	1.0769	0.9168
277	1303771502200	1	1.0129	1.0385	0.9507
278	1303771502222	1	1.0129	1.0769	0.9168
279	1303771502245	1	1.0129	1.0769	0.9168
280	1303771502269	1	1.0129	1.0769	0.9168
281	1303771502292	1	1.0129	1.0385	0.9507
282	1303771502343	1	1.0129	1.0769	0.9168
283	1303771502425	1	1.0129	1.0769	0.9168
284	1303771502450	1	1.0155	1.0769	0.9144
285	1303771502472	1	1.0155	1.0385	0.9483
286	1303771502496	1	1.0155	1.0769	0.9144
287	1303771502520	1	1.0155	1.0769	0.9144
288	1303771502542	1	1.0155	1.0769	0.9144
289	1303771502566	1	1.0155	1.0385	0.9483
290	1303771502631	1	1.0155	1.0769	0.9144
291	1303771502653	1	1.0155	1.0769	0.9144
292	1303771502676	1	1.0155	1.0769	0.9144
293	1303771502700	1	1.0155	1.0385	0.9483
294	1303771502722	1	1.0155	1.0769	0.9144
295	1303771502747	1	1.0155	1.0769	0.9144
296	1303771502769	1	1.0155	1.0769	0.9144
297	1303771502793	1	1.0155	1.0385	0.9483
298	1303771502817	1	1.0155	1.0769	0.9144
299	1303771502840	1	1.0155	1.0769	0.9144
300	1303771502864	1	1.0155	1.0769	0.9144
301	1303771502887	1	1.0155	1.0385	0.9483
302	1303771502910	1	1.0155	1.0769	0.9144
303	1303771502933	1	1.0155	1.0769	0.9144
304	1303771502955	1	1.0155	1.0769	0.9144
305	1303771502980	1	1.0155	1.0385	0.9483
306	1303771503004	1	1.0155	1.0769	0.9144
307	1303771503027	1	1.0155	1.0769	0.9144
308	1303771503051	1	1.0155	1.0769	0.9144
309	1303771503075	1	1.0155	1.0385	0.9483
310	1303771503097	1	1.0155	1.0769	0.9144
311	1303771503120	1	1.0155	1.0769	0.9144
312	1303771503142	1	1.0155	1.0769	0.9144
313	1303771503165	1	1.0155	1.0385	0.9483
314	1303771503189	1	1.0155	1.0769	0.9144
315	1303771503211	1	1.0155	1.0769	0.9144
316	1303771503235	1	1.0155	1.0769	0.9144
317	1303771503300	1	1.0155	1.0385	0.9483
318	1303771503322	1	1.0155	1.0769	0.9144
319	1303771503346	1	1.0155	1.0769	0.9144
320	1303771503408	1	1.0155	1.0769	0.9144
321	1303771503432	1	1.0155	1.0385	0.9483
322	1303771503456	1	1.0155	1.0769	0.9144
323	1303771503478	1	1.0155	1.0769	0.9144
324	1303771503501	1	1.0155	1.0769	0.9144
325	1303771503525	1	1.0155	1.0385	0.9483
326	1303771503548	1	1.0155	1.0769	0.9144
327	1303771503572	1	1.0155	1.0769	0.9144
328	1303771503596	1	1.0155	1.0769	0.9144
329	1303771503619	1	1.0155	1.0385	0.9483
330	1303771503644	1	1.0155	1.0769	0.9144
331	1303771503717	1	1.0155	1.0769	0.9144
332	1303771503740	1	1.0155	1.0769	0.9144
333	1303771503818	1	1.0155	1.0385	0.9483
334	1303771503841	1	1.0155	1.0769	0.9144
335	1303771503863	1	1.0155	1.0769	0.9144
336	1303771503885	1	1.0155	1.0769	0.9144
337	1303771503908	1	1.0155	1.0385	0.9483
338	1303771503932	1	1.0155	1.0769	0.9144
339	1303771503953	1	1.0155	1.0769	0.9144
340	1303771503977	1	1.0155	1.0769	0.9144
341	1303771504050	1	1.0155	1.0385	0.9483
342	1303771504072	1	1.0155	1.0769	0.9144
343	1303771504105	1	1.0155	1.0769	0.9144
344	1303771504179	1	1.0155	1.0769	0.9144
345	1303771504203	1	1.0183	1.0385	0.9457
346	1303771504227	1	1.0183	1.0769	0.9119
347	1303771504250	1	1.0183	1.0769	0.9119
348	1303771504273	1	1.0183	1.0769	0.9119
349	1303771504299	1	1.0183	1.0385	0.9457
350	1303771504324	1	1.0183	1.0769	0.9119
351	1303771504346	1	1.0183	1.0769	0.9119
352	1303771504371	1	1.0183	1.0769	0.9119
353	1303771504393	1	1.0183	1.0385	0.9457
354	1303771504417	1	1.0183	1.0769	0.9119
355	1303771504440	1	1.0183	1.0769	0.9119
356	1303771504503	1	1.0183	1.0769	0.9119
357	1303771504527	1	1.0183	1.0385	0.9457
358	1303771504593	1	1.0183	1.0769	0.9119
359	1303771504616	1	1.0183	1.0769	0.9119
360	1303771504640	1	1.0183	1.0769	0.9119
361	1303771504664	1	1.0183	1.0385	0.9457
362	1303771504686	1	1.0183	1.0769	0.9119
363	1303771504711	1	1.0183	1.0769	0.9119
364	1303771504734	1	1.0183	1.0769	0.9119
365	1303771504759	1	1.0183	1.0385	0.9457
366	1303771504782	1	1.0183	1.0769	0.9119
367	1303771504807	1	1.0183	1.0769	0.9119
368	1303771504831	1	1.0183	1.0769	0.9119
369	1303771504856	1	1.0183	1.0385	0.9457
370	1303771504880	1	1.0183	1.0769	0.9119
371	1303771504905	1	1.0183	1.0769	0.9119
372	1303771504928	1	1.0183	1.0769	0.9119
373	1303771504951	1	1.0183	1.0385	0.9457
374	1303771504975	1	1.0183	1.0769	0.9119
375	1303771505038	1	1.0183	1.0769	0.9119
376	1303771505062	1	1.0183	1.0769	0.9119
377	1303771505086	1	1.0183	1.0385	0.9457
378	1303771505108	1	1.0183	1.0769	0.9119
379	1303771505131	1	1.0183	1.0769	0.9119
380	1303771505153	1	1.0183	1.0769	0.9119
381	1303771505177	1	1.0183	1.0385	0.9457
382	1303771505202	1	1.0183	1.0769	0.9119
383	1303771505224	1	1.0183	1.0769	0.9119
384	1303771505248	1	1.0183	1.0769	0.9119
385	1303771505272	1	1.0183	1.0385	0.9457
386	1303771505296	1	1.0183	1.0769	0.9119
387	1303771505320	1	1.0183	1.0769	0.9119
388	1303771505343	1	1.0183	1.0769	0.9119
389	1303771505367	1	1.0183	1.0385	0.9457
390	1303771505391	1	1.0183	1.0769	0.9119
391	1303771505414	1	1.0183	1.0769	0.9119
392	1303771505438	1	1.0183	1.0769	0.9119
393	1303771505462	1	1.0183	1.0385	0.9457
394	1303771505485	1	1.0183	1.0769	0.9119
395	1303771505509	1	1.0183	1.0769	0.9119
396	1303771505534	1	1.0183	1.0769	0.9119
397	1303771505556	1	1.0183	1.0385	0.9457
398	1303771505580	1	1.0183	1.0769	0.9119
399	1303771505602	1	1.0183	1.0769	0.9119
400	1303771505626	1	1.0183	1.0769	0.9119
401	1303771505651	1	1.0183	1.0385	0.9457
402	1303771505714	1	1.0183	1.0769	0.9119
403	1303771505740	1	1.0183	1.0769	0.9119
404	1303771505774	1	1.0183	1.0769	0.9119
405	1303771505805	1	1.0183	1.0385	0.9457
406	1303771505831	1	1.0249	1.0769	0.906
407	1303771505856	1	1.0249	1.0769	0.906
408	1303771505880	1	1.0249	1.0769	0.906
409	1303771505905	1	1.0249	1.0385	0.9396
410	1303771505928	1	1.0249	1.0769	0.906
411	1303771505950	1	1.0249	1.0769	0.906
412	1303771505975	1	1.0249	1.0769	0.906
413	1303771505998	1	1.0249	1.0385	0.9396
414	1303771506021	1	1.0249	1.0769	0.906
415	1303771506046	1	1.0249	1.0769	0.906
416	1303771506108	1	1.0249	1.0769	0.906
417	1303771506133	1	1.0249	1.0385	0.9396
418	1303771506157	1	1.0249	1.0769	0.906
419	1303771506180	1	1.0249	1.0769	0.906
420	1303771506204	1	1.0249	1.0769	0.906
421	1303771506228	1	1.0249	1.0385	0.9396
422	1303771506252	1	1.0249	1.0769	0.906
423	1303771506278	1	1.0249	1.0769	0.906
424	1303771506300	1	1.0249	1.0769	0.906
425	1303771506325	1	1.0249	1.0385	0.9396
426	1303771506348	1	1.0249	1.0769	0.906
427	1303771506371	1	1.0249	1.0769	0.906
428	1303771506395	1	1.0249	1.0769	0.906
429	1303771506416	1	1.0249	1.0385	0.9396
430	1303771506440	1	1.0249	1.0769	0.906
431	1303771506464	1	1.0249	1.0769	0.906
432	1303771506486	1	1.0249	1.0769	0.906
433	1303771506550	1	1.0249	1.0385	0.9396
434	1303771506574	1	1.0249	1.0769	0.906
435	1303771506597	1	1.0249	1.0769	0.906
436	1303771506662	1	1.0249	1.0769	0.906
437	1303771506688	1	1.0249	1.0385	0.9396
438	1303771506710	1	1.0249	1.0769	0.906
439	1303771506751	1	1.0249	1.0769	0.906
440	1303771506813	1	1.0249	1.0769	0.906
441	1303771506838	1	1.0249	1.0385	0.9396
442	1303771506903	1	1.0249	1.0769	0.906
443	1303771506925	1	1.0249	1.0769	0.906
444	1303771506950	1	1.0249	1.0769	0.906
445	1303771506974	1	1.0249	1.0385	0.9396
446	1303771506996	1	1.0249	1.0769	0.906
447	1303771507021	1	1.0249	1.0769	0.906
448	1303771507045	1	1.0249	1.0769	0.906
449	1303771507069	1	1.0249	1.0385	0.9396
450	1303771507093	1	1.0249	1.0769	0.906
451	1303771507116	1	1.0249	1.0769	0.906
452	1303771507140	1	1.0249	1.0769	0.906
453	1303771507164	1	1.0249	1.0385	0.9396
454	1303771507187	1	1.0249	1.0769	0.906
455	1303771507211	1	1.0249	1.0769	0.906
456	1303771507234	1	1.0249	1.0769	0.906
457	1303771507258	1	1.0249	1.0385	0.9396
458	1303771507282	1	1.0249	1.0769	0.906
459	1303771507304	1	1.0249	1.0769	0.906
460	1303771507328	1	1.0249	1.0769	0.906
461	1303771507352	1	1.0249	1.0385	0.9396
462	1303771507374	1	1.0249	1.0769	0.906
463	1303771507397	1	1.0249	1.0769	0.906
464	1303771507420	1	1.0249	1.0769	0.906
465	1303771507456	1	1.0291	1.0385	0.9357
466	1303771507489	1	1.0213	1.0769	0.9092
467	1303771507513	1	1.0213	1.0769	0.9092
468	1303771507580	1	1.0213	1.0769	0.9092
469	1303771507605	1	1.0213	1.0385	0.9428
470	1303771507628	1	1.0213	1.0769	0.9092
471	1303771507653	1	1.0213	1.0769	0.9092
472	1303771507677	1	1.0213	1.0769	0.9092
473	1303771507700	1	1.0213	1.0385	0.9428
474	1303771507724	1	1.0213	1.0769	0.9092
475	1303771507746	1	1.0213	1.0769	0.9092
476	1303771507770	1	1.0213	1.0769	0.9092
477	1303771507794	1	1.0213	1.0385	0.9428
478	1303771507817	1	1.0213	1.0769	0.9092
479	1303771507881	1	1.0213	1.0769	0.9092
480	1303771507947	1	1.0213	1.0769	0.9092
481	1303771507969	1	1.0213	1.0385	0.9428
482	1303771507993	1	1.0213	1.0769	0.9092
483	1303771508017	1	1.0213	1.0769	0.9092
484	1303771508081	1	1.0213	1.0769	0.9092
485	1303771508106	1	1.0213	1.0385	0.9428
486	1303771508170	1	1.0213	1.0769	0.9092
487	1303771508194	1	1.0213	1.0769	0.9092
488	1303771508220	1	1.0213	1.0769	0.9092
489	1303771508243	1	1.0213	1.0385	0.9428
490	1303771508267	1	1.0213	1.0769	0.9092
491	1303771508291	1	1.0213	1.0769	0.9092
492	1303771508314	1	1.0213	1.0769	0.9092
493	1303771508338	1	1.0213	1.0385	0.9428
494	1303771508361	1	1.0213	1.0769	0.9092
495	1303771508385	1	1.0213	1.0769	0.9092
496	1303771508411	1	1.0213	1.0769	0.9092
497	1303771508434	1	1.0213	1.0385	0.9428
498	1303771508459	1	1.0213	1.0769	0.9092
499	1303771508482	1	1.0213	1.0769	0.9092
500	1303771508505	1	1.0213	1.0769	0.9092
501	1303771508569	1	1.0213	1.0385	0.9428
502	1303771508593	1	1.0213	1.0769	0.9092
503	1303771508615	1	1.0213	1.0769	0.9092
504	1303771508639	1	1.0213	1.0769	0.9092
505	1303771508662	1	1.0213	1.0385	0.9428
506	1303771508685	1	1.0213	1.0769	0.9092
507	1303771508710	1	1.0213	1.0769	0.9092
508	1303771508734	1	1.0213	1.0769	0.9092
509	1303771508758	1	1.0213	1.0385	0.9428
510	1303771508822	1	1.0213	1.0769	0.9092
511	1303771508886	1	1.0213	1.0769	0.9092
512	1303771508956	1	1.028	1.0769	0.9032
513	1303771508978	1	1.028	1.0385	0.9367
514	1303771509002	1	1.028	1.0769	0.9032
515	1303771509027	1	1.028	1.0769	0.9032
516	1303771509066	1	1.028	1.0769	0.9032
517	1303771509090	1	1.028	1.0385	0.9367
518	1303771509115	1	1.028	1.0769	0.9032
519	1303771509137	1	1.028	1.0769	0.9032
520	1303771509203	1	1.0863	1.0769	0.8548
521	1303771509225	1	1.0863	1.0385	0.8865
522	1303771509250	1	1.0863	1.0769	0.8548
523	1303771509276	1	1.0863	1.0769	0.8548
524	1303771509299	1	1.0863	1.0769	0.8548
525	1303771509325	1	1.0863	1.0385	0.8865
526	1303771509354	1	1.1153	1.0769	0.8326
527	1303771509383	1	1.1153	1.0769	0.8326
528	1303771509407	1	1.1153	1.0769	0.8326
529	1303771509432	1	1.1153	1.0385	0.8634
530	1303771509454	1	1.1153	1.0769	0.8326
531	1303771509477	1	1.1153	1.0769	0.8326
532	1303771509499	1	1.1153	1.0769	0.8326
533	1303771509523	1	1.1153	1.0385	0.8634
534	1303771509587	1	1.1153	1.0769	0.8326
535	1303771509610	1	1.1153	1.0769	0.8326
536	1303771509633	1	1.1153	1.0769	0.8326
537	1303771509657	1	1.1153	1.0385	0.8634
538	1303771509679	1	1.1153	1.0769	0.8326
539	1303771509703	1	1.1153	1.0769	0.8326
540	1303771509724	1	1.1153	1.0769	0.8326
541	1303771509748	1	1.1153	1.0385	0.8634
542	1303771509772	1	1.1153	1.0769	0.8326
543	1303771509794	1	1.1153	1.0769	0.8326
544	1303771509817	1	1.1153	1.0769	0.8326
545	1303771509840	1	1.1153	1.0385	0.8634
546	1303771509865	1	1.1153	1.0769	0.8326
547	1303771509890	1	1.1153	1.0769	0.8326
548	1303771509912	1	1.1153	1.0769	0.8326
549	1303771509936	1	1.1153	1.0385	0.8634
550	1303771509961	1	1.1153	1.0769	0.8326
551	1303771509983	1	1.1153	1.0769	0.8326
552	1303771510007	1	1.1153	1.0769	0.8326
553	1303771510029	1	1.1153	1.0385	0.8634
554	1303771510052	1	1.1153	1.0769	0.8326
555	1303771510116	1	1.1153	1.0769	0.8326
556	1303771510139	1	1.1153	1.0769	0.8326
557	1303771510164	1	1.1153	1.0385	0.8634
558	1303771510186	1	1.1153	1.0769	0.8326
559	1303771510209	1	1.1153	1.0769	0.8326
560	1303771510233	1	1.1153	1.0769	0.8326
561	1303771510295	1	1.1153	1.0385	0.8634
562	1303771510319	1	1.1153	1.0769	0.8326
563	1303771510383	1	1.1153	1.0769	0.8326
564	1303771510444	1	1.1153	1.0769	0.8326
565	1303771510468	1	1.1153	1.0385	0.8634
566	1303771510492	1	1.1153	1.0769	0.8326
567	1303771510515	1	1.1153	1.0769	0.8326
568	1303771510539	1	1.1153	1.0769	0.8326
569	1303771510562	1	1.1153	1.0769	0.8326
570	1303771510588	1	1.1153	1.0769	0.8326
571	1303771510613	1	1.1153	1.0769	0.8326
572	1303771510636	1	1.1153	1.0769	0.8326
573	1303771510660	1	1.1153	1.0769	0.8326
574	1303771510682	1	1.1153	1.0769	0.8326
575	1303771510705	1	1.1153	1.0769	0.8326
576	1303771510729	1	1.1153	1.0769	0.8326
577	1303771510750	1	1.1153	1.0769	0.8326
578	1303771510815	1	1.1153	1.0769	0.8326
579	1303771510838	1	1.1153	1.0769	0.8326
580	1303771510860	1	1.1153	1.0769	0.8326
581	1303771510885	1	1.1153	1.0769	0.8326
582	1303771510908	1	1.1153	1.0769	0.8326
583	1303771510932	1	1.1153	1.0769	0.8326
584	1303771510956	1	1.1153	1.0769	0.8326
585	1303771510978	1	1.1153	1.0769	0.8326
586	1303771511003	1	1.1153	1.0769	0.8326
587	1303771511114	1	1.1153	1.0769	0.8326
588	1303771511393	1	1.1153	1.0769	0.8326
589	1303771511856	1	1.1153	1.0769	0.8326
590	1303771511883	1	1.1153	1.0385	0.8634
591	1303771511905	1	1.0402	1.0385	0.9257
592	1303771511929	1	1.0402	1.0385	0.9257
593	1303771511952	1	1.0402	1.0769	0.8927
594	1303771512021	1	1.0402	1.0385	0.9257
595	1303771512045	1	1.0402	1.0385	0.9257
596	1303771512067	1	1.0402	1.0769	0.8927
597	1303771512092	1	1.0402	1.0385	0.9257
598	1303771512117	1	1.0402	1.0385	0.9257
599	1303771512180	1	1.0402	1.0769	0.8927
600	1303771512204	1	1.0402	1.0769	0.8927
601	1303771512226	1	1.0402	1.0385	0.9257
602	1303771512250	1	1.0402	1.0385	0.9257
603	1303771512274	1	1.0402	1.0769	0.8927
604	1303771512297	1	1.0402	1.0769	0.8927
605	1303771512320	1	1.0402	1.0385	0.9257
606	1303771512344	1	1.0402	1.0385	0.9257
607	1303771512373	1	1.0402	1.0769	0.8927
608	1303771512438	1	1.0402	1.0769	0.8927
609	1303771512460	1	1.0402	1.0385	0.9257
610	1303771512525	1	1.0402	1.0385	0.9257
611	1303771512550	1	1.0402	1.0769	0.8927
612	1303771512572	1	1.0402	1.0769	0.8927
613	1303771512597	1	1.0402	1.0385	0.9257
614	1303771512620	1	1.0402	1.0385	0.9257
615	1303771512644	1	1.0402	1.0769	0.8927
616	1303771512668	1	1.0402	1.0769	0.8927
617	1303771512691	1	1.0402	1.0385	0.9257
618	1303771512715	1	1.0402	1.0385	0.9257
619	1303771512739	1	1.0402	1.0769	0.8927
620	1303771512761	1	1.0402	1.0769	0.8927
621	1303771512785	1	1.0402	1.0385	0.9257
622	1303771512808	1	1.0402	1.0385	0.9257
623	1303771512833	1	1.0402	1.0769	0.8927
624	1303771512858	1	1.0402	1.0769	0.8927
625	1303771512883	1	1.0402	1.0385	0.9257
626	1303771512908	1	1.0402	1.0385	0.9257
627	1303771512931	1	1.0402	1.0769	0.8927
628	1303771512955	1	1.0402	1.0769	0.8927
629	1303771512979	1	1.0402	1.0385	0.9257
630	1303771513001	1	1.0402	1.0385	0.9257
631	1303771513025	1	1.0402	1.0769	0.8927
632	1303771513049	1	1.0402	1.0769	0.8927
633	1303771513070	1	1.0402	1.0385	0.9257
634	1303771513135	1	1.0402	1.0385	0.9257
635	1303771513157	1	1.0402	1.0769	0.8927
636	1303771513181	1	1.0402	1.0769	0.8927
637	1303771513205	1	1.0402	1.0385	0.9257
638	1303771513228	1	1.0402	1.0385	0.9257
639	1303771513252	1	1.0402	1.0769	0.8927
640	1303771513277	1	1.0402	1.0769	0.8927
641	1303771513300	1	1.0402	1.0385	0.9257
642	1303771513324	1	1.0402	1.0385	0.9257
643	1303771513346	1	1.0402	1.0769	0.8927
644	1303771513370	1	1.0402	1.0769	0.8927
645	1303771513394	1	1.0402	1.0385	0.9257
646	1303771513457	1	1.0402	1.0385	0.9257
647	1303771513482	1	1.0402	1.0769	0.8927
648	1303771513605	1	1.035	1.0769	0.8971
649	1303771513927	1	1.0348	1.0385	0.9306
650	1303771514255	1	1.0333	1.0769	0.8986
651	1303771514282	1	1.0333	1.0769	0.8986
652	1303771514345	1	1.0333	1.0769	0.8986
653	1303771514369	1	1.0333	1.0385	0.9319
654	1303771514437	1	1.0333	1.0769	0.8986
655	1303771514460	1	1.0333	1.0769	0.8986
656	1303771514484	1	1.0333	1.0769	0.8986
657	1303771514505	1	1.0333	1.0385	0.9319
658	1303771514528	1	1.0333	1.0769	0.8986
659	1303771514552	1	1.0333	1.0769	0.8986
660	1303771514574	1	1.0333	1.0769	0.8986
661	1303771514597	1	1.0333	1.0385	0.9319
662	1303771514619	1	1.0333	1.0769	0.8986
663	1303771514642	1	1.0333	1.0769	0.8986
664	1303771514706	1	1.0333	1.0769	0.8986
665	1303771514728	1	1.0333	1.0385	0.9319
666	1303771514752	1	1.0333	1.0769	0.8986
667	1303771514774	1	1.0333	1.0769	0.8986
668	1303771514798	1	1.0333	1.0769	0.8986
669	1303771514823	1	1.0333	1.0385	0.9319
670	1303771514847	1	1.0333	1.0769	0.8986
671	1303771514872	1	1.0333	1.0769	0.8986
672	1303771514937	1	1.0333	1.0769	0.8986
673	1303771514958	1	1.0333	1.0385	0.9319
674	1303771515027	1	1.0333	1.0769	0.8986
675	1303771515049	1	1.0333	1.0769	0.8986
676	1303771515072	1	1.0333	1.0769	0.8986
677	1303771515096	1	1.0333	1.0385	0.9319
678	1303771515117	1	1.0333	1.0769	0.8986
679	1303771515141	1	1.0333	1.0769	0.8986
680	1303771515165	1	1.0333	1.0769	0.8986
681	1303771515188	1	1.0333	1.0385	0.9319
682	1303771515211	1	1.0333	1.0769	0.8986
683	1303771515233	1	1.0333	1.0769	0.8986
684	1303771515257	1	1.0333	1.0769	0.8986
685	1303771515280	1	1.0333	1.0385	0.9319
686	1303771515302	1	1.0333	1.0769	0.8986
687	1303771515326	1	1.0333	1.0769	0.8986
688	1303771515388	1	1.0333	1.0769	0.8986
689	1303771515412	1	1.0333	1.0385	0.9319
690	1303771515435	1	1.0333	1.0769	0.8986
691	1303771515456	1	1.0333	1.0769	0.8986
692	1303771515482	1	1.0333	1.0769	0.8986
693	1303771515505	1	1.0333	1.0385	0.9319
694	1303771515530	1	1.0333	1.0769	0.8986
695	1303771515555	1	1.0333	1.0769	0.8986
696	1303771515577	1	1.0333	1.0769	0.8986
697	1303771515600	1	1.0333	1.0385	0.9319
698	1303771515623	1	1.0333	1.0769	0.8986
699	1303771515647	1	1.0333	1.0769	0.8986
700	1303771515671	1	1.0333	1.0769	0.8986
701	1303771515692	1	1.0333	1.0385	0.9319
702	1303771515716	1	1.0333	1.0769	0.8986
703	1303771515740	1	1.0333	1.0769	0.8986
704	1303771515762	1	1.0333	1.0769	0.8986
705	1303771515787	1	1.0333	1.0385	0.9319
706	1303771515809	1	1.0333	1.0769	0.8986
707	1303771515832	1	1.0333	1.0769	0.8986
708	1303771515857	1	1.0333	1.0769	0.8986
709	1303771515967	1	1.0333	1.0385	0.9319
710	1303771516543	1	1.0333	1.0769	0.8986
711	1303771517492	1	1.0333	1.0769	0.8986
712	1303771517516	1	1.0463	1.0769	0.8875
713	1303771517540	1	1.0463	1.0385	0.9204
714	1303771517562	1	1.0463	1.0769	0.8875
715	1303771517587	1	1.0463	1.0769	0.8875
716	1303771517609	1	1.0463	1.0769	0.8875
717	1303771517633	1	1.0463	1.0385	0.9204
718	1303771517657	1	1.0463	1.0769	0.8875
719	1303771517679	1	1.0463	1.0769	0.8875
720	1303771517702	1	1.0463	1.0769	0.8875
721	1303771517724	1	1.0463	1.0385	0.9204
722	1303771517748	1	1.0463	1.0769	0.8875
723	1303771517772	1	1.0463	1.0769	0.8875
724	1303771517794	1	1.0463	1.0769	0.8875
725	1303771517858	1	1.0463	1.0385	0.9204
726	1303771517882	1	1.0463	1.0769	0.8875
727	1303771517904	1	1.0463	1.0769	0.8875
728	1303771517929	1	1.0463	1.0769	0.8875
729	1303771517951	1	1.0463	1.0385	0.9204
730	1303771517975	1	1.0463	1.0769	0.8875
731	1303771517999	1	1.0463	1.0769	0.8875
732	1303771518061	1	1.0463	1.0769	0.8875
733	1303771518086	1	1.0463	1.0385	0.9204
734	1303771518151	1	1.0463	1.0769	0.8875
735	1303771518173	1	1.0463	1.0769	0.8875
736	1303771518197	1	1.0463	1.0769	0.8875
737	1303771518221	1	1.0463	1.0385	0.9204
738	1303771518245	1	1.0463	1.0769	0.8875
739	1303771518269	1	1.0463	1.0769	0.8875
740	1303771518291	1	1.0463	1.0769	0.8875
741	1303771518315	1	1.0463	1.0385	0.9204
742	1303771518337	1	1.0463	1.0769	0.8875
743	1303771518361	1	1.0463	1.0769	0.8875
744	1303771518384	1	1.0463	1.0769	0.8875
745	1303771518449	1	1.0463	1.0385	0.9204
746	1303771518473	1	1.0463	1.0769	0.8875
747	1303771518497	1	1.0463	1.0769	0.8875
748	1303771518520	1	1.0463	1.0769	0.8875
749	1303771518543	1	1.0463	1.0769	0.8875
750	1303771518565	1	1.0463	1.0385	0.9204
751	1303771518589	1	1.0463	1.0769	0.8875
752	1303771518612	1	1.0463	1.0769	0.8875
753	1303771518634	1	1.0463	1.0769	0.8875
754	1303771518657	1	1.0463	1.0769	0.8875
755	1303771518679	1	1.0463	1.0385	0.9204
756	1303771518703	1	1.0463	1.0769	0.8875
757	1303771518726	1	1.0463	1.0769	0.8875
758	1303771518749	1	1.0463	1.0769	0.8875
759	1303771518773	1	1.0463	1.0769	0.8875
760	1303771518837	1	1.0463	1.0385	0.9204
761	1303771518859	1	1.0463	1.0769	0.8875
762	1303771518883	1	1.0463	1.0769	0.8875
763	1303771518951	1	1.0463	1.0769	0.8875
764	1303771518976	1	1.0463	1.0769	0.8875
765	1303771519000	1	1.0463	1.0385	0.9204
766	1303771519023	1	1.0463	1.0769	0.8875
767	1303771519047	1	1.0463	1.0769	0.8875
768	1303771519071	1	1.0463	1.0769	0.8875
769	1303771519095	1	1.0463	1.0769	0.8875
770	1303771519127	1	1.018	1.0385	0.9459
771	1303771519152	1	1.018	1.0385	0.9459
772	1303771519175	1	1.018	1.0769	0.9122
773	1303771519198	1	1.018	1.0385	0.9459
774	1303771519220	1	1.018	1.0385	0.9459
775	1303771519243	1	1.018	1.0769	0.9122
776	1303771519265	1	1.018	1.0385	0.9459
777	1303771519289	1	1.018	1.0769	0.9122
778	1303771519312	1	1.018	1.0769	0.9122
779	1303771519374	1	1.018	1.0769	0.9122
780	1303771519399	1	1.018	1.0385	0.9459
781	1303771519423	1	1.018	1.0769	0.9122
782	1303771519445	1	1.018	1.0769	0.9122
783	1303771519468	1	1.018	1.0769	0.9122
784	1303771519491	1	1.018	1.0385	0.9459
785	1303771519515	1	1.018	1.0769	0.9122
786	1303771519538	1	1.018	1.0769	0.9122
787	1303771519562	1	1.018	1.0769	0.9122
788	1303771519585	1	1.018	1.0385	0.9459
789	1303771519606	1	1.018	1.0769	0.9122
790	1303771519630	1	1.018	1.0769	0.9122
791	1303771519653	1	1.018	1.0769	0.9122
792	1303771519674	1	1.018	1.0385	0.9459
793	1303771519697	1	1.018	1.0769	0.9122
794	1303771519719	1	1.018	1.0769	0.9122
795	1303771519783	1	1.018	1.0769	0.9122
796	1303771519833	1	1.018	1.0385	0.9459
797	1303771519856	1	1.018	1.0769	0.9122
798	1303771519880	1	1.018	1.0769	0.9122
799	1303771519901	1	1.018	1.0769	0.9122
800	1303771519926	1	1.018	1.0385	0.9459
801	1303771519950	1	1.018	1.0769	0.9122
802	1303771519972	1	1.018	1.0769	0.9122
803	1303771519994	1	1.018	1.0769	0.9122
804	1303771520016	1	1.018	1.0385	0.9459
805	1303771520039	1	1.018	1.0769	0.9122
806	1303771520062	1	1.018	1.0769	0.9122
807	1303771520125	1	1.018	1.0769	0.9122
808	1303771520148	1	1.018	1.0385	0.9459
809	1303771520170	1	1.018	1.0769	0.9122
810	1303771520193	1	1.018	1.0769	0.9122
811	1303771520216	1	1.018	1.0769	0.9122
812	1303771520279	1	1.018	1.0385	0.9459
813	1303771520305	1	1.018	1.0769	0.9122
814	1303771520329	1	1.018	1.0769	0.9122
815	1303771520350	1	1.018	1.0769	0.9122
816	1303771520375	1	1.018	1.0385	0.9459
817	1303771520397	1	1.018	1.0769	0.9122
818	1303771520420	1	1.018	1.0769	0.9122
819	1303771520444	1	1.018	1.0769	0.9122
820	1303771520465	1	1.018	1.0385	0.9459
821	1303771520488	1	1.018	1.0769	0.9122
822	1303771520509	1	1.018	1.0769	0.9122
823	1303771520532	1	1.018	1.0769	0.9122
824	1303771520555	1	1.018	1.0385	0.9459
825	1303771520578	1	1.018	1.0769	0.9122
826	1303771520602	1	1.018	1.0769	0.9122
827	1303771520623	1	1.018	1.0769	0.9122
828	1303771520646	1	1.018	1.0385	0.9459
829	1303771520669	1	1.018	1.0769	0.9122
830	1303771520692	1	1.018	1.0769	0.9122
831	1303771520719	1	1.018	1.0769	0.9122
832	1303771520744	1	1.018	1.0385	0.9459
833	1303771520768	1	1.018	1.0769	0.9122
834	1303771520792	1	1.0183	1.0769	0.9118
835	1303771520814	1	1.0183	1.0769	0.9118
836	1303771520839	1	1.0183	1.0385	0.9456
837	1303771520904	1	1.0183	1.0769	0.9118
838	1303771520969	1	1.0183	1.0769	0.9118
839	1303771520993	1	1.0183	1.0769	0.9118
840	1303771521015	1	1.0183	1.0385	0.9456
841	1303771521039	1	1.0183	1.0769	0.9118
842	1303771521063	1	1.0183	1.0769	0.9118
843	1303771521126	1	1.0183	1.0769	0.9118
844	1303771521150	1	1.0183	1.0385	0.9456
845	1303771521174	1	1.0183	1.0769	0.9118
846	1303771521199	1	1.0183	1.0769	0.9118
847	1303771521223	1	1.0183	1.0769	0.9118
848	1303771521286	1	1.0183	1.0385	0.9456
849	1303771521311	1	1.0183	1.0769	0.9118
850	1303771521333	1	1.0183	1.0769	0.9118
851	1303771521360	1	1.0183	1.0769	0.9118
852	1303771521384	1	1.0183	1.0385	0.9456
853	1303771521406	1	1.0183	1.0769	0.9118
854	1303771521471	1	1.0183	1.0769	0.9118
855	1303771521535	1	1.0183	1.0769	0.9118
856	1303771521557	1	1.0183	1.0385	0.9456
857	1303771521581	1	1.0183	1.0769	0.9118
858	1303771521603	1	1.0183	1.0769	0.9118
859	1303771521626	1	1.0183	1.0769	0.9118
860	1303771521650	1	1.0183	1.0385	0.9456
861	1303771521672	1	1.0183	1.0385	0.9456
862	1303771521696	1	1.0183	1.0769	0.9118
863	1303771521718	1	1.0183	1.0769	0.9118
864	1303771521743	1	1.0183	1.0385	0.9456
865	1303771521767	1	1.0183	1.0385	0.9456
866	1303771521789	1	1.0183	1.0769	0.9118
867	1303771521814	1	1.0183	1.0769	0.9118
868	1303771521837	1	1.0183	1.0385	0.9456
869	1303771521860	1	1.0183	1.0385	0.9456
870	1303771521884	1	1.0183	1.0769	0.9118
871	1303771521907	1	1.0183	1.0769	0.9118
872	1303771521930	1	1.0183	1.0385	0.9456
873	1303771521954	1	1.0183	1.0385	0.9456
874	1303771521978	1	1.0183	1.0769	0.9118
875	1303771522043	1	1.0183	1.0769	0.9118
876	1303771522066	1	1.0183	1.0385	0.9456
877	1303771522089	1	1.0183	1.0385	0.9456
878	1303771522113	1	1.0183	1.0769	0.9118
879	1303771522175	1	1.0183	1.0769	0.9118
880	1303771522199	1	1.0183	1.0385	0.9456
881	1303771522225	1	1.0183	1.0385	0.9456
882	1303771522247	1	1.0183	1.0769	0.9118
883	1303771522272	1	1.0183	1.0769	0.9118
884	1303771522295	1	1.0183	1.0385	0.9456
885	1303771522320	1	1.0183	1.0385	0.9456
886	1303771522345	1	1.0183	1.0769	0.9118
887	1303771522368	1	1.0183	1.0769	0.9118
888	1303771522393	1	1.0183	1.0385	0.9456
889	1303771522417	1	1.0183	1.0385	0.9456
890	1303771522440	1	1.0183	1.0769	0.9118
891	1303771522466	1	1.0183	1.0769	0.9118
892	1303771522489	1	1.0229	1.0385	0.9414
893	1303771522514	1	1.0229	1.0385	0.9414
894	1303771522536	1	1.0229	1.0769	0.9078
895	1303771522559	1	1.0229	1.0769	0.9078
896	1303771522582	1	1.0229	1.0385	0.9414
897	1303771522605	1	1.0229	1.0385	0.9414
898	1303771522629	1	1.0229	1.0769	0.9078
899	1303771522691	1	1.0229	1.0769	0.9078
900	1303771522715	1	1.0229	1.0385	0.9414
901	1303771522739	1	1.0229	1.0385	0.9414
902	1303771522760	1	1.0229	1.0769	0.9078
903	1303771522784	1	1.0229	1.0769	0.9078
904	1303771522805	1	1.0229	1.0385	0.9414
905	1303771522829	1	1.0229	1.0385	0.9414
906	1303771522852	1	1.0229	1.0769	0.9078
907	1303771522874	1	1.0229	1.0769	0.9078
908	1303771522897	1	1.0229	1.0385	0.9414
909	1303771522920	1	1.0229	1.0385	0.9414
910	1303771522942	1	1.0229	1.0769	0.9078
911	1303771522965	1	1.0229	1.0769	0.9078
912	1303771522986	1	1.0229	1.0385	0.9414
913	1303771523010	1	1.0229	1.0385	0.9414
914	1303771523033	1	1.0229	1.0769	0.9078
915	1303771523055	1	1.0229	1.0769	0.9078
916	1303771523078	1	1.0229	1.0385	0.9414
917	1303771523100	1	1.0229	1.0385	0.9414
918	1303771523123	1	1.0229	1.0769	0.9078
919	1303771523146	1	1.0229	1.0769	0.9078
920	1303771523167	1	1.0229	1.0385	0.9414
921	1303771523190	1	1.0229	1.0385	0.9414
922	1303771523212	1	1.0229	1.0769	0.9078
923	1303771523235	1	1.0229	1.0769	0.9078
924	1303771523258	1	1.0229	1.0385	0.9414
925	1303771523279	1	1.0229	1.0385	0.9414
926	1303771523303	1	1.0229	1.0769	0.9078
927	1303771523326	1	1.0229	1.0769	0.9078
928	1303771523350	1	1.0229	1.0385	0.9414
929	1303771523414	1	1.0682	1.0385	0.9015
930	1303771523435	1	1.0682	1.0769	0.8693
931	1303771523500	1	1.0682	1.0769	0.8693
932	1303771523522	1	1.0682	1.0385	0.9015
933	1303771523545	1	1.0682	1.0385	0.9015
934	1303771523568	1	1.0682	1.0769	0.8693
935	1303771523590	1	1.0682	1.0769	0.8693
936	1303771523614	1	1.0682	1.0385	0.9015
937	1303771523638	1	1.0682	1.0385	0.9015
938	1303771523660	1	1.0682	1.0769	0.8693
939	1303771523683	1	1.0682	1.0769	0.8693
940	1303771523705	1	1.0682	1.0385	0.9015
941	1303771523729	1	1.0682	1.0385	0.9015
942	1303771523793	1	1.0682	1.0769	0.8693
943	1303771523815	1	1.0682	1.0769	0.8693
944	1303771523838	1	1.0682	1.0385	0.9015
945	1303771523860	1	1.0682	1.0385	0.9015
946	1303771523883	1	1.0682	1.0769	0.8693
947	1303771523947	1	1.0682	1.0769	0.8693
948	1303771523969	1	1.0682	1.0385	0.9015
949	1303771523992	1	1.0682	1.0385	0.9015
950	1303771524014	1	1.0682	1.0769	0.8693
951	1303771524078	1	1.0682	1.0769	0.8693
952	1303771524102	1	1.0668	1.0385	0.9026
953	1303771524170	1	1.0649	1.0385	0.9043
954	1303771524197	1	1.0647	1.0769	0.8721
955	1303771524220	1	1.0647	1.0769	0.8721
956	1303771524284	1	1.0647	1.0385	0.9044
957	1303771524308	1	1.0647	1.0385	0.9044
958	1303771524332	1	1.0647	1.0769	0.8721
959	1303771524354	1	1.0647	1.0769	0.8721
960	1303771524378	1	1.0647	1.0385	0.9044
961	1303771524400	1	1.0647	1.0385	0.9044
962	1303771524464	1	1.0647	1.0769	0.8721
963	1303771524489	1	1.0647	1.0769	0.8721
964	1303771524510	1	1.0647	1.0385	0.9044
965	1303771524534	1	1.0647	1.0385	0.9044
966	1303771524595	1	1.0647	1.0769	0.8721
967	1303771524620	1	1.0647	1.0769	0.8721
968	1303771524645	1	1.0647	1.0385	0.9044
969	1303771524666	1	1.0647	1.0385	0.9044
970	1303771524690	1	1.0647	1.0769	0.8721
971	1303771524715	1	1.0647	1.0769	0.8721
972	1303771524736	1	1.0647	1.0385	0.9044
973	1303771524760	1	1.0647	1.0385	0.9044
974	1303771524784	1	1.0647	1.0769	0.8721
975	1303771524808	1	1.0647	1.0769	0.8721
976	1303771524831	1	1.0647	1.0385	0.9044
977	1303771524854	1	1.0647	1.0385	0.9044
978	1303771524877	1	1.0647	1.0769	0.8721
979	1303771524901	1	1.0647	1.0769	0.8721
980	1303771524924	1	1.0647	1.0385	0.9044
981	1303771524947	1	1.0647	1.0385	0.9044
982	1303771524969	1	1.0647	1.0769	0.8721
983	1303771525033	1	1.0647	1.0769	0.8721
984	1303771525096	1	1.0647	1.0385	0.9044
985	1303771525119	1	1.0647	1.0385	0.9044
986	1303771525142	1	1.0647	1.0769	0.8721
987	1303771525163	1	1.0647	1.0769	0.8721
988	1303771525187	1	1.0647	1.0385	0.9044
989	1303771525209	1	1.0647	1.0385	0.9044
990	1303771525233	1	1.0647	1.0769	0.8721
991	1303771525256	1	1.0647	1.0769	0.8721
992	1303771525278	1	1.0647	1.0385	0.9044
993	1303771525302	1	1.0647	1.0385	0.9044
994	1303771525325	1	1.0647	1.0769	0.8721
995	1303771525347	1	1.0647	1.0769	0.8721
996	1303771525373	1	1.0647	1.0385	0.9044
997	1303771525396	1	1.0647	1.0385	0.9044
998	1303771525419	1	1.0647	1.0769	0.8721
999	1303771525444	1	1.0647	1.0769	0.8721
1000	1303771525466	1	1.0647	1.0385	0.9044
1001	1303771525489	1	1.0647	1.0385	0.9044
1002	1303771525513	1	1.0647	1.0769	0.8721
1003	1303771525577	1	1.0647	1.0769	0.8721
1004	1303771525600	1	1.0647	1.0385	0.9044
1005	1303771525624	1	1.0647	1.0385	0.9044
1006	1303771525648	1	1.0647	1.0769	0.8721
1007	1303771525671	1	1.0647	1.0769	0.8721
1008	1303771525694	1	1.0647	1.0385	0.9044
1009	1303771525718	1	1.0647	1.0385	0.9044
1010	1303771525740	1	1.0647	1.0769	0.8721
1011	1303771525763	1	1.0647	1.0769	0.8721
1012	1303771525785	1	1.0647	1.0385	0.9044
1013	1303771525811	1	1.0647	1.0385	0.9044
1014	1303771525838	1	1.0618	1.0769	0.8745
1015	1303771525862	1	1.0618	1.0769	0.8745
1016	1303771525886	1	1.0618	1.0385	0.9069
1017	1303771525909	1	1.0618	1.0385	0.9069
1018	1303771525931	1	1.0618	1.0769	0.8745
1019	1303771525955	1	1.0618	1.0769	0.8745
1020	1303771525978	1	1.0618	1.0385	0.9069
1021	1303771526000	1	1.0618	1.0385	0.9069
1022	1303771526024	1	1.0618	1.0769	0.8745
1023	1303771526086	1	1.0618	1.0769	0.8745
1024	1303771526109	1	1.0618	1.0385	0.9069
1025	1303771526131	1	1.0618	1.0385	0.9069
1026	1303771526199	1	1.0618	1.0769	0.8745
1027	1303771526264	1	1.0618	1.0769	0.8745
1028	1303771526285	1	1.0618	1.0385	0.9069
1029	1303771526309	1	1.0618	1.0385	0.9069
1030	1303771526334	1	1.0618	1.0769	0.8745
1031	1303771526355	1	1.0618	1.0769	0.8745
1032	1303771526380	1	1.0618	1.0385	0.9069
1033	1303771526403	1	1.0618	1.0385	0.9069
1034	1303771526427	1	1.0618	1.0769	0.8745
1035	1303771526451	1	1.0618	1.0769	0.8745
1036	1303771526475	1	1.0618	1.0385	0.9069
1037	1303771526499	1	1.0618	1.0385	0.9069
1038	1303771526520	1	1.0618	1.0769	0.8745
1039	1303771526543	1	1.0618	1.0769	0.8745
1040	1303771526566	1	1.0618	1.0385	0.9069
1041	1303771526588	1	1.0618	1.0385	0.9069
1042	1303771526611	1	1.0618	1.0769	0.8745
1043	1303771526632	1	1.0618	1.0769	0.8745
1044	1303771526656	1	1.0618	1.0385	0.9069
1045	1303771526679	1	1.0618	1.0385	0.9069
1046	1303771526701	1	1.0618	1.0769	0.8745
1047	1303771526724	1	1.0618	1.0769	0.8745
1048	1303771526745	1	1.0618	1.0385	0.9069
1049	1303771526768	1	1.0618	1.0385	0.9069
1050	1303771526792	1	1.0618	1.0769	0.8745
1051	1303771526814	1	1.0618	1.0769	0.8745
1052	1303771526837	1	1.0618	1.0385	0.9069
1053	1303771526860	1	1.0618	1.0385	0.9069
1054	1303771526885	1	1.0618	1.0769	0.8745
1055	1303771526908	1	1.0618	1.0769	0.8745
1056	1303771526930	1	1.0618	1.0385	0.9069
1057	1303771526954	1	1.0618	1.0385	0.9069
1058	1303771526977	1	1.0618	1.0769	0.8745
1059	1303771527001	1	1.0618	1.0769	0.8745
1060	1303771527025	1	1.0618	1.0385	0.9069
1061	1303771527047	1	1.0618	1.0385	0.9069
1062	1303771527070	1	1.0618	1.0769	0.8745
1063	1303771527092	1	1.0618	1.0769	0.8745
1064	1303771527114	1	1.0618	1.0385	0.9069
1065	1303771527139	1	1.0618	1.0385	0.9069
1066	1303771527161	1	1.0618	1.0769	0.8745
1067	1303771527226	1	1.0618	1.0769	0.8745
1068	1303771527251	1	1.0618	1.0385	0.9069
1069	1303771527274	1	1.0618	1.0385	0.9069
1070	1303771527299	1	1.0618	1.0769	0.8745
1071	1303771527322	1	1.0618	1.0769	0.8745
1072	1303771527346	1	1.0618	1.0385	0.9069
1073	1303771527371	1	1.0618	1.0385	0.9069
1074	1303771527393	1	1.0618	1.0769	0.8745
1075	1303771527418	1	1.0543	1.0769	0.8807
1076	1303771527445	1	1.0542	1.0385	0.9134
1077	1303771527470	1	1.0542	1.0385	0.9134
1078	1303771527494	1	1.0542	1.0769	0.8808
1079	1303771527516	1	1.0542	1.0769	0.8808
1080	1303771527539	1	1.0542	1.0385	0.9134
1081	1303771527561	1	1.0542	1.0385	0.9134
1082	1303771527584	1	1.0542	1.0769	0.8808
1083	1303771527607	1	1.0542	1.0769	0.8808
1084	1303771527630	1	1.0542	1.0385	0.9134
1085	1303771527653	1	1.0542	1.0385	0.9134
1086	1303771527677	1	1.0542	1.0769	0.8808
1087	1303771527698	1	1.0542	1.0769	0.8808
1088	1303771527721	1	1.0542	1.0385	0.9134
1089	1303771527743	1	1.0542	1.0385	0.9134
1090	1303771527766	1	1.0542	1.0769	0.8808
1091	1303771527789	1	1.0542	1.0769	0.8808
1092	1303771527811	1	1.0542	1.0385	0.9134
1093	1303771527835	1	1.0542	1.0385	0.9134
1094	1303771527858	1	1.0542	1.0769	0.8808
1095	1303771527881	1	1.0542	1.0769	0.8808
1096	1303771527905	1	1.0542	1.0385	0.9134
1097	1303771527968	1	1.0542	1.0385	0.9134
1098	1303771527992	1	1.0542	1.0769	0.8808
1099	1303771528014	1	1.0542	1.0769	0.8808
1100	1303771528037	1	1.0542	1.0385	0.9134
1101	1303771528061	1	1.0542	1.0385	0.9134
1102	1303771528083	1	1.0542	1.0769	0.8808
1103	1303771528107	1	1.0542	1.0769	0.8808
1104	1303771528129	1	1.0542	1.0385	0.9134
1105	1303771528153	1	1.0542	1.0385	0.9134
1106	1303771528176	1	1.0542	1.0769	0.8808
1107	1303771528200	1	1.0542	1.0769	0.8808
1108	1303771528223	1	1.0542	1.0385	0.9134
1109	1303771528248	1	1.0542	1.0385	0.9134
1110	1303771528272	1	1.0542	1.0769	0.8808
1111	1303771528337	1	1.0542	1.0769	0.8808
1112	1303771528360	1	1.0542	1.0385	0.9134
1113	1303771528385	1	1.0542	1.0385	0.9134
1114	1303771528409	1	1.0542	1.0769	0.8808
1115	1303771528477	1	1.0542	1.0769	0.8808
1116	1303771528502	1	1.0542	1.0385	0.9134
1117	1303771528524	1	1.0542	1.0385	0.9134
1118	1303771528547	1	1.0542	1.0769	0.8808
1119	1303771528571	1	1.0542	1.0769	0.8808
1120	1303771528593	1	1.0542	1.0385	0.9134
1121	1303771528617	1	1.0542	1.0385	0.9134
1122	1303771528642	1	1.0542	1.0769	0.8808
1123	1303771528664	1	1.0542	1.0769	0.8808
1124	1303771528687	1	1.0542	1.0385	0.9134
1125	1303771528709	1	1.0542	1.0385	0.9134
1126	1303771528732	1	1.0542	1.0769	0.8808
1127	1303771528756	1	1.0542	1.0769	0.8808
1128	1303771528778	1	1.0542	1.0385	0.9134
1129	1303771528802	1	1.0542	1.0385	0.9134
1130	1303771528824	1	1.0542	1.0769	0.8808
1131	1303771528848	1	1.0542	1.0769	0.8808
1132	1303771528871	1	1.0542	1.0385	0.9134
1133	1303771528893	1	1.0542	1.0385	0.9134
1134	1303771528916	1	1.0542	1.0769	0.8808
1135	1303771528939	1	1.0542	1.0769	0.8808
1136	1303771528966	1	1.0542	1.0385	0.9134
1137	1303771528992	1	1.0542	1.0385	0.9134
1138	1303771529014	1	1.0542	1.0769	0.8808
1139	1303771529038	1	1.0544	1.0769	0.8806
1140	1303771529078	1	1.0544	1	0.9484
1141	1303771529100	1	1.0544	1.0769	0.8806
1142	1303771529124	1	1.0544	1.0769	0.8806
1143	1303771529147	1	1.0544	1.0769	0.8806
1144	1303771529170	1	1.0544	1	0.9484
1145	1303771529194	1	1.0544	1.0769	0.8806
1146	1303771529217	1	1.0544	1.0769	0.8806
1147	1303771529241	1	1.0544	1.0769	0.8806
1148	1303771529266	1	1.0544	1	0.9484
1149	1303771529289	1	1.0544	1.0769	0.8806
1150	1303771529314	1	1.0544	1.0769	0.8806
1151	1303771529338	1	1.0544	1.0769	0.8806
1152	1303771529362	1	1.0544	1	0.9484
1153	1303771529388	1	1.0544	1.0769	0.8806
1154	1303771529457	1	1.0544	1.0769	0.8806
1155	1303771529481	1	1.0544	1.0769	0.8806
1156	1303771529503	1	1.0544	1	0.9484
1157	1303771529527	1	1.0544	1.0769	0.8806
1158	1303771529595	1	1.0544	1.0769	0.8806
1159	1303771529617	1	1.0544	1.0769	0.8806
1160	1303771529640	1	1.0544	1	0.9484
1161	1303771529664	1	1.0544	1.0769	0.8806
1162	1303771529686	1	1.0544	1.0769	0.8806
1163	1303771529710	1	1.0544	1.0769	0.8806
1164	1303771529732	1	1.0544	1	0.9484
1165	1303771529757	1	1.0544	1.0769	0.8806
1166	1303771529780	1	1.0544	1.0769	0.8806
1167	1303771529849	1	1.0544	1.0769	0.8806
1168	1303771529874	1	1.0544	1	0.9484
1169	1303771529895	1	1.0544	1.0769	0.8806
1170	1303771529924	1	1.0544	1.0769	0.8806
1171	1303771529948	1	1.0544	1.0769	0.8806
1172	1303771529971	1	1.0544	1	0.9484
1173	1303771529995	1	1.0544	1.0769	0.8806
1174	1303771530019	1	1.0544	1.0769	0.8806
1175	1303771530044	1	1.0544	1.0769	0.8806
1176	1303771530069	1	1.0544	1	0.9484
1177	1303771530091	1	1.0544	1.0769	0.8806
1178	1303771530115	1	1.0544	1.0769	0.8806
1179	1303771530139	1	1.0544	1.0769	0.8806
1180	1303771530161	1	1.0544	1	0.9484
1181	1303771530231	1	1.0544	1.0769	0.8806
1182	1303771530254	1	1.0544	1.0769	0.8806
1183	1303771530278	1	1.0544	1.0769	0.8806
1184	1303771530302	1	1.0544	1	0.9484
1185	1303771530324	1	1.0544	1.0769	0.8806
1186	1303771530348	1	1.0544	1.0769	0.8806
1187	1303771530371	1	1.0544	1.0769	0.8806
1188	1303771530395	1	1.0544	1	0.9484
1189	1303771530459	1	1.0544	1.0769	0.8806
1190	1303771530481	1	1.0544	1.0769	0.8806
1191	1303771530505	1	1.0544	1.0769	0.8806
1192	1303771530529	1	1.0544	1	0.9484
1193	1303771530551	1	1.0544	1.0769	0.8806
1194	1303771530576	1	1.0544	1.0769	0.8806
1195	1303771530598	1	1.0544	1.0769	0.8806
1196	1303771530622	1	1.0544	1	0.9484
1197	1303771530651	1	1.0544	1.0769	0.8806
1198	1303771530679	1	1.0544	1.0769	0.8806
1199	1303771530704	1	1.0544	1.0769	0.8806
1200	1303771530730	1	1.0549	1	0.948
1201	1303771530753	1	1.0549	1.0769	0.8803
1202	1303771530778	1	1.0549	1.0769	0.8803
1203	1303771530802	1	1.0549	1.0769	0.8803
1204	1303771530826	1	1.0549	1	0.948
1205	1303771530850	1	1.0549	1.0769	0.8803
1206	1303771530873	1	1.0549	1.0769	0.8803
1207	1303771530897	1	1.0549	1.0769	0.8803
1208	1303771530920	1	1.0549	1	0.948
1209	1303771530943	1	1.0549	1.0769	0.8803
1210	1303771530967	1	1.0549	1.0769	0.8803
1211	1303771530990	1	1.0549	1.0769	0.8803
1212	1303771531054	1	1.0549	1	0.948
1213	1303771531078	1	1.0549	1.0769	0.8803
1214	1303771531101	1	1.0549	1.0769	0.8803
1215	1303771531126	1	1.0549	1.0769	0.8803
1216	1303771531150	1	1.0549	1	0.948
1217	1303771531174	1	1.0549	1.0769	0.8803
1218	1303771531198	1	1.0549	1.0769	0.8803
1219	1303771531221	1	1.0549	1.0769	0.8803
1220	1303771531246	1	1.0549	1	0.948
1221	1303771531271	1	1.0549	1.0769	0.8803
1222	1303771531293	1	1.0549	1.0769	0.8803
1223	1303771531317	1	1.0549	1.0769	0.8803
1224	1303771531340	1	1.0549	1	0.948
1225	1303771531364	1	1.0549	1.0769	0.8803
1226	1303771531429	1	1.0549	1.0769	0.8803
1227	1303771531452	1	1.0549	1.0769	0.8803
1228	1303771531476	1	1.0549	1	0.948
1229	1303771531498	1	1.0549	1.0769	0.8803
1230	1303771531522	1	1.0549	1.0769	0.8803
1231	1303771531547	1	1.0549	1.0769	0.8803
1232	1303771531571	1	1.0549	1	0.948
1233	1303771531595	1	1.0549	1.0769	0.8803
1234	1303771531665	1	1.0549	1.0769	0.8803
1235	1303771531688	1	1.0549	1.0769	0.8803
1236	1303771531753	1	1.0549	1	0.948
1237	1303771531775	1	1.0549	1.0769	0.8803
1238	1303771531799	1	1.0549	1.0769	0.8803
1239	1303771531865	1	1.0549	1.0769	0.8803
1240	1303771531887	1	1.0549	1	0.948
1241	1303771531912	1	1.0549	1.0769	0.8803
1242	1303771531935	1	1.0549	1.0769	0.8803
1243	1303771531959	1	1.0549	1.0769	0.8803
1244	1303771531984	1	1.0549	1	0.948
1245	1303771532006	1	1.0549	1.0769	0.8803
1246	1303771532031	1	1.0549	1.0769	0.8803
1247	1303771532100	1	1.0549	1.0769	0.8803
1248	1303771532123	1	1.0549	1	0.948
1249	1303771532151	1	1.0549	1.0769	0.8803
1250	1303771532216	1	1.0549	1.0769	0.8803
1251	1303771532240	1	1.0549	1.0769	0.8803
1252	1303771532265	1	1.0549	1	0.948
1253	1303771532287	1	1.0549	1.0769	0.8803
1254	1303771532311	1	1.0549	1.0769	0.8803
1255	1303771532336	1	1.0549	1.0769	0.8803
1256	1303771532360	1	1.0549	1	0.948
1257	1303771532385	1	1.1104	1.0769	0.8362
1258	1303771532415	1	1.1103	1.0769	0.8363
1259	1303771532440	1	1.1103	1.0769	0.8363
1260	1303771532463	1	1.1103	1	0.9007
1261	1303771532485	1	1.1103	1.0385	0.8673
1262	1303771532509	1	1.1103	1.0769	0.8363
1263	1303771532532	1	1.1103	1.0769	0.8363
1264	1303771532556	1	1.1103	1	0.9007
1265	1303771532580	1	1.1103	1.0769	0.8363
1266	1303771532603	1	1.1103	1.0769	0.8363
1267	1303771532627	1	1.1103	1.0769	0.8363
1268	1303771532650	1	1.1103	1	0.9007
1269	1303771532672	1	1.1103	1.0769	0.8363
1270	1303771532696	1	1.1103	1.0769	0.8363
1271	1303771532719	1	1.1103	1.0769	0.8363
1272	1303771532744	1	1.1103	1.0385	0.8673
1273	1303771532769	1	1.1103	1.0769	0.8363
1274	1303771532791	1	1.1103	1.0769	0.8363
1275	1303771532858	1	1.1103	1.0769	0.8363
1276	1303771532882	1	1.1103	1.0385	0.8673
1277	1303771532903	1	1.1103	1.0769	0.8363
1278	1303771532927	1	1.1103	1.0769	0.8363
1279	1303771532949	1	1.1103	1.0769	0.8363
1280	1303771532973	1	1.1103	1.0385	0.8673
1281	1303771533037	1	1.1108	1.0769	0.836
1282	1303771533059	1	1.1108	1.0769	0.836
1283	1303771533125	1	1.1108	1.0769	0.836
1284	1303771533148	1	1.1108	1.0385	0.8669
1285	1303771533173	1	1.1108	1.0769	0.836
1286	1303771533197	1	1.1108	1.0769	0.836
1287	1303771533220	1	1.1108	1.0769	0.836
1288	1303771533285	1	1.1108	1.0385	0.8669
1289	1303771533309	1	1.1108	1.0769	0.836
1290	1303771533332	1	1.1108	1.0769	0.836
1291	1303771533356	1	1.1108	1.0769	0.836
1292	1303771533378	1	1.1108	1.0385	0.8669
1293	1303771533403	1	1.1108	1.0769	0.836
1294	1303771533427	1	1.1108	1.0769	0.836
1295	1303771533449	1	1.1108	1.0769	0.836
1296	1303771533473	1	1.1108	1.0385	0.8669
1297	1303771533495	1	1.1108	1.0769	0.836
1298	1303771533519	1	1.1108	1.0769	0.836
1299	1303771533543	1	1.1108	1.0769	0.836
1300	1303771533565	1	1.1108	1.0385	0.8669
1301	1303771533589	1	1.1108	1.0769	0.836
1302	1303771533652	1	1.1108	1.0769	0.836
1303	1303771533676	1	1.1108	1.0769	0.836
1304	1303771533701	1	1.1108	1.0385	0.8669
1305	1303771533723	1	1.1108	1.0769	0.836
1306	1303771533747	1	1.1108	1.0769	0.836
1307	1303771533771	1	1.1108	1.0769	0.836
1308	1303771533793	1	1.1108	1.0385	0.8669
1309	1303771533817	1	1.1108	1.0769	0.836
1310	1303771533883	1	1.1108	1.0769	0.836
1311	1303771533907	1	1.1108	1.0769	0.836
1312	1303771533931	1	1.1108	1.0385	0.8669
1313	1303771533953	1	1.1108	1.0769	0.836
1314	1303771533977	1	1.1108	1.0769	0.836
1315	1303771533999	1	1.1108	1.0769	0.836
1316	1303771534023	1	1.1108	1.0385	0.8669
1317	1303771534048	1	1.1108	1.0769	0.836
1318	1303771534071	1	1.1218	1.0769	0.8278
1319	1303771534096	1	1.0851	1.0769	0.8557
1320	1303771534162	1	1.0851	1.0385	0.8874
1321	1303771534184	1	1.0851	1.0769	0.8557
1322	1303771534208	1	1.0851	1.0769	0.8557
1323	1303771534230	1	1.0851	1.0769	0.8557
1324	1303771534254	1	1.0851	1.0385	0.8874
1325	1303771534278	1	1.0851	1.0769	0.8557
1326	1303771534300	1	1.0851	1.0769	0.8557
1327	1303771534324	1	1.0851	1.0769	0.8557
1328	1303771534346	1	1.0851	1.0385	0.8874
1329	1303771534370	1	1.0851	1.0769	0.8557
1330	1303771534435	1	1.0851	1.0769	0.8557
1331	1303771534458	1	1.0851	1.0769	0.8557
1332	1303771534482	1	1.0851	1.0385	0.8874
1333	1303771534548	1	1.0851	1.0769	0.8557
1334	1303771534570	1	1.0851	1.0769	0.8557
1335	1303771534595	1	1.0851	1.0769	0.8557
1336	1303771534619	1	1.0851	1	0.9216
1337	1303771534645	1	1.0851	1.0769	0.8557
1338	1303771534669	1	1.0851	1.0769	0.8557
1339	1303771534692	1	1.0851	1.0769	0.8557
1340	1303771534717	1	1.0851	1	0.9216
1341	1303771534740	1	1.0851	1.0769	0.8557
1342	1303771534763	1	1.0851	1.0769	0.8557
1343	1303771534828	1	1.0851	1.0769	0.8557
1344	1303771534891	1	1.0851	1	0.9216
1345	1303771534914	1	1.0851	1.0769	0.8557
1346	1303771534938	1	1.0851	1.0769	0.8557
1347	1303771534960	1	1.0851	1.0769	0.8557
1348	1303771534983	1	1.0851	1	0.9216
1349	1303771535006	1	1.0851	1.0769	0.8557
1350	1303771535029	1	1.0851	1.0769	0.8557
1351	1303771535053	1	1.0851	1.0769	0.8557
1352	1303771535077	1	1.0851	1	0.9216
1353	1303771535101	1	1.0851	1.0769	0.8557
1354	1303771535125	1	1.0851	1.0769	0.8557
1355	1303771535190	1	1.0851	1.0769	0.8557
1356	1303771535214	1	1.0851	1	0.9216
1357	1303771535236	1	1.0851	1.0769	0.8557
1358	1303771535301	1	1.0851	1.0769	0.8557
1359	1303771535323	1	1.0851	1.0769	0.8557
1360	1303771535346	1	1.0851	1	0.9216
1361	1303771535370	1	1.0851	1.0769	0.8557
1362	1303771535392	1	1.0851	1.0769	0.8557
1363	1303771535416	1	1.0851	1.0769	0.8557
1364	1303771535481	1	1.0851	1	0.9216
1365	1303771535503	1	1.0851	1.0769	0.8557
1366	1303771535527	1	1.0851	1.0769	0.8557
1367	1303771535550	1	1.0851	1.0769	0.8557
1368	1303771535574	1	1.0851	1	0.9216
1369	1303771535600	1	1.0851	1.0769	0.8557
1370	1303771535622	1	1.0851	1.0769	0.8557
1371	1303771535646	1	1.0851	1.0769	0.8557
1372	1303771535668	1	1.0851	1	0.9216
1373	1303771535692	1	1.0851	1.0769	0.8557
1374	1303771535716	1	1.0851	1.0769	0.8557
1375	1303771535778	1	1.0851	1.0769	0.8557
1376	1303771535802	1	1.0851	1	0.9216
1377	1303771535825	1	1.0851	1.0769	0.8557
1378	1303771535849	1	1.0851	1.0769	0.8557
1379	1303771535874	1	1.0851	1.0769	0.8557
1380	1303771535898	1	1.0851	1	0.9216
1381	1303771535964	1	1.0851	1.0769	0.8557
1382	1303771535988	1	1.0851	1.0769	0.8557
1383	1303771536011	1	1.1105	1.0769	0.8362
1384	1303771536036	1	1.1105	1	0.9005
1385	1303771536059	1	1.1105	1.0769	0.8362
1386	1303771536133	1	1.1105	1.0769	0.8362
1387	1303771536159	1	1.1105	1.0769	0.8362
1388	1303771536182	1	1.1105	1	0.9005
1389	1303771536206	1	1.1105	1.0769	0.8362
1390	1303771536228	1	1.1105	1.0769	0.8362
1391	1303771536254	1	1.1105	1.0769	0.8362
1392	1303771536319	1	1.1105	1.0385	0.8672
1393	1303771536342	1	1.1105	1.0769	0.8362
1394	1303771536366	1	1.1105	1.0769	0.8362
1395	1303771536391	1	1.1105	1.0769	0.8362
1396	1303771536413	1	1.1105	1.0385	0.8672
1397	1303771536437	1	1.1105	1.0769	0.8362
1398	1303771536499	1	1.1105	1.0769	0.8362
1399	1303771536525	1	1.1105	1.0769	0.8362
1400	1303771536550	1	1.1105	1.0385	0.8672
1401	1303771536573	1	1.1105	1.0769	0.8362
1402	1303771536597	1	1.1105	1.0769	0.8362
1403	1303771536619	1	1.1105	1.0769	0.8362
1404	1303771536643	1	1.1105	1.0385	0.8672
1405	1303771536668	1	1.1105	1.0769	0.8362
1406	1303771536691	1	1.1105	1.0769	0.8362
1407	1303771536717	1	1.1105	1.0769	0.8362
1408	1303771536742	1	1.1105	1.0385	0.8672
1409	1303771536765	1	1.1105	1.0769	0.8362
1410	1303771536789	1	1.1105	1.0769	0.8362
1411	1303771536812	1	1.1105	1.0769	0.8362
1412	1303771536835	1	1.1105	1.0385	0.8672
1413	1303771536859	1	1.1105	1.0769	0.8362
1414	1303771536881	1	1.1105	1.0769	0.8362
1415	1303771536905	1	1.1105	1.0769	0.8362
1416	1303771536927	1	1.1105	1.0385	0.8672
1417	1303771536951	1	1.1105	1.0769	0.8362
1418	1303771536974	1	1.1105	1.0769	0.8362
1419	1303771536997	1	1.1105	1.0769	0.8362
1420	1303771537021	1	1.1105	1.0385	0.8672
1421	1303771537044	1	1.1105	1.0769	0.8362
1422	1303771537110	1	1.1105	1.0769	0.8362
1423	1303771537134	1	1.1105	1.0769	0.8362
1424	1303771537157	1	1.1105	1.0385	0.8672
1425	1303771537182	1	1.1105	1.0769	0.8362
1426	1303771537205	1	1.1105	1.0769	0.8362
1427	1303771537229	1	1.1105	1.0769	0.8362
1428	1303771537254	1	1.1105	1.0385	0.8672
1429	1303771537277	1	1.1105	1.0769	0.8362
1430	1303771537301	1	1.1105	1.0769	0.8362
1431	1303771537324	1	1.1105	1.0769	0.8362
1432	1303771537347	1	1.1105	1.0385	0.8672
1433	1303771537371	1	1.1105	1.0769	0.8362
1434	1303771537392	1	1.1105	1.0769	0.8362
1435	1303771537416	1	1.1105	1.0769	0.8362
1436	1303771537439	1	1.1105	1.0385	0.8672
1437	1303771537462	1	1.1105	1.0769	0.8362
1438	1303771537486	1	1.1105	1.0769	0.8362
1439	1303771537548	1	1.1105	1.0769	0.8362
1440	1303771537573	1	1.1105	1.0385	0.8672
1441	1303771537639	1	1.0853	1.0769	0.8556
1442	1303771537663	1	1.0853	1.0769	0.8556
1443	1303771537688	1	1.0853	1.0769	0.8556
1444	1303771537713	1	1.0853	1.0385	0.8872
1445	1303771537735	1	1.0853	1.0769	0.8556
1446	1303771537758	1	1.0853	1.0769	0.8556
1447	1303771537780	1	1.0853	1.0769	0.8556
1448	1303771537804	1	1.0853	1.0385	0.8872
1449	1303771537829	1	1.0853	1.0769	0.8556
1450	1303771537851	1	1.0853	1.0769	0.8556
1451	1303771537876	1	1.0853	1.0769	0.8556
1452	1303771537899	1	1.0853	1.0385	0.8872
1453	1303771537923	1	1.0853	1.0769	0.8556
1454	1303771537948	1	1.0853	1.0769	0.8556
1455	1303771537970	1	1.0853	1.0769	0.8556
1456	1303771537994	1	1.0853	1.0385	0.8872
1457	1303771538018	1	1.0853	1.0769	0.8556
1458	1303771538042	1	1.0853	1.0769	0.8556
1459	1303771538065	1	1.0853	1.0769	0.8556
1460	1303771538088	1	1.0853	1.0385	0.8872
1461	1303771538111	1	1.0853	1.0385	0.8872
1462	1303771538134	1	1.0853	1.0769	0.8556
1463	1303771538157	1	1.0853	1.0769	0.8556
1464	1303771538181	1	1.0853	1.0385	0.8872
1465	1303771538203	1	1.0853	1.0385	0.8872
1466	1303771538226	1	1.0853	1.0769	0.8556
1467	1303771538248	1	1.0853	1.0769	0.8556
1468	1303771538272	1	1.0853	1.0385	0.8872
1469	1303771538295	1	1.0853	1.0385	0.8872
1470	1303771538318	1	1.0853	1.0769	0.8556
1471	1303771538384	1	1.0853	1.0769	0.8556
1472	1303771538408	1	1.0853	1.0385	0.8872
1473	1303771538430	1	1.0853	1.0385	0.8872
1474	1303771538495	1	1.0853	1.0769	0.8556
1475	1303771538517	1	1.0853	1.0769	0.8556
1476	1303771538585	1	1.0853	1.0385	0.8872
1477	1303771538655	1	1.0695	1.0385	0.9004
1478	1303771538677	1	1.0695	1.0769	0.8682
1479	1303771538701	1	1.0695	1.0769	0.8682
1480	1303771538726	1	1.0695	1.0385	0.9004
1481	1303771538748	1	1.0695	1.0385	0.9004
1482	1303771538817	1	1.0695	1.0769	0.8682
1483	1303771538839	1	1.0695	1.0769	0.8682
1484	1303771538862	1	1.0695	1.0385	0.9004
1485	1303771538886	1	1.0695	1.0385	0.9004
1486	1303771538908	1	1.0695	1.0769	0.8682
1487	1303771538932	1	1.0695	1.0769	0.8682
1488	1303771538954	1	1.0695	1.0385	0.9004
1489	1303771538978	1	1.0695	1.0385	0.9004
1490	1303771539003	1	1.0695	1.0769	0.8682
1491	1303771539025	1	1.0695	1.0769	0.8682
1492	1303771539048	1	1.0695	1.0385	0.9004
1493	1303771539071	1	1.0695	1.0385	0.9004
1494	1303771539094	1	1.0695	1.0769	0.8682
1495	1303771539118	1	1.0695	1.0769	0.8682
1496	1303771539140	1	1.0695	1.0385	0.9004
1497	1303771539163	1	1.0695	1.0385	0.9004
1498	1303771539186	1	1.0695	1.0769	0.8682
1499	1303771539209	1	1.0695	1.0769	0.8682
1500	1303771539233	1	1.0695	1.0385	0.9004
1501	1303771539255	1	1.0695	1.0385	0.9004
1502	1303771539321	1	1.0695	1.0769	0.8682
1503	1303771539346	1	1.0695	1.0769	0.8682
1504	1303771539368	1	1.0695	1.0385	0.9004
1505	1303771539392	1	1.0695	1.0385	0.9004
1506	1303771539414	1	1.0999	1.0769	0.8442
1507	1303771539478	1	1.0999	1.0769	0.8442
1508	1303771539502	1	1.0999	1.0385	0.8755
1509	1303771539523	1	1.0999	1.0385	0.8755
1510	1303771539547	1	1.0999	1.0769	0.8442
1511	1303771539568	1	1.0999	1.0769	0.8442
1512	1303771539592	1	1.0999	1.0385	0.8755
1513	1303771539616	1	1.0999	1.0769	0.8442
1514	1303771539639	1	1.0999	1.0769	0.8442
1515	1303771539662	1	1.0999	1.0769	0.8442
1516	1303771539684	1	1.0999	1.0385	0.8755
1517	1303771539749	1	1.129	1.0769	0.8225
1518	1303771539814	1	1.3334	1.0769	0.6964
1519	1303771539835	1	1.3334	1.0769	0.6964
1520	1303771539860	1	1.3334	1.0385	0.7222
1521	1303771539885	1	1.3334	1.0769	0.6964
1522	1303771539907	1	1.3334	1.0769	0.6964
1523	1303771539931	1	1.3334	1.0769	0.6964
1524	1303771539953	1	1.3334	1.0385	0.7222
1525	1303771539977	1	1.3334	1.0769	0.6964
1526	1303771540001	1	1.3334	1.0769	0.6964
1527	1303771540024	1	1.3334	1.0769	0.6964
1528	1303771540049	1	1.3334	1.0385	0.7222
1529	1303771540071	1	1.3334	1.0769	0.6964
1530	1303771540094	1	1.3334	1.0769	0.6964
1531	1303771540117	1	1.3334	1.0769	0.6964
1532	1303771540139	1	1.3334	1.0385	0.7222
1533	1303771540163	1	1.3334	1.0769	0.6964
1534	1303771540185	1	1.3334	1.0769	0.6964
1535	1303771540209	1	1.3334	1.0769	0.6964
1536	1303771540232	1	1.3334	1.0385	0.7222
1537	1303771540256	1	1.3334	1.0769	0.6964
1538	1303771540280	1	1.3334	1.0769	0.6964
1539	1303771540302	1	1.3334	1.0769	0.6964
1540	1303771540325	1	1.3334	1.0385	0.7222
1541	1303771540349	1	1.3334	1.0769	0.6964
1542	1303771540372	1	1.3334	1.0769	0.6964
1543	1303771540395	1	1.3334	1.0769	0.6964
1544	1303771540418	1	1.3334	1.0385	0.7222
1545	1303771540441	1	1.3334	1.0769	0.6964
1546	1303771540464	1	1.3334	1.0769	0.6964
1547	1303771540486	1	1.3334	1.0769	0.6964
1548	1303771540511	1	1.3334	1.0385	0.7222
1549	1303771540534	1	1.3334	1.0769	0.6964
1550	1303771540557	1	1.3334	1.0769	0.6964
1551	1303771540581	1	1.3334	1.0769	0.6964
1552	1303771540605	1	1.3334	1.0385	0.7222
1553	1303771540629	1	1.3334	1.0769	0.6964
1554	1303771540652	1	1.3334	1.0769	0.6964
1555	1303771540675	1	1.3334	1.0769	0.6964
1556	1303771540699	1	1.3334	1.0385	0.7222
1557	1303771540721	1	1.3334	1.0769	0.6964
1558	1303771540745	1	1.3334	1.0769	0.6964
1559	1303771540767	1	1.3334	1.0769	0.6964
1560	1303771540832	1	1.3334	1.0385	0.7222
1561	1303771540856	1	1.3334	1.0769	0.6964
1562	1303771540878	1	1.3334	1.0769	0.6964
1563	1303771540905	1	1.3334	1.0769	0.6964
1564	1303771540974	1	1.2649	1.0385	0.7613
1565	1303771540997	1	1.2646	1.0769	0.7343
1566	1303771541021	1	1.2646	1.0769	0.7343
1567	1303771541045	1	1.2646	1.0769	0.7343
1568	1303771541068	1	1.2646	1.0385	0.7615
1569	1303771541094	1	1.2646	1.0769	0.7343
1570	1303771541158	1	1.2646	1.0769	0.7343
1571	1303771541182	1	1.2646	1.0769	0.7343
1572	1303771541209	1	1.2646	1.0385	0.7615
1573	1303771541231	1	1.2646	1.0769	0.7343
1574	1303771541255	1	1.2646	1.0769	0.7343
1575	1303771541278	1	1.2646	1.0769	0.7343
1576	1303771541302	1	1.2646	1.0385	0.7615
1577	1303771541326	1	1.2646	1.0769	0.7343
1578	1303771541348	1	1.2646	1.0769	0.7343
1579	1303771541372	1	1.2646	1.0769	0.7343
1580	1303771541436	1	1.2646	1.0385	0.7615
1581	1303771541461	1	1.2646	1.0769	0.7343
1582	1303771541486	1	1.2646	1.0769	0.7343
1583	1303771541508	1	1.2646	1.0769	0.7343
1584	1303771541532	1	1.2646	1.0385	0.7615
1585	1303771541555	1	1.2646	1.0769	0.7343
1586	1303771541579	1	1.2646	1.0769	0.7343
1587	1303771541604	1	1.2646	1.0769	0.7343
1588	1303771541626	1	1.2646	1.0385	0.7615
1589	1303771541650	1	1.2646	1.0769	0.7343
1590	1303771541673	1	1.2646	1.0769	0.7343
1591	1303771541698	1	1.2646	1.0769	0.7343
1592	1303771541722	1	1.2646	1.0385	0.7615
1593	1303771541744	1	1.2646	1.0769	0.7343
1594	1303771541768	1	1.2646	1.0769	0.7343
1595	1303771541792	1	1.2646	1.0769	0.7343
1596	1303771541816	1	1.2646	1.0385	0.7615
1597	1303771541840	1	1.2646	1.0769	0.7343
1598	1303771541863	1	1.2646	1.0769	0.7343
1599	1303771541887	1	1.2646	1.0769	0.7343
1600	1303771541911	1	1.2646	1.0385	0.7615
1601	1303771541934	1	1.2646	1.0769	0.7343
1602	1303771541959	1	1.2646	1.0769	0.7343
1603	1303771541981	1	1.2646	1.0769	0.7343
1604	1303771542005	1	1.2646	1.0385	0.7615
1605	1303771542028	1	1.2646	1.0769	0.7343
1606	1303771542050	1	1.2646	1.0769	0.7343
1607	1303771542074	1	1.2646	1.0769	0.7343
1608	1303771542097	1	1.2646	1	0.7907
1609	1303771542174	1	1.2646	1.0769	0.7343
1610	1303771542198	1	1.2646	1.0769	0.7343
1611	1303771542220	1	1.2646	1.0769	0.7343
1612	1303771542244	1	1.2646	1	0.7907
1613	1303771542266	1	1.2646	1.0769	0.7343
1614	1303771542290	1	1.2646	1.0769	0.7343
1615	1303771542313	1	1.2646	1.0769	0.7343
1616	1303771542335	1	1.2646	1	0.7907
1617	1303771542359	1	1.2646	1.0769	0.7343
1618	1303771542423	1	1.2646	1.0769	0.7343
1619	1303771542488	1	1.2646	1.0769	0.7343
1620	1303771542553	1	1.2646	1	0.7907
1621	1303771542575	1	1.2646	1.0769	0.7343
1622	1303771542598	1	1.2646	1.0769	0.7343
1623	1303771542621	1	1.2646	1.0769	0.7343
1624	1303771542645	1	1.2646	1	0.7907
1625	1303771542671	1	1.2646	1.0769	0.7343
1626	1303771542693	1	1.2646	1.0769	0.7343
1627	1303771542717	1	1.2646	1.0769	0.7343
1628	1303771542783	1	1.2667	1	0.7895
1629	1303771542805	1	1.2667	1.0769	0.7331
1630	1303771542828	1	1.2667	1.0769	0.7331
1631	1303771542850	1	1.2667	1.0769	0.7331
1632	1303771542876	1	1.2667	1	0.7895
1633	1303771542900	1	1.2667	1.0769	0.7331
1634	1303771542924	1	1.2667	1.0769	0.7331
1635	1303771542950	1	1.2667	1.0769	0.7331
1636	1303771542973	1	1.2667	1	0.7895
1637	1303771542996	1	1.2667	1.0769	0.7331
1638	1303771543020	1	1.2667	1.0769	0.7331
1639	1303771543044	1	1.2667	1.0769	0.7331
1640	1303771543068	1	1.2667	1	0.7895
1641	1303771543092	1	1.2667	1.0769	0.7331
1642	1303771543114	1	1.2667	1.0769	0.7331
1643	1303771543139	1	1.2667	1.0769	0.7331
1644	1303771543162	1	1.2667	1	0.7895
1645	1303771543186	1	1.2667	1.0769	0.7331
1646	1303771543212	1	1.2667	1.0769	0.7331
1647	1303771543235	1	1.2667	1.0769	0.7331
1648	1303771543259	1	1.2667	1	0.7895
1649	1303771543282	1	1.2667	1.0769	0.7331
1650	1303771543348	1	1.2667	1.0769	0.7331
1651	1303771543416	1	1.2667	1.0769	0.7331
1652	1303771543439	1	1.2667	1	0.7895
1653	1303771543463	1	1.2667	1.0769	0.7331
1654	1303771543485	1	1.2667	1.0769	0.7331
1655	1303771543509	1	1.2667	1.0769	0.7331
1656	1303771543533	1	1.2667	1	0.7895
1657	1303771543557	1	1.2667	1.0769	0.7331
1658	1303771543582	1	1.2667	1.0769	0.7331
1659	1303771543606	1	1.2667	1.0769	0.7331
1660	1303771543630	1	1.2667	1	0.7895
1661	1303771543654	1	1.2667	1.0769	0.7331
1662	1303771543677	1	1.2667	1.0769	0.7331
1663	1303771543701	1	1.2667	1.0769	0.7331
1664	1303771543725	1	1.2667	1.0385	0.7602
1665	1303771543747	1	1.2667	1.0769	0.7331
1666	1303771543771	1	1.2667	1.0769	0.7331
1667	1303771543793	1	1.2667	1.0769	0.7331
1668	1303771543817	1	1.2667	1.0385	0.7602
1669	1303771543841	1	1.2667	1.0769	0.7331
1670	1303771543863	1	1.2667	1.0769	0.7331
1671	1303771543927	1	1.2667	1.0769	0.7331
1672	1303771543950	1	1.2667	1.0385	0.7602
1673	1303771543974	1	1.2667	1.0769	0.7331
1674	1303771543998	1	1.2667	1.0769	0.7331
1675	1303771544021	1	1.2667	1.0769	0.7331
1676	1303771544044	1	1.2667	1.0385	0.7602
1677	1303771544067	1	1.2667	1.0769	0.7331
1678	1303771544091	1	1.2667	1.0769	0.7331
1679	1303771544157	1	1.2667	1.0769	0.7331
1680	1303771544181	1	1.2667	1.0385	0.7602
1681	1303771544206	1	1.2667	1.0769	0.7331
1682	1303771544230	1	1.2667	1.0769	0.7331
1683	1303771544253	1	1.2667	1.0769	0.7331
1684	1303771544278	1	1.2667	1.0385	0.7602
1685	1303771544302	1	1.2667	1.0769	0.7331
1686	1303771544328	1	1.2667	1.0769	0.7331
1687	1303771544384	1	1.2667	1.0769	0.7331
1688	1303771544407	1	1.2667	1.0385	0.7602
1689	1303771544432	1	1.2794	1.0769	0.7258
1690	1303771544456	1	1.2794	1.0769	0.7258
1691	1303771544519	1	1.2794	1.0769	0.7258
1692	1303771544544	1	1.2794	1.0385	0.7527
1693	1303771544566	1	1.2794	1.0769	0.7258
1694	1303771544634	1	1.2794	1.0769	0.7258
1695	1303771544658	1	1.2794	1.0769	0.7258
1696	1303771544681	1	1.2794	1.0385	0.7527
1697	1303771544706	1	1.2794	1.0769	0.7258
1698	1303771544729	1	1.2794	1.0769	0.7258
1699	1303771544753	1	1.2794	1.0769	0.7258
1700	1303771544778	1	1.2794	1.0385	0.7527
1701	1303771544840	1	1.2794	1.0769	0.7258
1702	1303771544864	1	1.2794	1.0769	0.7258
1703	1303771544889	1	1.2794	1.0769	0.7258
1704	1303771544912	1	1.2794	1.0385	0.7527
1705	1303771544936	1	1.2794	1.0769	0.7258
1706	1303771545000	1	1.2794	1.0769	0.7258
1707	1303771545024	1	1.2794	1.0769	0.7258
1708	1303771545048	1	1.2794	1.0385	0.7527
1709	1303771545071	1	1.2794	1.0769	0.7258
1710	1303771545095	1	1.2794	1.0769	0.7258
1711	1303771545118	1	1.2794	1.0769	0.7258
1712	1303771545141	1	1.2794	1.0385	0.7527
1713	1303771545166	1	1.2794	1.0769	0.7258
1714	1303771545189	1	1.2794	1.0769	0.7258
1715	1303771545213	1	1.2794	1.0769	0.7258
1716	1303771545236	1	1.2794	1.0385	0.7527
1717	1303771545260	1	1.2794	1.0769	0.7258
1718	1303771545285	1	1.2794	1.0769	0.7258
1719	1303771545309	1	1.2794	1.0769	0.7258
1720	1303771545332	1	1.2794	1.0385	0.7527
1721	1303771545357	1	1.2794	1.0769	0.7258
1722	1303771545380	1	1.2794	1.0769	0.7258
1723	1303771545404	1	1.2794	1.0769	0.7258
1724	1303771545427	1	1.2794	1.0385	0.7527
1725	1303771545451	1	1.2794	1.0769	0.7258
1726	1303771545475	1	1.2794	1.0769	0.7258
1727	1303771545498	1	1.2794	1.0769	0.7258
1728	1303771545522	1	1.2794	1.0385	0.7527
1729	1303771545545	1	1.2794	1.0769	0.7258
1730	1303771545569	1	1.2794	1.0769	0.7258
1731	1303771545593	1	1.2794	1.0769	0.7258
1732	1303771545616	1	1.2794	1.0385	0.7527
1733	1303771545640	1	1.2794	1.0769	0.7258
1734	1303771545662	1	1.2794	1.0769	0.7258
1735	1303771545687	1	1.2794	1.0769	0.7258
1736	1303771545712	1	1.2794	1.0385	0.7527
1737	1303771545735	1	1.2794	1.0769	0.7258
1738	1303771545800	1	1.2794	1.0769	0.7258
1739	1303771545865	1	1.2794	1.0769	0.7258
1740	1303771545888	1	1.2794	1.0385	0.7527
1741	1303771545912	1	1.2794	1.0769	0.7258
1742	1303771545935	1	1.2794	1.0769	0.7258
1743	1303771545960	1	1.2794	1.0769	0.7258
1744	1303771545984	1	1.2794	1.0385	0.7527
1745	1303771546009	1	1.2794	1.0769	0.7258
1746	1303771546036	1	1.2794	1.0769	0.7258
1747	1303771546062	1	1.2794	1.0769	0.7258
1748	1303771546089	1	1.2677	1.0385	0.7596
1749	1303771546115	1	1.2675	1.0769	0.7326
1750	1303771546140	1	1.2675	1.0769	0.7326
1751	1303771546164	1	1.2675	1.0769	0.7326
1752	1303771546189	1	1.2675	1.0385	0.7597
1753	1303771546212	1	1.2675	1.0769	0.7326
1754	1303771546237	1	1.2675	1.0769	0.7326
1755	1303771546259	1	1.2675	1.0769	0.7326
1756	1303771546283	1	1.2675	1.0385	0.7597
1757	1303771546307	1	1.2675	1.0769	0.7326
1758	1303771546330	1	1.2675	1.0769	0.7326
1759	1303771546354	1	1.2675	1.0769	0.7326
1760	1303771546377	1	1.2675	1.0385	0.7597
1761	1303771546401	1	1.2675	1.0769	0.7326
1762	1303771546466	1	1.2675	1.0769	0.7326
1763	1303771546489	1	1.2675	1.0769	0.7326
1764	1303771546513	1	1.2675	1.0385	0.7597
1765	1303771546535	1	1.2675	1.0769	0.7326
1766	1303771546560	1	1.2675	1.0769	0.7326
1767	1303771546584	1	1.2675	1.0769	0.7326
1768	1303771546609	1	1.2675	1.0385	0.7597
1769	1303771546635	1	1.2675	1.0769	0.7326
1770	1303771546658	1	1.2675	1.0769	0.7326
1771	1303771546683	1	1.2675	1.0769	0.7326
1772	1303771546708	1	1.2675	1.0385	0.7597
1773	1303771546730	1	1.2675	1.0769	0.7326
1774	1303771546754	1	1.2675	1.0769	0.7326
1775	1303771546779	1	1.2675	1.0769	0.7326
1776	1303771546802	1	1.2675	1.0385	0.7597
1777	1303771546826	1	1.2675	1.0769	0.7326
1778	1303771546849	1	1.2675	1.0769	0.7326
1779	1303771546873	1	1.2675	1.0769	0.7326
1780	1303771546898	1	1.2675	1.0385	0.7597
1781	1303771546923	1	1.2675	1.0769	0.7326
1782	1303771546948	1	1.2675	1.0769	0.7326
1783	1303771546973	1	1.2675	1.0769	0.7326
1784	1303771546997	1	1.2675	1.0385	0.7597
1785	1303771547021	1	1.2675	1.0769	0.7326
1786	1303771547045	1	1.2675	1.0769	0.7326
1787	1303771547070	1	1.2675	1.0769	0.7326
1788	1303771547095	1	1.2675	1.0385	0.7597
1789	1303771547120	1	1.2675	1.0769	0.7326
1790	1303771547145	1	1.2675	1.0769	0.7326
1791	1303771547167	1	1.2675	1.0769	0.7326
1792	1303771547191	1	1.2675	1.0385	0.7597
1793	1303771547214	1	1.2675	1.0769	0.7326
1794	1303771547240	1	1.2675	1.0769	0.7326
1795	1303771547264	1	1.2675	1.0769	0.7326
1796	1303771547288	1	1.2675	1.0385	0.7597
1797	1303771547313	1	1.2675	1.0769	0.7326
1798	1303771547336	1	1.2675	1.0769	0.7326
1799	1303771547361	1	1.2675	1.0769	0.7326
1800	1303771547385	1	1.2675	1.0385	0.7597
