0	1303770638481	0	0	0	0
1	1303770638490	0	0	0	0
2	1303770638498	0	0	0	0
3	1303770638507	0	0	0	0
4	1303770638515	0	0	0	0
5	1303770638524	0	0	0	0
6	1303770638534	0	0	0	0
7	1303770638545	0	0	0	0
8	1303770638555	0	0	0	0
9	1303770638565	0	0	0	0
10	1303770638592	0	0	0	0
11	1303770638603	0	0	0	0
12	1303770638624	0	0	0	0
13	1303770638636	0	0	0	0
14	1303770638646	0	0	0	0
15	1303770638657	0	0	0	0
16	1303770638667	0	0	0	0
17	1303770638678	0	0	0	0
18	1303770638688	0	0	0	0
19	1303770638698	0	0	0	0
20	1303770638708	0	0	0	0
21	1303770638720	0	0	0	0
22	1303770638730	0	0	0	0
23	1303770638740	0	0	0	0
24	1303770638752	0	0	0	0
25	1303770638763	0	0	0	0
26	1303770638774	0	0	0	0
27	1303770638784	0	0	0	0
28	1303770638796	0	0	0	0
29	1303770638807	0	0	0	0
30	1303770638818	0	0	0	0
31	1303770638830	0	0	0	0
32	1303770638841	0	0	0	0
33	1303770638853	0	0	0	0
34	1303770638865	0	0	0	0
35	1303770638877	0	0	0	0
36	1303770638888	0	0	0	0
37	1303770638943	0	0	0	0
38	1303770639043	0	0	0	0
39	1303770639097	0	0	0	0
40	1303770639109	0	0	0	0
41	1303770639164	0	0	0	0
42	1303770639176	0	0	0	0
43	1303770639198	0	0	0	0
44	1303770639211	0	0	0	0
45	1303770639223	0	0	0	0
46	1303770639235	0	0	0	0
47	1303770639248	0	0	0	0
48	1303770639260	0	0	0	0
49	1303770639271	0	0	0	0
50	1303770639284	0	0	0	0
51	1303770639296	0	0	0	0
52	1303770639308	0	0	0	0
53	1303770639321	0	0	0	0
54	1303770639333	0	0	0	0
55	1303770639345	0	0	0	0
56	1303770639357	0	0	0	0
57	1303770639369	0	0	0	0
58	1303770639381	0	0	0	0
59	1303770639394	0	0	0	0
60	1303770639406	0	0	0	0
61	1303770639461	0	0	0	0
62	1303770639473	0	0	0	0
63	1303770639485	0	0	0	0
64	1303770639498	0	0	0	0
65	1303770639510	0	0	0	0
66	1303770639522	0	0	0	0
67	1303770639535	0	0	0	0
68	1303770639547	0	0	0	0
69	1303770639559	0	0	0	0
70	1303770639614	0	0	0	0
71	1303770639627	0	0	0	0
72	1303770639641	0	0	0	0
73	1303770639653	0	0	0	0
74	1303770639665	0	0	0	0
75	1303770639679	0	0	0	0
76	1303770639733	0	0	0	0
77	1303770639747	0	0	0	0
78	1303770639759	0	0	0	0
79	1303770639773	0	0	0	0
80	1303770639786	0	0	0	0
81	1303770639840	0	0	0	0
82	1303770639854	0	0	0	0
83	1303770639867	0	0	0	0
84	1303770639924	0	0	0	0
85	1303770639937	0	0	0	0
86	1303770639993	0	0	0	0
87	1303770640006	0	0	0	0
88	1303770640021	0	0	0	0
89	1303770640034	0	0	0	0
90	1303770640048	0	0	0	0
91	1303770640062	0	0	0	0
92	1303770640075	0	0	0	0
93	1303770640090	0	0	0	0
94	1303770640103	0	0	0	0
95	1303770640117	0	0	0	0
96	1303770640130	0	0	0	0
97	1303770640144	0	0	0	0
98	1303770640157	0	0	0	0
99	1303770640211	0	0	0	0
100	1303770640226	0	0	0	0
101	1303770640239	0	0	0	0
102	1303770640254	0	0	0	0
103	1303770640309	0	0	0	0
104	1303770640323	0	0	0	0
105	1303770640336	0	0	0	0
106	1303770640349	0	0	0	0
107	1303770640405	0	0	0	0
108	1303770640419	0	0	0	0
109	1303770640433	0	0	0	0
110	1303770640446	0	0	0	0
111	1303770640461	0	0	0	0
112	1303770640474	0	0	0	0
113	1303770640487	0	0	0	0
114	1303770640502	0	0	0	0
115	1303770640515	0	0	0	0
116	1303770640530	0	0	0	0
117	1303770640543	0	0	0	0
118	1303770640558	0	0	0	0
119	1303770640571	0	0	0	0
120	1303770640585	0	0	0	0
121	1303770640599	0	0	0	0
122	1303770640613	0	0	0	0
123	1303770640627	0	0	0	0
124	1303770640640	0	0	0	0
125	1303770640655	0	0	0	0
126	1303770640668	0	0	0	0
127	1303770640755	0	0	0	0
128	1303770640769	0	0	0	0
129	1303770640783	0	0	0	0
130	1303770640797	0	0	0	0
131	1303770640811	0	0	0	0
132	1303770640825	0	0	0	0
133	1303770640839	0	0	0	0
134	1303770640854	0	0	0	0
135	1303770640868	0	0	0	0
136	1303770640881	0	0	0	0
137	1303770640896	0	0	0	0
138	1303770640910	0	0	0	0
139	1303770640925	0	0	0	0
140	1303770640939	0	0	0	0
141	1303770640954	0	0	0	0
142	1303770640968	0	0	0	0
143	1303770640983	0	0	0	0
144	1303770640997	0	0	0	0
145	1303770641070	0	0	0	0
146	1303770641084	0	0	0	0
147	1303770641099	0	0	0	0
148	1303770641113	0	0	0	0
149	1303770641127	0	0	0	0
150	1303770641141	0	0	0	0
151	1303770641155	0	0	0	0
152	1303770641170	0	0	0	0
153	1303770641184	0	0	0	0
154	1303770641199	0	0	0	0
155	1303770641213	0	0	0	0
156	1303770641270	0	0	0	0
157	1303770641284	0	0	0	0
158	1303770641300	0	0	0	0
159	1303770641355	0	0	0	0
160	1303770641370	0	0	0	0
161	1303770641385	0	0	0	0
162	1303770641400	0	0	0	0
163	1303770641414	0	0	0	0
164	1303770641472	0	0	0	0
165	1303770641487	0	1.3633	0	0
166	1303770641506	0	1.2545	1.5	0
167	1303770641521	0	1.2545	1.5	0
168	1303770641537	0	1.2545	0	0
169	1303770641552	0	1.2545	1.5	0
170	1303770641568	0	1.2545	1.5	0
171	1303770641625	1	1.2545	1.5	0.5314
172	1303770641648	1	1.2545	1.4	0.5694
173	1303770641676	1	1.2545	1.5	0.5314
174	1303770641698	1	1.1378	1.4	0.6278
175	1303770641717	1	1.1378	1.5	0.5859
176	1303770641734	1	1.1378	1.5	0.5859
177	1303770641751	1	1.1378	1.5	0.5859
178	1303770641766	1	1.1378	1.5	0.5859
179	1303770641782	1	1.1378	1.5	0.5859
180	1303770641796	1	1.1378	1.5	0.5859
181	1303770641811	1	1.1378	1.5	0.5859
182	1303770641826	1	1.1378	1.5	0.5859
183	1303770641841	1	1.1378	1.5	0.5859
184	1303770641856	1	1.1378	1.5	0.5859
185	1303770641872	1	1.1378	1.5	0.5859
186	1303770641886	1	1.1378	1.5	0.5859
187	1303770641902	1	1.1378	1.5	0.5859
188	1303770641916	1	1.1378	1.5	0.5859
189	1303770641973	1	1.1378	1.5	0.5859
190	1303770641988	1	1.1378	1.4286	0.6152
191	1303770642003	1	1.1378	1.4375	0.6114
192	1303770642018	1	1.1378	1.3889	0.6328
193	1303770642033	1	1.1378	1.3889	0.6328
194	1303770642048	1	1.1378	1.4286	0.6152
195	1303770642063	1	1.1378	1.4375	0.6114
196	1303770642077	1	1.1378	1.375	0.6392
197	1303770642092	1	1.1378	1.3889	0.6328
198	1303770642106	1	1.1378	1.3889	0.6328
199	1303770642121	1	1.1378	1.375	0.6392
200	1303770642135	1	1.1378	1.3333	0.6592
201	1303770642150	1	1.1378	1.3889	0.6328
202	1303770642165	1	1.1378	1.3	0.6761
203	1303770642179	1	1.1378	1.3	0.6761
204	1303770642195	1	1.1378	1.3	0.6761
205	1303770642209	1	1.1378	1.2778	0.6878
206	1303770642225	1	1.1378	1.2778	0.6878
207	1303770642239	1	1.1378	1.3	0.6761
208	1303770642255	1	1.1378	1.3333	0.6592
209	1303770642270	1	1.1378	1.25	0.7031
210	1303770642285	1	1.1378	1.3	0.6761
211	1303770642299	1	1.1378	1.25	0.7031
212	1303770642357	1	1.1378	1.25	0.7031
213	1303770642371	1	1.1378	1.3	0.6761
214	1303770642388	1	1.1378	1.3	0.6761
215	1303770642402	1	1.1378	1.3	0.6761
216	1303770642417	1	1.1378	1.3	0.6761
217	1303770642431	1	1.1378	1.2727	0.6906
218	1303770642446	1	1.1378	1.2273	0.7161
219	1303770642461	1	1.1378	1.2273	0.7161
220	1303770642518	1	1.1378	1.2083	0.7274
221	1303770642532	1	1.1378	1.1818	0.7437
222	1303770642548	1	1.1378	1.1667	0.7533
223	1303770642603	1	1.1378	1.125	0.7812
224	1303770642619	1	1.1378	1.1667	0.7533
225	1303770642633	1	1.1378	1.1667	0.7533
226	1303770642649	1	1.1378	1.1667	0.7533
227	1303770642663	1	1.1378	1.1667	0.7533
228	1303770642678	1	1.1378	1.1667	0.7533
229	1303770642692	1	1.1378	1.125	0.7812
230	1303770642707	1	1.1378	1.125	0.7812
231	1303770642721	1	1.1378	1.125	0.7812
232	1303770642736	1	1.1378	1.125	0.7812
233	1303770642750	1	1.1378	1.125	0.7812
234	1303770642767	1	1.1092	1.125	0.8014
235	1303770642783	1	1.1088	1.125	0.8017
236	1303770642800	1	1.1018	1.125	0.8068
237	1303770642816	1	1.1028	1.125	0.806
238	1303770642832	1	1.1028	1.125	0.806
239	1303770642847	1	1.1028	1.125	0.806
240	1303770642904	1	1.1028	1.125	0.806
241	1303770642920	1	1.1028	1.125	0.806
242	1303770642934	1	1.1028	1.125	0.806
243	1303770642949	1	1.1028	1.125	0.806
244	1303770642963	1	1.1028	1.125	0.806
245	1303770642978	1	1.1028	1.125	0.806
246	1303770642994	1	1.1028	1.125	0.806
247	1303770643008	1	1.1028	1.125	0.806
248	1303770643023	1	1.1028	1.125	0.806
249	1303770643038	1	1.1028	1.125	0.806
250	1303770643053	1	1.1028	1.125	0.806
251	1303770643067	1	1.1028	1.125	0.806
252	1303770643083	1	1.1028	1.125	0.806
253	1303770643097	1	1.1028	1.125	0.806
254	1303770643112	1	1.1028	1.125	0.806
255	1303770643127	1	1.1028	1.125	0.806
256	1303770643142	1	1.1028	1.125	0.806
257	1303770643157	1	1.1028	1.125	0.806
258	1303770643172	1	1.1028	1.125	0.806
259	1303770643186	1	1.1028	1.125	0.806
260	1303770643202	1	1.1028	1.125	0.806
261	1303770643216	1	1.1028	1.125	0.806
262	1303770643231	1	1.1028	1.125	0.806
263	1303770643287	1	1.1028	1.125	0.806
264	1303770643303	1	1.1028	1.125	0.806
265	1303770643317	1	1.1028	1.125	0.806
266	1303770643333	1	1.1028	1.125	0.806
267	1303770643347	1	1.1028	1.125	0.806
268	1303770643362	1	1.1028	1.125	0.806
269	1303770643377	1	1.1028	1.125	0.806
270	1303770643392	1	1.1028	1.125	0.806
271	1303770643448	1	1.875	1.125	0.4741
272	1303770643463	1	1.875	1.125	0.4741
273	1303770643519	1	1.875	1.125	0.4741
274	1303770643534	1	1.875	1.125	0.4741
275	1303770643548	1	1.875	1.125	0.4741
276	1303770643564	1	1.875	1.125	0.4741
277	1303770643578	1	1.875	1.125	0.4741
278	1303770643593	1	1.875	1.125	0.4741
279	1303770643608	1	1.875	1.125	0.4741
280	1303770643623	1	1.875	1.125	0.4741
281	1303770643637	1	1.875	1.125	0.4741
282	1303770643652	1	1.875	1.125	0.4741
283	1303770643667	1	1.875	1.125	0.4741
284	1303770643724	1	1.875	1.125	0.4741
285	1303770643738	1	1.875	1.125	0.4741
286	1303770643753	1	1.875	1.125	0.4741
287	1303770643768	1	1.875	1.125	0.4741
288	1303770643783	1	1.875	1.125	0.4741
289	1303770643797	1	1.875	1.125	0.4741
290	1303770643813	1	1.875	1.125	0.4741
291	1303770643827	1	1.875	1.125	0.4741
292	1303770643842	1	1.875	1.125	0.4741
293	1303770643856	1	1.875	1.125	0.4741
294	1303770643914	1	1.875	1.125	0.4741
295	1303770643929	1	1.8508	1.125	0.4803
296	1303770643946	1	1.8513	1.125	0.4801
297	1303770643962	1	1.8513	1.125	0.4801
298	1303770643978	1	1.8513	1.125	0.4801
299	1303770643992	1	1.8513	1.125	0.4801
300	1303770644007	1	1.8513	1.125	0.4801
301	1303770644022	1	1.8513	1.125	0.4801
302	1303770644037	1	1.8513	1.125	0.4801
303	1303770644051	1	1.8513	1.125	0.4801
304	1303770644066	1	1.8513	1.125	0.4801
305	1303770644080	1	1.8513	1.125	0.4801
306	1303770644095	1	1.8513	1.125	0.4801
307	1303770644109	1	1.8513	1.125	0.4801
308	1303770644166	1	1.8513	1.125	0.4801
309	1303770644180	1	1.8513	1.125	0.4801
310	1303770644195	1	1.8513	1.125	0.4801
311	1303770644209	1	1.8513	1.125	0.4801
312	1303770644224	1	1.8513	1.125	0.4801
313	1303770644238	1	1.8513	1.125	0.4801
314	1303770644254	1	1.8513	1.125	0.4801
315	1303770644268	1	1.8513	1.125	0.4801
316	1303770644283	1	1.8513	1.125	0.4801
317	1303770644297	1	1.8513	1.125	0.4801
318	1303770644312	1	1.8513	1.125	0.4801
319	1303770644326	1	1.8513	1.125	0.4801
320	1303770644341	1	1.8513	1.125	0.4801
321	1303770644355	1	1.8513	1.125	0.4801
322	1303770644412	1	2.0448	1.125	0.4347
323	1303770644426	1	2.0448	1.125	0.4347
324	1303770644441	1	2.0448	1.125	0.4347
325	1303770644455	1	2.0448	1.1538	0.4238
326	1303770644512	1	2.0627	1.1154	0.4346
327	1303770644526	1	2.0627	1.125	0.4309
328	1303770644542	1	2.0627	1.1154	0.4346
329	1303770644556	1	2.0627	1.125	0.4309
330	1303770644613	1	2.0627	1.1154	0.4346
331	1303770644626	1	2.0627	1.1154	0.4346
332	1303770644642	1	2.0627	1.1154	0.4346
333	1303770644697	1	2.0627	1.1154	0.4346
334	1303770644754	1	2.0038	1.1154	0.4474
335	1303770644768	1	2.0038	1.1154	0.4474
336	1303770644784	1	2.0038	1.1154	0.4474
337	1303770644798	1	2.0038	1.1154	0.4474
338	1303770644812	1	2.0038	1.1154	0.4474
339	1303770644826	1	2.0038	1.1154	0.4474
340	1303770644841	1	2.0038	1.1154	0.4474
341	1303770644855	1	2.0038	1.1154	0.4474
342	1303770644911	1	2.0038	1.1154	0.4474
343	1303770644925	1	2.0038	1.1154	0.4474
344	1303770644940	1	2.0038	1.1154	0.4474
345	1303770644996	1	2.0038	1.1154	0.4474
346	1303770645011	1	2.0038	1.1154	0.4474
347	1303770645025	1	2.0038	1.1154	0.4474
348	1303770645081	1	2.0038	1.1154	0.4474
349	1303770645095	1	2.0038	1.1154	0.4474
350	1303770645111	1	2.0038	1.1154	0.4474
351	1303770645124	1	2.0038	1.1154	0.4474
352	1303770645141	1	2.0038	1.1154	0.4474
353	1303770645197	1	2.0038	1.1154	0.4474
354	1303770645212	1	2.0038	1.1154	0.4474
355	1303770645226	1	2.0038	1.1154	0.4474
356	1303770645243	1	1.3949	1.1154	0.6427
357	1303770645317	1	1.3958	1.1154	0.6423
358	1303770645335	1	1.3943	1.1154	0.643
359	1303770645350	1	1.3943	1.1154	0.643
360	1303770645365	1	1.3943	1.1154	0.643
361	1303770645379	1	1.3943	1.1154	0.643
362	1303770645395	1	1.3943	1.1154	0.643
363	1303770645409	1	1.3943	1.1154	0.643
364	1303770645424	1	1.3943	1.1154	0.643
365	1303770645438	1	1.3943	1.1154	0.643
366	1303770645453	1	1.3943	1.1154	0.643
367	1303770645467	1	1.3943	1.1154	0.643
368	1303770645482	1	1.3943	1.1154	0.643
369	1303770645496	1	1.3943	1.1154	0.643
370	1303770645511	1	1.3943	1.1154	0.643
371	1303770645525	1	1.3943	1.1154	0.643
372	1303770645539	1	1.3943	1.1154	0.643
373	1303770645553	1	1.3943	1.1154	0.643
374	1303770645568	1	1.3943	1.1154	0.643
375	1303770645582	1	1.3943	1.1154	0.643
376	1303770645597	1	1.3943	1.1154	0.643
377	1303770645611	1	1.3943	1.1154	0.643
378	1303770645625	1	1.3943	1.1154	0.643
379	1303770645640	1	1.3943	1.1154	0.643
380	1303770645654	1	1.3943	1.1154	0.643
381	1303770645669	1	1.3943	1.1154	0.643
382	1303770645684	1	1.3943	1.1154	0.643
383	1303770645740	1	1.4181	1.1154	0.6322
384	1303770645754	1	1.4181	1.1154	0.6322
385	1303770645770	1	1.4181	1.1154	0.6322
386	1303770645784	1	1.4181	1.1154	0.6322
387	1303770645799	1	1.4181	1.1154	0.6322
388	1303770645813	1	1.4181	1.1154	0.6322
389	1303770645870	1	1.4181	1.1154	0.6322
390	1303770645884	1	1.4181	1.1154	0.6322
391	1303770645899	1	1.4181	1.1154	0.6322
392	1303770645914	1	1.4181	1.1154	0.6322
393	1303770645929	1	1.4181	1.1154	0.6322
394	1303770645943	1	1.4181	1.1154	0.6322
395	1303770645959	1	1.4181	1.1154	0.6322
396	1303770645973	1	1.4181	1.1154	0.6322
397	1303770645988	1	1.4181	1.1154	0.6322
398	1303770646002	1	1.4181	1.1154	0.6322
399	1303770646060	1	1.4181	1.1154	0.6322
400	1303770646074	1	1.4181	1.1154	0.6322
401	1303770646089	1	1.4181	1.1154	0.6322
402	1303770646103	1	1.4181	1.1154	0.6322
403	1303770646118	1	1.4181	1.1154	0.6322
404	1303770646174	1	1.4181	1.1154	0.6322
405	1303770646189	1	1.4181	1.1154	0.6322
406	1303770646204	1	1.4181	1.1154	0.6322
407	1303770646219	1	1.4181	1.1154	0.6322
408	1303770646233	1	1.4181	1.1154	0.6322
409	1303770646290	1	1.4181	1.1154	0.6322
410	1303770646304	1	1.4181	1.1154	0.6322
411	1303770646320	1	1.4181	1.1154	0.6322
412	1303770646334	1	1.4181	1.1154	0.6322
413	1303770646349	1	1.4181	1.1154	0.6322
414	1303770646363	1	1.4181	1.1154	0.6322
415	1303770646419	1	1.4181	1.1154	0.6322
416	1303770646434	1	1.4181	1.1154	0.6322
417	1303770646449	1	1.4185	1.1154	0.632
418	1303770646465	1	1.4173	1.1154	0.6326
419	1303770646522	1	1.3702	1.1154	0.6543
420	1303770646539	1	1.3702	1.1154	0.6543
421	1303770646594	1	1.3702	1.1154	0.6543
422	1303770646610	1	1.3702	1.1154	0.6543
423	1303770646624	1	1.3702	1.1154	0.6543
424	1303770646639	1	1.3702	1.1154	0.6543
425	1303770646653	1	1.3702	1.1154	0.6543
426	1303770646669	1	1.3702	1.1154	0.6543
427	1303770646683	1	1.3702	1.1154	0.6543
428	1303770646698	1	1.3702	1.1154	0.6543
429	1303770646712	1	1.3702	1.1154	0.6543
430	1303770646725	1	1.3702	1.1154	0.6543
431	1303770646740	1	1.3702	1.1154	0.6543
432	1303770646755	1	1.3702	1.1154	0.6543
433	1303770646770	1	1.3702	1.1154	0.6543
434	1303770646784	1	1.3702	1.1154	0.6543
435	1303770646799	1	1.3702	1.1154	0.6543
436	1303770646812	1	1.3702	1.1154	0.6543
437	1303770646828	1	1.3702	1.1154	0.6543
438	1303770646884	1	1.3702	1.1154	0.6543
439	1303770646899	1	1.3702	1.1154	0.6543
440	1303770646913	1	1.3702	1.1154	0.6543
441	1303770646929	1	1.3702	1.1154	0.6543
442	1303770646943	1	1.3702	1.1154	0.6543
443	1303770646958	1	1.3702	1.1154	0.6543
444	1303770646972	1	1.3702	1.1154	0.6543
445	1303770646988	1	1.3702	1.1154	0.6543
446	1303770647002	1	1.3702	1.1154	0.6543
447	1303770647017	1	1.3702	1.1154	0.6543
448	1303770647031	1	1.3702	1.1154	0.6543
449	1303770647046	1	1.3702	1.1154	0.6543
450	1303770647061	1	1.3702	1.1154	0.6543
451	1303770647076	1	1.3702	1.1154	0.6543
452	1303770647132	1	1.3702	1.1154	0.6543
453	1303770647189	1	1.3702	1.1154	0.6543
454	1303770647203	1	1.3702	1.1154	0.6543
455	1303770647219	1	1.3702	1.1154	0.6543
456	1303770647233	1	1.3702	1.1154	0.6543
457	1303770647291	1	1.3702	1.1154	0.6543
458	1303770647305	1	1.3702	1.1154	0.6543
459	1303770647321	1	1.3702	1.1154	0.6543
460	1303770647335	1	1.3702	1.1154	0.6543
461	1303770647350	1	1.3702	1.1154	0.6543
462	1303770647364	1	1.3702	1.1154	0.6543
463	1303770647379	1	1.3702	1.1154	0.6543
464	1303770647393	1	1.3702	1.1154	0.6543
465	1303770647408	1	1.3702	1.1154	0.6543
466	1303770647464	1	1.3702	1.0769	0.6777
467	1303770647480	1	1.3702	1.0769	0.6777
468	1303770647493	1	1.3702	1.0769	0.6777
469	1303770647509	1	1.3702	1.0769	0.6777
470	1303770647523	1	1.3702	1.0769	0.6777
471	1303770647538	1	1.3702	1.0769	0.6777
472	1303770647552	1	1.3702	1.0769	0.6777
473	1303770647567	1	1.3702	1.0769	0.6777
474	1303770647622	1	1.3702	1.0769	0.6777
475	1303770647638	1	1.3702	1.0769	0.6777
476	1303770647652	1	1.3702	1.0769	0.6777
477	1303770647709	1	1.3702	1.0769	0.6777
478	1303770647725	1	1.3571	1.0769	0.6843
479	1303770647744	1	1.1573	1.0769	0.8024
480	1303770647762	1	1.1573	1.0769	0.8024
481	1303770647777	1	1.1573	1.0769	0.8024
482	1303770647792	1	1.1573	1.0769	0.8024
483	1303770647806	1	1.1573	1.1154	0.7747
484	1303770647822	1	1.1573	1.1429	0.7561
485	1303770647836	1	1.1573	1.1538	0.7489
486	1303770647851	1	1.1573	1.0769	0.8024
487	1303770647866	1	1.1573	1.1538	0.7489
488	1303770647923	1	1.1573	1.1429	0.7561
489	1303770647937	1	1.1573	1.1538	0.7489
490	1303770647953	1	1.1573	1.0714	0.8065
491	1303770648008	1	1.1573	1.1538	0.7489
492	1303770648024	1	1.1573	1.0714	0.8065
493	1303770648038	1	1.1573	1.1429	0.7561
494	1303770648054	1	1.1573	1.0714	0.8065
495	1303770648068	1	1.1573	1.0714	0.8065
496	1303770648083	1	1.1573	1.0714	0.8065
497	1303770648098	1	1.1573	1.0714	0.8065
498	1303770648112	1	1.1573	1.0714	0.8065
499	1303770648127	1	1.1573	1.0714	0.8065
500	1303770648142	1	1.1573	1.0714	0.8065
501	1303770648197	1	1.1573	1.0714	0.8065
502	1303770648212	1	1.1573	1.0714	0.8065
503	1303770648227	1	1.1573	1.0714	0.8065
504	1303770648243	1	1.1573	1.0714	0.8065
505	1303770648298	1	1.1573	1.0714	0.8065
506	1303770648314	1	1.1573	1.0714	0.8065
507	1303770648328	1	1.1573	1.0714	0.8065
508	1303770648344	1	1.1573	1.0714	0.8065
509	1303770648358	1	1.1573	1.0714	0.8065
510	1303770648373	1	1.1573	1.0714	0.8065
511	1303770648387	1	1.1573	1.0714	0.8065
512	1303770648402	1	1.1573	1.0714	0.8065
513	1303770648417	1	1.1573	1.0714	0.8065
514	1303770648432	1	1.1573	1.0714	0.8065
515	1303770648446	1	1.1573	1.0714	0.8065
516	1303770648461	1	1.1573	1.0714	0.8065
517	1303770648476	1	1.1573	1.0714	0.8065
518	1303770648533	1	1.1573	1.0714	0.8065
519	1303770648547	1	1.1573	1.0714	0.8065
520	1303770648563	1	1.1573	1.0714	0.8065
521	1303770648577	1	1.1573	1.0714	0.8065
522	1303770648592	1	1.1573	1.0714	0.8065
523	1303770648606	1	1.1573	1.0714	0.8065
524	1303770648663	1	1.1573	1.0714	0.8065
525	1303770648678	1	1.1573	1.0714	0.8065
526	1303770648693	1	1.1573	1.0714	0.8065
527	1303770648707	1	1.1573	1.0714	0.8065
528	1303770648723	1	1.1573	1.0714	0.8065
529	1303770648737	1	1.1573	1.0714	0.8065
530	1303770648752	1	1.1573	1.0714	0.8065
531	1303770648766	1	1.1573	1.0714	0.8065
532	1303770648780	1	1.1573	1.0714	0.8065
533	1303770648795	1	1.1573	1.0714	0.8065
534	1303770648852	1	1.1573	1.0714	0.8065
535	1303770648867	1	1.1573	1.0714	0.8065
536	1303770648882	1	1.1573	1.0714	0.8065
537	1303770648896	1	1.1573	1.0714	0.8065
538	1303770648912	1	1.1573	1.0714	0.8065
539	1303770648969	1	1.1573	1.0714	0.8065
540	1303770648990	1	1.1283	1.0714	0.8272
541	1303770649012	1	1.1371	1.0714	0.8208
542	1303770649027	1	1.1358	1.0714	0.8217
543	1303770649043	1	1.1358	1.0714	0.8217
544	1303770649058	1	1.1358	1.0714	0.8217
545	1303770649074	1	1.1358	1.0714	0.8217
546	1303770649088	1	1.1358	1.0714	0.8217
547	1303770649103	1	1.1358	1.0714	0.8217
548	1303770649117	1	1.1358	1.0714	0.8217
549	1303770649133	1	1.1358	1.0714	0.8217
550	1303770649147	1	1.1358	1.0714	0.8217
551	1303770649162	1	1.1358	1.0714	0.8217
552	1303770649177	1	1.1358	1.0714	0.8217
553	1303770649192	1	1.1358	1.0714	0.8217
554	1303770649206	1	1.1358	1.0714	0.8217
555	1303770649221	1	1.1358	1.0714	0.8217
556	1303770649236	1	1.1358	1.0714	0.8217
557	1303770649250	1	1.1358	1.0714	0.8217
558	1303770649266	1	1.1358	1.0714	0.8217
559	1303770649280	1	1.1358	1.0714	0.8217
560	1303770649296	1	1.1358	1.0714	0.8217
561	1303770649310	1	1.1358	1.0714	0.8217
562	1303770649326	1	1.1358	1.0714	0.8217
563	1303770649340	1	1.1358	1.0714	0.8217
564	1303770649355	1	1.1358	1.0714	0.8217
565	1303770649369	1	1.1358	1.0714	0.8217
566	1303770649385	1	1.1358	1.0714	0.8217
567	1303770649399	1	1.1358	1.0714	0.8217
568	1303770649414	1	1.1358	1.0714	0.8217
569	1303770649429	1	1.1358	1.0714	0.8217
570	1303770649444	1	1.1358	1.0714	0.8217
571	1303770649458	1	1.1358	1.0714	0.8217
572	1303770649474	1	1.1358	1.0714	0.8217
573	1303770649488	1	1.1358	1.0714	0.8217
574	1303770649503	1	1.1358	1.0714	0.8217
575	1303770649518	1	1.1358	1.0714	0.8217
576	1303770649533	1	1.1358	1.0714	0.8217
577	1303770649547	1	1.1358	1.0714	0.8217
578	1303770649562	1	1.1358	1.0714	0.8217
579	1303770649577	1	1.1358	1.0714	0.8217
580	1303770649592	1	1.1358	1.0714	0.8217
581	1303770649606	1	1.1358	1.0714	0.8217
582	1303770649663	1	1.1358	1.0714	0.8217
583	1303770649678	1	1.1358	1.0714	0.8217
584	1303770649694	1	1.1358	1.0714	0.8217
585	1303770649708	1	1.1358	1.0714	0.8217
586	1303770649724	1	1.1358	1.0714	0.8217
587	1303770649738	1	1.1358	1.0714	0.8217
588	1303770649753	1	1.1358	1.0714	0.8217
589	1303770649768	1	1.1358	1.0714	0.8217
590	1303770649783	1	1.1358	1.0714	0.8217
591	1303770649797	1	1.1358	1.0714	0.8217
592	1303770649813	1	1.1358	1.0714	0.8217
593	1303770649869	1	1.1358	1.0714	0.8217
594	1303770649885	1	1.1358	1.0714	0.8217
595	1303770649899	1	1.1358	1.0714	0.8217
596	1303770649915	1	1.1358	1.0714	0.8217
597	1303770649929	1	1.1358	1.0714	0.8217
598	1303770649944	1	1.1358	1.0714	0.8217
599	1303770649959	1	1.1358	1.0714	0.8217
600	1303770649976	1	1.1358	1.0714	0.8217
601	1303770649999	1	1.1247	1.0714	0.8299
602	1303770650022	1	1.1247	1.0714	0.8299
603	1303770650038	1	1.1325	1.0714	0.8242
604	1303770650054	1	1.1325	1.0714	0.8242
605	1303770650070	1	1.1325	1.0714	0.8242
606	1303770650084	1	1.1325	1.0714	0.8242
607	1303770650100	1	1.1325	1.0714	0.8242
608	1303770650114	1	1.1325	1.0714	0.8242
609	1303770650130	1	1.1325	1.0714	0.8242
610	1303770650186	1	1.1325	1.0714	0.8242
611	1303770650202	1	1.1325	1.0714	0.8242
612	1303770650216	1	1.1325	1.0714	0.8242
613	1303770650232	1	1.1325	1.0714	0.8242
614	1303770650246	1	1.1325	1.0714	0.8242
615	1303770650262	1	1.1325	1.0714	0.8242
616	1303770650276	1	1.1325	1.0714	0.8242
617	1303770650291	1	1.1325	1.0714	0.8242
618	1303770650306	1	1.1325	1.0714	0.8242
619	1303770650321	1	1.1325	1.0714	0.8242
620	1303770650336	1	1.1325	1.0714	0.8242
621	1303770650351	1	1.1325	1.0714	0.8242
622	1303770650365	1	1.1325	1.0714	0.8242
623	1303770650380	1	1.1325	1.0714	0.8242
624	1303770650395	1	1.1325	1.0714	0.8242
625	1303770650410	1	1.1325	1.0714	0.8242
626	1303770650424	1	1.1325	1.0714	0.8242
627	1303770650439	1	1.1325	1.0714	0.8242
628	1303770650454	1	1.1325	1.0714	0.8242
629	1303770650469	1	1.1325	1.0714	0.8242
630	1303770650483	1	1.1325	1.0714	0.8242
631	1303770650503	1	1.1325	1.0714	0.8242
632	1303770650517	1	1.1325	1.0714	0.8242
633	1303770650532	1	1.1325	1.0714	0.8242
634	1303770650547	1	1.1325	1.0714	0.8242
635	1303770650604	1	1.1325	1.0714	0.8242
636	1303770650619	1	1.1325	1.0714	0.8242
637	1303770650635	1	1.1325	1.0714	0.8242
638	1303770650649	1	1.1325	1.0714	0.8242
639	1303770650664	1	1.1325	1.0714	0.8242
640	1303770650679	1	1.1325	1.0714	0.8242
641	1303770650694	1	1.1325	1.0714	0.8242
642	1303770650708	1	1.1325	1.0714	0.8242
643	1303770650723	1	1.1325	1.0714	0.8242
644	1303770650779	1	1.1325	1.0714	0.8242
645	1303770650795	1	1.1325	1.0714	0.8242
646	1303770650809	1	1.1325	1.0714	0.8242
647	1303770650825	1	1.1325	1.0714	0.8242
648	1303770650839	1	1.1325	1.0714	0.8242
649	1303770650855	1	1.1325	1.0714	0.8242
650	1303770650869	1	1.1325	1.0714	0.8242
651	1303770650884	1	1.1325	1.0714	0.8242
652	1303770650899	1	1.1325	1.0714	0.8242
653	1303770650957	1	1.1349	1.0714	0.8224
654	1303770650971	1	1.1349	1.0714	0.8224
655	1303770650987	1	1.1349	1.0714	0.8224
656	1303770651001	1	1.1349	1.0714	0.8224
657	1303770651016	1	1.1349	1.0714	0.8224
658	1303770651031	1	1.1349	1.0714	0.8224
659	1303770651046	1	1.1349	1.0714	0.8224
660	1303770651061	1	1.1349	1.0714	0.8224
661	1303770651078	1	1.1349	1.0714	0.8224
662	1303770651099	1	1.1257	1.0714	0.8291
663	1303770651120	1	1.1246	1.0714	0.8299
664	1303770651179	1	1.1246	1.0714	0.8299
665	1303770651194	1	1.1246	1.0714	0.8299
666	1303770651210	1	1.1246	1.0714	0.8299
667	1303770651224	1	1.1246	1.0714	0.8299
668	1303770651240	1	1.1246	1.0714	0.8299
669	1303770651254	1	1.1246	1.0714	0.8299
670	1303770651270	1	1.1246	1.0714	0.8299
671	1303770651284	1	1.1246	1.0714	0.8299
672	1303770651299	1	1.1246	1.0714	0.8299
673	1303770651314	1	1.1246	1.0714	0.8299
674	1303770651329	1	1.1246	1.0714	0.8299
675	1303770651343	1	1.1246	1.0714	0.8299
676	1303770651359	1	1.1246	1.0714	0.8299
677	1303770651373	1	1.1246	1.0714	0.8299
678	1303770651430	1	1.1246	1.0714	0.8299
679	1303770651486	1	1.1246	1.0714	0.8299
680	1303770651502	1	1.1246	1.0714	0.8299
681	1303770651516	1	1.1246	1.0714	0.8299
682	1303770651531	1	1.1246	1.0714	0.8299
683	1303770651545	1	1.1246	1.0714	0.8299
684	1303770651561	1	1.1246	1.0714	0.8299
685	1303770651575	1	1.1246	1.0714	0.8299
686	1303770651590	1	1.1246	1.0714	0.8299
687	1303770651605	1	1.1246	1.0714	0.8299
688	1303770651620	1	1.1246	1.0714	0.8299
689	1303770651635	1	1.1246	1.0714	0.8299
690	1303770651650	1	1.1246	1.0714	0.8299
691	1303770651664	1	1.1246	1.0714	0.8299
692	1303770651678	1	1.1246	1.0714	0.8299
693	1303770651694	1	1.1246	1.0714	0.8299
694	1303770651708	1	1.1246	1.0714	0.8299
695	1303770651723	1	1.1246	1.0714	0.8299
696	1303770651738	1	1.1246	1.0714	0.8299
697	1303770651753	1	1.1246	1.0714	0.8299
698	1303770651768	1	1.1246	1.0714	0.8299
699	1303770651783	1	1.1246	1.0714	0.8299
700	1303770651797	1	1.1246	1.0714	0.8299
701	1303770651813	1	1.1246	1.0714	0.8299
702	1303770651827	1	1.1246	1.0714	0.8299
703	1303770651842	1	1.1246	1.0714	0.8299
704	1303770651856	1	1.1246	1.0714	0.8299
705	1303770651871	1	1.1246	1.0714	0.8299
706	1303770651886	1	1.1246	1.0714	0.8299
707	1303770651943	1	1.1246	1.0714	0.8299
708	1303770651999	1	1.1246	1.0714	0.8299
709	1303770652015	1	1.1246	1.0714	0.8299
710	1303770652029	1	1.1246	1.0714	0.8299
711	1303770652045	1	1.1246	1.0714	0.8299
712	1303770652060	1	1.1246	1.0714	0.8299
713	1303770652075	1	1.1246	1.0714	0.8299
714	1303770652089	1	1.1246	1.0714	0.8299
715	1303770652104	1	1.1246	1.0714	0.8299
716	1303770652119	1	1.1246	1.0714	0.8299
717	1303770652134	1	1.1246	1.0714	0.8299
718	1303770652148	1	1.1246	1.0714	0.8299
719	1303770652205	1	1.1246	1.0714	0.8299
720	1303770652219	1	1.1246	1.0714	0.8299
721	1303770652235	1	1.1246	1.0714	0.8299
722	1303770652251	1	1.1246	1.0714	0.8299
723	1303770652272	1	1.1246	1.0714	0.8299
724	1303770652291	1	1.1246	1.0714	0.8299
725	1303770652306	1	1.1331	1.0714	0.8237
726	1303770652322	1	1.1331	1.0714	0.8237
727	1303770652337	1	1.1331	1.0714	0.8237
728	1303770652352	1	1.1331	1.0714	0.8237
729	1303770652367	1	1.1331	1.0714	0.8237
730	1303770652382	1	1.1331	1.0714	0.8237
731	1303770652396	1	1.1331	1.0714	0.8237
732	1303770652412	1	1.1331	1.0714	0.8237
733	1303770652426	1	1.1331	1.0714	0.8237
734	1303770652441	1	1.1331	1.0714	0.8237
735	1303770652455	1	1.1331	1.0714	0.8237
736	1303770652470	1	1.1331	1.0714	0.8237
737	1303770652485	1	1.1331	1.0714	0.8237
738	1303770652500	1	1.1331	1.0714	0.8237
739	1303770652515	1	1.1331	1.0714	0.8237
740	1303770652530	1	1.1331	1.0714	0.8237
741	1303770652544	1	1.1331	1.0714	0.8237
742	1303770652560	1	1.1331	1.0714	0.8237
743	1303770652574	1	1.1331	1.0714	0.8237
744	1303770652589	1	1.1331	1.0714	0.8237
745	1303770652604	1	1.1331	1.0714	0.8237
746	1303770652625	1	1.1331	1.0714	0.8237
747	1303770652641	1	1.1331	1.0714	0.8237
748	1303770652655	1	1.1331	1.0714	0.8237
749	1303770652671	1	1.1331	1.0714	0.8237
750	1303770652685	1	1.1331	1.0714	0.8237
751	1303770652700	1	1.1331	1.0714	0.8237
752	1303770652715	1	1.1331	1.0714	0.8237
753	1303770652730	1	1.1331	1.0714	0.8237
754	1303770652744	1	1.1331	1.0714	0.8237
755	1303770652759	1	1.1331	1.0714	0.8237
756	1303770652815	1	1.1331	1.0714	0.8237
757	1303770652831	1	1.1331	1.0714	0.8237
758	1303770652845	1	1.1331	1.0714	0.8237
759	1303770652861	1	1.1331	1.0714	0.8237
760	1303770652876	1	1.1331	1.0714	0.8237
761	1303770652891	1	1.1331	1.0714	0.8237
762	1303770652906	1	1.1331	1.0714	0.8237
763	1303770652921	1	1.1331	1.0714	0.8237
764	1303770652935	1	1.1331	1.0714	0.8237
765	1303770652950	1	1.1331	1.0714	0.8237
766	1303770652964	1	1.1331	1.0714	0.8237
767	1303770652979	1	1.1331	1.0714	0.8237
768	1303770652994	1	1.1331	1.0714	0.8237
769	1303770653009	1	1.1331	1.0714	0.8237
770	1303770653023	1	1.1331	1.0714	0.8237
771	1303770653039	1	1.1331	1.0714	0.8237
772	1303770653053	1	1.1331	1.0714	0.8237
773	1303770653068	1	1.1331	1.0714	0.8237
774	1303770653083	1	1.1331	1.0714	0.8237
775	1303770653098	1	1.1331	1.0714	0.8237
776	1303770653113	1	1.1331	1.0714	0.8237
777	1303770653128	1	1.1331	1.0714	0.8237
778	1303770653143	1	1.1331	1.0714	0.8237
779	1303770653158	1	1.1331	1.0714	0.8237
780	1303770653173	1	1.1331	1.0714	0.8237
781	1303770653188	1	1.1331	1.0714	0.8237
782	1303770653202	1	1.1331	1.0714	0.8237
783	1303770653262	1	1.1331	1.0714	0.8237
784	1303770653281	1	1.1331	1.0714	0.8237
785	1303770653299	1	1.1331	1.0714	0.8237
786	1303770653316	1	1.1425	1.0714	0.8169
787	1303770653331	1	1.1425	1.0714	0.8169
788	1303770653346	1	1.1425	1.0714	0.8169
789	1303770653361	1	1.1425	1.0714	0.8169
790	1303770653376	1	1.1425	1.0714	0.8169
791	1303770653390	1	1.1425	1.0714	0.8169
792	1303770653404	1	1.1425	1.0714	0.8169
793	1303770653420	1	1.1425	1.0714	0.8169
794	1303770653434	1	1.1425	1.0714	0.8169
795	1303770653449	1	1.1425	1.0714	0.8169
796	1303770653463	1	1.1425	1.0714	0.8169
797	1303770653479	1	1.1425	1.0714	0.8169
798	1303770653493	1	1.1425	1.0714	0.8169
799	1303770653509	1	1.1425	1.0714	0.8169
800	1303770653523	1	1.1425	1.0714	0.8169
801	1303770653538	1	1.1425	1.0714	0.8169
802	1303770653553	1	1.1425	1.0714	0.8169
803	1303770653568	1	1.1425	1.0714	0.8169
804	1303770653582	1	1.1425	1.0714	0.8169
805	1303770653597	1	1.1425	1.0714	0.8169
806	1303770653612	1	1.1425	1.0714	0.8169
807	1303770653627	1	1.1425	1.0714	0.8169
808	1303770653682	1	1.1425	1.0714	0.8169
809	1303770653739	1	1.1425	1.0714	0.8169
810	1303770653753	1	1.1425	1.0714	0.8169
811	1303770653769	1	1.1425	1.0714	0.8169
812	1303770653783	1	1.1425	1.0714	0.8169
813	1303770653799	1	1.1425	1.0714	0.8169
814	1303770653813	1	1.1425	1.0714	0.8169
815	1303770653829	1	1.1425	1.0714	0.8169
816	1303770653843	1	1.1425	1.0714	0.8169
817	1303770653858	1	1.1425	1.0714	0.8169
818	1303770653914	1	1.1425	1.0714	0.8169
819	1303770653929	1	1.1425	1.0714	0.8169
820	1303770653944	1	1.1425	1.0714	0.8169
821	1303770653960	1	1.1425	1.0714	0.8169
822	1303770653974	1	1.1425	1.0714	0.8169
823	1303770653989	1	1.1425	1.0714	0.8169
824	1303770654004	1	1.1425	1.0714	0.8169
825	1303770654019	1	1.1425	1.0714	0.8169
826	1303770654033	1	1.1425	1.0714	0.8169
827	1303770654090	1	1.1425	1.0714	0.8169
828	1303770654104	1	1.1425	1.0714	0.8169
829	1303770654120	1	1.1425	1.0714	0.8169
830	1303770654134	1	1.1425	1.0714	0.8169
831	1303770654150	1	1.1425	1.0714	0.8169
832	1303770654164	1	1.1425	1.0714	0.8169
833	1303770654222	1	1.1425	1.0714	0.8169
834	1303770654236	1	1.1425	1.0714	0.8169
835	1303770654252	1	1.1425	1.0714	0.8169
836	1303770654266	1	1.1425	1.0714	0.8169
837	1303770654281	1	1.1425	1.0714	0.8169
838	1303770654295	1	1.1425	1.0714	0.8169
839	1303770654310	1	1.1425	1.0714	0.8169
840	1303770654325	1	1.1425	1.0714	0.8169
841	1303770654340	1	1.1425	1.0714	0.8169
842	1303770654354	1	1.1425	1.0714	0.8169
843	1303770654370	1	1.1425	1.0714	0.8169
844	1303770654385	1	1.1425	1.0714	0.8169
845	1303770654406	1	1.1425	1.0714	0.8169
846	1303770654425	1	1.1425	1.0714	0.8169
847	1303770654440	1	1.1606	1.0714	0.8042
848	1303770654456	1	1.1511	1.0714	0.8108
849	1303770654472	1	1.1511	1.0714	0.8108
850	1303770654488	1	1.1511	1.0714	0.8108
851	1303770654503	1	1.1511	1.0714	0.8108
852	1303770654518	1	1.1511	1.0714	0.8108
853	1303770654533	1	1.1511	1.0714	0.8108
854	1303770654548	1	1.1511	1.0714	0.8108
855	1303770654563	1	1.1511	1.0714	0.8108
856	1303770654578	1	1.1511	1.0714	0.8108
857	1303770654593	1	1.1511	1.0714	0.8108
858	1303770654608	1	1.1511	1.0714	0.8108
859	1303770654623	1	1.1511	1.0714	0.8108
860	1303770654638	1	1.1511	1.0714	0.8108
861	1303770654653	1	1.1511	1.0714	0.8108
862	1303770654668	1	1.1511	1.0714	0.8108
863	1303770654683	1	1.1511	1.0714	0.8108
864	1303770654699	1	1.1511	1.0714	0.8108
865	1303770654755	1	1.1511	1.0714	0.8108
866	1303770654771	1	1.1511	1.0714	0.8108
867	1303770654785	1	1.1511	1.0714	0.8108
868	1303770654801	1	1.1511	1.0714	0.8108
869	1303770654816	1	1.1511	1.0714	0.8108
870	1303770654832	1	1.1511	1.0714	0.8108
871	1303770654846	1	1.1511	1.0714	0.8108
872	1303770654862	1	1.1511	1.0714	0.8108
873	1303770654876	1	1.1511	1.0714	0.8108
874	1303770654892	1	1.1511	1.0714	0.8108
875	1303770654906	1	1.1511	1.0714	0.8108
876	1303770654922	1	1.1511	1.0714	0.8108
877	1303770654978	1	1.1511	1.0714	0.8108
878	1303770654994	1	1.1511	1.0714	0.8108
879	1303770655009	1	1.1511	1.0714	0.8108
880	1303770655025	1	1.1511	1.0714	0.8108
881	1303770655040	1	1.1511	1.0714	0.8108
882	1303770655055	1	1.1511	1.0714	0.8108
883	1303770655069	1	1.1511	1.0714	0.8108
884	1303770655085	1	1.1511	1.0714	0.8108
885	1303770655099	1	1.1511	1.0714	0.8108
886	1303770655115	1	1.1511	1.0714	0.8108
887	1303770655130	1	1.1511	1.0714	0.8108
888	1303770655145	1	1.1511	1.0714	0.8108
889	1303770655160	1	1.1511	1.0714	0.8108
890	1303770655175	1	1.1511	1.0714	0.8108
891	1303770655190	1	1.1511	1.0714	0.8108
892	1303770655205	1	1.1511	1.0714	0.8108
893	1303770655220	1	1.1511	1.0714	0.8108
894	1303770655236	1	1.1511	1.0714	0.8108
895	1303770655251	1	1.1511	1.0714	0.8108
896	1303770655266	1	1.1511	1.0714	0.8108
897	1303770655323	1	1.1511	1.0714	0.8108
898	1303770655338	1	1.1511	1.0714	0.8108
899	1303770655353	1	1.1511	1.0714	0.8108
900	1303770655369	1	1.1511	1.0714	0.8108
901	1303770655383	1	1.1511	1.0714	0.8108
902	1303770655399	1	1.1511	1.0714	0.8108
903	1303770655413	1	1.1511	1.0714	0.8108
904	1303770655429	1	1.1511	1.0714	0.8108
905	1303770655445	1	1.1511	1.0714	0.8108
906	1303770655466	1	1.1511	1.0714	0.8108
907	1303770655483	1	1.1511	1.0714	0.8108
908	1303770655500	1	1.1551	1.0714	0.808
909	1303770655517	1	1.1551	1.0714	0.808
910	1303770655531	1	1.1551	1.0714	0.808
911	1303770655547	1	1.1551	1.0714	0.808
912	1303770655561	1	1.1551	1.0714	0.808
913	1303770655577	1	1.1551	1.0714	0.808
914	1303770655591	1	1.1551	1.0714	0.808
915	1303770655607	1	1.1551	1.0714	0.808
916	1303770655621	1	1.1551	1.0714	0.808
917	1303770655636	1	1.1551	1.0714	0.808
918	1303770655651	1	1.1551	1.0714	0.808
919	1303770655666	1	1.1551	1.0714	0.808
920	1303770655681	1	1.1551	1.0714	0.808
921	1303770655696	1	1.1551	1.0714	0.808
922	1303770655712	1	1.1551	1.0714	0.808
923	1303770655726	1	1.1551	1.0714	0.808
924	1303770655742	1	1.1551	1.0714	0.808
925	1303770655799	1	1.1551	1.0714	0.808
926	1303770655813	1	1.1551	1.0714	0.808
927	1303770655829	1	1.1551	1.0714	0.808
928	1303770655844	1	1.1551	1.0714	0.808
929	1303770655859	1	1.1551	1.0714	0.808
930	1303770655873	1	1.1551	1.0714	0.808
931	1303770655931	1	1.1551	1.0714	0.808
932	1303770655946	1	1.1551	1.0714	0.808
933	1303770655961	1	1.1551	1.0714	0.808
934	1303770655976	1	1.1551	1.0714	0.808
935	1303770655992	1	1.1551	1.0714	0.808
936	1303770656006	1	1.1551	1.0714	0.808
937	1303770656022	1	1.1551	1.0714	0.808
938	1303770656078	1	1.1551	1.0714	0.808
939	1303770656094	1	1.1551	1.0714	0.808
940	1303770656108	1	1.1551	1.0714	0.808
941	1303770656124	1	1.1551	1.0714	0.808
942	1303770656138	1	1.1551	1.0714	0.808
943	1303770656154	1	1.1551	1.0714	0.808
944	1303770656168	1	1.1551	1.0714	0.808
945	1303770656184	1	1.1551	1.0714	0.808
946	1303770656198	1	1.1551	1.0714	0.808
947	1303770656213	1	1.1551	1.0714	0.808
948	1303770656228	1	1.1551	1.0714	0.808
949	1303770656285	1	1.1551	1.0714	0.808
950	1303770656305	1	1.1551	1.0714	0.808
951	1303770656321	1	1.1551	1.0714	0.808
952	1303770656336	1	1.1551	1.0714	0.808
953	1303770656351	1	1.1551	1.0714	0.808
954	1303770656366	1	1.1551	1.0714	0.808
955	1303770656381	1	1.1551	1.0714	0.808
956	1303770656396	1	1.1551	1.0714	0.808
957	1303770656410	1	1.1551	1.0714	0.808
958	1303770656425	1	1.1551	1.0714	0.808
959	1303770656482	1	1.1551	1.0714	0.808
960	1303770656538	1	1.1551	1.0714	0.808
961	1303770656554	1	1.1551	1.0714	0.808
962	1303770656568	1	1.1551	1.0714	0.808
963	1303770656584	1	1.1551	1.0714	0.808
964	1303770656598	1	1.1551	1.0714	0.808
965	1303770656613	1	1.1551	1.0714	0.808
966	1303770656629	1	1.1551	1.0714	0.808
967	1303770656691	1	1.1551	1.0714	0.808
968	1303770656708	1	1.1702	1.0714	0.7976
969	1303770656724	1	1.1702	1.0714	0.7976
970	1303770656740	1	1.1702	1.0714	0.7976
971	1303770656796	1	1.1702	1.0714	0.7976
972	1303770656811	1	1.1702	1.0714	0.7976
973	1303770656826	1	1.1702	1.0714	0.7976
974	1303770656841	1	1.1702	1.0714	0.7976
975	1303770656856	1	1.1702	1.0714	0.7976
976	1303770656913	1	1.1677	1.0714	0.7993
977	1303770656947	1	1.1677	1.0714	0.7993
978	1303770656962	1	1.1677	1.0714	0.7993
979	1303770656976	1	1.1677	1.0714	0.7993
980	1303770656992	1	1.1677	1.0714	0.7993
981	1303770657006	1	1.1677	1.0714	0.7993
982	1303770657021	1	1.1677	1.0714	0.7993
983	1303770657036	1	1.1677	1.0714	0.7993
984	1303770657051	1	1.1677	1.0714	0.7993
985	1303770657065	1	1.1677	1.0714	0.7993
986	1303770657080	1	1.1677	1.0714	0.7993
987	1303770657095	1	1.1677	1.0714	0.7993
988	1303770657109	1	1.1677	1.0714	0.7993
989	1303770657125	1	1.1677	1.0714	0.7993
990	1303770657139	1	1.1677	1.0714	0.7993
991	1303770657155	1	1.1677	1.0714	0.7993
992	1303770657211	1	1.1677	1.0714	0.7993
993	1303770657227	1	1.1677	1.0714	0.7993
994	1303770657241	1	1.1677	1.0714	0.7993
995	1303770657257	1	1.1677	1.0714	0.7993
996	1303770657271	1	1.1677	1.0714	0.7993
997	1303770657287	1	1.1677	1.0714	0.7993
998	1303770657301	1	1.1677	1.0714	0.7993
999	1303770657317	1	1.1677	1.0714	0.7993
1000	1303770657332	1	1.1677	1.0714	0.7993
1001	1303770657347	1	1.1677	1.0714	0.7993
1002	1303770657361	1	1.1677	1.0714	0.7993
1003	1303770657377	1	1.1677	1.0714	0.7993
1004	1303770657391	1	1.1677	1.0714	0.7993
1005	1303770657407	1	1.1677	1.0714	0.7993
1006	1303770657421	1	1.1677	1.0714	0.7993
1007	1303770657436	1	1.1677	1.0714	0.7993
1008	1303770657451	1	1.1677	1.0714	0.7993
1009	1303770657508	1	1.1677	1.0714	0.7993
1010	1303770657523	1	1.1677	1.0714	0.7993
1011	1303770657538	1	1.1677	1.0714	0.7993
1012	1303770657553	1	1.1677	1.0714	0.7993
1013	1303770657568	1	1.1677	1.0714	0.7993
1014	1303770657582	1	1.1677	1.0714	0.7993
1015	1303770657639	1	1.1677	1.0714	0.7993
1016	1303770657654	1	1.1677	1.0714	0.7993
1017	1303770657670	1	1.1677	1.0714	0.7993
1018	1303770657684	1	1.1677	1.0714	0.7993
1019	1303770657700	1	1.1677	1.0714	0.7993
1020	1303770657714	1	1.1677	1.0714	0.7993
1021	1303770657729	1	1.1677	1.0714	0.7993
1022	1303770657744	1	1.1677	1.0714	0.7993
1023	1303770657759	1	1.1677	1.0714	0.7993
1024	1303770657773	1	1.1677	1.0714	0.7993
1025	1303770657789	1	1.1677	1.0714	0.7993
1026	1303770657803	1	1.1677	1.0714	0.7993
1027	1303770657819	1	1.1677	1.0714	0.7993
1028	1303770657839	1	1.1702	1.0714	0.7976
1029	1303770657856	1	1.1702	1.0714	0.7976
1030	1303770657871	1	1.1702	1.0714	0.7976
1031	1303770657887	1	1.1702	1.0714	0.7976
1032	1303770657944	1	1.1702	1.0714	0.7976
1033	1303770657958	1	1.1702	1.0714	0.7976
1034	1303770657974	1	1.1702	1.0714	0.7976
1035	1303770657988	1	1.1702	1.0714	0.7976
1036	1303770658002	1	1.1702	1.0714	0.7976
1037	1303770658017	1	1.1702	1.0714	0.7976
1038	1303770658032	1	1.1702	1.0714	0.7976
1039	1303770658047	1	1.1702	1.0714	0.7976
1040	1303770658104	1	1.1702	1.0714	0.7976
1041	1303770658160	1	1.1702	1.0714	0.7976
1042	1303770658175	1	1.1702	1.0714	0.7976
1043	1303770658190	1	1.1702	1.0714	0.7976
1044	1303770658205	1	1.1702	1.0714	0.7976
1045	1303770658220	1	1.1702	1.0714	0.7976
1046	1303770658235	1	1.1702	1.0714	0.7976
1047	1303770658249	1	1.1702	1.0714	0.7976
1048	1303770658306	1	1.1088	1.0714	0.8417
1049	1303770658320	1	1.1088	1.0714	0.8417
1050	1303770658377	1	1.1088	1.0714	0.8417
1051	1303770658391	1	1.1088	1.0714	0.8417
1052	1303770658407	1	1.1088	1.0714	0.8417
1053	1303770658421	1	1.1088	1.0714	0.8417
1054	1303770658436	1	1.1088	1.0714	0.8417
1055	1303770658450	1	1.1088	1.0714	0.8417
1056	1303770658507	1	1.1088	1.0714	0.8417
1057	1303770658521	1	1.1088	1.0714	0.8417
1058	1303770658580	1	1.1088	1.0714	0.8417
1059	1303770658594	1	1.1088	1.0714	0.8417
1060	1303770658653	1	1.1088	1.0714	0.8417
1061	1303770658710	1	1.1088	1.0714	0.8417
1062	1303770658726	1	1.1088	1.0714	0.8417
1063	1303770658740	1	1.1088	1.0714	0.8417
1064	1303770658756	1	1.1088	1.0714	0.8417
1065	1303770658770	1	1.1088	1.0714	0.8417
1066	1303770658828	1	1.1088	1.0714	0.8417
1067	1303770658842	1	1.1088	1.0714	0.8417
1068	1303770658858	1	1.1088	1.0714	0.8417
1069	1303770658873	1	1.1088	1.0714	0.8417
1070	1303770658888	1	1.1088	1.0714	0.8417
1071	1303770658902	1	1.1088	1.0714	0.8417
1072	1303770658918	1	1.1088	1.0714	0.8417
1073	1303770658932	1	1.1088	1.0714	0.8417
1074	1303770658948	1	1.1088	1.0714	0.8417
1075	1303770659003	1	1.1088	1.0714	0.8417
1076	1303770659019	1	1.1088	1.0714	0.8417
1077	1303770659033	1	1.1088	1.0714	0.8417
1078	1303770659049	1	1.1088	1.0714	0.8417
1079	1303770659064	1	1.1088	1.0714	0.8417
1080	1303770659080	1	1.1088	1.0714	0.8417
1081	1303770659094	1	1.1088	1.0714	0.8417
1082	1303770659151	1	1.1088	1.0714	0.8417
1083	1303770659166	1	1.1088	1.0714	0.8417
1084	1303770659182	1	1.1088	1.0714	0.8417
1085	1303770659196	1	1.1088	1.0714	0.8417
1086	1303770659212	1	1.1088	1.0714	0.8417
1087	1303770659226	1	1.1088	1.0714	0.8417
1088	1303770659246	1	1.1088	1.0714	0.8417
1089	1303770659271	1	1.1088	1.0714	0.8417
1090	1303770659291	1	1.1088	1.0714	0.8417
1091	1303770659308	1	1.1094	1.0714	0.8413
1092	1303770659322	1	1.1094	1.0714	0.8413
1093	1303770659379	1	1.1094	1.0714	0.8413
1094	1303770659393	1	1.1094	1.0714	0.8413
1095	1303770659409	1	1.1094	1.0714	0.8413
1096	1303770659423	1	1.1094	1.0714	0.8413
1097	1303770659439	1	1.1094	1.0714	0.8413
1098	1303770659453	1	1.1094	1.0714	0.8413
1099	1303770659510	1	1.1094	1.0714	0.8413
1100	1303770659524	1	1.1094	1.0714	0.8413
1101	1303770659581	1	1.1094	1.0714	0.8413
1102	1303770659597	1	1.1094	1.0714	0.8413
1103	1303770659611	1	1.1094	1.0714	0.8413
1104	1303770659625	1	1.1094	1.0714	0.8413
1105	1303770659641	1	1.1094	1.0714	0.8413
1106	1303770659655	1	1.1094	1.0714	0.8413
1107	1303770659671	1	1.1094	1.0714	0.8413
1108	1303770659685	1	1.1094	1.0714	0.8413
1109	1303770659700	1	1.1094	1.0714	0.8413
1110	1303770659714	1	1.1094	1.0714	0.8413
1111	1303770659730	1	1.1094	1.0714	0.8413
1112	1303770659744	1	1.1094	1.0714	0.8413
1113	1303770659760	1	1.1094	1.0714	0.8413
1114	1303770659815	1	1.1094	1.0714	0.8413
1115	1303770659831	1	1.1094	1.0714	0.8413
1116	1303770659845	1	1.1094	1.0714	0.8413
1117	1303770659861	1	1.1094	1.0714	0.8413
1118	1303770659875	1	1.1094	1.0714	0.8413
1119	1303770659932	1	1.1094	1.0714	0.8413
1120	1303770659946	1	1.1094	1.0714	0.8413
1121	1303770659962	1	1.1094	1.0714	0.8413
1122	1303770659976	1	1.1094	1.0714	0.8413
1123	1303770659991	1	1.1094	1.0714	0.8413
1124	1303770660005	1	1.1094	1.0714	0.8413
1125	1303770660021	1	1.1094	1.0714	0.8413
1126	1303770660035	1	1.1094	1.0714	0.8413
1127	1303770660050	1	1.1094	1.0714	0.8413
1128	1303770660064	1	1.1094	1.0714	0.8413
1129	1303770660121	1	1.1094	1.0714	0.8413
1130	1303770660136	1	1.1094	1.0714	0.8413
1131	1303770660151	1	1.1094	1.0714	0.8413
1132	1303770660166	1	1.1094	1.0714	0.8413
1133	1303770660181	1	1.1094	1.0714	0.8413
1134	1303770660195	1	1.1094	1.0714	0.8413
1135	1303770660211	1	1.1094	1.0714	0.8413
1136	1303770660225	1	1.1094	1.0714	0.8413
1137	1303770660240	1	1.1094	1.0714	0.8413
1138	1303770660254	1	1.1094	1.0714	0.8413
1139	1303770660311	1	1.1094	1.0714	0.8413
1140	1303770660367	1	1.1094	1.0714	0.8413
1141	1303770660383	1	1.1094	1.0714	0.8413
1142	1303770660397	1	1.1094	1.0714	0.8413
1143	1303770660413	1	1.1094	1.0714	0.8413
1144	1303770660468	1	1.1094	1.0714	0.8413
1145	1303770660483	1	1.1094	1.0714	0.8413
1146	1303770660538	1	1.1094	1.0714	0.8413
1147	1303770660595	1	1.1094	1.0714	0.8413
1148	1303770660610	1	1.1094	1.0714	0.8413
1149	1303770660629	1	1.1094	1.0714	0.8413
1150	1303770660657	1	1.1094	1.0714	0.8413
1151	1303770660678	1	1.1094	1.0714	0.8413
1152	1303770660693	1	1.1098	1.0714	0.841
1153	1303770660709	1	1.1098	1.0714	0.841
1154	1303770660724	1	1.1098	1.0714	0.841
1155	1303770660739	1	1.1098	1.0714	0.841
1156	1303770660753	1	1.1098	1.0714	0.841
1157	1303770660768	1	1.1098	1.0714	0.841
1158	1303770660783	1	1.1098	1.0714	0.841
1159	1303770660798	1	1.1098	1.0714	0.841
1160	1303770660812	1	1.1098	1.0714	0.841
1161	1303770660828	1	1.1098	1.0714	0.841
1162	1303770660842	1	1.1098	1.0714	0.841
1163	1303770660857	1	1.1098	1.0714	0.841
1164	1303770660872	1	1.1098	1.0714	0.841
1165	1303770660886	1	1.1098	1.0714	0.841
1166	1303770660902	1	1.1098	1.0714	0.841
1167	1303770660916	1	1.1098	1.0714	0.841
1168	1303770660931	1	1.1098	1.0714	0.841
1169	1303770660988	1	1.1098	1.0714	0.841
1170	1303770661003	1	1.1098	1.0714	0.841
1171	1303770661018	1	1.1098	1.0714	0.841
1172	1303770661033	1	1.1098	1.0714	0.841
1173	1303770661047	1	1.1098	1.0714	0.841
1174	1303770661063	1	1.1098	1.0714	0.841
1175	1303770661077	1	1.1098	1.0714	0.841
1176	1303770661092	1	1.1098	1.0714	0.841
1177	1303770661107	1	1.1098	1.0714	0.841
1178	1303770661122	1	1.1098	1.0714	0.841
1179	1303770661137	1	1.1098	1.0714	0.841
1180	1303770661152	1	1.1098	1.0714	0.841
1181	1303770661167	1	1.1098	1.0714	0.841
1182	1303770661183	1	1.1098	1.0714	0.841
1183	1303770661197	1	1.1098	1.0714	0.841
1184	1303770661213	1	1.1098	1.0714	0.841
1185	1303770661227	1	1.1098	1.0714	0.841
1186	1303770661243	1	1.1098	1.0714	0.841
1187	1303770661257	1	1.1098	1.0714	0.841
1188	1303770661273	1	1.1098	1.0714	0.841
1189	1303770661330	1	1.1098	1.0714	0.841
1190	1303770661345	1	1.1098	1.0714	0.841
1191	1303770661361	1	1.1098	1.0714	0.841
1192	1303770661375	1	1.1098	1.0714	0.841
1193	1303770661390	1	1.1098	1.0714	0.841
1194	1303770661405	1	1.1098	1.0714	0.841
1195	1303770661420	1	1.1098	1.0714	0.841
1196	1303770661435	1	1.1098	1.0714	0.841
1197	1303770661492	1	1.1098	1.0714	0.841
1198	1303770661506	1	1.1098	1.0714	0.841
1199	1303770661522	1	1.1098	1.0714	0.841
1200	1303770661536	1	1.1098	1.0714	0.841
1201	1303770661552	1	1.1098	1.0714	0.841
1202	1303770661566	1	1.1098	1.0714	0.841
1203	1303770661580	1	1.1098	1.0714	0.841
1204	1303770661596	1	1.1098	1.0714	0.841
1205	1303770661610	1	1.1098	1.0714	0.841
1206	1303770661625	1	1.1098	1.0714	0.841
1207	1303770661640	1	1.1098	1.0714	0.841
1208	1303770661697	1	1.1098	1.0714	0.841
1209	1303770661755	1	1.1098	1.0714	0.841
1210	1303770661775	1	1.1098	1.0714	0.841
1211	1303770661806	1	1.1098	1.0714	0.841
1212	1303770661827	1	1.1098	1.0714	0.841
1213	1303770661842	1	1.1098	1.0714	0.841
1214	1303770661857	1	1.1098	1.0714	0.841
1215	1303770661915	1	1.1098	1.0714	0.841
1216	1303770661929	1	1.1098	1.0714	0.841
1217	1303770661944	1	1.1098	1.0714	0.841
1218	1303770661959	1	1.1098	1.0714	0.841
1219	1303770661974	1	1.1098	1.0714	0.841
1220	1303770661990	1	1.1098	1.0714	0.841
1221	1303770662004	1	1.1098	1.0714	0.841
1222	1303770662020	1	1.1098	1.0714	0.841
1223	1303770662034	1	1.1098	1.0714	0.841
1224	1303770662091	1	1.1098	1.0714	0.841
1225	1303770662107	1	1.1098	1.0714	0.841
1226	1303770662121	1	1.1098	1.0714	0.841
1227	1303770662178	1	1.1098	1.0714	0.841
1228	1303770662234	1	1.1098	1.0714	0.841
1229	1303770662249	1	1.1098	1.0714	0.841
1230	1303770662264	1	1.1098	1.0714	0.841
1231	1303770662280	1	1.1098	1.0714	0.841
1232	1303770662336	1	1.1098	1.0714	0.841
1233	1303770662351	1	1.1098	1.0714	0.841
1234	1303770662365	1	1.1098	1.0714	0.841
1235	1303770662381	1	1.1098	1.0714	0.841
1236	1303770662395	1	1.1098	1.0714	0.841
1237	1303770662411	1	1.1098	1.0714	0.841
1238	1303770662425	1	1.1098	1.0714	0.841
1239	1303770662441	1	1.1098	1.0714	0.841
1240	1303770662455	1	1.1098	1.0714	0.841
1241	1303770662471	1	1.1098	1.0714	0.841
1242	1303770662485	1	1.1098	1.0714	0.841
1243	1303770662500	1	1.1098	1.0714	0.841
1244	1303770662515	1	1.1098	1.0714	0.841
1245	1303770662530	1	1.1098	1.0714	0.841
1246	1303770662545	1	1.1098	1.0714	0.841
1247	1303770662560	1	1.1098	1.0714	0.841
1248	1303770662575	1	1.1098	1.0714	0.841
1249	1303770662590	1	1.1098	1.0714	0.841
1250	1303770662605	1	1.1098	1.0714	0.841
1251	1303770662620	1	1.1098	1.0714	0.841
1252	1303770662635	1	1.1098	1.0714	0.841
1253	1303770662649	1	1.1098	1.0714	0.841
1254	1303770662665	1	1.1098	1.0714	0.841
1255	1303770662722	1	1.1098	1.0714	0.841
1256	1303770662737	1	1.1098	1.0714	0.841
1257	1303770662752	1	1.1098	1.0714	0.841
1258	1303770662767	1	1.1098	1.0714	0.841
1259	1303770662782	1	1.1098	1.0714	0.841
1260	1303770662796	1	1.1098	1.0714	0.841
1261	1303770662811	1	1.1098	1.0714	0.841
1262	1303770662826	1	1.1098	1.0714	0.841
1263	1303770662840	1	1.1098	1.0714	0.841
1264	1303770662856	1	1.1098	1.0714	0.841
1265	1303770662912	1	1.1098	1.0714	0.841
1266	1303770662927	1	1.1098	1.0714	0.841
1267	1303770662943	1	1.1098	1.0714	0.841
1268	1303770662957	1	1.1098	1.0714	0.841
1269	1303770662972	1	1.1098	1.0714	0.841
1270	1303770662987	1	1.1098	1.0714	0.841
1271	1303770663047	1	1.1098	1.0714	0.841
1272	1303770663077	1	1.1098	1.0714	0.841
1273	1303770663098	1	1.1098	1.0714	0.841
1274	1303770663115	1	1.1098	1.0714	0.841
1275	1303770663130	1	1.1123	1.0714	0.8391
1276	1303770663146	1	1.1123	1.0714	0.8391
1277	1303770663203	1	1.1123	1.0714	0.8391
1278	1303770663219	1	1.1123	1.0714	0.8391
1279	1303770663277	1	1.1123	1.0714	0.8391
1280	1303770663292	1	1.1123	1.0714	0.8391
1281	1303770663308	1	1.1123	1.0714	0.8391
1282	1303770663322	1	1.1123	1.0714	0.8391
1283	1303770663337	1	1.1123	1.0714	0.8391
1284	1303770663352	1	1.1123	1.0714	0.8391
1285	1303770663408	1	1.1123	1.0714	0.8391
1286	1303770663423	1	1.1123	1.0714	0.8391
1287	1303770663439	1	1.1123	1.0714	0.8391
1288	1303770663453	1	1.1123	1.0714	0.8391
1289	1303770663510	1	1.1123	1.0714	0.8391
1290	1303770663524	1	1.1123	1.0714	0.8391
1291	1303770663540	1	1.1123	1.0714	0.8391
1292	1303770663554	1	1.1123	1.0714	0.8391
1293	1303770663611	1	1.1649	1.0714	0.8012
1294	1303770663626	1	1.1649	1.0714	0.8012
1295	1303770663642	1	1.1649	1.0714	0.8012
1296	1303770663656	1	1.1649	1.0714	0.8012
1297	1303770663671	1	1.1649	1.0714	0.8012
1298	1303770663685	1	1.1649	1.0714	0.8012
1299	1303770663701	1	1.1649	1.0714	0.8012
1300	1303770663715	1	1.1649	1.0714	0.8012
1301	1303770663731	1	1.1649	1.0714	0.8012
1302	1303770663745	1	1.1649	1.0714	0.8012
1303	1303770663761	1	1.1649	1.0714	0.8012
1304	1303770663775	1	1.1649	1.0714	0.8012
1305	1303770663790	1	1.1649	1.0714	0.8012
1306	1303770663805	1	1.1649	1.0714	0.8012
1307	1303770663819	1	1.1649	1.0714	0.8012
1308	1303770663835	1	1.1649	1.0714	0.8012
1309	1303770663849	1	1.1649	1.0714	0.8012
1310	1303770663865	1	1.1649	1.0714	0.8012
1311	1303770663879	1	1.1649	1.0714	0.8012
1312	1303770663895	1	1.1649	1.0714	0.8012
1313	1303770663909	1	1.1649	1.0714	0.8012
1314	1303770663925	1	1.1649	1.0714	0.8012
1315	1303770663939	1	1.1649	1.0714	0.8012
1316	1303770663955	1	1.1649	1.0714	0.8012
1317	1303770663969	1	1.1649	1.0714	0.8012
1318	1303770663985	1	1.1649	1.0714	0.8012
1319	1303770663999	1	1.1649	1.0714	0.8012
1320	1303770664014	1	1.1649	1.0714	0.8012
1321	1303770664029	1	1.1649	1.0714	0.8012
1322	1303770664044	1	1.1649	1.0714	0.8012
1323	1303770664058	1	1.1649	1.0714	0.8012
1324	1303770664074	1	1.1649	1.0714	0.8012
1325	1303770664089	1	1.1649	1.0714	0.8012
1326	1303770664104	1	1.1649	1.0714	0.8012
1327	1303770664119	1	1.1649	1.0714	0.8012
1328	1303770664134	1	1.1649	1.0714	0.8012
1329	1303770664149	1	1.1649	1.0714	0.8012
1330	1303770664206	1	1.1643	1.0714	0.8016
1331	1303770664220	1	1.1643	1.0714	0.8016
1332	1303770664241	1	1.1643	1.0714	0.8016
1333	1303770664272	1	1.1643	1.0714	0.8016
1334	1303770664291	1	1.1643	1.0714	0.8016
1335	1303770664308	1	1.1643	1.0714	0.8016
1336	1303770664322	1	1.1643	1.0714	0.8016
1337	1303770664338	1	1.1643	1.0714	0.8016
1338	1303770664353	1	1.1643	1.0714	0.8016
1339	1303770664369	1	1.1643	1.0714	0.8016
1340	1303770664383	1	1.1643	1.0714	0.8016
1341	1303770664399	1	1.1643	1.0714	0.8016
1342	1303770664413	1	1.1643	1.0714	0.8016
1343	1303770664429	1	1.1643	1.0714	0.8016
1344	1303770664443	1	1.1643	1.0714	0.8016
1345	1303770664459	1	1.1643	1.0714	0.8016
1346	1303770664473	1	1.1643	1.0714	0.8016
1347	1303770664489	1	1.1643	1.0714	0.8016
1348	1303770664503	1	1.1643	1.0714	0.8016
1349	1303770664519	1	1.1643	1.0714	0.8016
1350	1303770664534	1	1.1643	1.0714	0.8016
1351	1303770664549	1	1.1643	1.0714	0.8016
1352	1303770664564	1	1.1643	1.0714	0.8016
1353	1303770664579	1	1.1643	1.0714	0.8016
1354	1303770664593	1	1.1643	1.0714	0.8016
1355	1303770664609	1	1.1643	1.0714	0.8016
1356	1303770664623	1	1.1643	1.0714	0.8016
1357	1303770664639	1	1.1643	1.0714	0.8016
1358	1303770664653	1	1.1643	1.0714	0.8016
1359	1303770664669	1	1.1643	1.0714	0.8016
1360	1303770664725	1	1.1643	1.0714	0.8016
1361	1303770664741	1	1.1643	1.0714	0.8016
1362	1303770664756	1	1.1643	1.0714	0.8016
1363	1303770664772	1	1.1643	1.0714	0.8016
1364	1303770664786	1	1.1643	1.0714	0.8016
1365	1303770664802	1	1.1643	1.0714	0.8016
1366	1303770664816	1	1.1643	1.0714	0.8016
1367	1303770664832	1	1.1643	1.0714	0.8016
1368	1303770664847	1	1.1643	1.0714	0.8016
1369	1303770664862	1	1.1643	1.0714	0.8016
1370	1303770664877	1	1.1643	1.0714	0.8016
1371	1303770664900	1	1.1643	1.0714	0.8016
1372	1303770664915	1	1.1643	1.0714	0.8016
1373	1303770664971	1	1.1643	1.0714	0.8016
1374	1303770664986	1	1.1643	1.0714	0.8016
1375	1303770665002	1	1.1643	1.0714	0.8016
1376	1303770665017	1	1.1643	1.0714	0.8016
1377	1303770665032	1	1.1643	1.0714	0.8016
1378	1303770665046	1	1.1643	1.0714	0.8016
1379	1303770665104	1	1.2664	1.0714	0.737
1380	1303770665118	1	1.2664	1.0714	0.737
1381	1303770665134	1	1.2664	1.0714	0.737
1382	1303770665149	1	1.2664	1.0714	0.737
1383	1303770665164	1	1.2664	1.0714	0.737
1384	1303770665179	1	1.2664	1.0714	0.737
1385	1303770665194	1	1.2664	1.0714	0.737
1386	1303770665209	1	1.2664	1.0714	0.737
1387	1303770665225	1	1.2664	1.0714	0.737
1388	1303770665239	1	1.2664	1.0714	0.737
1389	1303770665255	1	1.2664	1.0714	0.737
1390	1303770665270	1	1.2664	1.0714	0.737
1391	1303770665326	1	1.3382	1.0714	0.6975
1392	1303770665341	1	1.3382	1.0714	0.6975
1393	1303770665365	1	1.3382	1.0714	0.6975
1394	1303770665407	1	1.3021	1.0714	0.7168
1395	1303770665433	1	1.3021	1.0714	0.7168
1396	1303770665449	1	1.3021	1.0714	0.7168
1397	1303770665465	1	1.3021	1.0714	0.7168
1398	1303770665479	1	1.3021	1.0714	0.7168
1399	1303770665495	1	1.3021	1.0714	0.7168
1400	1303770665551	1	1.3021	1.0714	0.7168
1401	1303770665567	1	1.3021	1.0714	0.7168
1402	1303770665581	1	1.3021	1.0714	0.7168
1403	1303770665597	1	1.3021	1.0714	0.7168
1404	1303770665612	1	1.3021	1.0714	0.7168
1405	1303770665627	1	1.3021	1.0714	0.7168
1406	1303770665642	1	1.3021	1.0714	0.7168
1407	1303770665658	1	1.3021	1.0714	0.7168
1408	1303770665672	1	1.3021	1.0714	0.7168
1409	1303770665688	1	1.3021	1.0714	0.7168
1410	1303770665703	1	1.3021	1.0714	0.7168
1411	1303770665719	1	1.3021	1.0714	0.7168
1412	1303770665733	1	1.3021	1.0714	0.7168
1413	1303770665790	1	1.3021	1.0714	0.7168
1414	1303770665805	1	1.3021	1.0714	0.7168
1415	1303770665820	1	1.3021	1.0714	0.7168
1416	1303770665835	1	1.3021	1.0714	0.7168
1417	1303770665892	1	1.3021	1.0714	0.7168
1418	1303770665907	1	1.3021	1.0714	0.7168
1419	1303770665923	1	1.3021	1.0714	0.7168
1420	1303770665937	1	1.3021	1.0714	0.7168
1421	1303770665953	1	1.3021	1.0714	0.7168
1422	1303770665968	1	1.3021	1.0714	0.7168
1423	1303770665984	1	1.3021	1.0714	0.7168
1424	1303770665999	1	1.3021	1.0714	0.7168
1425	1303770666014	1	1.3021	1.0714	0.7168
1426	1303770666072	1	1.3021	1.0714	0.7168
1427	1303770666086	1	1.3021	1.0714	0.7168
1428	1303770666102	1	1.3021	1.0714	0.7168
1429	1303770666117	1	1.3021	1.0714	0.7168
1430	1303770666132	1	1.3021	1.0714	0.7168
1431	1303770666147	1	1.3021	1.0714	0.7168
1432	1303770666163	1	1.3021	1.0714	0.7168
1433	1303770666177	1	1.3021	1.0714	0.7168
1434	1303770666193	1	1.3021	1.0714	0.7168
1435	1303770666207	1	1.3021	1.0714	0.7168
1436	1303770666264	1	1.3021	1.0714	0.7168
1437	1303770666279	1	1.3021	1.0714	0.7168
1438	1303770666295	1	1.3021	1.0714	0.7168
1439	1303770666309	1	1.3021	1.0714	0.7168
1440	1303770666325	1	1.3021	1.0714	0.7168
1441	1303770666340	1	1.3021	1.0714	0.7168
1442	1303770666355	1	1.3021	1.0714	0.7168
1443	1303770666370	1	1.3021	1.0714	0.7168
1444	1303770666385	1	1.3021	1.0714	0.7168
1445	1303770666400	1	1.3021	1.0714	0.7168
1446	1303770666415	1	1.3021	1.0714	0.7168
1447	1303770666430	1	1.3021	1.0714	0.7168
1448	1303770666444	1	1.3021	1.0714	0.7168
1449	1303770666501	1	1.3021	1.0714	0.7168
1450	1303770666517	1	1.3021	1.0714	0.7168
1451	1303770666532	1	1.3021	1.0714	0.7168
1452	1303770666547	1	1.3021	1.0714	0.7168
1453	1303770666562	1	1.3021	1.0714	0.7168
1454	1303770666593	1	1.3177	1.0714	0.7083
1455	1303770666640	1	1.3147	1.0714	0.7099
1456	1303770666664	1	1.3143	1.0714	0.7101
1457	1303770666684	1	1.3143	1.0714	0.7101
1458	1303770666741	1	1.3139	1.0714	0.7104
1459	1303770666758	1	1.3139	1.0714	0.7104
1460	1303770666773	1	1.3139	1.0714	0.7104
1461	1303770666789	1	1.3139	1.0714	0.7104
1462	1303770666845	1	1.3139	1.0714	0.7104
1463	1303770666861	1	1.3139	1.0714	0.7104
1464	1303770666876	1	1.3139	1.0714	0.7104
1465	1303770666893	1	1.3139	1.0714	0.7104
1466	1303770666908	1	1.3139	1.0714	0.7104
1467	1303770666924	1	1.3139	1.0714	0.7104
1468	1303770666938	1	1.3139	1.0714	0.7104
1469	1303770666954	1	1.3139	1.0714	0.7104
1470	1303770667009	1	1.2751	1.0714	0.7319
1471	1303770667026	1	1.2751	1.0714	0.7319
1472	1303770667041	1	1.2751	1.0714	0.7319
1473	1303770667057	1	1.2751	1.0714	0.7319
1474	1303770667072	1	1.2751	1.0714	0.7319
1475	1303770667088	1	1.2751	1.0714	0.7319
1476	1303770667102	1	1.2751	1.0714	0.7319
1477	1303770667118	1	1.2751	1.0714	0.7319
1478	1303770667132	1	1.2751	1.0714	0.7319
1479	1303770667148	1	1.2751	1.0714	0.7319
1480	1303770667163	1	1.2751	1.0714	0.7319
1481	1303770667179	1	1.2751	1.0714	0.7319
1482	1303770667194	1	1.2751	1.0714	0.7319
1483	1303770667210	1	1.2751	1.0714	0.7319
1484	1303770667225	1	1.2751	1.0714	0.7319
1485	1303770667241	1	1.2751	1.0714	0.7319
1486	1303770667256	1	1.2751	1.0714	0.7319
1487	1303770667272	1	1.2751	1.0714	0.7319
1488	1303770667287	1	1.2751	1.0714	0.7319
1489	1303770667303	1	1.2751	1.0714	0.7319
1490	1303770667318	1	1.2751	1.0714	0.7319
1491	1303770667334	1	1.2751	1.0714	0.7319
1492	1303770667348	1	1.2751	1.0714	0.7319
1493	1303770667363	1	1.2751	1.0714	0.7319
1494	1303770667420	1	1.2751	1.0714	0.7319
1495	1303770667436	1	1.2751	1.0714	0.7319
1496	1303770667450	1	1.2751	1.0714	0.7319
1497	1303770667466	1	1.2751	1.0714	0.7319
1498	1303770667481	1	1.2751	1.0714	0.7319
1499	1303770667497	1	1.2751	1.0714	0.7319
1500	1303770667512	1	1.2751	1.0714	0.7319
1501	1303770667528	1	1.2751	1.0714	0.7319
1502	1303770667543	1	1.2751	1.0714	0.7319
1503	1303770667559	1	1.2751	1.0714	0.7319
1504	1303770667573	1	1.2751	1.0714	0.7319
1505	1303770667589	1	1.2751	1.0714	0.7319
1506	1303770667604	1	1.2751	1.0714	0.7319
1507	1303770667661	1	1.2751	1.0714	0.7319
1508	1303770667676	1	1.2751	1.0714	0.7319
1509	1303770667692	1	1.2751	1.0714	0.7319
1510	1303770667707	1	1.2751	1.0714	0.7319
1511	1303770667723	1	1.2751	1.0714	0.7319
1512	1303770667738	1	1.2751	1.0714	0.7319
1513	1303770667754	1	1.2751	1.0714	0.7319
1514	1303770667769	1	1.2751	1.0714	0.7319
1515	1303770667800	1	1.2751	1.0714	0.7319
1516	1303770667851	1	1.2777	1.0714	0.7305
1517	1303770667868	1	1.2777	1.0714	0.7305
1518	1303770667884	1	1.2778	1.0714	0.7304
1519	1303770667900	1	1.2778	1.0714	0.7304
1520	1303770667916	1	1.2778	1.0714	0.7304
1521	1303770667931	1	1.2778	1.0714	0.7304
1522	1303770667947	1	1.2778	1.0714	0.7304
1523	1303770667961	1	1.2778	1.0714	0.7304
1524	1303770667977	1	1.2778	1.0714	0.7304
1525	1303770667992	1	1.2778	1.0714	0.7304
1526	1303770668008	1	1.2778	1.0714	0.7304
1527	1303770668023	1	1.2778	1.0714	0.7304
1528	1303770668039	1	1.2778	1.0714	0.7304
1529	1303770668053	1	1.2778	1.0714	0.7304
1530	1303770668069	1	1.2778	1.0714	0.7304
1531	1303770668084	1	1.2778	1.0714	0.7304
1532	1303770668099	1	1.2778	1.0714	0.7304
1533	1303770668114	1	1.2778	1.0714	0.7304
1534	1303770668130	1	1.2778	1.0714	0.7304
1535	1303770668144	1	1.2778	1.0714	0.7304
1536	1303770668160	1	1.2778	1.0714	0.7304
1537	1303770668175	1	1.2778	1.0714	0.7304
1538	1303770668233	1	1.3215	1.0714	0.7063
1539	1303770668247	1	1.3215	1.0714	0.7063
1540	1303770668263	1	1.3215	1.0714	0.7063
1541	1303770668278	1	1.3215	1.0714	0.7063
1542	1303770668294	1	1.3215	1.0714	0.7063
1543	1303770668309	1	1.3215	1.0714	0.7063
1544	1303770668325	1	1.3215	1.0714	0.7063
1545	1303770668381	1	1.3215	1.0714	0.7063
1546	1303770668439	1	1.3215	1.0714	0.7063
1547	1303770668453	1	1.3215	1.0714	0.7063
1548	1303770668470	1	1.3215	1.0714	0.7063
1549	1303770668485	1	1.3215	1.0714	0.7063
1550	1303770668501	1	1.3215	1.0714	0.7063
1551	1303770668516	1	1.3215	1.0714	0.7063
1552	1303770668532	1	1.3215	1.0714	0.7063
1553	1303770668547	1	1.3215	1.0714	0.7063
1554	1303770668563	1	1.3215	1.0714	0.7063
1555	1303770668577	1	1.3215	1.0714	0.7063
1556	1303770668593	1	1.3215	1.0714	0.7063
1557	1303770668608	1	1.3215	1.0714	0.7063
1558	1303770668666	1	1.3215	1.0714	0.7063
1559	1303770668680	1	1.3215	1.0714	0.7063
1560	1303770668697	1	1.3215	1.0714	0.7063
1561	1303770668712	1	1.3215	1.0714	0.7063
1562	1303770668769	1	1.3215	1.0714	0.7063
1563	1303770668784	1	1.3215	1.0714	0.7063
1564	1303770668799	1	1.3215	1.0714	0.7063
1565	1303770668816	1	1.3215	1.0714	0.7063
1566	1303770668831	1	1.3215	1.0714	0.7063
1567	1303770668846	1	1.3215	1.0714	0.7063
1568	1303770668861	1	1.3215	1.0714	0.7063
1569	1303770668877	1	1.3215	1.0714	0.7063
1570	1303770668892	1	1.3215	1.0714	0.7063
1571	1303770668907	1	1.3215	1.0714	0.7063
1572	1303770668922	1	1.3215	1.0714	0.7063
1573	1303770668938	1	1.3215	1.0714	0.7063
1574	1303770668953	1	1.3215	1.0714	0.7063
1575	1303770668968	1	1.3215	1.0714	0.7063
1576	1303770668997	1	1.3215	1.0714	0.7063
1577	1303770669054	1	1.3215	1.0714	0.7063
1578	1303770669205	1	1.3219	1.0714	0.7061
1579	1303770669220	1	1.3219	1.0714	0.7061
1580	1303770669237	1	1.3219	1.0714	0.7061
1581	1303770669293	1	1.3219	1.0714	0.7061
1582	1303770669309	1	1.3219	1.0714	0.7061
1583	1303770669328	1	1.3219	1.0714	0.7061
1584	1303770669344	1	1.3219	1.0714	0.7061
1585	1303770669358	1	1.3219	1.0714	0.7061
1586	1303770669374	1	1.3219	1.0714	0.7061
1587	1303770669388	1	1.3219	1.0714	0.7061
1588	1303770669446	1	1.3219	1.0714	0.7061
1589	1303770669460	1	1.3219	1.0714	0.7061
1590	1303770669477	1	1.3219	1.0714	0.7061
1591	1303770669491	1	1.3219	1.0714	0.7061
1592	1303770669507	1	1.3219	1.0714	0.7061
1593	1303770669522	1	1.3219	1.0714	0.7061
1594	1303770669537	1	1.3219	1.0714	0.7061
1595	1303770669552	1	1.3219	1.0714	0.7061
1596	1303770669567	1	1.3219	1.0714	0.7061
1597	1303770669582	1	1.3219	1.0714	0.7061
1598	1303770669597	1	1.3219	1.0714	0.7061
1599	1303770669612	1	1.3219	1.0714	0.7061
1600	1303770669628	1	1.3219	1.0714	0.7061
1601	1303770669684	1	1.3219	1.0714	0.7061
1602	1303770669700	1	1.3219	1.0714	0.7061
1603	1303770669715	1	1.3219	1.0714	0.7061
1604	1303770669731	1	1.3219	1.0714	0.7061
1605	1303770669787	1	1.3219	1.0714	0.7061
1606	1303770669803	1	1.3219	1.0714	0.7061
1607	1303770669818	1	1.3219	1.0714	0.7061
1608	1303770669834	1	1.3219	1.0714	0.7061
1609	1303770669849	1	1.3219	1.0714	0.7061
1610	1303770669864	1	1.3219	1.0714	0.7061
1611	1303770669879	1	1.3219	1.0714	0.7061
1612	1303770669895	1	1.3219	1.0714	0.7061
1613	1303770669909	1	1.3219	1.0714	0.7061
1614	1303770669925	1	1.3219	1.0714	0.7061
1615	1303770669940	1	1.3219	1.0714	0.7061
1616	1303770669955	1	1.3219	1.0714	0.7061
1617	1303770669970	1	1.3219	1.0714	0.7061
1618	1303770669985	1	1.3219	1.0714	0.7061
1619	1303770670000	1	1.3219	1.0714	0.7061
1620	1303770670015	1	1.3219	1.0714	0.7061
1621	1303770670030	1	1.3219	1.0714	0.7061
1622	1303770670046	1	1.3219	1.0714	0.7061
1623	1303770670060	1	1.3219	1.0714	0.7061
1624	1303770670076	1	1.3219	1.0714	0.7061
1625	1303770670090	1	1.3219	1.0714	0.7061
1626	1303770670106	1	1.3219	1.0714	0.7061
1627	1303770670121	1	1.3219	1.0714	0.7061
1628	1303770670136	1	1.3219	1.0714	0.7061
1629	1303770670151	1	1.3219	1.0714	0.7061
1630	1303770670167	1	1.3219	1.0714	0.7061
1631	1303770670181	1	1.3219	1.0714	0.7061
1632	1303770670197	1	1.3219	1.0714	0.7061
1633	1303770670211	1	1.3219	1.0714	0.7061
1634	1303770670227	1	1.3219	1.0714	0.7061
1635	1303770670242	1	1.3219	1.0714	0.7061
1636	1303770670257	1	1.3219	1.0714	0.7061
1637	1303770670286	1	1.3219	1.0714	0.7061
1638	1303770670342	1	1.3219	1.0714	0.7061
1639	1303770670365	1	1.3219	1.0714	0.7061
1640	1303770670380	1	1.3219	1.0714	0.7061
1641	1303770670396	1	1.3219	1.0714	0.7061
1642	1303770670411	1	1.3219	1.0714	0.7061
1643	1303770670427	1	1.3219	1.0714	0.7061
1644	1303770670442	1	1.3219	1.0714	0.7061
1645	1303770670457	1	1.3219	1.0714	0.7061
1646	1303770670472	1	1.3219	1.0714	0.7061
1647	1303770670487	1	1.3219	1.0714	0.7061
1648	1303770670502	1	1.3219	1.0714	0.7061
1649	1303770670560	1	1.3219	1.0714	0.7061
1650	1303770670575	1	1.3219	1.0714	0.7061
1651	1303770670591	1	1.3219	1.0714	0.7061
1652	1303770670606	1	1.3219	1.0714	0.7061
1653	1303770670622	1	1.3219	1.0714	0.7061
1654	1303770670637	1	1.3219	1.0714	0.7061
1655	1303770670653	1	1.3219	1.0714	0.7061
1656	1303770670667	1	1.3219	1.0714	0.7061
1657	1303770670683	1	1.3219	1.0714	0.7061
1658	1303770670698	1	1.3219	1.0714	0.7061
1659	1303770670713	1	1.3219	1.0714	0.7061
1660	1303770670728	1	1.3219	1.0714	0.7061
1661	1303770670744	1	1.3219	1.0714	0.7061
1662	1303770670759	1	1.3219	1.0714	0.7061
1663	1303770670775	1	1.3219	1.0714	0.7061
1664	1303770670789	1	1.3219	1.0714	0.7061
1665	1303770670805	1	1.3219	1.0714	0.7061
1666	1303770670820	1	1.3219	1.0714	0.7061
1667	1303770670835	1	1.3219	1.0714	0.7061
1668	1303770670850	1	1.3219	1.0714	0.7061
1669	1303770670864	1	1.3219	1.0714	0.7061
1670	1303770670880	1	1.3219	1.0714	0.7061
1671	1303770670895	1	1.3219	1.0714	0.7061
1672	1303770670911	1	1.3219	1.0714	0.7061
1673	1303770670926	1	1.3219	1.0714	0.7061
1674	1303770670941	1	1.3219	1.0714	0.7061
1675	1303770670956	1	1.3219	1.0714	0.7061
1676	1303770670971	1	1.3219	1.0714	0.7061
1677	1303770670986	1	1.3219	1.0714	0.7061
1678	1303770671002	1	1.3219	1.0714	0.7061
1679	1303770671017	1	1.3219	1.0714	0.7061
1680	1303770671032	1	1.3219	1.0714	0.7061
1681	1303770671047	1	1.3219	1.0714	0.7061
1682	1303770671104	1	1.3219	1.0714	0.7061
1683	1303770671170	1	1.3219	1.0714	0.7061
1684	1303770671231	1	1.3219	1.0714	0.7061
1685	1303770671250	1	1.3219	1.0714	0.7061
1686	1303770671307	1	1.3219	1.0714	0.7061
1687	1303770671324	1	1.3219	1.0714	0.7061
1688	1303770671338	1	1.3219	1.0714	0.7061
1689	1303770671355	1	1.3219	1.0714	0.7061
1690	1303770671370	1	1.3219	1.0714	0.7061
1691	1303770671385	1	1.3219	1.0714	0.7061
1692	1303770671400	1	1.3219	1.0714	0.7061
1693	1303770671415	1	1.3219	1.0714	0.7061
1694	1303770671430	1	1.3219	1.0714	0.7061
1695	1303770671445	1	1.3219	1.0714	0.7061
1696	1303770671460	1	1.3219	1.0714	0.7061
1697	1303770671476	1	1.3219	1.0714	0.7061
1698	1303770671502	1	1.3219	1.0714	0.7061
1699	1303770671543	1	1.3219	1.0714	0.7061
1700	1303770671563	1	1.3219	1.0714	0.7061
1701	1303770671579	1	2.4213	1.0714	0.3855
1702	1303770671594	1	2.4213	1.0714	0.3855
1703	1303770671610	1	2.4213	1.0714	0.3855
1704	1303770671625	1	2.4213	1.0714	0.3855
1705	1303770671640	1	2.4213	1.0714	0.3855
1706	1303770671697	1	1.628	1.0714	0.5733
1707	1303770671713	1	1.628	1.0714	0.5733
1708	1303770671728	1	1.628	1.0714	0.5733
1709	1303770671744	1	1.628	1.0714	0.5733
1710	1303770671758	1	1.628	1.0714	0.5733
1711	1303770671816	1	1.628	1.0714	0.5733
1712	1303770671832	1	1.628	1.0714	0.5733
1713	1303770671889	1	1.628	1.0714	0.5733
1714	1303770671904	1	1.628	1.0714	0.5733
1715	1303770671960	1	1.628	1.0714	0.5733
1716	1303770671976	1	1.628	1.0714	0.5733
1717	1303770671991	1	1.628	1.0714	0.5733
1718	1303770672007	1	1.628	1.0714	0.5733
1719	1303770672022	1	1.628	1.0714	0.5733
1720	1303770672037	1	1.628	1.0714	0.5733
1721	1303770672093	1	1.628	1.0714	0.5733
1722	1303770672109	1	1.628	1.0714	0.5733
1723	1303770672124	1	1.628	1.0714	0.5733
1724	1303770672139	1	1.628	1.0714	0.5733
1725	1303770672154	1	1.628	1.0714	0.5733
1726	1303770672170	1	1.628	1.0714	0.5733
1727	1303770672184	1	1.628	1.0714	0.5733
1728	1303770672200	1	1.628	1.0714	0.5733
1729	1303770672214	1	1.628	1.0714	0.5733
1730	1303770672230	1	1.628	1.0714	0.5733
1731	1303770672246	1	1.628	1.0714	0.5733
1732	1303770672262	1	1.628	1.0714	0.5733
1733	1303770672276	1	1.628	1.0714	0.5733
1734	1303770672292	1	1.628	1.0714	0.5733
1735	1303770672307	1	1.628	1.0714	0.5733
1736	1303770672323	1	1.628	1.0714	0.5733
1737	1303770672337	1	1.628	1.0714	0.5733
1738	1303770672353	1	1.628	1.0714	0.5733
1739	1303770672367	1	1.628	1.0714	0.5733
1740	1303770672383	1	1.628	1.0714	0.5733
1741	1303770672397	1	1.628	1.0714	0.5733
1742	1303770672413	1	1.628	1.0714	0.5733
1743	1303770672427	1	1.628	1.0714	0.5733
1744	1303770672443	1	1.628	1.0714	0.5733
1745	1303770672458	1	1.628	1.0714	0.5733
1746	1303770672473	1	1.628	1.0714	0.5733
1747	1303770672487	1	1.628	1.0714	0.5733
1748	1303770672545	1	1.628	1.0714	0.5733
1749	1303770672560	1	1.628	1.0714	0.5733
1750	1303770672576	1	1.628	1.0714	0.5733
1751	1303770672590	1	1.628	1.0714	0.5733
1752	1303770672606	1	1.628	1.0714	0.5733
1753	1303770672620	1	1.628	1.0714	0.5733
1754	1303770672635	1	1.628	1.0714	0.5733
1755	1303770672650	1	1.628	1.0714	0.5733
1756	1303770672666	1	1.628	1.0714	0.5733
1757	1303770672681	1	1.628	1.0714	0.5733
1758	1303770672696	1	1.628	1.0714	0.5733
1759	1303770672730	1	1.628	1.0714	0.5733
1760	1303770672787	1	1.628	1.0714	0.5733
1761	1303770672811	1	1.628	1.0714	0.5733
1762	1303770672830	1	1.628	1.0714	0.5733
1763	1303770672849	1	1.628	1.0714	0.5733
1764	1303770672865	1	1.628	1.0714	0.5733
1765	1303770672881	1	1.628	1.0714	0.5733
1766	1303770672897	1	1.628	1.0714	0.5733
1767	1303770672911	1	1.628	1.0714	0.5733
1768	1303770672927	1	1.628	1.0385	0.5915
1769	1303770672942	1	1.628	1.0357	0.5931
1770	1303770672957	1	1.628	1.0714	0.5733
1771	1303770673014	1	1.628	1.0714	0.5733
1772	1303770673030	1	1.628	1.0714	0.5733
1773	1303770673045	1	1.628	1.0714	0.5733
1774	1303770673102	1	1.893	1.0714	0.493
1775	1303770673117	1	1.893	1.0714	0.493
1776	1303770673133	1	1.893	1.0714	0.493
1777	1303770673148	1	1.893	1.0714	0.493
1778	1303770673164	1	1.893	1.0714	0.493
1779	1303770673178	1	1.893	1.0714	0.493
1780	1303770673194	1	1.893	1.0714	0.493
1781	1303770673208	1	1.893	1.0714	0.493
1782	1303770673224	1	1.893	1.0714	0.493
1783	1303770673239	1	1.893	1.0714	0.493
1784	1303770673254	1	1.893	1.0714	0.493
1785	1303770673269	1	1.893	1.0714	0.493
1786	1303770673284	1	1.893	1.0714	0.493
1787	1303770673299	1	1.893	1.0714	0.493
1788	1303770673315	1	1.893	1.0714	0.493
1789	1303770673371	1	1.893	1.0714	0.493
1790	1303770673387	1	1.893	1.0714	0.493
1791	1303770673402	1	1.893	1.0714	0.493
1792	1303770673418	1	1.893	1.0714	0.493
1793	1303770673432	1	1.893	1.0714	0.493
1794	1303770673448	1	1.893	1.0714	0.493
1795	1303770673463	1	1.893	1.0714	0.493
1796	1303770673478	1	1.893	1.0714	0.493
1797	1303770673493	1	1.893	1.0714	0.493
1798	1303770673508	1	1.893	1.0714	0.493
1799	1303770673523	1	1.893	1.0714	0.493
1800	1303770673538	1	1.893	1.0714	0.493
