0	1303770561501	0	0	0	0
1	1303770561510	0	0	0	0
2	1303770561518	0	0	0	0
3	1303770561533	0	0	0	0
4	1303770561542	0	0	0	0
5	1303770561551	0	0	0	0
6	1303770561561	0	0	0	0
7	1303770561571	0	0	0	0
8	1303770561581	0	0	0	0
9	1303770561591	0	0	0	0
10	1303770561601	0	0	0	0
11	1303770561613	0	0	0	0
12	1303770561623	0	0	0	0
13	1303770561634	0	0	0	0
14	1303770561648	0	0	0	0
15	1303770561699	0	0	0	0
16	1303770561713	0	0	0	0
17	1303770561765	0	0	0	0
18	1303770561778	0	0	0	0
19	1303770561790	0	0	0	0
20	1303770561801	0	0	0	0
21	1303770561814	0	0	0	0
22	1303770561866	0	0	0	0
23	1303770561879	0	0	0	0
24	1303770561891	0	0	0	0
25	1303770561902	0	0	0	0
26	1303770561915	0	0	0	0
27	1303770561926	0	0	0	0
28	1303770561938	0	0	0	0
29	1303770561950	0	0	0	0
30	1303770561961	0	0	0	0
31	1303770561973	0	0	0	0
32	1303770561986	0	0	0	0
33	1303770562038	0	0	0	0
34	1303770562050	0	0	0	0
35	1303770562063	0	0	0	0
36	1303770562076	0	0	0	0
37	1303770562088	0	0	0	0
38	1303770562101	0	0	0	0
39	1303770562113	0	0	0	0
40	1303770562125	0	0	0	0
41	1303770562179	0	0	0	0
42	1303770562190	0	0	0	0
43	1303770562204	0	0	0	0
44	1303770562215	0	0	0	0
45	1303770562227	0	0	0	0
46	1303770562241	0	0	0	0
47	1303770562253	0	0	0	0
48	1303770562266	0	0	0	0
49	1303770562279	0	0	0	0
50	1303770562291	0	0	0	0
51	1303770562304	0	0	0	0
52	1303770562317	0	0	0	0
53	1303770562330	0	0	0	0
54	1303770562343	0	0	0	0
55	1303770562356	0	0	0	0
56	1303770562369	0	0	0	0
57	1303770562383	0	0	0	0
58	1303770562397	0	0	0	0
59	1303770562451	0	0	0	0
60	1303770562464	0	0	0	0
61	1303770562479	0	0	0	0
62	1303770562533	0	0	0	0
63	1303770562588	0	0	0	0
64	1303770562601	0	0	0	0
65	1303770562616	0	0	0	0
66	1303770562629	0	0	0	0
67	1303770562643	0	0	0	0
68	1303770562657	0	0	0	0
69	1303770562670	0	0	0	0
70	1303770562726	0	0	0	0
71	1303770562739	0	0	0	0
72	1303770562754	0	0	0	0
73	1303770562768	0	0	0	0
74	1303770562781	0	0	0	0
75	1303770562796	0	0	0	0
76	1303770562810	0	0	0	0
77	1303770562824	0	0	0	0
78	1303770562878	0	0	0	0
79	1303770562893	0	0	0	0
80	1303770562947	0	0	0	0
81	1303770562962	0	0	0	0
82	1303770562975	0	0	0	0
83	1303770563031	0	0	0	0
84	1303770563044	0	0	0	0
85	1303770563058	0	0	0	0
86	1303770563072	0	0	0	0
87	1303770563086	0	0	0	0
88	1303770563100	0	0	0	0
89	1303770563114	0	0	0	0
90	1303770563170	0	0	0	0
91	1303770563184	0	0	0	0
92	1303770563199	0	0	0	0
93	1303770563212	0	0	0	0
94	1303770563227	0	0	0	0
95	1303770563348	0	0	0	0
96	1303770563363	0	0	0	0
97	1303770563378	0	0	0	0
98	1303770563391	0	0	0	0
99	1303770563447	0	0	0	0
100	1303770563462	0	0	0	0
101	1303770563478	0	0	0	0
102	1303770563533	0	0	0	0
103	1303770563548	0	0	0	0
104	1303770563563	0	0	0	0
105	1303770563579	0	0	0	0
106	1303770563594	0	1.4313	0	0
107	1303770563611	0	1.4313	0	0
108	1303770563628	0	1.4313	0	0
109	1303770563644	0	1.4313	1.5	0
110	1303770563660	0	1.4313	1.5	0
111	1303770563676	0	1.4313	1.5	0
112	1303770563692	0	1.4313	1.5	0
113	1303770563708	0	1.4313	1.5	0
114	1303770563724	0	1.4313	1.5	0
115	1303770563740	0	1.4313	1.5	0
116	1303770563756	0	1.4313	1.5	0
117	1303770563772	0	1.4313	1.5	0
118	1303770563788	0	1.4313	1.5	0
119	1303770563803	0	1.4313	1.5	0
120	1303770563819	0	1.4313	1.5	0
121	1303770563834	0	1.4313	1.5	0
122	1303770563891	0	1.4313	1.5	0
123	1303770563907	0	1.4313	1.5	0
124	1303770563922	0	1.4313	1.4286	0
125	1303770563978	0	1.4313	1.375	0
126	1303770563993	0	1.4313	1.375	0
127	1303770564010	0	1.4313	1.3125	0
128	1303770564025	0	1.4313	1.375	0
129	1303770564041	0	1.4313	1.375	0
130	1303770564057	0	1.4313	1.375	0
131	1303770564073	0	1.4313	1.375	0
132	1303770564088	0	1.4313	1.3	0
133	1303770564105	0	1.4313	1.2778	0
134	1303770564120	0	1.4313	1.25	0
135	1303770564136	0	1.4313	1.3	0
136	1303770564151	0	1.4313	1.25	0
137	1303770564167	0	1.4313	1.2778	0
138	1303770564224	0	1.4313	1.2222	0
139	1303770564239	0	1.4313	1.2778	0
140	1303770564295	0	1.4313	1.2778	0
141	1303770564310	0	1.4313	1.2727	0
142	1303770564326	0	1.4313	1.2778	0
143	1303770564342	0	1.4313	1.1364	0
144	1303770564398	0	1.4313	1.2273	0
145	1303770564414	0	1.4313	1.15	0
146	1303770564430	0	1.4313	1.1364	0
147	1303770564445	0	1.4313	1.1818	0
148	1303770564461	0	1.4313	1.1364	0
149	1303770564478	0	1.4313	1.1364	0
150	1303770564493	0	1.4313	1.1364	0
151	1303770564509	0	1.4313	1.1364	0
152	1303770564524	0	1.4313	1.1818	0
153	1303770564540	0	1.4313	1.1818	0
154	1303770564555	0	1.4313	1.1818	0
155	1303770564571	0	1.4313	1.1818	0
156	1303770564586	0	1.4313	1.1818	0
157	1303770564602	0	1.4313	1.1818	0
158	1303770564617	0	1.4313	1.1818	0
159	1303770564633	0	1.4313	1.1818	0
160	1303770564649	0	1.4313	1.1818	0
161	1303770564665	0	1.4313	1.1818	0
162	1303770564680	0	1.4313	1.1818	0
163	1303770564696	0	1.4313	1.1818	0
164	1303770564711	0	1.4313	1.1818	0
165	1303770564727	0	1.4313	1.1818	0
166	1303770564742	0	1.4313	1.1818	0
167	1303770564769	0	1.2492	1.1818	0
168	1303770564793	0	1.2492	1.1818	0
169	1303770564808	0	1.2492	1.1364	0
170	1303770564824	0	1.2492	1.1364	0
171	1303770564839	0	1.2492	1.1364	0
172	1303770564854	0	1.2492	1.1364	0
173	1303770564869	0	1.2492	1.125	0
174	1303770564885	0	1.2492	1.125	0
175	1303770564941	0	1.2492	1.125	0
176	1303770564996	0	1.2492	1.125	0
177	1303770565012	0	1.2492	1.125	0
178	1303770565027	0	1.2492	1.125	0
179	1303770565043	0	1.2492	1.125	0
180	1303770565058	0	1.2492	1.125	0
181	1303770565074	0	1.2492	1.1667	0
182	1303770565088	0	1.2492	1.1667	0
183	1303770565104	0	1.2492	1.1667	0
184	1303770565119	0	1.2492	1.1667	0
185	1303770565134	0	1.2492	1.1667	0
186	1303770565149	0	1.2492	1.1667	0
187	1303770565165	0	1.2492	1.1667	0
188	1303770565180	0	1.2492	1.1667	0
189	1303770565195	0	1.2492	1.1667	0
190	1303770565210	0	1.2492	1.1667	0
191	1303770565226	0	1.2492	1.1667	0
192	1303770565241	0	1.2492	1.1538	0
193	1303770565257	0	1.2492	1.1538	0
194	1303770565272	0	1.2492	1.1538	0
195	1303770565287	0	1.2492	1.1154	0
196	1303770565302	0	1.2492	1.1154	0
197	1303770565318	0	1.2492	1.1538	0
198	1303770565332	0	1.2492	1.1538	0
199	1303770565348	0	1.2492	1.1538	0
200	1303770565362	0	1.2492	1.1538	0
201	1303770565378	0	1.2492	1.1429	0
202	1303770565433	0	1.2492	1.1071	0
203	1303770565448	0	1.2492	1.1154	0
204	1303770565463	0	1.2492	1.1071	0
205	1303770565478	0	1.2492	1.1071	0
206	1303770565532	0	1.2492	1.1071	0
207	1303770565548	0	1.2492	1.1154	0
208	1303770565563	0	1.2492	1.1429	0
209	1303770565579	0	1.2492	1.1154	0
210	1303770565594	0	1.2492	1.1429	0
211	1303770565609	0	1.2492	1.1154	0
212	1303770565624	0	1.2492	1.1429	0
213	1303770565640	0	1.2492	1.1071	0
214	1303770565654	0	1.2492	1.1071	0
215	1303770565669	0	1.2492	1.1071	0
216	1303770565684	0	1.2492	1.1071	0
217	1303770565699	0	1.2492	1.1071	0
218	1303770565713	0	1.2492	1.1071	0
219	1303770565727	0	1.2492	1.1071	0
220	1303770565743	0	1.2492	1.1071	0
221	1303770565757	0	1.2492	1.0714	0
222	1303770565773	0	1.2492	1.0714	0
223	1303770565787	0	1.2492	1.0714	0
224	1303770565803	0	1.2492	1.0714	0
225	1303770565897	0	1.2492	1.0714	0
226	1303770565989	0	1.2492	1.0714	0
227	1303770566004	0	1.2492	1.0714	0
228	1303770566020	0	1.2492	1.0714	0
229	1303770566097	0	1.2252	1.0714	0
230	1303770566151	0	1.2252	1.0714	0
231	1303770566174	0	1.2207	1.0714	0
232	1303770566190	0	1.2207	1.0714	0
233	1303770566207	0	1.2207	1.0714	0
234	1303770566221	0	1.2207	1.0714	0
235	1303770566245	0	1.2207	1.0714	0
236	1303770566259	0	1.2207	1.0714	0
237	1303770566275	0	1.2207	1.0714	0
238	1303770566290	0	1.2207	1.0714	0
239	1303770566315	0	1.2207	1.0714	0
240	1303770566329	0	1.2207	1.0714	0
241	1303770566345	0	1.2207	1.0714	0
242	1303770566360	0	1.2207	1.0714	0
243	1303770566376	0	1.2207	1.0714	0
244	1303770566390	0	1.2207	1.0714	0
245	1303770566446	0	1.2207	1.0714	0
246	1303770566461	0	1.2207	1.0714	0
247	1303770566477	0	1.2207	1.0714	0
248	1303770566492	0	1.2207	1.0714	0
249	1303770566508	0	1.2207	1.0714	0
250	1303770566522	0	1.2207	1.0714	0
251	1303770566538	0	1.2207	1.0714	0
252	1303770566553	0	1.2207	1.0714	0
253	1303770566610	0	1.2207	1.0714	0
254	1303770566665	0	1.2207	1.0714	0
255	1303770566721	0	1.2207	1.0714	0
256	1303770566737	0	1.2207	1.0714	0
257	1303770566752	0	1.2207	1.0714	0
258	1303770566768	0	1.2207	1.0714	0
259	1303770566783	0	1.2207	1.0714	0
260	1303770566799	0	1.2207	1.0714	0
261	1303770566813	0	1.2207	1.0714	0
262	1303770566870	0	1.1713	1.0714	0
263	1303770566885	0	1.1713	1.0714	0
264	1303770566901	0	1.1713	1.0714	0
265	1303770566915	0	1.1713	1.0714	0
266	1303770566931	0	1.1713	1.0714	0
267	1303770566946	0	1.1713	1.0714	0
268	1303770566962	0	1.1713	1.0714	0
269	1303770567017	0	1.1713	1.0714	0
270	1303770567033	0	1.1713	1.0714	0
271	1303770567047	0	1.1713	1.0714	0
272	1303770567063	0	1.1713	1.0714	0
273	1303770567079	0	1.1713	1.0714	0
274	1303770567095	0	1.1713	1.0714	0
275	1303770567110	0	1.1713	1.0714	0
276	1303770567167	0	1.1713	1.0714	0
277	1303770567182	0	1.1713	1.0714	0
278	1303770567239	0	1.1713	1.0714	0
279	1303770567254	0	1.1713	1.0714	0
280	1303770567270	0	1.1713	1.0714	0
281	1303770567285	0	1.1713	1.0714	0
282	1303770567301	0	1.1713	1.0714	0
283	1303770567316	0	1.1713	1.0714	0
284	1303770567331	0	1.1713	1.0714	0
285	1303770567346	0	1.1713	1.0714	0
286	1303770567362	0	1.1713	1.0714	0
287	1303770567376	0	1.1713	1.0714	0
288	1303770567393	0	1.1713	1.0714	0
289	1303770567465	0	1.1713	1.0714	0
290	1303770567542	0	1.165	1.0714	0
291	1303770567582	0	1.165	1.0714	0
292	1303770567597	0	1.165	1.0714	0
293	1303770567653	0	1.165	1.0714	0
294	1303770567668	0	1.165	1.0714	0
295	1303770567684	0	1.165	1.0714	0
296	1303770567699	0	1.165	1.0714	0
297	1303770567755	0	1.165	1.0714	0
298	1303770567770	0	1.165	1.0714	0
299	1303770567786	0	1.165	1.0714	0
300	1303770567801	0	1.165	1.0714	0
301	1303770567816	0	1.165	1.0714	0
302	1303770567831	0	1.165	1.0714	0
303	1303770567887	0	1.165	1.0714	0
304	1303770567902	0	1.165	1.0714	0
305	1303770567918	0	1.165	1.0714	0
306	1303770567932	0	1.165	1.0714	0
307	1303770567948	0	1.165	1.0714	0
308	1303770567962	0	1.165	1.0714	0
309	1303770567978	0	1.165	1.0714	0
310	1303770567993	0	1.165	1.0714	0
311	1303770568009	0	1.165	1.0714	0
312	1303770568064	0	1.165	1.0714	0
313	1303770568080	0	1.165	1.0714	0
314	1303770568094	0	1.165	1.0714	0
315	1303770568150	0	1.165	1.0714	0
316	1303770568165	0	1.165	1.0714	0
317	1303770568181	0	1.165	1.0714	0
318	1303770568196	0	1.165	1.0714	0
319	1303770568252	0	1.165	1.0714	0
320	1303770568267	0	1.165	1.0714	0
321	1303770568283	0	1.165	1.0714	0
322	1303770568298	0	1.165	1.0714	0
323	1303770568314	0	1.165	1.0714	0
324	1303770568328	0	1.165	1.0714	0
325	1303770568344	0	1.165	1.0714	0
326	1303770568398	0	1.165	1.0714	0
327	1303770568414	0	1.165	1.0714	0
328	1303770568429	0	1.165	1.0714	0
329	1303770568485	0	1.165	1.0714	0
330	1303770568499	0	1.165	1.0714	0
331	1303770568515	0	1.165	1.0714	0
332	1303770568530	0	1.165	1.0714	0
333	1303770568546	0	1.165	1.0714	0
334	1303770568560	0	1.165	1.0714	0
335	1303770568576	0	1.165	1.0714	0
336	1303770568590	0	1.165	1.0714	0
337	1303770568606	0	1.165	1.0714	0
338	1303770568621	0	1.165	1.0714	0
339	1303770568636	0	1.165	1.0714	0
340	1303770568651	0	1.165	1.0714	0
341	1303770568667	0	1.165	1.0714	0
342	1303770568682	0	1.165	1.0714	0
343	1303770568697	0	1.165	1.0714	0
344	1303770568712	0	1.165	1.0714	0
345	1303770568727	0	1.165	1.0714	0
346	1303770568782	0	1.165	1.0714	0
347	1303770568798	0	1.165	1.0714	0
348	1303770568813	0	1.165	1.0714	0
349	1303770568830	0	1.165	1.0714	0
350	1303770568864	0	1.165	1.0714	0
351	1303770568897	0	1.1642	1.0714	0
352	1303770568915	0	1.1638	1.0714	0
353	1303770568932	0	1.1638	1.0714	0
354	1303770568947	0	1.1638	1.0714	0
355	1303770568962	0	1.1638	1.0714	0
356	1303770568977	0	1.1638	1.0714	0
357	1303770568993	0	1.1638	1.0714	0
358	1303770569007	0	1.1638	1.0714	0
359	1303770569022	0	1.1638	1.0714	0
360	1303770569037	0	1.1638	1.0714	0
361	1303770569053	0	1.1638	1.0714	0
362	1303770569068	0	1.1638	1.0714	0
363	1303770569083	0	1.1638	1.0714	0
364	1303770569098	0	1.1638	1.0714	0
365	1303770569113	0	1.1638	1.0714	0
366	1303770569128	0	1.1638	1.0714	0
367	1303770569184	0	1.1638	1.0714	0
368	1303770569239	0	1.1638	1.0714	0
369	1303770569295	0	1.1638	1.0714	0
370	1303770569310	0	1.1638	1.0714	0
371	1303770569367	0	1.1638	1.0714	0
372	1303770569381	0	1.1638	1.0714	0
373	1303770569397	0	1.1638	1.0714	0
374	1303770569411	0	1.1638	1.0714	0
375	1303770569427	0	1.1638	1.0714	0
376	1303770569482	0	1.1638	1.0714	0
377	1303770569498	0	1.1638	1.0714	0
378	1303770569513	0	1.1638	1.0714	0
379	1303770569529	0	1.1638	1.0714	0
380	1303770569543	0	1.1638	1.0714	0
381	1303770569559	0	1.1638	1.0714	0
382	1303770569573	0	1.1638	1.0714	0
383	1303770569589	0	1.1638	1.0714	0
384	1303770569603	0	1.1638	1.0714	0
385	1303770569619	0	1.1638	1.0714	0
386	1303770569634	0	1.1638	1.0714	0
387	1303770569650	0	1.1638	1.0714	0
388	1303770569664	0	1.1638	1.0714	0
389	1303770569679	0	1.1638	1.0714	0
390	1303770569694	0	1.1638	1.0714	0
391	1303770569709	0	1.1638	1.0714	0
392	1303770569724	0	1.1638	1.0714	0
393	1303770569739	0	1.1638	1.0714	0
394	1303770569753	0	1.1638	1.0714	0
395	1303770569769	0	1.1638	1.0714	0
396	1303770569784	0	1.1638	1.0714	0
397	1303770569799	0	1.1638	1.0714	0
398	1303770569814	0	1.1638	1.0714	0
399	1303770569829	0	1.1638	1.0714	0
400	1303770569844	0	1.1638	1.0714	0
401	1303770569859	0	1.1638	1.0714	0
402	1303770569874	0	1.1638	1.0714	0
403	1303770569889	0	1.1638	1.0714	0
404	1303770569904	0	1.1638	1.0714	0
405	1303770569919	0	1.1638	1.0714	0
406	1303770569933	0	1.1638	1.0714	0
407	1303770569949	0	1.1638	1.0714	0
408	1303770569964	0	1.1638	1.0714	0
409	1303770569979	0	1.1638	1.0714	0
410	1303770569994	0	1.1638	1.0714	0
411	1303770570068	0	1.1638	1.0714	0
412	1303770570106	0	1.1638	1.0714	0
413	1303770570128	0	1.1638	1.0714	0
414	1303770570144	0	1.1679	1.0714	0
415	1303770570160	0	1.1679	1.0714	0
416	1303770570175	0	1.1679	1.0714	0
417	1303770570190	0	1.1679	1.0714	0
418	1303770570205	0	1.1679	1.0714	0
419	1303770570220	0	1.1679	1.0714	0
420	1303770570235	0	1.1679	1.0714	0
421	1303770570251	0	1.1679	1.0714	0
422	1303770570265	0	1.1679	1.0714	0
423	1303770570281	0	1.1679	1.0714	0
424	1303770570335	0	1.1679	1.0714	0
425	1303770570351	0	1.1679	1.0714	0
426	1303770570366	0	1.1679	1.0714	0
427	1303770570422	0	1.1679	1.0714	0
428	1303770570437	0	1.1679	1.0714	0
429	1303770570453	0	1.1679	1.0714	0
430	1303770570467	0	1.1679	1.0714	0
431	1303770570482	0	1.1679	1.0714	0
432	1303770570538	0	1.1679	1.0714	0
433	1303770570554	0	1.1679	1.0714	0
434	1303770570568	0	1.1679	1.0714	0
435	1303770570584	0	1.1679	1.0714	0
436	1303770570599	0	1.1679	1.0714	0
437	1303770570614	0	1.1679	1.0714	0
438	1303770570629	0	1.1679	1.0714	0
439	1303770570644	0	1.1679	1.0714	0
440	1303770570700	0	1.1679	1.0714	0
441	1303770570716	0	1.1679	1.0714	0
442	1303770570731	0	1.1679	1.0714	0
443	1303770570746	0	1.1679	1.0714	0
444	1303770570801	0	1.1679	1.0714	0
445	1303770570817	0	1.1679	1.0714	0
446	1303770570832	0	1.1679	1.0714	0
447	1303770570849	0	1.1679	1.0714	0
448	1303770570863	0	1.1679	1.0714	0
449	1303770570879	0	1.1679	1.0714	0
450	1303770570894	0	1.1679	1.0714	0
451	1303770570910	0	1.1679	1.0714	0
452	1303770570924	0	1.1679	1.0714	0
453	1303770570940	0	1.1679	1.0714	0
454	1303770570955	0	1.1679	1.0714	0
455	1303770570972	0	1.1679	1.0714	0
456	1303770570986	0	1.1679	1.0714	0
457	1303770571002	0	1.1679	1.0714	0
458	1303770571017	0	1.1679	1.0714	0
459	1303770571073	0	1.1679	1.0714	0
460	1303770571088	0	1.1679	1.0714	0
461	1303770571104	0	1.1679	1.0714	0
462	1303770571119	0	1.1679	1.0714	0
463	1303770571134	0	1.1679	1.0714	0
464	1303770571149	0	1.1679	1.0714	0
465	1303770571165	0	1.1679	1.0714	0
466	1303770571180	0	1.1679	1.0714	0
467	1303770571195	0	1.1679	1.0714	0
468	1303770571283	0	1.1679	1.0714	0
469	1303770571308	0	1.1679	1.0714	0
470	1303770571323	0	1.1679	1.0714	0
471	1303770571343	0	1.1679	1.0714	0
472	1303770571379	0	1.1679	1.0714	0
473	1303770571414	0	1.1679	1.1	0
474	1303770571435	0	1.1679	1.0714	0
475	1303770571451	0	1.1594	1.0667	0
476	1303770571466	0	1.1594	1.1333	0
477	1303770571482	0	1.1594	1.0667	0
478	1303770571497	0	1.1594	1.0667	0
479	1303770571512	0	1.1594	1.0667	0
480	1303770571527	0	1.1594	1.0667	0
481	1303770571543	0	1.1594	1.0667	0
482	1303770571557	0	1.1594	1.0667	0
483	1303770571573	0	1.1594	1.0667	0
484	1303770571588	0	1.1594	1.0667	0
485	1303770571643	0	1.1594	1.0667	0
486	1303770571658	0	1.1594	1.0667	0
487	1303770571674	0	1.1594	1.0667	0
488	1303770571689	0	1.1594	1.0667	0
489	1303770571705	0	1.1594	1.0667	0
490	1303770571719	0	1.1594	1.0667	0
491	1303770571735	0	1.1594	1.0667	0
492	1303770571750	0	1.1594	1.0667	0
493	1303770571766	0	1.1594	1.0667	0
494	1303770571780	0	1.1594	1.0667	0
495	1303770571796	0	1.1594	1.0667	0
496	1303770571811	0	1.1594	1.0667	0
497	1303770571826	0	1.1594	1.0667	0
498	1303770571841	0	1.1594	1.0667	0
499	1303770571856	0	1.1594	1.0667	0
500	1303770571871	0	1.1594	1.0667	0
501	1303770571886	0	1.1594	1.0667	0
502	1303770571901	0	1.1594	1.0667	0
503	1303770571917	0	1.1594	1.0667	0
504	1303770571932	0	1.1594	1.0667	0
505	1303770571947	0	1.1594	1.0667	0
506	1303770571962	0	1.1594	1.0667	0
507	1303770571977	0	1.1594	1.0667	0
508	1303770572032	0	1.1594	1.0667	0
509	1303770572048	0	1.1594	1.0667	0
510	1303770572062	0	1.1594	1.0667	0
511	1303770572078	0	1.1594	1.0667	0
512	1303770572093	0	1.1594	1.0667	0
513	1303770572109	0	1.1594	1.0667	0
514	1303770572163	0	1.1594	1.0667	0
515	1303770572179	0	1.1594	1.0667	0
516	1303770572194	0	1.1594	1.0667	0
517	1303770572210	0	1.1594	1.0667	0
518	1303770572225	0	1.1594	1.0667	0
519	1303770572241	0	1.1594	1.0667	0
520	1303770572255	0	1.1594	1.0667	0
521	1303770572271	0	1.1594	1.0667	0
522	1303770572285	0	1.1594	1.0667	0
523	1303770572341	0	1.1594	1.0667	0
524	1303770572396	0	1.1594	1.0667	0
525	1303770572412	0	1.1594	1.0667	0
526	1303770572427	0	1.1594	1.0667	0
527	1303770572443	0	1.1594	1.0667	0
528	1303770572457	0	1.1594	1.0667	0
529	1303770572473	0	1.1594	1.0667	0
530	1303770572487	0	1.1594	1.0667	0
531	1303770572503	0	1.1594	1.0667	0
532	1303770572519	0	1.1594	1.0667	0
533	1303770572545	0	1.1594	1.0667	0
534	1303770572610	0	1.1651	1.0667	0
535	1303770572629	0	1.1618	1.0667	0
536	1303770572644	0	1.1618	1.0667	0
537	1303770572661	0	1.1618	1.0667	0
538	1303770572675	0	1.1618	1.0667	0
539	1303770572691	0	1.1618	1.0667	0
540	1303770572706	0	1.1618	1.0667	0
541	1303770572722	0	1.1618	1.0667	0
542	1303770572736	0	1.1618	1.0667	0
543	1303770572792	0	1.1618	1.0667	0
544	1303770572807	0	1.1618	1.0667	0
545	1303770572822	0	1.1618	1.0667	0
546	1303770572837	0	1.1618	1.0667	0
547	1303770572894	0	1.1618	1.0667	0
548	1303770572908	0	1.1618	1.0667	0
549	1303770572924	0	1.1618	1.0667	0
550	1303770572980	0	1.1618	1.0667	0
551	1303770572996	0	1.1618	1.0667	0
552	1303770573010	0	1.1618	1.0667	0
553	1303770573026	0	1.1618	1.0667	0
554	1303770573041	0	1.1618	1.0667	0
555	1303770573097	0	1.1618	1.0667	0
556	1303770573112	0	1.1618	1.0667	0
557	1303770573127	0	1.1618	1.0667	0
558	1303770573142	0	1.1618	1.0667	0
559	1303770573158	0	1.1618	1.0667	0
560	1303770573173	0	1.1618	1.0667	0
561	1303770573189	0	1.1618	1.0667	0
562	1303770573244	0	1.1618	1.0667	0
563	1303770573261	0	1.1618	1.0667	0
564	1303770573275	0	1.1618	1.0667	0
565	1303770573291	0	1.1618	1.0667	0
566	1303770573306	0	1.1618	1.0667	0
567	1303770573322	0	1.1618	1.0667	0
568	1303770573337	0	1.1618	1.0667	0
569	1303770573352	0	1.1618	1.0667	0
570	1303770573367	0	1.1618	1.0667	0
571	1303770573382	0	1.1618	1.0667	0
572	1303770573397	0	1.1618	1.0667	0
573	1303770573413	0	1.1618	1.0667	0
574	1303770573428	0	1.1618	1.0667	0
575	1303770573443	0	1.1618	1.0667	0
576	1303770573458	0	1.1618	1.0667	0
577	1303770573514	0	1.1618	1.0667	0
578	1303770573529	0	1.1618	1.0667	0
579	1303770573585	0	1.0698	1.0667	0
580	1303770573600	0	1.0698	1.0667	0
581	1303770573616	0	1.0698	1.0667	0
582	1303770573630	0	1.0698	1.0667	0
583	1303770573645	0	1.0698	1.0667	0
584	1303770573660	0	1.0698	1.0667	0
585	1303770573675	0	1.0698	1.0667	0
586	1303770573690	0	1.0698	1.0667	0
587	1303770573705	0	1.0698	1.0667	0
588	1303770573720	0	1.0698	1.0667	0
589	1303770573735	0	1.0698	1.0667	0
590	1303770573750	0	1.0698	1.0667	0
591	1303770573765	0	1.0698	1.0667	0
592	1303770573780	0	1.0698	1.0667	0
593	1303770573796	0	1.0698	1.0667	0
594	1303770573813	0	1.0698	1.0667	0
595	1303770573832	0	1.071	1.0667	0
596	1303770573849	0	1.07	1.0667	0
597	1303770573866	0	1.0691	1.0667	0
598	1303770573882	0	1.0691	1.0667	0
599	1303770573897	0	1.0691	1.0667	0
600	1303770573913	0	1.0691	1.0667	0
601	1303770573927	0	1.0691	1.0667	0
602	1303770573943	0	1.0691	1.0667	0
603	1303770573957	0	1.0691	1.0667	0
604	1303770573973	0	1.0691	1.0667	0
605	1303770573987	0	1.0691	1.0667	0
606	1303770574002	0	1.0691	1.0667	0
607	1303770574017	0	1.0691	1.0667	0
608	1303770574032	0	1.0691	1.0667	0
609	1303770574048	0	1.0691	1.0667	0
610	1303770574062	0	1.0691	1.0667	0
611	1303770574078	0	1.0691	1.0667	0
612	1303770574093	0	1.0691	1.0667	0
613	1303770574108	0	1.0691	1.0667	0
614	1303770574123	0	1.0691	1.0667	0
615	1303770574179	0	1.0691	1.0667	0
616	1303770574193	0	1.0691	1.0667	0
617	1303770574209	0	1.0691	1.0667	0
618	1303770574223	0	1.0691	1.0667	0
619	1303770574239	0	1.0691	1.0667	0
620	1303770574254	0	1.0691	1.0667	0
621	1303770574269	0	1.0691	1.0667	0
622	1303770574324	0	1.0691	1.0667	0
623	1303770574340	0	1.0691	1.0667	0
624	1303770574355	0	1.0691	1.0667	0
625	1303770574370	0	1.0691	1.0667	0
626	1303770574385	0	1.0691	1.0667	0
627	1303770574401	0	1.0691	1.0667	0
628	1303770574415	0	1.0691	1.0667	0
629	1303770574430	0	1.0691	1.0667	0
630	1303770574445	0	1.0691	1.0667	0
631	1303770574461	0	1.0691	1.0667	0
632	1303770574475	0	1.0691	1.0667	0
633	1303770574491	0	1.0691	1.0667	0
634	1303770574547	0	1.0691	1.0667	0
635	1303770574561	0	1.0691	1.0667	0
636	1303770574577	0	1.0691	1.0667	0
637	1303770574592	0	1.0691	1.0667	0
638	1303770574607	0	1.0691	1.0667	0
639	1303770574622	0	1.0691	1.0667	0
640	1303770574637	0	1.0691	1.0667	0
641	1303770574651	0	1.0691	1.0667	0
642	1303770574666	0	1.0691	1.0667	0
643	1303770574682	0	1.0691	1.0667	0
644	1303770574696	0	1.0691	1.0667	0
645	1303770574712	0	1.0691	1.0667	0
646	1303770574726	0	1.0691	1.0667	0
647	1303770574742	0	1.0691	1.0667	0
648	1303770574756	0	1.0691	1.0667	0
649	1303770574812	0	1.0691	1.0667	0
650	1303770574828	0	1.0691	1.0667	0
651	1303770574843	0	1.0691	1.0667	0
652	1303770574859	0	1.0691	1.0667	0
653	1303770574914	0	1.0691	1.0667	0
654	1303770574930	0	1.0691	1.0667	0
655	1303770574948	0	1.0691	1.0667	0
656	1303770574967	0	1.0701	1.0667	0
657	1303770575025	0	1.0689	1.0667	0
658	1303770575041	0	1.0689	1.0667	0
659	1303770575057	0	1.0689	1.0667	0
660	1303770575072	0	1.0689	1.0667	0
661	1303770575088	0	1.0689	1.0667	0
662	1303770575102	0	1.0689	1.0667	0
663	1303770575118	0	1.0689	1.0667	0
664	1303770575173	0	1.0689	1.0667	0
665	1303770575230	0	1.0689	1.0667	0
666	1303770575244	0	1.0689	1.0667	0
667	1303770575260	0	1.0689	1.0667	0
668	1303770575275	0	1.0689	1.0667	0
669	1303770575291	0	1.0689	1.0667	0
670	1303770575305	0	1.0689	1.0667	0
671	1303770575321	0	1.0689	1.0667	0
672	1303770575336	0	1.0689	1.0667	0
673	1303770575351	0	1.0689	1.0667	0
674	1303770575366	0	1.0689	1.0667	0
675	1303770575381	0	1.0689	1.0667	0
676	1303770575396	0	1.0689	1.0667	0
677	1303770575411	0	1.0689	1.0667	0
678	1303770575426	0	1.0689	1.0667	0
679	1303770575481	0	1.0689	1.0667	0
680	1303770575496	0	1.0689	1.0667	0
681	1303770575512	0	1.0689	1.0667	0
682	1303770575526	0	1.0689	1.0667	0
683	1303770575582	0	1.0689	1.0667	0
684	1303770575597	0	1.0689	1.0667	0
685	1303770575613	0	1.0689	1.0667	0
686	1303770575628	0	1.0689	1.0667	0
687	1303770575643	0	1.0689	1.0667	0
688	1303770575657	0	1.0689	1.0667	0
689	1303770575673	0	1.0689	1.0667	0
690	1303770575727	0	1.0689	1.0667	0
691	1303770575743	0	1.0689	1.0667	0
692	1303770575757	0	1.0689	1.0667	0
693	1303770575773	0	1.0689	1.0667	0
694	1303770575787	0	1.0689	1.0667	0
695	1303770575803	0	1.0689	1.0667	0
696	1303770575817	0	1.0689	1.0667	0
697	1303770575833	0	1.0689	1.0667	0
698	1303770575847	0	1.0689	1.0667	0
699	1303770575862	0	1.0689	1.0667	0
700	1303770575877	0	1.0689	1.0667	0
701	1303770575893	0	1.0689	1.0667	0
702	1303770575907	0	1.0689	1.0667	0
703	1303770575923	0	1.0689	1.0667	0
704	1303770575938	0	1.0689	1.0667	0
705	1303770575953	0	1.0689	1.0667	0
706	1303770575967	0	1.0689	1.0667	0
707	1303770575982	0	1.0689	1.0667	0
708	1303770575997	0	1.0689	1.0667	0
709	1303770576012	0	1.0689	1.0667	0
710	1303770576026	0	1.0689	1.0667	0
711	1303770576042	0	1.0689	1.0667	0
712	1303770576056	0	1.0689	1.0667	0
713	1303770576071	0	1.0689	1.0667	0
714	1303770576087	0	1.0689	1.0667	0
715	1303770576103	0	1.0689	1.0667	0
716	1303770576120	0	1.0689	1.0667	0
717	1303770576139	0	1.0689	1.0667	0
718	1303770576155	0	1.0691	1.0667	0
719	1303770576172	0	1.0691	1.0667	0
720	1303770576186	0	1.0691	1.0667	0
721	1303770576202	0	1.0691	1.0667	0
722	1303770576216	0	1.0691	1.0667	0
723	1303770576231	0	1.0691	1.0667	0
724	1303770576246	0	1.0691	1.0667	0
725	1303770576262	0	1.0691	1.0667	0
726	1303770576276	0	1.0691	1.0667	0
727	1303770576291	0	1.0691	1.0667	0
728	1303770576306	0	1.0691	1.0667	0
729	1303770576321	0	1.0691	1.0667	0
730	1303770576336	0	1.0691	1.0667	0
731	1303770576351	0	1.0691	1.0667	0
732	1303770576365	0	1.0691	1.0667	0
733	1303770576381	0	1.0691	1.0667	0
734	1303770576396	0	1.0691	1.0667	0
735	1303770576411	0	1.0691	1.0667	0
736	1303770576425	0	1.0691	1.0667	0
737	1303770576441	0	1.0691	1.0667	0
738	1303770576455	0	1.0691	1.0667	0
739	1303770576470	0	1.0691	1.0667	0
740	1303770576485	0	1.0691	1.0667	0
741	1303770576508	0	1.0691	1.0667	0
742	1303770576522	0	1.0691	1.0667	0
743	1303770576538	0	1.0691	1.0667	0
744	1303770576552	0	1.0691	1.0667	0
745	1303770576566	0	1.0691	1.0667	0
746	1303770576582	0	1.0691	1.0667	0
747	1303770576597	0	1.0691	1.0667	0
748	1303770576612	0	1.0691	1.0667	0
749	1303770576627	0	1.0691	1.0667	0
750	1303770576642	0	1.0691	1.0667	0
751	1303770576656	0	1.0691	1.0667	0
752	1303770576712	0	1.0691	1.0667	0
753	1303770576728	0	1.0691	1.0667	0
754	1303770576742	0	1.0691	1.0667	0
755	1303770576758	0	1.0691	1.0667	0
756	1303770576773	0	1.0691	1.0667	0
757	1303770576789	0	1.0691	1.0667	0
758	1303770576803	0	1.0691	1.0667	0
759	1303770576817	0	1.0691	1.0667	0
760	1303770576832	0	1.0691	1.0667	0
761	1303770576847	0	1.0691	1.0667	0
762	1303770576862	0	1.0691	1.0667	0
763	1303770576877	0	1.0691	1.0667	0
764	1303770576892	0	1.0691	1.0667	0
765	1303770576906	0	1.0691	1.0667	0
766	1303770576922	0	1.0691	1.0667	0
767	1303770576936	0	1.0691	1.0667	0
768	1303770576951	0	1.0691	1.0667	0
769	1303770576966	0	1.0691	1.0667	0
770	1303770576981	0	1.0691	1.0667	0
771	1303770576996	0	1.0691	1.0667	0
772	1303770577011	0	1.0691	1.0667	0
773	1303770577026	0	1.0691	1.0667	0
774	1303770577041	0	1.0691	1.0667	0
775	1303770577097	0	1.0691	1.0667	0
776	1303770577153	0	1.0446	1.0667	0
777	1303770577172	0	1.0446	1.0667	0
778	1303770577190	0	1.0445	1.0667	0
779	1303770577208	0	1.0445	1.0667	0
780	1303770577225	0	1.0445	1.0667	0
781	1303770577240	0	1.0445	1.0667	0
782	1303770577256	0	1.0445	1.0667	0
783	1303770577270	0	1.0445	1.0667	0
784	1303770577286	0	1.0445	1.0667	0
785	1303770577301	0	1.0445	1.0667	0
786	1303770577317	0	1.0445	1.0667	0
787	1303770577371	0	1.0445	1.0667	0
788	1303770577387	0	1.0445	1.0667	0
789	1303770577402	0	1.0445	1.0667	0
790	1303770577418	0	1.0445	1.0667	0
791	1303770577472	0	1.0445	1.0667	0
792	1303770577488	0	1.0445	1.0667	0
793	1303770577502	0	1.0445	1.0667	0
794	1303770577518	0	1.0445	1.0667	0
795	1303770577532	0	1.0445	1.0667	0
796	1303770577548	0	1.0445	1.0667	0
797	1303770577562	0	1.0445	1.0667	0
798	1303770577577	0	1.0445	1.0667	0
799	1303770577592	0	1.0445	1.0667	0
800	1303770577608	0	1.0445	1.0667	0
801	1303770577622	0	1.0445	1.0667	0
802	1303770577637	0	1.0445	1.0667	0
803	1303770577652	0	1.0445	1.0667	0
804	1303770577667	0	1.0445	1.0667	0
805	1303770577682	0	1.0445	1.0667	0
806	1303770577697	0	1.0445	1.0667	0
807	1303770577712	0	1.0445	1.0667	0
808	1303770577727	0	1.0445	1.0667	0
809	1303770577742	0	1.0445	1.0667	0
810	1303770577799	0	1.0445	1.0667	0
811	1303770577813	0	1.0445	1.0667	0
812	1303770577870	0	1.0445	1.0667	0
813	1303770577884	0	1.0445	1.0667	0
814	1303770577900	0	1.0445	1.0667	0
815	1303770577915	0	1.0445	1.0667	0
816	1303770577930	0	1.0445	1.0667	0
817	1303770577945	0	1.0445	1.0667	0
818	1303770577961	0	1.0445	1.0667	0
819	1303770577975	0	1.0445	1.0667	0
820	1303770577990	0	1.0445	1.0667	0
821	1303770578005	0	1.0445	1.0667	0
822	1303770578061	0	1.0445	1.0667	0
823	1303770578075	0	1.0445	1.0667	0
824	1303770578091	0	1.0445	1.0667	0
825	1303770578105	0	1.0445	1.0667	0
826	1303770578121	0	1.0445	1.0667	0
827	1303770578175	0	1.0445	1.0667	0
828	1303770578191	0	1.0445	1.0667	0
829	1303770578205	0	1.0445	1.0667	0
830	1303770578221	0	1.0445	1.0667	0
831	1303770578236	0	1.0445	1.0667	0
832	1303770578251	0	1.0445	1.0667	0
833	1303770578265	0	1.0445	1.0667	0
834	1303770578281	0	1.0445	1.0667	0
835	1303770578295	0	1.0445	1.0667	0
836	1303770578311	0	1.0445	1.0667	0
837	1303770578326	0	1.0445	1.0667	0
838	1303770578344	0	1.0445	1.0667	0
839	1303770578403	0	1.0446	1.0667	0
840	1303770578421	0	1.0444	1.0667	0
841	1303770578478	0	1.0444	1.0667	0
842	1303770578533	0	1.0444	1.0667	0
843	1303770578550	0	1.0444	1.0667	0
844	1303770578565	0	1.0444	1.0667	0
845	1303770578581	0	1.0444	1.0667	0
846	1303770578636	0	1.0444	1.0667	0
847	1303770578764	0	1.0444	1.0667	0
848	1303770578819	0	1.0444	1.0667	0
849	1303770578834	0	1.0444	1.0667	0
850	1303770578849	0	1.0444	1.0667	0
851	1303770578903	0	1.0444	1.0667	0
852	1303770578918	0	1.0444	1.0667	0
853	1303770578934	0	1.0444	1.0667	0
854	1303770578948	0	1.0444	1.0667	0
855	1303770578964	0	1.0444	1.0667	0
856	1303770578979	0	1.0444	1.0667	0
857	1303770578994	0	1.0444	1.0667	0
858	1303770579008	0	1.0444	1.0667	0
859	1303770579024	0	1.0444	1.0667	0
860	1303770579038	0	1.0444	1.0667	0
861	1303770579053	0	1.0444	1.0667	0
862	1303770579068	0	1.0444	1.0667	0
863	1303770579083	0	1.0444	1.0667	0
864	1303770579098	0	1.0444	1.0667	0
865	1303770579114	0	1.0444	1.0667	0
866	1303770579128	0	1.0444	1.0667	0
867	1303770579185	0	1.0444	1.0667	0
868	1303770579199	0	1.0444	1.0667	0
869	1303770579215	0	1.0444	1.0667	0
870	1303770579229	0	1.0444	1.0667	0
871	1303770579245	0	1.0444	1.0667	0
872	1303770579260	0	1.0444	1.0667	0
873	1303770579275	0	1.0444	1.0667	0
874	1303770579290	0	1.0444	1.0667	0
875	1303770579346	0	1.0444	1.0667	0
876	1303770579360	0	1.0444	1.0667	0
877	1303770579376	0	1.0444	1.0667	0
878	1303770579391	0	1.0444	1.0667	0
879	1303770579406	0	1.0444	1.0667	0
880	1303770579421	0	1.0444	1.0667	0
881	1303770579436	0	1.0444	1.0667	0
882	1303770579451	0	1.0444	1.0667	0
883	1303770579466	0	1.0444	1.0667	0
884	1303770579481	0	1.0444	1.0667	0
885	1303770579496	0	1.0444	1.0667	0
886	1303770579511	0	1.0444	1.0667	0
887	1303770579526	0	1.0444	1.0667	0
888	1303770579541	0	1.0444	1.0667	0
889	1303770579556	0	1.0444	1.0667	0
890	1303770579570	0	1.0444	1.0667	0
891	1303770579585	0	1.0444	1.0667	0
892	1303770579600	0	1.0444	1.0667	0
893	1303770579614	0	1.0444	1.0667	0
894	1303770579630	0	1.0444	1.0667	0
895	1303770579644	0	1.0444	1.0667	0
896	1303770579660	0	1.0444	1.0667	0
897	1303770579675	0	1.0444	1.0667	0
898	1303770579691	0	1.0444	1.0667	0
899	1303770579713	0	1.0444	1.0667	0
900	1303770579736	0	1.044	1.0667	0
901	1303770579755	0	1.0439	1.0667	0
902	1303770579771	0	1.0439	1.0667	0
903	1303770579787	0	1.0439	1.0667	0
904	1303770579803	0	1.0439	1.0667	0
905	1303770579818	0	1.0439	1.0667	0
906	1303770579874	0	1.0439	1.0667	0
907	1303770579888	0	1.0439	1.0667	0
908	1303770579904	0	1.0439	1.0667	0
909	1303770579919	0	1.0439	1.0667	0
910	1303770579935	0	1.0439	1.0667	0
911	1303770579949	0	1.0439	1.0667	0
912	1303770579965	0	1.0439	1.0667	0
913	1303770579980	0	1.0439	1.0667	0
914	1303770579995	0	1.0439	1.0667	0
915	1303770580010	0	1.0439	1.0667	0
916	1303770580025	0	1.0439	1.0667	0
917	1303770580040	0	1.0439	1.0667	0
918	1303770580055	0	1.0439	1.0667	0
919	1303770580069	0	1.0439	1.0667	0
920	1303770580085	0	1.0439	1.0667	0
921	1303770580099	0	1.0439	1.0667	0
922	1303770580115	0	1.0439	1.0667	0
923	1303770580130	0	1.0439	1.0667	0
924	1303770580144	0	1.0439	1.0667	0
925	1303770580160	0	1.0439	1.0667	0
926	1303770580174	0	1.0439	1.0667	0
927	1303770580190	0	1.0439	1.0667	0
928	1303770580205	0	1.0439	1.0667	0
929	1303770580220	0	1.0439	1.0667	0
930	1303770580235	0	1.0439	1.0667	0
931	1303770580250	0	1.0439	1.0667	0
932	1303770580305	0	1.0439	1.0667	0
933	1303770580321	0	1.0439	1.0667	0
934	1303770580336	0	1.0439	1.0667	0
935	1303770580352	0	1.0439	1.0667	0
936	1303770580366	0	1.0439	1.0667	0
937	1303770580382	0	1.0439	1.0667	0
938	1303770580396	0	1.0439	1.0667	0
939	1303770580412	0	1.0439	1.0667	0
940	1303770580426	0	1.0439	1.0667	0
941	1303770580442	0	1.0439	1.0667	0
942	1303770580456	0	1.0439	1.0667	0
943	1303770580472	0	1.0439	1.0667	0
944	1303770580526	0	1.0439	1.0667	0
945	1303770580542	0	1.0439	1.0667	0
946	1303770580557	0	1.0439	1.0667	0
947	1303770580573	0	1.0439	1.0667	0
948	1303770580587	0	1.0439	1.0667	0
949	1303770580603	0	1.0439	1.0667	0
950	1303770580618	0	1.0439	1.0667	0
951	1303770580634	0	1.0439	1.0667	0
952	1303770580648	0	1.0439	1.0667	0
953	1303770580664	0	1.0439	1.0667	0
954	1303770580678	0	1.0439	1.0667	0
955	1303770580734	0	1.0439	1.0667	0
956	1303770580748	0	1.0439	1.0667	0
957	1303770580764	0	1.0439	1.0667	0
958	1303770580779	0	1.0439	1.0667	0
959	1303770580795	0	1.0439	1.0667	0
960	1303770580818	0	1.0439	1.0667	0
961	1303770580839	0	1.0439	1.0667	0
962	1303770580858	0	1.0415	1.0667	0
963	1303770580874	0	1.0415	1.0667	0
964	1303770580890	0	1.0415	1.0667	0
965	1303770580904	0	1.0415	1.0667	0
966	1303770580920	0	1.0415	1.0667	0
967	1303770580934	0	1.0415	1.0667	0
968	1303770580950	0	1.0415	1.0667	0
969	1303770580965	0	1.0415	1.0667	0
970	1303770580980	0	1.0415	1.0667	0
971	1303770580994	0	1.0415	1.0667	0
972	1303770581009	0	1.0415	1.0667	0
973	1303770581024	0	1.0415	1.0667	0
974	1303770581040	0	1.0415	1.0667	0
975	1303770581055	0	1.0415	1.0667	0
976	1303770581070	0	1.0415	1.0667	0
977	1303770581085	0	1.0415	1.0667	0
978	1303770581100	0	1.0415	1.0667	0
979	1303770581155	0	1.0415	1.0667	0
980	1303770581171	0	1.0415	1.0667	0
981	1303770581185	0	1.0415	1.0667	0
982	1303770581201	0	1.0415	1.0667	0
983	1303770581256	0	1.0415	1.0667	0
984	1303770581272	0	1.0415	1.0667	0
985	1303770581327	0	1.0415	1.0667	0
986	1303770581343	0	1.0415	1.0667	0
987	1303770581358	0	1.0415	1.0667	0
988	1303770581412	0	1.0415	1.0667	0
989	1303770581427	0	1.0415	1.0667	0
990	1303770581443	0	1.0415	1.0667	0
991	1303770581458	0	1.0415	1.0667	0
992	1303770581473	0	1.0415	1.0667	0
993	1303770581488	0	1.0415	1.0667	0
994	1303770581504	0	1.0415	1.0667	0
995	1303770581519	0	1.0415	1.0667	0
996	1303770581534	0	1.0415	1.0667	0
997	1303770581549	0	1.0415	1.0667	0
998	1303770581605	0	1.0415	1.0667	0
999	1303770581620	0	1.0415	1.0667	0
1000	1303770581636	0	1.0415	1.0667	0
1001	1303770581651	0	1.0415	1.0667	0
1002	1303770581666	0	1.0415	1.0667	0
1003	1303770581681	0	1.0415	1.0667	0
1004	1303770581696	0	1.0415	1.0667	0
1005	1303770581711	0	1.0415	1.0667	0
1006	1303770581726	0	1.0415	1.0667	0
1007	1303770581741	0	1.0415	1.0667	0
1008	1303770581796	0	1.0415	1.0667	0
1009	1303770581810	0	1.0415	1.0667	0
1010	1303770581826	0	1.0415	1.0667	0
1011	1303770581881	0	1.0415	1.0667	0
1012	1303770581896	0	1.0415	1.0667	0
1013	1303770581911	0	1.0415	1.0667	0
1014	1303770581927	0	1.0415	1.0667	0
1015	1303770581941	0	1.0415	1.0667	0
1016	1303770582009	0	1.0415	1.0667	0
1017	1303770582023	0	1.0415	1.0667	0
1018	1303770582039	0	1.0415	1.0667	0
1019	1303770582053	0	1.0415	1.0667	0
1020	1303770582070	0	1.0415	1.0667	0
1021	1303770582094	0	1.0415	1.0667	0
1022	1303770582157	0	1.0421	1.0667	0
1023	1303770582177	0	1.0412	1.0667	0
1024	1303770582194	0	1.0412	1.0667	0
1025	1303770582210	0	1.0412	1.0667	0
1026	1303770582225	0	1.0412	1.0667	0
1027	1303770582239	0	1.0412	1.0667	0
1028	1303770582255	0	1.0412	1.0667	0
1029	1303770582270	0	1.0412	1.0667	0
1030	1303770582285	0	1.0412	1.0667	0
1031	1303770582300	0	1.0412	1.0667	0
1032	1303770582315	0	1.0412	1.0667	0
1033	1303770582329	0	1.0412	1.0667	0
1034	1303770582344	0	1.0412	1.0667	0
1035	1303770582360	0	1.0412	1.0667	0
1036	1303770582374	0	1.0412	1.0667	0
1037	1303770582390	0	1.0412	1.0667	0
1038	1303770582445	0	1.0412	1.0667	0
1039	1303770582460	0	1.0412	1.0667	0
1040	1303770582475	0	1.0412	1.0667	0
1041	1303770582490	0	1.0412	1.0667	0
1042	1303770582505	0	1.0412	1.0667	0
1043	1303770582521	0	1.0412	1.0667	0
1044	1303770582535	0	1.0412	1.0667	0
1045	1303770582551	0	1.0412	1.0667	0
1046	1303770582566	0	1.0412	1.0667	0
1047	1303770582581	0	1.0412	1.0667	0
1048	1303770582596	0	1.0412	1.0667	0
1049	1303770582611	0	1.0412	1.0667	0
1050	1303770582665	0	1.0412	1.0667	0
1051	1303770582681	0	1.0412	1.0667	0
1052	1303770582696	0	1.0412	1.0667	0
1053	1303770582712	0	1.0412	1.0667	0
1054	1303770582726	0	1.0412	1.0667	0
1055	1303770582742	0	1.0412	1.0667	0
1056	1303770582757	0	1.0412	1.0667	0
1057	1303770582772	0	1.0412	1.0667	0
1058	1303770582826	0	1.0412	1.0667	0
1059	1303770582843	0	1.0412	1.0667	0
1060	1303770582857	0	1.0412	1.0667	0
1061	1303770582873	0	1.0412	1.0667	0
1062	1303770582888	0	1.0412	1.0667	0
1063	1303770582904	0	1.0412	1.0667	0
1064	1303770582918	0	1.0412	1.0667	0
1065	1303770582934	0	1.0412	1.0667	0
1066	1303770582948	0	1.0412	1.0667	0
1067	1303770582964	0	1.0412	1.0667	0
1068	1303770582979	0	1.0412	1.0667	0
1069	1303770582994	0	1.0412	1.0667	0
1070	1303770583009	0	1.0412	1.0667	0
1071	1303770583064	0	1.0412	1.0667	0
1072	1303770583119	0	1.0412	1.0667	0
1073	1303770583135	0	1.0412	1.0667	0
1074	1303770583190	0	1.0412	1.0667	0
1075	1303770583206	0	1.0412	1.0667	0
1076	1303770583221	0	1.0412	1.0667	0
1077	1303770583236	0	1.0412	1.0667	0
1078	1303770583251	0	1.0412	1.0667	0
1079	1303770583267	0	1.0412	1.0667	0
1080	1303770583282	0	1.0412	1.0667	0
1081	1303770583299	0	1.0412	1.0667	0
1082	1303770583323	0	1.0412	1.0667	0
1083	1303770583388	0	1.0412	1.0667	0
1084	1303770583406	0	1.0416	1.0667	0
1085	1303770583424	0	1.041	1.0667	0
1086	1303770583439	0	1.041	1.0667	0
1087	1303770583456	0	1.041	1.0667	0
1088	1303770583471	0	1.041	1.0667	0
1089	1303770583487	0	1.041	1.0667	0
1090	1303770583501	0	1.041	1.0667	0
1091	1303770583517	0	1.041	1.0667	0
1092	1303770583531	0	1.041	1.0667	0
1093	1303770583547	0	1.041	1.0667	0
1094	1303770583561	0	1.041	1.0667	0
1095	1303770583577	0	1.041	1.0667	0
1096	1303770583592	0	1.041	1.0667	0
1097	1303770583607	0	1.041	1.0667	0
1098	1303770583622	0	1.041	1.0667	0
1099	1303770583638	0	1.041	1.0667	0
1100	1303770583653	0	1.041	1.0667	0
1101	1303770583668	0	1.041	1.0667	0
1102	1303770583683	0	1.041	1.0667	0
1103	1303770583699	0	1.041	1.0667	0
1104	1303770583753	0	1.041	1.0667	0
1105	1303770583769	0	1.041	1.0667	0
1106	1303770583784	0	1.041	1.0667	0
1107	1303770583801	0	1.041	1.0667	0
1108	1303770583815	0	1.041	1.0667	0
1109	1303770583830	0	1.041	1.0667	0
1110	1303770583845	0	1.041	1.0667	0
1111	1303770583861	0	1.041	1.0667	0
1112	1303770583875	0	1.041	1.0667	0
1113	1303770583891	0	1.041	1.0667	0
1114	1303770583906	0	1.041	1.0667	0
1115	1303770583921	0	1.041	1.0667	0
1116	1303770583936	0	1.041	1.0667	0
1117	1303770583952	0	1.041	1.0667	0
1118	1303770583967	0	1.041	1.0667	0
1119	1303770583981	0	1.041	1.0667	0
1120	1303770583997	0	1.041	1.0667	0
1121	1303770584011	0	1.041	1.0667	0
1122	1303770584032	0	1.041	1.0667	0
1123	1303770584047	0	1.041	1.0667	0
1124	1303770584063	0	1.041	1.0667	0
1125	1303770584078	0	1.041	1.0667	0
1126	1303770584094	0	1.041	1.0667	0
1127	1303770584108	0	1.041	1.0667	0
1128	1303770584124	0	1.041	1.0667	0
1129	1303770584139	0	1.041	1.0667	0
1130	1303770584195	0	1.041	1.0667	0
1131	1303770584209	0	1.041	1.0667	0
1132	1303770584225	0	1.041	1.0667	0
1133	1303770584240	0	1.041	1.0667	0
1134	1303770584297	0	1.041	1.0667	0
1135	1303770584312	0	1.041	1.0667	0
1136	1303770584367	0	1.041	1.0667	0
1137	1303770584383	0	1.041	1.0667	0
1138	1303770584398	0	1.041	1.0667	0
1139	1303770584414	0	1.041	1.0667	0
1140	1303770584429	0	1.041	1.0667	0
1141	1303770584444	0	1.041	1.0667	0
1142	1303770584460	0	1.041	1.0667	0
1143	1303770584569	0	1.041	1.0667	0
1144	1303770585050	0	1.041	1.0667	0
1145	1303770585471	0	1.0414	1.0667	0
1146	1303770585489	0	1.0414	1.0667	0
1147	1303770585505	0	1.0413	1.0667	0
1148	1303770585522	0	1.0413	1.0667	0
1149	1303770585537	0	1.0413	1.0667	0
1150	1303770585553	0	1.0413	1.0667	0
1151	1303770585568	0	1.0413	1.0667	0
1152	1303770585584	0	1.0413	1.0667	0
1153	1303770585599	0	1.0413	1.0667	0
1154	1303770585615	0	1.0413	1.0667	0
1155	1303770585629	0	1.0413	1.0667	0
1156	1303770585645	0	1.0413	1.0667	0
1157	1303770585660	0	1.0413	1.0667	0
1158	1303770585676	0	1.0413	1.0667	0
1159	1303770585691	0	1.0413	1.0667	0
1160	1303770585747	0	1.0413	1.0667	0
1161	1303770585762	0	1.0413	1.0667	0
1162	1303770585779	0	1.0413	1.0667	0
1163	1303770585794	0	1.0413	1.0667	0
1164	1303770585810	0	1.0413	1.0667	0
1165	1303770585825	0	1.0413	1.0667	0
1166	1303770585841	0	1.0413	1.0667	0
1167	1303770585855	0	1.0413	1.0667	0
1168	1303770585871	0	1.0413	1.0667	0
1169	1303770585886	0	1.0413	1.0667	0
1170	1303770585902	0	1.0413	1.0667	0
1171	1303770585917	0	1.0413	1.0667	0
1172	1303770585932	0	1.0413	1.0667	0
1173	1303770585947	0	1.0413	1.0667	0
1174	1303770585962	0	1.0413	1.0667	0
1175	1303770585977	0	1.0413	1.0667	0
1176	1303770585992	0	1.0413	1.0667	0
1177	1303770586008	0	1.0413	1.0667	0
1178	1303770586022	0	1.0413	1.0667	0
1179	1303770586038	0	1.0413	1.0667	0
1180	1303770586053	0	1.0413	1.0667	0
1181	1303770586069	0	1.0413	1.0667	0
1182	1303770586084	0	1.0413	1.0667	0
1183	1303770586100	0	1.0413	1.0667	0
1184	1303770586114	0	1.0413	1.0667	0
1185	1303770586130	0	1.0413	1.0667	0
1186	1303770586145	0	1.0413	1.0667	0
1187	1303770586161	0	1.0413	1.0667	0
1188	1303770586176	0	1.0413	1.0667	0
1189	1303770586191	0	1.0413	1.0667	0
1190	1303770586206	0	1.0413	1.0667	0
1191	1303770586222	0	1.0413	1.0667	0
1192	1303770586237	0	1.0413	1.0667	0
1193	1303770586253	0	1.0413	1.0667	0
1194	1303770586268	0	1.0413	1.0667	0
1195	1303770586284	0	1.0413	1.0667	0
1196	1303770586299	0	1.0413	1.0667	0
1197	1303770586355	0	1.0413	1.0667	0
1198	1303770586371	0	1.0413	1.0667	0
1199	1303770586386	0	1.0413	1.0667	0
1200	1303770586402	0	1.0413	1.0667	0
1201	1303770586417	0	1.0413	1.0667	0
1202	1303770586433	0	1.0413	1.0667	0
1203	1303770586448	0	1.0413	1.0667	0
1204	1303770586525	0	1.0413	1.0667	0
1205	1303770586879	0	1.0413	1.0667	0
1206	1303770587074	0	1.04	1.0667	0
1207	1303770587093	0	1.04	1.0667	0
1208	1303770587149	0	1.04	1.0667	0
1209	1303770587166	0	1.04	1.0667	0
1210	1303770587221	0	1.04	1.0667	0
1211	1303770587238	0	1.04	1.0667	0
1212	1303770587253	0	1.04	1.0667	0
1213	1303770587309	0	1.04	1.0667	0
1214	1303770587325	0	1.04	1.0667	0
1215	1303770587340	0	1.04	1.0667	0
1216	1303770587356	0	1.04	1.0667	0
1217	1303770587371	0	1.04	1.0667	0
1218	1303770587387	0	1.04	1.0667	0
1219	1303770587402	0	1.04	1.0667	0
1220	1303770587418	0	1.04	1.0667	0
1221	1303770587432	0	1.04	1.0667	0
1222	1303770587448	0	1.04	1.0667	0
1223	1303770587463	0	1.04	1.0667	0
1224	1303770587479	0	1.04	1.0667	0
1225	1303770587494	0	1.04	1.0667	0
1226	1303770587510	0	1.04	1.0667	0
1227	1303770587525	0	1.04	1.0667	0
1228	1303770587540	0	1.04	1.0667	0
1229	1303770587555	0	1.04	1.0667	0
1230	1303770587571	0	1.04	1.0667	0
1231	1303770587586	0	1.04	1.0667	0
1232	1303770587601	0	1.04	1.0667	0
1233	1303770587616	0	1.04	1.0667	0
1234	1303770587672	0	1.04	1.0667	0
1235	1303770587687	0	1.04	1.0667	0
1236	1303770587703	0	1.04	1.0667	0
1237	1303770587717	0	1.04	1.0667	0
1238	1303770587733	0	1.04	1.0667	0
1239	1303770587748	0	1.04	1.0667	0
1240	1303770587764	0	1.04	1.0667	0
1241	1303770587779	0	1.04	1.0667	0
1242	1303770587795	0	1.04	1.0667	0
1243	1303770587809	0	1.04	1.0667	0
1244	1303770587825	0	1.04	1.0667	0
1245	1303770587840	0	1.04	1.0667	0
1246	1303770587855	0	1.04	1.0667	0
1247	1303770587870	0	1.04	1.0667	0
1248	1303770587886	0	1.04	1.0667	0
1249	1303770587900	0	1.04	1.0667	0
1250	1303770587924	0	1.04	1.0667	0
1251	1303770587939	0	1.04	1.0667	0
1252	1303770587954	0	1.04	1.0667	0
1253	1303770587969	0	1.04	1.0667	0
1254	1303770587985	0	1.04	1.0667	0
1255	1303770588000	0	1.04	1.0667	0
1256	1303770588015	0	1.04	1.0667	0
1257	1303770588071	0	1.0019	1.0667	0
1258	1303770588127	0	1.0019	1.0667	0
1259	1303770588141	0	1.0019	1.0667	0
1260	1303770588158	0	1.0019	1.0667	0
1261	1303770588213	0	1.04	1.0667	0
1262	1303770588229	0	1.04	1.0667	0
1263	1303770588244	0	1.04	1.0667	0
1264	1303770588262	0	1.04	1.0667	0
1265	1303770588325	0	1.04	1.0667	0
1266	1303770588389	0	1.04	1.0667	0
1267	1303770588422	0	1.04	1.0667	0
1268	1303770588440	0	1.038	1.0667	0
1269	1303770588456	0	1.038	1.0667	0
1270	1303770588473	0	1.038	1.0667	0
1271	1303770588489	0	1.038	1.0667	0
1272	1303770588505	0	1.038	1.0667	0
1273	1303770588521	0	1.038	1.0667	0
1274	1303770588538	0	1.038	1.0667	0
1275	1303770588554	0	1.038	1.0667	0
1276	1303770588571	0	1.038	1.0667	0
1277	1303770588588	0	1.038	1.0667	0
1278	1303770588604	0	1.038	1.0667	0
1279	1303770588620	0	1.038	1.0667	0
1280	1303770588636	0	1.038	1.0667	0
1281	1303770588652	0	1.038	1.0667	0
1282	1303770588668	0	1.038	1.0667	0
1283	1303770588685	0	1.038	1.0667	0
1284	1303770588701	0	1.038	1.0667	0
1285	1303770588717	0	1.038	1.0667	0
1286	1303770588733	0	1.038	1.0667	0
1287	1303770588749	0	1.038	1.0667	0
1288	1303770588766	0	1.038	1.0667	0
1289	1303770588781	0	1.038	1.0667	0
1290	1303770588798	0	1.038	1.0667	0
1291	1303770588815	0	1.038	1.0667	0
1292	1303770588831	0	1.038	1.0667	0
1293	1303770588848	0	1.038	1.0667	0
1294	1303770588864	0	1.038	1.0667	0
1295	1303770588880	0	1.038	1.0667	0
1296	1303770588896	0	1.038	1.0667	0
1297	1303770588913	0	1.038	1.0667	0
1298	1303770588930	0	1.038	1.0667	0
1299	1303770588985	0	1.038	1.0667	0
1300	1303770589002	0	1.038	1.0667	0
1301	1303770589018	0	1.038	1.0667	0
1302	1303770589036	0	1.038	1.0667	0
1303	1303770589051	0	1.038	1.0667	0
1304	1303770589068	0	1.038	1.0667	0
1305	1303770589085	0	1.038	1.0667	0
1306	1303770589100	0	1.038	1.0667	0
1307	1303770589117	0	1.038	1.0667	0
1308	1303770589173	0	1.038	1.0667	0
1309	1303770589191	0	1.038	1.0667	0
1310	1303770589249	0	1.038	1.0667	0
1311	1303770589265	0	1.038	1.0667	0
1312	1303770589282	0	1.038	1.0667	0
1313	1303770589298	0	1.038	1.0667	0
1314	1303770589315	0	1.038	1.0667	0
1315	1303770589332	0	1.038	1.0667	0
1316	1303770589348	0	1.038	1.0667	0
1317	1303770589365	0	1.038	1.0667	0
1318	1303770589380	0	1.038	1.0667	0
1319	1303770589397	0	1.038	1.0667	0
1320	1303770589413	0	1.038	1.0667	0
1321	1303770589430	0	1.038	1.0667	0
1322	1303770589445	0	1.038	1.0667	0
1323	1303770589462	0	1.038	1.0667	0
1324	1303770589479	0	1.038	1.0667	0
1325	1303770589496	0	1.038	1.0667	0
1326	1303770589567	0	1.038	1.0667	0
1327	1303770589622	0	1.0427	1.0667	0
1328	1303770589643	0	1.0594	1.0667	0
1329	1303770589660	0	1.0594	1.0667	0
1330	1303770589675	0	1.0594	1.0667	0
1331	1303770589692	0	1.0594	1.0667	0
1332	1303770589747	0	1.0594	1.0667	0
1333	1303770589763	0	1.0594	1.0667	0
1334	1303770589778	0	1.0594	1.0667	0
1335	1303770589794	0	1.0594	1.0667	0
1336	1303770589849	0	1.0594	1.0667	0
1337	1303770589865	0	1.0594	1.0667	0
1338	1303770589880	0	1.0594	1.0667	0
1339	1303770589896	0	1.0594	1.0667	0
1340	1303770589911	0	1.0594	1.0667	0
1341	1303770589926	0	1.0594	1.0667	0
1342	1303770589941	0	1.0594	1.0667	0
1343	1303770589997	0	1.0594	1.0667	0
1344	1303770590012	0	1.0594	1.0667	0
1345	1303770590028	0	1.0594	1.0667	0
1346	1303770590043	0	1.0594	1.0667	0
1347	1303770590059	0	1.0594	1.0667	0
1348	1303770590073	0	1.0594	1.0667	0
1349	1303770590089	0	1.0594	1.0667	0
1350	1303770590144	0	1.0594	1.0667	0
1351	1303770590161	0	1.0594	1.0667	0
1352	1303770590175	0	1.0594	1.0667	0
1353	1303770590191	0	1.0594	1.0667	0
1354	1303770590206	0	1.0594	1.0667	0
1355	1303770590262	0	1.0594	1.0667	0
1356	1303770590277	0	1.0594	1.0667	0
1357	1303770590294	0	1.0594	1.0667	0
1358	1303770590309	0	1.0594	1.0667	0
1359	1303770590365	0	1.0594	1.0667	0
1360	1303770590380	0	1.0594	1.0667	0
1361	1303770590396	0	1.0594	1.0667	0
1362	1303770590411	0	1.0594	1.0667	0
1363	1303770590427	0	1.0594	1.0667	0
1364	1303770590441	0	1.0594	1.0667	0
1365	1303770590457	0	1.0594	1.0667	0
1366	1303770590472	0	1.0594	1.0667	0
1367	1303770590488	0	1.0594	1.0667	0
1368	1303770590502	0	1.0594	1.0667	0
1369	1303770590518	0	1.0594	1.0667	0
1370	1303770590533	0	1.0594	1.0667	0
1371	1303770590549	0	1.0594	1.0667	0
1372	1303770590604	0	1.0594	1.0667	0
1373	1303770590661	0	1.0594	1.0667	0
1374	1303770590675	0	1.0594	1.0667	0
1375	1303770590691	0	1.0594	1.0667	0
1376	1303770590706	0	1.0594	1.0667	0
1377	1303770590776	0	1.0594	1.0667	0
1378	1303770590794	0	1.0594	1.0667	0
1379	1303770590810	0	1.0594	1.0667	0
1380	1303770590824	0	1.0594	1.0667	0
1381	1303770590840	0	1.0594	1.0667	0
1382	1303770590855	0	1.0594	1.0667	0
1383	1303770590870	0	1.0594	1.0667	0
1384	1303770590885	0	1.0594	1.0667	0
1385	1303770590901	0	1.0594	1.0667	0
1386	1303770590917	0	1.0594	1.0667	0
1387	1303770590973	0	1.0594	1.0667	0
1388	1303770591013	0	1.0397	1.0667	0
1389	1303770591030	0	1.0397	1.0667	0
1390	1303770591046	0	1.0397	1.0667	0
1391	1303770591102	0	1.0397	1.0667	0
1392	1303770591116	0	1.0397	1.0667	0
1393	1303770591132	0	1.0397	1.0667	0
1394	1303770591147	0	1.0397	1.0667	0
1395	1303770591162	0	1.0397	1.0667	0
1396	1303770591178	0	1.0397	1.0667	0
1397	1303770591193	0	1.0397	1.0667	0
1398	1303770591210	0	1.0397	1.0667	0
1399	1303770591225	0	1.0397	1.0667	0
1400	1303770591241	0	1.0397	1.0667	0
1401	1303770591255	0	1.0397	1.0667	0
1402	1303770591271	0	1.0397	1.0667	0
1403	1303770591285	0	1.0397	1.0667	0
1404	1303770591301	0	1.0397	1.0667	0
1405	1303770591315	0	1.0397	1.0667	0
1406	1303770591331	0	1.0397	1.0667	0
1407	1303770591346	0	1.0397	1.0667	0
1408	1303770591362	0	1.0397	1.0667	0
1409	1303770591376	0	1.0397	1.0667	0
1410	1303770591392	0	1.0397	1.0667	0
1411	1303770591406	0	1.0397	1.0667	0
1412	1303770591483	0	1.0397	1.0667	0
1413	1303770591498	0	1.0397	1.0667	0
1414	1303770591514	0	1.0397	1.0667	0
1415	1303770591529	0	1.0397	1.0667	0
1416	1303770591544	0	1.0397	1.0667	0
1417	1303770591559	0	1.0397	1.0667	0
1418	1303770591575	0	1.0397	1.0667	0
1419	1303770591589	0	1.0397	1.0667	0
1420	1303770591605	0	1.0397	1.0667	0
1421	1303770591619	0	1.0397	1.0667	0
1422	1303770591635	0	1.0397	1.0667	0
1423	1303770591650	0	1.0397	1.0667	0
1424	1303770591675	0	1.0397	1.0667	0
1425	1303770591690	0	1.0397	1.0667	0
1426	1303770591705	0	1.0397	1.0667	0
1427	1303770591720	0	1.0397	1.0667	0
1428	1303770591735	0	1.0397	1.0667	0
1429	1303770591750	0	1.0397	1.0667	0
1430	1303770591807	0	1.0397	1.0667	0
1431	1303770591821	0	1.0397	1.0667	0
1432	1303770591877	0	1.0397	1.0667	0
1433	1303770591892	0	1.0397	1.0667	0
1434	1303770591908	0	1.0397	1.0667	0
1435	1303770591923	0	1.0397	1.0667	0
1436	1303770591939	0	1.0397	1.0667	0
1437	1303770591953	0	1.0397	1.0667	0
1438	1303770591968	0	1.0397	1.0667	0
1439	1303770591983	0	1.0397	1.0667	0
1440	1303770591998	0	1.0397	1.0667	0
1441	1303770592013	0	1.0397	1.0667	0
1442	1303770592029	0	1.0397	1.0667	0
1443	1303770592043	0	1.0397	1.0667	0
1444	1303770592059	0	1.0397	1.0667	0
1445	1303770592074	0	1.0397	1.0667	0
1446	1303770592090	0	1.0397	1.0667	0
1447	1303770592106	0	1.0397	1.0667	0
1448	1303770592178	0	1.0397	1.0667	0
1449	1303770592232	0	1.0397	1.0667	0
1450	1303770592249	0	1.0397	1.0667	0
1451	1303770592306	0	1.0397	1.0667	0
1452	1303770592322	0	1.0397	1.0667	0
1453	1303770592338	0	1.0397	1.0667	0
1454	1303770592352	0	1.0397	1.0667	0
1455	1303770592409	0	1.0397	1.0667	0
1456	1303770592423	0	1.0397	1.0667	0
1457	1303770592439	0	1.0397	1.0667	0
1458	1303770592454	0	1.0397	1.0667	0
1459	1303770592470	0	1.0397	1.0667	0
1460	1303770592484	0	1.0397	1.0667	0
1461	1303770592500	0	1.0397	1.0667	0
1462	1303770592555	0	1.0397	1.0667	0
1463	1303770592570	0	1.0397	1.0667	0
1464	1303770592585	0	1.0397	1.0667	0
1465	1303770592601	0	1.0397	1.0667	0
1466	1303770592616	0	1.0397	1.0667	0
1467	1303770592631	0	1.0397	1.0667	0
1468	1303770592646	0	1.0397	1.0667	0
1469	1303770592661	0	1.0397	1.0667	0
1470	1303770592676	0	1.0397	1.0667	0
1471	1303770592691	0	1.0397	1.0667	0
1472	1303770592706	0	1.0397	1.0667	0
1473	1303770592722	0	1.0397	1.0667	0
1474	1303770592736	0	1.0397	1.0667	0
1475	1303770592752	0	1.0397	1.0667	0
1476	1303770592807	0	1.0397	1.0667	0
1477	1303770592822	0	1.0397	1.0667	0
1478	1303770592837	0	1.0397	1.0667	0
1479	1303770592853	0	1.0397	1.0667	0
1480	1303770592868	0	1.0397	1.0667	0
1481	1303770592884	0	1.0397	1.0667	0
1482	1303770592938	0	1.0397	1.0667	0
1483	1303770592954	0	1.0397	1.0667	0
1484	1303770592969	0	1.0397	1.0667	0
1485	1303770592985	0	1.0397	1.0667	0
1486	1303770593000	0	1.0397	1.0667	0
1487	1303770593016	0	1.0397	1.0667	0
1488	1303770593071	0	1.0397	1.0667	0
1489	1303770593087	0	1.0397	1.0667	0
1490	1303770593101	0	1.0397	1.0667	0
1491	1303770593117	0	1.0397	1.0667	0
1492	1303770593132	0	1.0397	1.0667	0
1493	1303770593147	0	1.0397	1.0667	0
1494	1303770593162	0	1.0397	1.0667	0
1495	1303770593177	0	1.0397	1.0667	0
1496	1303770593192	0	1.0397	1.0667	0
1497	1303770593207	0	1.0397	1.0667	0
1498	1303770593222	0	1.0397	1.0667	0
1499	1303770593237	0	1.0397	1.0667	0
1500	1303770593253	0	1.0397	1.0667	0
1501	1303770593268	0	1.0397	1.0667	0
1502	1303770593283	0	1.0397	1.0667	0
1503	1303770593298	0	1.0397	1.0667	0
1504	1303770593354	0	1.0397	1.0667	0
1505	1303770593369	0	1.0397	1.0667	0
1506	1303770593425	0	1.0397	1.0667	0
1507	1303770593442	0	1.0397	1.0667	0
1508	1303770593458	0	1.0397	1.0667	0
1509	1303770593523	0	1.0397	1.0667	0
1510	1303770593569	0	1.0397	1.0667	0
1511	1303770593629	0	1.043	1.0667	0
1512	1303770593644	0	1.043	1.0667	0
1513	1303770593660	0	1.0435	1.0667	0
1514	1303770593675	0	1.0435	1.0667	0
1515	1303770593691	0	1.0435	1.0667	0
1516	1303770593706	0	1.0435	1.0667	0
1517	1303770593721	0	1.0435	1.0667	0
1518	1303770593736	0	1.0435	1.0667	0
1519	1303770593752	0	1.0435	1.0667	0
1520	1303770593766	0	1.0435	1.0667	0
1521	1303770593780	0	1.0435	1.0667	0
1522	1303770593796	0	1.0435	1.0667	0
1523	1303770593811	0	1.0435	1.0667	0
1524	1303770593826	0	1.0435	1.0667	0
1525	1303770593841	0	1.0435	1.0667	0
1526	1303770593857	0	1.0435	1.0667	0
1527	1303770593872	0	1.0435	1.0667	0
1528	1303770593888	0	1.0435	1.0667	0
1529	1303770593902	0	1.0435	1.0667	0
1530	1303770593918	0	1.0435	1.0667	0
1531	1303770593932	0	1.0435	1.0667	0
1532	1303770593948	0	1.0435	1.0667	0
1533	1303770593963	0	1.0435	1.0667	0
1534	1303770593978	0	1.0435	1.0667	0
1535	1303770593993	0	1.0435	1.0667	0
1536	1303770594008	0	1.0435	1.0667	0
1537	1303770594023	0	1.0435	1.0667	0
1538	1303770594039	0	1.0435	1.0667	0
1539	1303770594054	0	1.0435	1.0667	0
1540	1303770594070	0	1.0435	1.0667	0
1541	1303770594084	0	1.0435	1.0667	0
1542	1303770594140	0	1.0435	1.0667	0
1543	1303770594156	0	1.0435	1.0667	0
1544	1303770594171	0	1.0435	1.0667	0
1545	1303770594187	0	1.0435	1.0667	0
1546	1303770594242	0	1.0435	1.0667	0
1547	1303770594258	0	1.0435	1.0667	0
1548	1303770594273	0	1.0435	1.0667	0
1549	1303770594289	0	1.0435	1.0667	0
1550	1303770594304	0	1.0435	1.0667	0
1551	1303770594361	0	1.0435	1.0667	0
1552	1303770594376	0	1.0435	1.0667	0
1553	1303770594392	0	1.0435	1.0667	0
1554	1303770594406	0	1.0435	1.0667	0
1555	1303770594422	0	1.0435	1.0667	0
1556	1303770594437	0	1.0435	1.0667	0
1557	1303770594452	0	1.0435	1.0667	0
1558	1303770594467	0	1.0435	1.0667	0
1559	1303770594482	0	1.0435	1.0667	0
1560	1303770594497	0	1.0435	1.0667	0
1561	1303770594513	0	1.0435	1.0667	0
1562	1303770594527	0	1.0435	1.0667	0
1563	1303770594543	0	1.0435	1.0667	0
1564	1303770594558	0	1.0435	1.0667	0
1565	1303770594574	0	1.0435	1.0667	0
1566	1303770594588	0	1.0435	1.0667	0
1567	1303770594604	0	1.0435	1.0667	0
1568	1303770594619	0	1.0435	1.0667	0
1569	1303770594636	0	1.0435	1.0667	0
1570	1303770594694	0	1.0435	1.0667	0
1571	1303770594737	0	1.0435	1.0667	0
1572	1303770594756	0	1.0435	1.0667	0
1573	1303770594771	0	1.0435	1.0667	0
1574	1303770594788	0	1.0451	1.0667	0
1575	1303770594805	0	1.0451	1.0667	0
1576	1303770594821	0	1.0451	1.0667	0
1577	1303770594838	0	1.0451	1.0667	0
1578	1303770594853	0	1.0451	1.0667	0
1579	1303770594870	0	1.0451	1.0667	0
1580	1303770594886	0	1.0451	1.0667	0
1581	1303770594902	0	1.0451	1.0667	0
1582	1303770594919	0	1.0451	1.0667	0
1583	1303770594934	0	1.0451	1.0667	0
1584	1303770594951	0	1.0451	1.0667	0
1585	1303770594966	0	1.0451	1.0667	0
1586	1303770594983	0	1.0451	1.0667	0
1587	1303770594999	0	1.0451	1.0667	0
1588	1303770595015	0	1.0451	1.0667	0
1589	1303770595073	0	1.0451	1.0667	0
1590	1303770595089	0	1.0451	1.0667	0
1591	1303770595106	0	1.0451	1.0667	0
1592	1303770595122	0	1.0451	1.0667	0
1593	1303770595139	0	1.0451	1.0667	0
1594	1303770595155	0	1.0451	1.0667	0
1595	1303770595172	0	1.0451	1.0667	0
1596	1303770595230	0	1.0451	1.0667	0
1597	1303770595246	0	1.0451	1.0667	0
1598	1303770595263	0	1.0451	1.0667	0
1599	1303770595278	0	1.0451	1.0667	0
1600	1303770595295	0	1.0451	1.0667	0
1601	1303770595312	0	1.0451	1.0667	0
1602	1303770595328	0	1.0451	1.0667	0
1603	1303770595344	0	1.0451	1.0667	0
1604	1303770595360	0	1.0451	1.0667	0
1605	1303770595377	0	1.0451	1.0667	0
1606	1303770595393	0	1.0451	1.0667	0
1607	1303770595409	0	1.0451	1.0667	0
1608	1303770595426	0	1.0451	1.0667	0
1609	1303770595442	0	1.0451	1.0667	0
1610	1303770595458	0	1.0451	1.0667	0
1611	1303770595474	0	1.0451	1.0667	0
1612	1303770595491	0	1.0451	1.0667	0
1613	1303770595548	0	1.0451	1.0667	0
1614	1303770595604	0	1.0451	1.0667	0
1615	1303770595660	0	1.0451	1.0667	0
1616	1303770595676	0	1.0451	1.0667	0
1617	1303770595693	0	1.0451	1.0667	0
1618	1303770595709	0	1.0451	1.0667	0
1619	1303770595725	0	1.0451	1.0667	0
1620	1303770595783	0	1.0451	1.0667	0
1621	1303770595798	0	1.0451	1.0667	0
1622	1303770595815	0	1.0451	1.0667	0
1623	1303770595831	0	1.0451	1.0667	0
1624	1303770595848	0	1.0451	1.0667	0
1625	1303770595864	0	1.0451	1.0667	0
1626	1303770595880	0	1.0451	1.0667	0
1627	1303770595897	0	1.0451	1.0667	0
1628	1303770595912	0	1.0451	1.0667	0
1629	1303770595929	0	1.0451	1.0667	0
1630	1303770595947	0	1.0451	1.0667	0
1631	1303770596005	0	1.0451	1.0667	0
1632	1303770596049	0	1.0455	1.0667	0
1633	1303770596109	0	1.0455	1.0667	0
1634	1303770596124	0	1.0455	1.0667	0
1635	1303770596141	0	1.0455	1.0667	0
1636	1303770596158	0	1.0455	1.0667	0
1637	1303770596174	0	1.0455	1.0667	0
1638	1303770596191	0	1.0455	1.0667	0
1639	1303770596246	0	1.0455	1.0667	0
1640	1303770596264	0	1.0455	1.0667	0
1641	1303770596281	0	1.0455	1.0667	0
1642	1303770596296	0	1.0455	1.0667	0
1643	1303770596313	0	1.0455	1.0667	0
1644	1303770596328	0	1.0455	1.0667	0
1645	1303770596345	0	1.0455	1.0667	0
1646	1303770596361	0	1.0455	1.0667	0
1647	1303770596377	0	1.0455	1.0667	0
1648	1303770596394	0	1.0455	1.0667	0
1649	1303770596409	0	1.0455	1.0667	0
1650	1303770596426	0	1.0455	1.0667	0
1651	1303770596442	0	1.0455	1.0667	0
1652	1303770596458	0	1.0455	1.0667	0
1653	1303770596474	0	1.0455	1.0667	0
1654	1303770596491	0	1.0455	1.0667	0
1655	1303770596508	0	1.0455	1.0667	0
1656	1303770596563	0	1.0455	1.0667	0
1657	1303770596580	0	1.0455	1.0667	0
1658	1303770596595	0	1.0455	1.0667	0
1659	1303770596613	0	1.0455	1.0667	0
1660	1303770596628	0	1.0455	1.0667	0
1661	1303770596645	0	1.0455	1.0667	0
1662	1303770596662	0	1.0455	1.0667	0
1663	1303770596677	0	1.0455	1.0667	0
1664	1303770596734	0	1.0455	1.0667	0
1665	1303770596750	0	1.0455	1.0667	0
1666	1303770596767	0	1.0455	1.0667	0
1667	1303770596783	0	1.0455	1.0667	0
1668	1303770596799	0	1.0455	1.0667	0
1669	1303770596816	0	1.0455	1.0667	0
1670	1303770596831	0	1.0455	1.0667	0
1671	1303770596848	0	1.0455	1.0667	0
1672	1303770596864	0	1.0455	1.0667	0
1673	1303770596880	0	1.0455	1.0667	0
1674	1303770596896	0	1.0455	1.0667	0
1675	1303770596913	0	1.0455	1.0667	0
1676	1303770596929	0	1.0455	1.0667	0
1677	1303770596945	0	1.0455	1.0667	0
1678	1303770596961	0	1.0455	1.0667	0
1679	1303770596977	0	1.0455	1.0667	0
1680	1303770596994	0	1.0455	1.0667	0
1681	1303770597009	0	1.0455	1.0667	0
1682	1303770597026	0	1.0455	1.0667	0
1683	1303770597043	0	1.0455	1.0667	0
1684	1303770597098	0	1.0455	1.0667	0
1685	1303770597115	0	1.0455	1.0667	0
1686	1303770597131	0	1.0455	1.0667	0
1687	1303770597148	0	1.0455	1.0667	0
1688	1303770597164	0	1.0455	1.0667	0
1689	1303770597180	0	1.0455	1.0667	0
1690	1303770597238	0	1.0455	1.0667	0
1691	1303770597255	0	1.0455	1.0667	0
1692	1303770597316	0	1.0455	1.0667	0
1693	1303770597359	0	1.0455	1.0667	0
1694	1303770597377	0	1.0455	1.0667	0
1695	1303770597393	0	1.0471	1.0667	0
1696	1303770597410	0	1.0471	1.0667	0
1697	1303770597426	0	1.0471	1.0667	0
1698	1303770597482	0	1.0471	1.0667	0
1699	1303770597499	0	1.0471	1.0667	0
1700	1303770597515	0	1.0471	1.0667	0
1701	1303770597531	0	1.0471	1.0667	0
1702	1303770597547	0	1.0471	1.0667	0
1703	1303770597564	0	1.0471	1.0667	0
1704	1303770597579	0	1.0471	1.0667	0
1705	1303770597596	0	1.0471	1.0667	0
1706	1303770597612	0	1.0471	1.0667	0
1707	1303770597629	0	1.0471	1.0667	0
1708	1303770597645	0	1.0471	1.0667	0
1709	1303770597661	0	1.0471	1.0667	0
1710	1303770597677	0	1.0471	1.0667	0
1711	1303770597693	0	1.0471	1.0667	0
1712	1303770597709	0	1.0471	1.0667	0
1713	1303770597725	0	1.0471	1.0667	0
1714	1303770597741	0	1.0471	1.0667	0
1715	1303770597798	0	1.046	1.0667	0
1716	1303770597814	0	1.046	1.0667	0
1717	1303770597830	0	1.046	1.0667	0
1718	1303770597846	0	1.046	1.0667	0
1719	1303770597862	0	1.046	1.0667	0
1720	1303770597878	0	1.046	1.0667	0
1721	1303770597895	0	1.046	1.0667	0
1722	1303770597911	0	1.046	1.0667	0
1723	1303770597927	0	1.046	1.0667	0
1724	1303770597943	0	1.046	1.0667	0
1725	1303770597959	0	1.046	1.0667	0
1726	1303770598016	0	1.046	1.0667	0
1727	1303770598033	0	1.046	1.0667	0
1728	1303770598049	0	1.046	1.0667	0
1729	1303770598065	0	1.046	1.0667	0
1730	1303770598081	0	1.046	1.0667	0
1731	1303770598097	0	1.046	1.0667	0
1732	1303770598113	0	1.046	1.0667	0
1733	1303770598129	0	1.046	1.0667	0
1734	1303770598144	0	1.046	1.0667	0
1735	1303770598161	0	1.046	1.0667	0
1736	1303770598178	0	1.046	1.0667	0
1737	1303770598233	0	1.046	1.0667	0
1738	1303770598250	0	1.046	1.0667	0
1739	1303770598265	0	1.046	1.0667	0
1740	1303770598322	0	1.046	1.0667	0
1741	1303770598379	0	1.046	1.0667	0
1742	1303770598395	0	1.046	1.0667	0
1743	1303770598411	0	1.046	1.0667	0
1744	1303770598427	0	1.046	1.0667	0
1745	1303770598444	0	1.046	1.0667	0
1746	1303770598459	0	1.046	1.0667	0
1747	1303770598476	0	1.046	1.0667	0
1748	1303770598492	0	1.046	1.0667	0
1749	1303770598508	0	1.046	1.0667	0
1750	1303770598524	0	1.046	1.0667	0
1751	1303770598581	0	1.046	1.0667	0
1752	1303770598600	0	1.046	1.0667	0
1753	1303770598657	0	1.046	1.0667	0
1754	1303770598709	0	1.046	1.0667	0
1755	1303770598728	0	1.046	1.0667	0
1756	1303770598745	0	1.046	1.0667	0
1757	1303770598761	0	1.0484	1.0667	0
1758	1303770598777	0	1.0484	1.0667	0
1759	1303770598793	0	1.0484	1.0667	0
1760	1303770598809	0	1.0484	1.0667	0
1761	1303770598826	0	1.0484	1.0667	0
1762	1303770598842	0	1.0484	1.0667	0
1763	1303770598859	0	1.0484	1.0667	0
1764	1303770598875	0	1.0484	1.0667	0
1765	1303770598892	0	1.0484	1.0667	0
1766	1303770598907	0	1.0484	1.0667	0
1767	1303770598924	0	1.0484	1.0667	0
1768	1303770598941	0	1.0484	1.0667	0
1769	1303770598957	0	1.0484	1.0667	0
1770	1303770598974	0	1.0484	1.0667	0
1771	1303770598989	0	1.0484	1.0667	0
1772	1303770599007	0	1.0484	1.0667	0
1773	1303770599022	0	1.0484	1.0667	0
1774	1303770599039	0	1.0484	1.0667	0
1775	1303770599056	0	1.0484	1.0667	0
1776	1303770599072	0	1.0484	1.0667	0
1777	1303770599089	0	1.0484	1.0667	0
1778	1303770599105	0	1.0484	1.0667	0
1779	1303770599122	0	1.0484	1.0667	0
1780	1303770599180	0	1.0484	1.0667	0
1781	1303770599196	0	1.0484	1.0667	0
1782	1303770599213	0	1.0484	1.0667	0
1783	1303770599229	0	1.0484	1.0667	0
1784	1303770599246	0	1.0484	1.0667	0
1785	1303770599262	0	1.0484	1.0667	0
1786	1303770599279	0	1.0484	1.0667	0
1787	1303770599295	0	1.0484	1.0667	0
1788	1303770599311	0	1.0484	1.0667	0
1789	1303770599328	0	1.0484	1.0667	0
1790	1303770599344	0	1.0484	1.0667	0
1791	1303770599360	0	1.0484	1.0667	0
1792	1303770599376	0	1.0484	1.0667	0
1793	1303770599392	0	1.0484	1.0667	0
1794	1303770599408	0	1.0484	1.0667	0
1795	1303770599425	0	1.0484	1.0667	0
1796	1303770599442	0	1.0484	1.0667	0
1797	1303770599457	0	1.0484	1.0667	0
1798	1303770599474	0	1.0484	1.0667	0
1799	1303770599490	0	1.0484	1.0667	0
1800	1303770599506	0	1.0484	1.0667	0
