0	1303771217931	0	0	0	0
1	1303771217940	0	0	0	0
2	1303771217950	0	0	0	0
3	1303771217960	0	0	0	0
4	1303771217970	0	0	0	0
5	1303771217980	0	0	0	0
6	1303771218004	0	0	0	0
7	1303771218017	0	0	0	0
8	1303771218028	0	0	0	0
9	1303771218039	0	0	0	0
10	1303771218054	0	0	0	0
11	1303771218065	0	0	0	0
12	1303771218078	0	0	0	0
13	1303771218089	0	0	0	0
14	1303771218100	0	0	0	0
15	1303771218112	0	0	0	0
16	1303771218125	0	0	0	0
17	1303771218137	0	0	0	0
18	1303771218194	0	0	0	0
19	1303771218205	0	0	0	0
20	1303771218219	0	0	0	0
21	1303771218231	0	0	0	0
22	1303771218243	0	0	0	0
23	1303771218256	0	0	0	0
24	1303771218272	0	0	0	0
25	1303771218285	0	0	0	0
26	1303771218298	0	0	0	0
27	1303771218313	0	0	0	0
28	1303771218327	0	0	0	0
29	1303771218340	0	0	0	0
30	1303771218354	0	0	0	0
31	1303771218367	0	0	0	0
32	1303771218381	0	0	0	0
33	1303771218395	0	0	0	0
34	1303771218409	0	0	0	0
35	1303771218423	0	0	0	0
36	1303771218436	0	0	0	0
37	1303771218452	0	0	0	0
38	1303771218465	0	0	0	0
39	1303771218479	0	0	0	0
40	1303771218539	0	0	0	0
41	1303771218552	0	0	0	0
42	1303771218575	1	0	0	0
43	1303771218658	1	0	0	0
44	1303771218742	1	1.193	0	0
45	1303771218768	1	1.0458	0	0
46	1303771218789	1	1.0458	0	0
47	1303771218848	1	1.0458	1.5	0.6375
48	1303771218906	1	1.0458	0	0
49	1303771218922	1	1.0458	1.5	0.6375
50	1303771218936	1	1.0458	1.5	0.6375
51	1303771218950	1	1.0458	1.5	0.6375
52	1303771218966	1	1.0458	1.5	0.6375
53	1303771218980	1	1.0458	1.5	0.6375
54	1303771218993	1	1.0458	1.5	0.6375
55	1303771219009	1	1.0458	1.5	0.6375
56	1303771219023	1	1.0458	1.5	0.6375
57	1303771219038	1	1.0458	1.5	0.6375
58	1303771219054	1	1.0458	1.375	0.6954
59	1303771219069	1	1.0458	1.375	0.6954
60	1303771219084	1	1.0458	1.375	0.6954
61	1303771219101	1	1.0458	1.3	0.7356
62	1303771219117	1	1.0458	1.375	0.6954
63	1303771219132	1	1.0458	1.1667	0.8196
64	1303771219194	1	1.0458	1.3	0.7356
65	1303771219210	1	1.0458	1.1429	0.8367
66	1303771219227	1	1.0458	1.0833	0.8827
67	1303771219243	1	1.0458	1.0714	0.8925
68	1303771219258	1	1.0458	1.1667	0.8196
69	1303771219276	1	1.0458	1.0714	0.8925
70	1303771219292	1	1.0458	1.1429	0.8367
71	1303771219309	1	1.0458	1.0714	0.8925
72	1303771219328	1	1.0458	1.0714	0.8925
73	1303771219345	1	1.0458	1.0714	0.8925
74	1303771219363	1	1.0458	1.1429	0.8367
75	1303771219379	1	1.0458	1.1429	0.8367
76	1303771219395	1	1.0458	1.1429	0.8367
77	1303771219414	1	1.0458	1.1429	0.8367
78	1303771219431	1	1.0458	1.1429	0.8367
79	1303771219449	1	1.0458	1.1429	0.8367
80	1303771219466	1	1.0458	1.1429	0.8367
81	1303771219483	1	1.0458	1.1429	0.8367
82	1303771219501	1	1.0458	1.1429	0.8367
83	1303771219519	1	1.0458	1.1429	0.8367
84	1303771219537	1	1.0458	1.1429	0.8367
85	1303771219554	1	1.0458	1.1429	0.8367
86	1303771219570	1	1.0458	1.1429	0.8367
87	1303771219588	1	1.0458	1.1429	0.8367
88	1303771219654	1	1.0458	1.1429	0.8367
89	1303771219673	1	1.0458	1.1429	0.8367
90	1303771219690	1	1.0458	1.1429	0.8367
91	1303771219708	1	1.0458	1.1429	0.8367
92	1303771219724	1	1.0458	1.1429	0.8367
93	1303771219741	1	1.0458	1.1429	0.8367
94	1303771219760	1	1.0458	1.1429	0.8367
95	1303771219776	1	1.0458	1.125	0.85
96	1303771219795	1	1.0458	1.1667	0.8196
97	1303771219811	1	1.0458	1.0625	0.9
98	1303771219828	1	1.0458	1.125	0.85
99	1303771219846	1	1.0458	1.0625	0.9
100	1303771219863	1	1.0458	1.15	0.8315
101	1303771219882	1	1.0458	1.1111	0.8606
102	1303771219899	1	1.0458	1.0556	0.9059
103	1303771219916	1	1.0458	1.0556	0.9059
104	1303771219935	1	1.0458	1.1	0.8693
105	1303771219952	1	1.0458	1.1111	0.8606
106	1303771219983	1	1.0244	1.1	0.8874
107	1303771220008	1	1.0244	1.1	0.8874
108	1303771220028	1	1.0244	1.1	0.8874
109	1303771220049	1	1.0244	1.1	0.8874
110	1303771220069	1	1.0244	1.1	0.8874
111	1303771220089	1	1.0244	1.1	0.8874
112	1303771220109	1	1.0244	1.1	0.8874
113	1303771220131	1	1.0244	1.1	0.8874
114	1303771220150	1	1.0244	1.1	0.8874
115	1303771220171	1	1.0244	1.1	0.8874
116	1303771220191	1	1.0244	1.1	0.8874
117	1303771220210	1	1.0244	1.1	0.8874
118	1303771220231	1	1.0244	1.1	0.8874
119	1303771220251	1	1.0244	1.1	0.8874
120	1303771220272	1	1.0244	1.1	0.8874
121	1303771220292	1	1.0244	1.1	0.8874
122	1303771220314	1	1.0244	1.1	0.8874
123	1303771220334	1	1.0244	1.1	0.8874
124	1303771220355	1	1.0244	1.1	0.8874
125	1303771220375	1	1.0244	1.1	0.8874
126	1303771220396	1	1.0244	1.1	0.8874
127	1303771220417	1	1.0244	1.1	0.8874
128	1303771220436	1	1.0244	1.1	0.8874
129	1303771220457	1	1.0244	1.1	0.8874
130	1303771220477	1	1.0244	1.1	0.8874
131	1303771220497	1	1.0244	1.1	0.8874
132	1303771220516	1	1.0244	1.1	0.8874
133	1303771220537	1	1.0244	1.1	0.8874
134	1303771220556	1	1.0244	1.1	0.8874
135	1303771220576	1	1.0244	1.1	0.8874
136	1303771220595	1	1.0244	1.1	0.8874
137	1303771220615	1	1.0244	1.1	0.8874
138	1303771220634	1	1.0244	1.1	0.8874
139	1303771220655	1	1.0244	1.1	0.8874
140	1303771220674	1	1.0244	1.1	0.8874
141	1303771220695	1	1.0244	1.1	0.8874
142	1303771220714	1	1.0244	1.1	0.8874
143	1303771220735	1	1.0244	1.1	0.8874
144	1303771220799	1	1.0244	1.1	0.8874
145	1303771220818	1	1.0244	1.1	0.8874
146	1303771220839	1	1.0244	1.1	0.8874
147	1303771220860	1	1.0244	1.0909	0.8948
148	1303771220881	1	1.0244	1.1	0.8874
149	1303771220901	1	1.0244	1.1	0.8874
150	1303771220922	1	1.0244	1.0909	0.8948
151	1303771220941	1	1.0244	1.0909	0.8948
152	1303771220963	1	1.0244	1.0909	0.8948
153	1303771220983	1	1.0244	1.0909	0.8948
154	1303771221049	1	1.0244	1.0909	0.8948
155	1303771221068	1	1.0244	1.0909	0.8948
156	1303771221088	1	1.0244	1.0909	0.8948
157	1303771221155	1	1.0244	1.0909	0.8948
158	1303771221176	1	1.0244	1.0909	0.8948
159	1303771221196	1	1.0244	1.0909	0.8948
160	1303771221217	1	1.0244	1.0909	0.8948
161	1303771221236	1	1.0244	1.0909	0.8948
162	1303771221257	1	1.0244	1.0909	0.8948
163	1303771221278	1	1.0244	1.0909	0.8948
164	1303771221297	1	1.0244	1.0909	0.8948
165	1303771221362	1	1.0244	1.0909	0.8948
166	1303771221382	1	1.0244	1.0909	0.8948
167	1303771221404	1	1.0144	1.0909	0.9036
168	1303771221423	1	1.0144	1.0909	0.9036
169	1303771221443	1	1.0144	1.0909	0.9036
170	1303771221462	1	1.0144	1.0909	0.9036
171	1303771221527	1	1.0144	1.0909	0.9036
172	1303771221546	1	1.0144	1.0909	0.9036
173	1303771221567	1	1.0144	1.0909	0.9036
174	1303771221586	1	1.0144	1.0909	0.9036
175	1303771221607	1	1.0144	1.0909	0.9036
176	1303771221626	1	1.0144	1.0909	0.9036
177	1303771221690	1	1.0144	1.0909	0.9036
178	1303771221711	1	1.0144	1.0909	0.9036
179	1303771221729	1	1.0144	1.0909	0.9036
180	1303771221749	1	1.0144	1.0909	0.9036
181	1303771221767	1	1.0144	1.0909	0.9036
182	1303771221787	1	1.0144	1.0909	0.9036
183	1303771221806	1	1.0144	1.0909	0.9036
184	1303771221827	1	1.0144	1.0909	0.9036
185	1303771221845	1	1.0144	1.0909	0.9036
186	1303771221866	1	1.0144	1.0909	0.9036
187	1303771221884	1	1.0144	1.0909	0.9036
188	1303771221903	1	1.0144	1.0909	0.9036
189	1303771221922	1	1.0144	1.0909	0.9036
190	1303771221942	1	1.0144	1.0909	0.9036
191	1303771221961	1	1.0144	1.0909	0.9036
192	1303771221980	1	1.0144	1.0909	0.9036
193	1303771222000	1	1.0144	1.0909	0.9036
194	1303771222018	1	1.0144	1.0909	0.9036
195	1303771222038	1	1.0144	1.0909	0.9036
196	1303771222058	1	1.0144	1.0909	0.9036
197	1303771222122	1	1.0144	1.0909	0.9036
198	1303771222142	1	1.0144	1.0909	0.9036
199	1303771222163	1	1.0144	1.0909	0.9036
200	1303771222181	1	1.0144	1.0909	0.9036
201	1303771222201	1	1.0144	1.0909	0.9036
202	1303771222221	1	1.0144	1.0909	0.9036
203	1303771222241	1	1.0144	1.0909	0.9036
204	1303771222261	1	1.0144	1.0909	0.9036
205	1303771222326	1	1.0144	1.0909	0.9036
206	1303771222345	1	1.0144	1.0909	0.9036
207	1303771222365	1	1.0144	1.0909	0.9036
208	1303771222384	1	1.0144	1.0909	0.9036
209	1303771222452	1	1.0144	1.0909	0.9036
210	1303771222473	1	1.0144	1.0909	0.9036
211	1303771222493	1	1.0144	1.0909	0.9036
212	1303771222513	1	1.0144	1.0909	0.9036
213	1303771222579	1	1.0144	1.0909	0.9036
214	1303771222600	1	1.0144	1.0909	0.9036
215	1303771222619	1	1.0144	1.0909	0.9036
216	1303771222683	1	1.0144	1.0909	0.9036
217	1303771222701	1	1.0144	1.0909	0.9036
218	1303771222721	1	1.0144	1.0909	0.9036
219	1303771222739	1	1.0144	1.0909	0.9036
220	1303771222759	1	1.0144	1.0909	0.9036
221	1303771222777	1	1.0144	1.0909	0.9036
222	1303771222797	1	1.0144	1.0909	0.9036
223	1303771222816	1	1.0144	1.0909	0.9036
224	1303771222835	1	1.0144	1.0909	0.9036
225	1303771222900	1	1.0144	1.0909	0.9036
226	1303771222919	1	1.0144	1.0909	0.9036
227	1303771222940	1	1.0144	1.0909	0.9036
228	1303771222963	1	1.0025	1.0909	0.9144
229	1303771223029	1	1.0013	1.0909	0.9155
230	1303771223050	1	1.0013	1.0909	0.9155
231	1303771223069	1	1.0013	1.0909	0.9155
232	1303771223089	1	1.0013	1.0909	0.9155
233	1303771223107	1	1.0013	1.0909	0.9155
234	1303771223126	1	1.0013	1.0909	0.9155
235	1303771223188	1	1.0013	1.0909	0.9155
236	1303771223208	1	1.0013	1.0909	0.9155
237	1303771223230	1	1.0013	1.0909	0.9155
238	1303771223249	1	1.0013	1.0909	0.9155
239	1303771223269	1	1.0013	1.0909	0.9155
240	1303771223288	1	1.0013	1.0909	0.9155
241	1303771223355	1	1.0013	1.0909	0.9155
242	1303771223374	1	1.0013	1.0909	0.9155
243	1303771223393	1	1.0013	1.0909	0.9155
244	1303771223412	1	1.0013	1.0909	0.9155
245	1303771223431	1	1.0013	1.0909	0.9155
246	1303771223450	1	1.0013	1.0909	0.9155
247	1303771223470	1	1.0013	1.0909	0.9155
248	1303771223488	1	1.0013	1.0909	0.9155
249	1303771223507	1	1.0013	1.0909	0.9155
250	1303771223527	1	1.0013	1.0909	0.9155
251	1303771223546	1	1.0013	1.0909	0.9155
252	1303771223565	1	1.0013	1.0909	0.9155
253	1303771223627	1	1.0013	1.0909	0.9155
254	1303771223648	1	1.0013	1.0909	0.9155
255	1303771223666	1	1.0013	1.0909	0.9155
256	1303771223686	1	1.0013	1.0909	0.9155
257	1303771223704	1	1.0013	1.0909	0.9155
258	1303771223724	1	1.0013	1.0909	0.9155
259	1303771223743	1	1.0013	1.0909	0.9155
260	1303771223808	1	1.0013	1.0909	0.9155
261	1303771223827	1	1.0013	1.0909	0.9155
262	1303771223846	1	1.0013	1.0909	0.9155
263	1303771223910	1	1.0013	1.0909	0.9155
264	1303771223972	1	1.0013	1.0909	0.9155
265	1303771223993	1	1.0013	1.0909	0.9155
266	1303771224012	1	1.0013	1.0909	0.9155
267	1303771224032	1	1.0013	1.0909	0.9155
268	1303771224050	1	1.0013	1.0909	0.9155
269	1303771224140	1	1.0013	1.0909	0.9155
270	1303771224158	1	1.0013	1.0909	0.9155
271	1303771224178	1	1.0013	1.0909	0.9155
272	1303771224196	1	1.0013	1.0909	0.9155
273	1303771224215	1	1.0013	1.0909	0.9155
274	1303771224234	1	1.0013	1.0909	0.9155
275	1303771224254	1	1.0013	1.0909	0.9155
276	1303771224272	1	1.0013	1.0909	0.9155
277	1303771224291	1	1.0013	1.0909	0.9155
278	1303771224311	1	1.0013	1.0909	0.9155
279	1303771224330	1	1.0013	1.0909	0.9155
280	1303771224349	1	1.0013	1.0909	0.9155
281	1303771224367	1	1.0013	1.0909	0.9155
282	1303771224386	1	1.0013	1.0909	0.9155
283	1303771224405	1	1.0013	1.0909	0.9155
284	1303771224424	1	1.0013	1.0909	0.9155
285	1303771224443	1	1.0013	1.0909	0.9155
286	1303771224463	1	1.0013	1.0909	0.9155
287	1303771224483	1	1.0013	1.0909	0.9155
288	1303771224503	1	1.0013	1.0909	0.9155
289	1303771224526	1	1.0006	1.0909	0.9161
290	1303771224546	1	1.0006	1.0909	0.9162
291	1303771224569	1	1.0006	1.0909	0.9162
292	1303771224591	1	1.0006	1.0909	0.9162
293	1303771224610	1	1.0006	1.0909	0.9162
294	1303771224630	1	1.0006	1.0909	0.9162
295	1303771224651	1	1.0006	1.0909	0.9162
296	1303771224670	1	1.0006	1.0909	0.9162
297	1303771224690	1	1.0006	1.0909	0.9162
298	1303771224708	1	1.0006	1.0909	0.9162
299	1303771224728	1	1.0006	1.0909	0.9162
300	1303771224746	1	1.0006	1.0909	0.9162
301	1303771224765	1	1.0006	1.0909	0.9162
302	1303771224783	1	1.0006	1.0909	0.9162
303	1303771224803	1	1.0006	1.0909	0.9162
304	1303771224821	1	1.0006	1.0909	0.9162
305	1303771224839	1	1.0006	1.0909	0.9162
306	1303771224859	1	1.0006	1.0909	0.9162
307	1303771224922	1	1.0006	1.0909	0.9162
308	1303771224942	1	1.0006	1.0909	0.9162
309	1303771224960	1	1.0006	1.0909	0.9162
310	1303771224980	1	1.0006	1.0909	0.9162
311	1303771224998	1	1.0006	1.0909	0.9162
312	1303771225018	1	1.0006	1.0909	0.9162
313	1303771225036	1	1.0006	1.0909	0.9162
314	1303771225103	1	1.0006	1.0909	0.9162
315	1303771225122	1	1.0006	1.0909	0.9162
316	1303771225142	1	1.0006	1.0909	0.9162
317	1303771225160	1	1.0006	1.0909	0.9162
318	1303771225178	1	1.0006	1.0909	0.9162
319	1303771225198	1	1.0006	1.0909	0.9162
320	1303771225216	1	1.0006	1.0909	0.9162
321	1303771225236	1	1.0006	1.0909	0.9162
322	1303771225255	1	1.0006	1.0909	0.9162
323	1303771225275	1	1.0006	1.0909	0.9162
324	1303771225294	1	1.0006	1.0909	0.9162
325	1303771225314	1	1.0006	1.0909	0.9162
326	1303771225332	1	1.0006	1.0909	0.9162
327	1303771225397	1	1.0006	1.0909	0.9162
328	1303771225415	1	1.0006	1.0909	0.9162
329	1303771225435	1	1.0006	1.0909	0.9162
330	1303771225454	1	1.0006	1.0909	0.9162
331	1303771225472	1	1.0006	1.0909	0.9162
332	1303771225492	1	1.0006	1.0909	0.9162
333	1303771225510	1	1.0006	1.0909	0.9162
334	1303771225530	1	1.0006	1.0909	0.9162
335	1303771225549	1	1.0006	1.0909	0.9162
336	1303771225569	1	1.0006	1.0909	0.9162
337	1303771225587	1	1.0006	1.0909	0.9162
338	1303771225607	1	1.0006	1.0909	0.9162
339	1303771225625	1	1.0006	1.0909	0.9162
340	1303771225644	1	1.0006	1.0909	0.9162
341	1303771225663	1	1.0006	1.0909	0.9162
342	1303771225683	1	1.0006	1.0909	0.9162
343	1303771225702	1	1.0006	1.0909	0.9162
344	1303771225720	1	1.0006	1.0909	0.9162
345	1303771225740	1	1.0006	1.0909	0.9162
346	1303771225758	1	1.0006	1.0909	0.9162
347	1303771225778	1	1.0006	1.0909	0.9162
348	1303771225797	1	1.0006	1.0909	0.9162
349	1303771225817	1	1.0006	1.0909	0.9162
350	1303771225838	1	1.0006	1.0909	0.9162
351	1303771225860	1	1.0006	1.0909	0.9162
352	1303771225880	1	1.0006	1.0909	0.9162
353	1303771225901	1	1.0006	1.0909	0.9161
354	1303771225920	1	1.0006	1.0909	0.9161
355	1303771225940	1	1.0006	1.0909	0.9161
356	1303771226002	1	1.0006	1.0909	0.9161
357	1303771226022	1	1.0006	1.0909	0.9161
358	1303771226041	1	1.0006	1.0909	0.9161
359	1303771226062	1	1.0006	1.0909	0.9161
360	1303771226080	1	1.0006	1.0909	0.9161
361	1303771226100	1	1.0006	1.0909	0.9161
362	1303771226120	1	1.0006	1.0909	0.9161
363	1303771226138	1	1.0006	1.0909	0.9161
364	1303771226157	1	1.0006	1.0909	0.9161
365	1303771226176	1	1.0006	1.0909	0.9161
366	1303771226197	1	1.0006	1.0909	0.9161
367	1303771226216	1	1.0006	1.0909	0.9161
368	1303771226236	1	1.0006	1.0909	0.9161
369	1303771226254	1	1.0006	1.0909	0.9161
370	1303771226273	1	1.0006	1.0909	0.9161
371	1303771226291	1	1.0006	1.0909	0.9161
372	1303771226354	1	1.0006	1.0909	0.9161
373	1303771226374	1	1.0006	1.0909	0.9161
374	1303771226392	1	1.0006	1.0909	0.9161
375	1303771226412	1	1.0006	1.0909	0.9161
376	1303771226430	1	1.0006	1.0909	0.9161
377	1303771226450	1	1.0006	1.0909	0.9161
378	1303771226468	1	1.0006	1.0909	0.9161
379	1303771226488	1	1.0006	1.0909	0.9161
380	1303771226551	1	1.0006	1.0909	0.9161
381	1303771226571	1	1.0006	1.0909	0.9161
382	1303771226589	1	1.0006	1.0909	0.9161
383	1303771226609	1	1.0006	1.0909	0.9161
384	1303771226628	1	1.0006	1.0909	0.9161
385	1303771226646	1	1.0006	1.0909	0.9161
386	1303771226666	1	1.0006	1.0909	0.9161
387	1303771226685	1	1.0006	1.0909	0.9161
388	1303771226749	1	1.0006	1.0909	0.9161
389	1303771226812	1	1.0006	1.0909	0.9161
390	1303771226877	1	1.0006	1.0909	0.9161
391	1303771226895	1	1.0006	1.0909	0.9161
392	1303771226915	1	1.0006	1.0909	0.9161
393	1303771226934	1	1.0006	1.0909	0.9161
394	1303771226953	1	1.0006	1.0909	0.9161
395	1303771226973	1	1.0006	1.0909	0.9161
396	1303771226993	1	1.0006	1.0909	0.9161
397	1303771227011	1	1.0006	1.0909	0.9161
398	1303771227032	1	1.0006	1.0909	0.9161
399	1303771227051	1	1.0006	1.0909	0.9161
400	1303771227070	1	1.0006	1.0909	0.9161
401	1303771227134	1	1.0006	1.0909	0.9161
402	1303771227154	1	1.0006	1.0909	0.9161
403	1303771227220	1	1.0006	1.0909	0.9161
404	1303771227238	1	1.0006	1.0909	0.9161
405	1303771227258	1	1.0006	1.0909	0.9161
406	1303771227277	1	1.0006	1.0909	0.9161
407	1303771227297	1	1.0006	1.0909	0.9161
408	1303771227315	1	1.0006	1.0909	0.9161
409	1303771227381	1	1.0006	1.0909	0.9161
410	1303771227444	1	1.0006	1.0909	0.9161
411	1303771227466	1	1.0006	1.0909	0.9161
412	1303771227487	1	1.0006	1.0909	0.9162
413	1303771227508	1	1.0006	1.0909	0.9162
414	1303771227529	1	1.0006	1.0909	0.9162
415	1303771227549	1	1.0006	1.0909	0.9162
416	1303771227568	1	1.0006	1.0909	0.9162
417	1303771227588	1	1.0006	1.0909	0.9162
418	1303771227606	1	1.0006	1.0909	0.9162
419	1303771227627	1	1.0006	1.0909	0.9162
420	1303771227645	1	1.0006	1.0909	0.9162
421	1303771227664	1	1.0006	1.0909	0.9162
422	1303771227683	1	1.0006	1.0909	0.9162
423	1303771227703	1	1.0006	1.0909	0.9162
424	1303771227723	1	1.0006	1.0909	0.9162
425	1303771227742	1	1.0006	1.0909	0.9162
426	1303771227762	1	1.0006	1.0909	0.9162
427	1303771227780	1	1.0006	1.0909	0.9162
428	1303771227799	1	1.0006	1.0909	0.9162
429	1303771227818	1	1.0006	1.0909	0.9162
430	1303771227837	1	1.0006	1.0909	0.9162
431	1303771227855	1	1.0006	1.0909	0.9162
432	1303771227873	1	1.0006	1.0909	0.9162
433	1303771227892	1	1.0006	1.0909	0.9162
434	1303771227911	1	1.0006	1.0909	0.9162
435	1303771227931	1	1.0006	1.0909	0.9162
436	1303771227949	1	1.0006	1.0909	0.9162
437	1303771227969	1	1.0006	1.0909	0.9162
438	1303771227987	1	1.0006	1.0909	0.9162
439	1303771228006	1	1.0006	1.0909	0.9162
440	1303771228024	1	1.0006	1.0909	0.9162
441	1303771228044	1	1.0006	1.0909	0.9162
442	1303771228062	1	1.0006	1.0909	0.9162
443	1303771228080	1	1.0006	1.0909	0.9162
444	1303771228099	1	1.0006	1.0909	0.9162
445	1303771228118	1	1.0006	1.0909	0.9162
446	1303771228137	1	1.0006	1.0909	0.9162
447	1303771228156	1	1.0006	1.0909	0.9162
448	1303771228176	1	1.0006	1.0909	0.9162
449	1303771228194	1	1.0006	1.0909	0.9162
450	1303771228214	1	1.0006	1.0909	0.9162
451	1303771228234	1	1.0006	1.0909	0.9162
452	1303771228254	1	1.0006	1.0909	0.9162
453	1303771228273	1	1.0006	1.0909	0.9162
454	1303771228292	1	1.0006	1.0909	0.9162
455	1303771228312	1	1.0006	1.0909	0.9162
456	1303771228331	1	1.0006	1.0909	0.9162
457	1303771228352	1	1.0006	1.0909	0.9162
458	1303771228370	1	1.0006	1.0909	0.9162
459	1303771228390	1	1.0006	1.0909	0.9162
460	1303771228408	1	1.0006	1.0909	0.9162
461	1303771228428	1	1.0006	1.0909	0.9162
462	1303771228446	1	1.0006	1.0909	0.9162
463	1303771228465	1	1.0006	1.0909	0.9162
464	1303771228484	1	1.0006	1.0909	0.9162
465	1303771228502	1	1.0006	1.0909	0.9162
466	1303771228522	1	1.0006	1.0909	0.9162
467	1303771228540	1	1.0006	1.0909	0.9162
468	1303771228606	1	1.0006	1.0909	0.9162
469	1303771228625	1	1.0006	1.0909	0.9162
470	1303771228645	1	1.0006	1.0909	0.9162
471	1303771228664	1	1.0006	1.0909	0.9162
472	1303771228685	1	1.0006	1.0909	0.9162
473	1303771228750	1	1.0006	1.0909	0.9162
474	1303771228773	1	1.0006	1.0909	0.9162
475	1303771228793	1	1.0006	1.0909	0.9161
476	1303771228862	1	1.0006	1.0909	0.9161
477	1303771228881	1	1.0006	1.0909	0.9161
478	1303771228901	1	1.0006	1.0909	0.9161
479	1303771228919	1	1.0006	1.0909	0.9161
480	1303771228939	1	1.0006	1.0909	0.9161
481	1303771228957	1	1.0006	1.0909	0.9161
482	1303771228977	1	1.0006	1.0909	0.9161
483	1303771228997	1	1.0006	1.0909	0.9161
484	1303771229015	1	1.0006	1.0909	0.9161
485	1303771229103	1	1.0006	1.0909	0.9161
486	1303771229121	1	1.0006	1.0909	0.9161
487	1303771229189	1	1.0006	1.0909	0.9161
488	1303771229208	1	1.0006	1.0909	0.9161
489	1303771229228	1	1.0006	1.0909	0.9161
490	1303771229247	1	1.0006	1.0909	0.9161
491	1303771229266	1	1.0006	1.0909	0.9161
492	1303771229285	1	1.0006	1.0909	0.9161
493	1303771229305	1	1.0006	1.0909	0.9161
494	1303771229323	1	1.0006	1.0909	0.9161
495	1303771229342	1	1.0006	1.0909	0.9161
496	1303771229361	1	1.0006	1.0909	0.9161
497	1303771229379	1	1.0006	1.0909	0.9161
498	1303771229399	1	1.0006	1.0909	0.9161
499	1303771229423	1	1.0006	1.0909	0.9161
500	1303771229442	1	1.0006	1.0909	0.9161
501	1303771229460	1	1.0006	1.0909	0.9161
502	1303771229480	1	1.0006	1.0909	0.9161
503	1303771229499	1	1.0006	1.0909	0.9161
504	1303771229519	1	1.0006	1.0909	0.9161
505	1303771229537	1	1.0006	1.0909	0.9161
506	1303771229602	1	1.0006	1.0909	0.9161
507	1303771229620	1	1.0006	1.0909	0.9161
508	1303771229638	1	1.0006	1.0909	0.9161
509	1303771229658	1	1.0006	1.0909	0.9161
510	1303771229677	1	1.0006	1.0909	0.9161
511	1303771229698	1	1.0006	1.0909	0.9161
512	1303771229716	1	1.0006	1.0909	0.9161
513	1303771229736	1	1.0006	1.0909	0.9161
514	1303771229755	1	1.0006	1.0909	0.9161
515	1303771229775	1	1.0006	1.0909	0.9161
516	1303771229838	1	1.0006	1.0909	0.9161
517	1303771229858	1	1.0006	1.0909	0.9161
518	1303771229877	1	1.0006	1.0909	0.9161
519	1303771229898	1	1.0006	1.0909	0.9161
520	1303771229916	1	1.0006	1.0909	0.9161
521	1303771229934	1	1.0006	1.0909	0.9161
522	1303771229954	1	1.0006	1.0909	0.9161
523	1303771229973	1	1.0006	1.0909	0.9161
524	1303771229993	1	1.0006	1.0909	0.9161
525	1303771230012	1	1.0006	1.0909	0.9161
526	1303771230032	1	1.0006	1.0909	0.9161
527	1303771230051	1	1.0006	1.0909	0.9161
528	1303771230072	1	1.0006	1.0909	0.9161
529	1303771230090	1	1.0006	1.0909	0.9161
530	1303771230108	1	1.0006	1.0909	0.9161
531	1303771230128	1	1.0006	1.0909	0.9161
532	1303771230147	1	1.0006	1.0909	0.9161
533	1303771230171	1	1	1.0909	0.9166
534	1303771230193	1	1	1.0909	0.9166
535	1303771230216	1	1	1.0909	0.9166
536	1303771230235	1	1	1.0909	0.9166
537	1303771230300	1	1	1.0909	0.9166
538	1303771230319	1	1	1.0909	0.9166
539	1303771230339	1	1	1.0909	0.9166
540	1303771230357	1	1	1.0909	0.9166
541	1303771230377	1	1	1.0909	0.9166
542	1303771230396	1	1	1.0909	0.9166
543	1303771230416	1	1	1.0909	0.9166
544	1303771230434	1	1	1.0909	0.9166
545	1303771230454	1	1	1.0909	0.9166
546	1303771230472	1	1	1.0909	0.9166
547	1303771230493	1	1	1.0909	0.9166
548	1303771230511	1	1	1.0909	0.9166
549	1303771230529	1	1	1.0909	0.9166
550	1303771230549	1	1	1.0909	0.9166
551	1303771230567	1	1	1.0909	0.9166
552	1303771230586	1	1	1.0909	0.9166
553	1303771230604	1	1	1.0909	0.9166
554	1303771230669	1	1	1.0909	0.9166
555	1303771230687	1	1	1.0909	0.9166
556	1303771230707	1	1	1.0909	0.9166
557	1303771230725	1	1	1.0909	0.9166
558	1303771230744	1	1	1.0909	0.9166
559	1303771230763	1	1	1.0909	0.9166
560	1303771230781	1	1	1.0909	0.9166
561	1303771230801	1	1	1.0909	0.9166
562	1303771230819	1	1	1.0909	0.9166
563	1303771230839	1	1	1.0909	0.9166
564	1303771230858	1	1	1.0909	0.9166
565	1303771230927	1	1	1.0909	0.9166
566	1303771230946	1	1	1.0909	0.9166
567	1303771230966	1	1	1.0909	0.9166
568	1303771230985	1	1	1.0909	0.9166
569	1303771231006	1	1	1.0909	0.9166
570	1303771231024	1	1	1.0909	0.9166
571	1303771231092	1	1	1.0909	0.9166
572	1303771231113	1	1	1.0909	0.9166
573	1303771231131	1	1	1.0909	0.9166
574	1303771231196	1	1	1.0909	0.9166
575	1303771231214	1	1	1.0909	0.9166
576	1303771231234	1	1	1.0909	0.9166
577	1303771231253	1	1	1.0909	0.9166
578	1303771231274	1	1	1.0909	0.9166
579	1303771231293	1	1	1.0909	0.9166
580	1303771231313	1	1	1.0909	0.9166
581	1303771231332	1	1	1.0909	0.9166
582	1303771231351	1	1	1.0909	0.9166
583	1303771231371	1	1	1.0909	0.9166
584	1303771231390	1	1	1.0909	0.9166
585	1303771231410	1	1	1.0909	0.9166
586	1303771231429	1	1	1.0909	0.9166
587	1303771231450	1	1	1.0909	0.9166
588	1303771231469	1	1	1.0909	0.9166
589	1303771231489	1	1	1.0909	0.9166
590	1303771231508	1	1	1.0909	0.9166
591	1303771231527	1	1	1.0909	0.9166
592	1303771231545	1	1	1.0909	0.9166
593	1303771231565	1	1	1.0909	0.9166
594	1303771231589	1	1	1.0909	0.9166
595	1303771231613	1	1	1.0909	0.9166
596	1303771231637	1	1	1.0909	0.9166
597	1303771231658	1	1.0002	1.0909	0.9165
598	1303771231677	1	1.0002	1.0909	0.9165
599	1303771231697	1	1.0002	1.0909	0.9165
600	1303771231716	1	1.0002	1.0909	0.9165
601	1303771231735	1	1.0002	1.0909	0.9165
602	1303771231754	1	1.0002	1.0909	0.9165
603	1303771231772	1	1.0002	1.0909	0.9165
604	1303771231792	1	1.0002	1.0909	0.9165
605	1303771231810	1	1.0002	1.0909	0.9165
606	1303771231830	1	1.0002	1.0909	0.9165
607	1303771231848	1	1.0002	1.0909	0.9165
608	1303771231867	1	1.0002	1.0909	0.9165
609	1303771231886	1	1.0002	1.0909	0.9165
610	1303771231905	1	1.0002	1.0909	0.9165
611	1303771231968	1	1.0002	1.0909	0.9165
612	1303771231986	1	1.0002	1.0909	0.9165
613	1303771232007	1	1.0002	1.0909	0.9165
614	1303771232025	1	1.0002	1.0909	0.9165
615	1303771232045	1	1.0002	1.0909	0.9165
616	1303771232064	1	1.0002	1.0909	0.9165
617	1303771232083	1	1.0002	1.0909	0.9165
618	1303771232102	1	1.0002	1.0909	0.9165
619	1303771232122	1	1.0002	1.0909	0.9165
620	1303771232141	1	1.0002	1.0909	0.9165
621	1303771232161	1	1.0002	1.0909	0.9165
622	1303771232180	1	1.0002	1.0909	0.9165
623	1303771232198	1	1.0002	1.0909	0.9165
624	1303771232218	1	1.0002	1.0909	0.9165
625	1303771232236	1	1.0002	1.0909	0.9165
626	1303771232257	1	1.0002	1.0909	0.9165
627	1303771232276	1	1.0002	1.0909	0.9165
628	1303771232341	1	1.0002	1.0909	0.9165
629	1303771232359	1	1.0002	1.0909	0.9165
630	1303771232379	1	1.0002	1.0909	0.9165
631	1303771232406	1	1.0002	1.0909	0.9165
632	1303771232426	1	1.0002	1.0909	0.9165
633	1303771232444	1	1.0002	1.0909	0.9165
634	1303771232463	1	1.0002	1.0909	0.9165
635	1303771232483	1	1.0002	1.0909	0.9165
636	1303771232502	1	1.0002	1.0909	0.9165
637	1303771232521	1	1.0002	1.0909	0.9165
638	1303771232540	1	1.0002	1.0909	0.9165
639	1303771232605	1	1.0002	1.0909	0.9165
640	1303771232624	1	1.0002	1.0909	0.9165
641	1303771232644	1	1.0002	1.0909	0.9165
642	1303771232662	1	1.0002	1.0909	0.9165
643	1303771232682	1	1.0002	1.0909	0.9165
644	1303771232701	1	1.0002	1.0909	0.9165
645	1303771232720	1	1.0002	1.0909	0.9165
646	1303771232738	1	1.0002	1.0909	0.9165
647	1303771232756	1	1.0002	1.0909	0.9165
648	1303771232776	1	1.0002	1.0909	0.9165
649	1303771232795	1	1.0002	1.0909	0.9165
650	1303771232815	1	1.0002	1.0909	0.9165
651	1303771232834	1	1.0002	1.0909	0.9165
652	1303771232853	1	1.0002	1.0909	0.9165
653	1303771232921	1	1.0002	1.0909	0.9165
654	1303771232987	1	1.0002	1.0909	0.9165
655	1303771233008	1	1.0002	1.0909	0.9165
656	1303771233031	1	1.0001	1.0909	0.9166
657	1303771233054	1	1	1.0909	0.9167
658	1303771233075	1	1	1.0909	0.9167
659	1303771233093	1	1	1.0909	0.9167
660	1303771233113	1	1	1.0909	0.9167
661	1303771233131	1	1	1.0909	0.9167
662	1303771233151	1	1	1.0909	0.9167
663	1303771233169	1	1	1.0909	0.9167
664	1303771233190	1	1	1.0909	0.9167
665	1303771233209	1	1	1.0909	0.9167
666	1303771233228	1	1	1.0909	0.9167
667	1303771233247	1	1	1.0909	0.9167
668	1303771233311	1	1	1.0909	0.9167
669	1303771233331	1	1	1.0909	0.9167
670	1303771233350	1	1	1.0909	0.9167
671	1303771233371	1	1	1.0909	0.9167
672	1303771233434	1	1	1.0909	0.9167
673	1303771233455	1	1	1.0909	0.9167
674	1303771233523	1	1	1.0909	0.9167
675	1303771233543	1	1	1.0909	0.9167
676	1303771233562	1	1	1.0909	0.9167
677	1303771233582	1	1	1.0909	0.9167
678	1303771233646	1	1	1.0909	0.9167
679	1303771233666	1	1	1.0909	0.9167
680	1303771233684	1	1	1.0909	0.9167
681	1303771233702	1	1	1.0909	0.9167
682	1303771233722	1	1	1.0909	0.9167
683	1303771233741	1	1	1.0909	0.9167
684	1303771233761	1	1	1.0909	0.9167
685	1303771233823	1	1	1.0909	0.9167
686	1303771233843	1	1	1.0909	0.9167
687	1303771233862	1	1	1.0909	0.9167
688	1303771233882	1	1	1.0909	0.9167
689	1303771233900	1	1	1.0909	0.9167
690	1303771233920	1	1	1.0909	0.9167
691	1303771233939	1	1	1.0909	0.9167
692	1303771233959	1	1	1.0909	0.9167
693	1303771234022	1	1	1.0909	0.9167
694	1303771234039	1	1	1.0909	0.9167
695	1303771234061	1	1	1.0909	0.9167
696	1303771234125	1	1	1.0909	0.9167
697	1303771234145	1	1	1.0909	0.9167
698	1303771234163	1	1	1.0909	0.9167
699	1303771234183	1	1	1.0909	0.9167
700	1303771234203	1	1	1.0909	0.9167
701	1303771234223	1	1	1.0909	0.9167
702	1303771234242	1	1	1.0909	0.9167
703	1303771234263	1	1	1.0909	0.9167
704	1303771234282	1	1	1.0909	0.9167
705	1303771234302	1	1	1.0909	0.9167
706	1303771234366	1	1	1.0909	0.9167
707	1303771234384	1	1	1.0909	0.9167
708	1303771234405	1	1	1.0909	0.9167
709	1303771234423	1	1	1.0909	0.9167
710	1303771234443	1	1	1.0909	0.9167
711	1303771234461	1	1	1.0909	0.9167
712	1303771234481	1	1	1.0909	0.9167
713	1303771234499	1	1	1.0909	0.9167
714	1303771234519	1	1	1.0909	0.9167
715	1303771234538	1	1	1.0909	0.9167
716	1303771234560	1	1	1.0909	0.9167
717	1303771234582	1	1	1.0909	0.9167
718	1303771234608	1	1	1.0909	0.9167
719	1303771234629	1	1	1.0909	0.9167
720	1303771234649	1	1	1.0909	0.9167
721	1303771234668	1	1	1.0909	0.9167
722	1303771234688	1	1	1.0909	0.9167
723	1303771234706	1	1	1.0909	0.9167
724	1303771234726	1	1	1.0909	0.9167
725	1303771234822	1	1	1.0909	0.9167
726	1303771234840	1	1	1.0909	0.9167
727	1303771234860	1	1	1.0909	0.9167
728	1303771234878	1	1	1.0909	0.9167
729	1303771234898	1	1	1.0909	0.9167
730	1303771234916	1	1	1.0909	0.9167
731	1303771234985	1	1	1.0909	0.9167
732	1303771235004	1	1	1.0909	0.9167
733	1303771235024	1	1	1.0909	0.9167
734	1303771235044	1	1	1.0909	0.9167
735	1303771235065	1	1	1.0909	0.9167
736	1303771235083	1	1	1.0909	0.9167
737	1303771235146	1	1	1.0909	0.9167
738	1303771235166	1	1	1.0909	0.9167
739	1303771235185	1	1	1.0909	0.9167
740	1303771235204	1	1	1.0909	0.9167
741	1303771235223	1	1	1.0909	0.9167
742	1303771235244	1	1	1.0909	0.9167
743	1303771235263	1	1	1.0909	0.9167
744	1303771235328	1	1	1.0909	0.9167
745	1303771235347	1	1	1.0909	0.9167
746	1303771235368	1	1	1.0909	0.9167
747	1303771235432	1	1	1.0909	0.9167
748	1303771235453	1	1	1.0909	0.9167
749	1303771235472	1	1	1.0909	0.9167
750	1303771235492	1	1	1.0909	0.9167
751	1303771235512	1	1	1.0909	0.9167
752	1303771235531	1	1	1.0909	0.9167
753	1303771235552	1	1	1.0909	0.9167
754	1303771235571	1	1	1.0909	0.9167
755	1303771235592	1	1	1.0909	0.9167
756	1303771235610	1	1	1.0909	0.9167
757	1303771235630	1	1	1.0909	0.9167
758	1303771235649	1	1	1.0909	0.9167
759	1303771235669	1	1	1.0909	0.9167
760	1303771235687	1	1	1.0909	0.9167
761	1303771235705	1	1	1.0909	0.9167
762	1303771235725	1	1	1.0909	0.9167
763	1303771235744	1	1	1.0909	0.9167
764	1303771235807	1	1	1.0909	0.9167
765	1303771235825	1	1	1.0909	0.9167
766	1303771235845	1	1	1.0909	0.9167
767	1303771235864	1	1	1.0909	0.9167
768	1303771235884	1	1	1.0909	0.9167
769	1303771235903	1	1	1.0909	0.9167
770	1303771235922	1	1	1.0909	0.9167
771	1303771235940	1	1	1.0909	0.9167
772	1303771235959	1	1	1.0909	0.9167
773	1303771235979	1	1	1.0909	0.9167
774	1303771236041	1	1	1.0909	0.9167
775	1303771236061	1	1	1.0909	0.9167
776	1303771236080	1	1	1.0909	0.9167
777	1303771236103	1	1	1.0909	0.9167
778	1303771236123	1	1	1.0909	0.9167
779	1303771236145	1	1	1.0909	0.9167
780	1303771236165	1	1	1.0909	0.9167
781	1303771236186	1	1	1.0909	0.9167
782	1303771236205	1	1	1.0909	0.9167
783	1303771236226	1	1	1.0909	0.9167
784	1303771236245	1	1	1.0909	0.9167
785	1303771236265	1	1	1.0909	0.9167
786	1303771236283	1	1	1.0909	0.9167
787	1303771236303	1	1	1.0909	0.9167
788	1303771236322	1	1	1.0909	0.9167
789	1303771236340	1	1	1.0909	0.9167
790	1303771236361	1	1	1.0909	0.9167
791	1303771236379	1	1	1.0909	0.9167
792	1303771236399	1	1	1.0909	0.9167
793	1303771236418	1	1	1.0909	0.9167
794	1303771236438	1	1	1.0909	0.9167
795	1303771236456	1	1	1.0909	0.9167
796	1303771236476	1	1	1.0909	0.9167
797	1303771236495	1	1	1.0909	0.9167
798	1303771236514	1	1	1.0909	0.9167
799	1303771236533	1	1	1.0909	0.9167
800	1303771236551	1	1	1.0909	0.9167
801	1303771236571	1	1	1.0909	0.9167
802	1303771236589	1	1	1.0909	0.9167
803	1303771236609	1	1	1.0909	0.9167
804	1303771236627	1	1	1.0909	0.9167
805	1303771236691	1	1	1.0909	0.9167
806	1303771236710	1	1	1.0909	0.9167
807	1303771236730	1	1	1.0909	0.9167
808	1303771236748	1	1	1.0909	0.9167
809	1303771236768	1	1	1.0909	0.9167
810	1303771236788	1	1	1.0909	0.9167
811	1303771236806	1	1	1.0909	0.9167
812	1303771236827	1	1	1.0909	0.9167
813	1303771236846	1	1	1.0909	0.9167
814	1303771236867	1	1	1.0909	0.9167
815	1303771236885	1	1	1.0909	0.9167
816	1303771236906	1	1	1.0909	0.9167
817	1303771236968	1	1	1.0909	0.9167
818	1303771236989	1	1	1.0909	0.9167
819	1303771237008	1	1	1.0909	0.9167
820	1303771237073	1	1	1.0909	0.9167
821	1303771237093	1	1	1.0909	0.9167
822	1303771237112	1	1	1.0909	0.9167
823	1303771237131	1	1	1.0909	0.9167
824	1303771237149	1	1	1.0909	0.9167
825	1303771237169	1	1	1.0909	0.9167
826	1303771237188	1	1	1.0909	0.9167
827	1303771237208	1	1	1.0909	0.9167
828	1303771237271	1	1	1.0909	0.9167
829	1303771237292	1	1	1.0909	0.9167
830	1303771237310	1	1	1.0909	0.9167
831	1303771237330	1	1	1.0909	0.9167
832	1303771237348	1	1	1.0909	0.9167
833	1303771237368	1	1	1.0909	0.9167
834	1303771237387	1	1	1.0909	0.9167
835	1303771237406	1	1	1.0909	0.9167
836	1303771237425	1	1	1.0909	0.9167
837	1303771237444	1	1	1.0909	0.9167
838	1303771237468	1	1	1.0909	0.9167
839	1303771237489	1	1	1.0909	0.9167
840	1303771237512	1	1	1.0909	0.9167
841	1303771237533	1	1	1.0909	0.9167
842	1303771237554	1	1	1.0909	0.9167
843	1303771237572	1	1	1.0909	0.9167
844	1303771237592	1	1	1.0909	0.9167
845	1303771237611	1	1	1.0909	0.9167
846	1303771237631	1	1	1.0909	0.9167
847	1303771237649	1	1	1.0909	0.9167
848	1303771237669	1	1	1.0909	0.9167
849	1303771237688	1	1	1.0909	0.9167
850	1303771237709	1	1	1.0909	0.9167
851	1303771237728	1	1	1.0909	0.9167
852	1303771237747	1	1	1.0909	0.9167
853	1303771237767	1	1	1.0909	0.9167
854	1303771237786	1	1	1.0909	0.9167
855	1303771237806	1	1	1.0909	0.9167
856	1303771237824	1	1	1.0909	0.9167
857	1303771237843	1	1	1.0909	0.9167
858	1303771237862	1	1	1.0909	0.9167
859	1303771237882	1	1	1.0909	0.9167
860	1303771237900	1	1	1.0909	0.9167
861	1303771237918	1	1	1.0909	0.9167
862	1303771237938	1	1	1.0909	0.9167
863	1303771237957	1	1	1.0909	0.9167
864	1303771238022	1	1	1.0909	0.9167
865	1303771238041	1	1	1.0909	0.9167
866	1303771238061	1	1	1.0909	0.9167
867	1303771238079	1	1	1.0909	0.9167
868	1303771238099	1	1	1.0909	0.9167
869	1303771238118	1	1	1.0909	0.9167
870	1303771238138	1	1	1.0909	0.9167
871	1303771238201	1	1	1.0909	0.9167
872	1303771238221	1	1	1.0909	0.9167
873	1303771238239	1	1	1.0909	0.9167
874	1303771238258	1	1	1.0909	0.9167
875	1303771238279	1	1	1.0909	0.9167
876	1303771238297	1	1	1.0909	0.9167
877	1303771238318	1	1	1.0909	0.9167
878	1303771238337	1	1	1.0909	0.9167
879	1303771238356	1	1	1.0909	0.9167
880	1303771238423	1	1	1.0909	0.9167
881	1303771238444	1	1	1.0909	0.9167
882	1303771238462	1	1	1.0909	0.9167
883	1303771238482	1	1	1.0909	0.9167
884	1303771238501	1	1	1.0909	0.9167
885	1303771238520	1	1	1.0909	0.9167
886	1303771238541	1	1	1.0909	0.9167
887	1303771238559	1	1	1.0909	0.9167
888	1303771238579	1	1	1.0909	0.9167
889	1303771238598	1	1	1.0909	0.9167
890	1303771238618	1	1	1.0909	0.9167
891	1303771238636	1	1	1.0909	0.9167
892	1303771238656	1	1	1.0909	0.9167
893	1303771238674	1	1	1.0909	0.9167
894	1303771238692	1	1	1.0909	0.9167
895	1303771238712	1	1	1.0909	0.9167
896	1303771238731	1	1	1.0909	0.9167
897	1303771238750	1	1	1.0909	0.9167
898	1303771238769	1	1	1.0909	0.9167
899	1303771238791	1	1	1.0909	0.9167
900	1303771238812	1	1	1.0909	0.9167
901	1303771238834	1	0.9999	1.0909	0.9167
902	1303771238853	1	0.9999	1.0909	0.9167
903	1303771238877	1	0.9999	1.0909	0.9167
904	1303771238895	1	0.9999	1.0909	0.9167
905	1303771238915	1	0.9999	1.0909	0.9167
906	1303771238935	1	0.9999	1.0909	0.9167
907	1303771238954	1	0.9999	1.0909	0.9167
908	1303771238973	1	0.9999	1.0909	0.9167
909	1303771238992	1	0.9999	1.0909	0.9167
910	1303771239011	1	0.9999	1.0909	0.9167
911	1303771239029	1	0.9999	1.0909	0.9167
912	1303771239056	1	0.9999	1.0909	0.9167
913	1303771239075	1	0.9999	1.0909	0.9167
914	1303771239140	1	1.6899	1.0909	0.5424
915	1303771239160	1	1.6899	1.0909	0.5424
916	1303771239180	1	1.6899	1.0909	0.5424
917	1303771239198	1	1.6899	1.0909	0.5424
918	1303771239218	1	1.6899	1.0909	0.5424
919	1303771239236	1	1.6899	1.1	0.538
920	1303771239256	1	1.6899	1.1364	0.5207
921	1303771239275	1	1.6899	1.0909	0.5424
922	1303771239293	1	1.6899	1.0909	0.5424
923	1303771239313	1	1.6899	1.0909	0.5424
924	1303771239376	1	1.6899	1.0909	0.5424
925	1303771239397	1	1.6899	1.0909	0.5424
926	1303771239417	1	1.6899	1.0909	0.5424
927	1303771239437	1	1.6899	1.0909	0.5424
928	1303771239455	1	1.6899	1.0909	0.5424
929	1303771239476	1	1.6899	1.0909	0.5424
930	1303771239494	1	1.6899	1.0909	0.5424
931	1303771239512	1	1.6899	1.0909	0.5424
932	1303771239532	1	1.6899	1.0909	0.5424
933	1303771239551	1	1.6899	1.0909	0.5424
934	1303771239571	1	1.6899	1.0909	0.5424
935	1303771239590	1	1.6899	1.0909	0.5424
936	1303771239654	1	1.6899	1.0909	0.5424
937	1303771239673	1	1.6899	1.0909	0.5424
938	1303771239694	1	1.6899	1.0909	0.5424
939	1303771239713	1	1.6899	1.0909	0.5424
940	1303771239734	1	1.6899	1.0909	0.5424
941	1303771239752	1	1.6899	1.0909	0.5424
942	1303771239821	1	1.6899	1.0909	0.5424
943	1303771239887	1	1.6899	1.0909	0.5424
944	1303771239905	1	1.6899	1.0909	0.5424
945	1303771239926	1	1.6899	1.0909	0.5424
946	1303771239944	1	1.6899	1.0909	0.5424
947	1303771239964	1	1.6899	1.0909	0.5424
948	1303771239983	1	1.6899	1.0909	0.5424
949	1303771240003	1	1.6899	1.0909	0.5424
950	1303771240021	1	1.6899	1.0909	0.5424
951	1303771240041	1	1.6899	1.0909	0.5424
952	1303771240060	1	1.6899	1.0909	0.5424
953	1303771240125	1	1.6899	1.0909	0.5424
954	1303771240143	1	1.6899	1.0909	0.5424
955	1303771240161	1	1.6899	1.0909	0.5424
956	1303771240182	1	1.6899	1.0909	0.5424
957	1303771240200	1	1.6899	1.0909	0.5424
958	1303771240220	1	1.6899	1.0909	0.5424
959	1303771240239	1	1.6899	1.0909	0.5424
960	1303771240260	1	1.6899	1.0909	0.5424
961	1303771240281	1	1.6899	1.0909	0.5424
962	1303771240347	1	1.5728	1.0909	0.5828
963	1303771240367	1	1.5828	1.0909	0.5791
964	1303771240388	1	1.5828	1.0909	0.5791
965	1303771240406	1	1.5828	1.0909	0.5791
966	1303771240471	1	1.5828	1.0909	0.5791
967	1303771240490	1	1.5828	1.0909	0.5791
968	1303771240510	1	1.5828	1.0909	0.5791
969	1303771240530	1	1.5828	1.0909	0.5791
970	1303771240550	1	1.5828	1.0909	0.5791
971	1303771240569	1	1.5828	1.0909	0.5791
972	1303771240588	1	1.5828	1.0909	0.5791
973	1303771240651	1	1.5828	1.0909	0.5791
974	1303771240670	1	1.5828	1.0909	0.5791
975	1303771240689	1	1.5828	1.0909	0.5791
976	1303771240708	1	1.5828	1.0909	0.5791
977	1303771240729	1	1.5828	1.0909	0.5791
978	1303771240749	1	1.5828	1.0909	0.5791
979	1303771240771	1	1.5828	1.0909	0.5791
980	1303771240790	1	1.5828	1.0909	0.5791
981	1303771240860	1	1.5828	1.0909	0.5791
982	1303771240879	1	1.5828	1.0909	0.5791
983	1303771240897	1	1.5828	1.0909	0.5791
984	1303771240918	1	1.5828	1.0909	0.5791
985	1303771240937	1	1.5828	1.0909	0.5791
986	1303771240957	1	1.5828	1.0909	0.5791
987	1303771240976	1	1.5828	1.0909	0.5791
988	1303771240997	1	1.5828	1.0909	0.5791
989	1303771241017	1	1.5828	1.0909	0.5791
990	1303771241038	1	1.5828	1.0909	0.5791
991	1303771241056	1	1.5828	1.0909	0.5791
992	1303771241075	1	1.5828	1.0909	0.5791
993	1303771241140	1	1.4299	1.0909	0.6411
994	1303771241159	1	1.4299	1.0909	0.6411
995	1303771241180	1	1.4299	1.0909	0.6411
996	1303771241199	1	1.4299	1.0909	0.6411
997	1303771241219	1	1.4299	1.0909	0.6411
998	1303771241238	1	1.4299	1.0909	0.6411
999	1303771241304	1	1.4299	1.0909	0.6411
1000	1303771241323	1	1.4299	1.0909	0.6411
1001	1303771241343	1	1.4299	1.0909	0.6411
1002	1303771241362	1	1.4299	1.0909	0.6411
1003	1303771241427	1	1.4299	1.0909	0.6411
1004	1303771241446	1	1.4299	1.0909	0.6411
1005	1303771241464	1	1.4299	1.0909	0.6411
1006	1303771241485	1	1.4299	1.0909	0.6411
1007	1303771241503	1	1.4299	1.0909	0.6411
1008	1303771241524	1	1.4299	1.0909	0.6411
1009	1303771241542	1	1.4299	1.0909	0.6411
1010	1303771241607	1	1.4299	1.0909	0.6411
1011	1303771241625	1	1.4299	1.0909	0.6411
1012	1303771241646	1	1.4299	1.0909	0.6411
1013	1303771241665	1	1.4299	1.0909	0.6411
1014	1303771241686	1	1.4299	1.0909	0.6411
1015	1303771241705	1	1.4299	1.0909	0.6411
1016	1303771241724	1	1.4299	1.0909	0.6411
1017	1303771241744	1	1.4299	1.0909	0.6411
1018	1303771241763	1	1.4299	1.0909	0.6411
1019	1303771241783	1	1.4299	1.0909	0.6411
1020	1303771241803	1	1.4299	1.0909	0.6411
1021	1303771241826	1	1.4299	1.0909	0.6411
1022	1303771241845	1	1.4299	1.0909	0.6411
1023	1303771241867	1	1.4298	1.0909	0.6411
1024	1303771241888	1	1.4298	1.0909	0.6411
1025	1303771241910	1	1.4298	1.0909	0.6411
1026	1303771241928	1	1.4298	1.0909	0.6411
1027	1303771241948	1	1.4298	1.0909	0.6411
1028	1303771241966	1	1.4298	1.0909	0.6411
1029	1303771241985	1	1.4298	1.0909	0.6411
1030	1303771242006	1	1.4298	1.0909	0.6411
1031	1303771242068	1	1.4298	1.0909	0.6411
1032	1303771242089	1	1.4298	1.0909	0.6411
1033	1303771242108	1	1.4298	1.0909	0.6411
1034	1303771242129	1	1.4298	1.0909	0.6411
1035	1303771242192	1	1.4298	1.0909	0.6411
1036	1303771242213	1	1.4298	1.0909	0.6411
1037	1303771242233	1	1.4298	1.0909	0.6411
1038	1303771242254	1	1.4298	1.0909	0.6411
1039	1303771242272	1	1.4298	1.0909	0.6411
1040	1303771242293	1	1.4298	1.0909	0.6411
1041	1303771242312	1	1.4298	1.0909	0.6411
1042	1303771242376	1	1.4298	1.0909	0.6411
1043	1303771242396	1	1.4298	1.0909	0.6411
1044	1303771242416	1	1.4298	1.0909	0.6411
1045	1303771242437	1	1.4298	1.0909	0.6411
1046	1303771242456	1	1.4298	1.0909	0.6411
1047	1303771242476	1	1.4298	1.0909	0.6411
1048	1303771242496	1	1.4298	1.0909	0.6411
1049	1303771242517	1	1.4298	1.0909	0.6411
1050	1303771242537	1	1.4298	1.0909	0.6411
1051	1303771242556	1	1.4298	1.0909	0.6411
1052	1303771242578	1	1.4298	1.0909	0.6411
1053	1303771242597	1	1.4298	1.0909	0.6411
1054	1303771242617	1	1.4298	1.0909	0.6411
1055	1303771242636	1	1.4298	1.0909	0.6411
1056	1303771242700	1	1.4298	1.0909	0.6411
1057	1303771242718	1	1.4298	1.0909	0.6411
1058	1303771242782	1	1.4298	1.0909	0.6411
1059	1303771242801	1	1.4298	1.0909	0.6411
1060	1303771242820	1	1.4298	1.0909	0.6411
1061	1303771242839	1	1.4298	1.0909	0.6411
1062	1303771242858	1	1.4298	1.0909	0.6411
1063	1303771242878	1	1.4298	1.0909	0.6411
1064	1303771242896	1	1.4298	1.0909	0.6411
1065	1303771242916	1	1.4298	1.0909	0.6411
1066	1303771242935	1	1.4298	1.0909	0.6411
1067	1303771242956	1	1.4298	1.0909	0.6411
1068	1303771242976	1	1.4298	1.0909	0.6411
1069	1303771242996	1	1.4298	1.0909	0.6411
1070	1303771243015	1	1.4298	1.0909	0.6411
1071	1303771243034	1	1.4298	1.0909	0.6411
1072	1303771243055	1	1.4298	1.0909	0.6411
1073	1303771243073	1	1.4298	1.0909	0.6411
1074	1303771243094	1	1.4298	1.0909	0.6411
1075	1303771243112	1	1.4298	1.0909	0.6411
1076	1303771243133	1	1.4298	1.0909	0.6411
1077	1303771243152	1	1.4298	1.0909	0.6411
1078	1303771243173	1	1.4298	1.0909	0.6411
1079	1303771243191	1	1.4298	1.0909	0.6411
1080	1303771243212	1	1.4298	1.0909	0.6411
1081	1303771243230	1	1.4298	1.0909	0.6411
1082	1303771243251	1	1.4298	1.0909	0.6411
1083	1303771243319	1	1.4298	1.0909	0.6411
1084	1303771243345	1	1.4298	1.0909	0.6411
1085	1303771243365	1	1.4299	1.0909	0.6411
1086	1303771243386	1	1.4299	1.0909	0.6411
1087	1303771243405	1	1.4299	1.0909	0.6411
1088	1303771243424	1	1.4299	1.0909	0.6411
1089	1303771243445	1	1.4299	1.0909	0.6411
1090	1303771243513	1	1.4299	1.0909	0.6411
1091	1303771243534	1	1.4299	1.0909	0.6411
1092	1303771243553	1	1.4299	1.0909	0.6411
1093	1303771243573	1	1.4299	1.0909	0.6411
1094	1303771243592	1	1.4299	1.0909	0.6411
1095	1303771243612	1	1.4299	1.0909	0.6411
1096	1303771243676	1	1.4299	1.0909	0.6411
1097	1303771243697	1	1.4299	1.0909	0.6411
1098	1303771243715	1	1.4299	1.0909	0.6411
1099	1303771243734	1	1.4299	1.0909	0.6411
1100	1303771243755	1	1.4299	1.0909	0.6411
1101	1303771243774	1	1.4299	1.0909	0.6411
1102	1303771243794	1	1.4299	1.0909	0.6411
1103	1303771243813	1	1.4299	1.0909	0.6411
1104	1303771243878	1	1.4299	1.0909	0.6411
1105	1303771243897	1	1.4299	1.0909	0.6411
1106	1303771243917	1	1.4299	1.0909	0.6411
1107	1303771243936	1	1.4299	1.0909	0.6411
1108	1303771243957	1	1.4299	1.0909	0.6411
1109	1303771243975	1	1.4299	1.0909	0.6411
1110	1303771243994	1	1.4299	1.0909	0.6411
1111	1303771244014	1	1.4299	1.0909	0.6411
1112	1303771244077	1	1.4299	1.0909	0.6411
1113	1303771244098	1	1.4299	1.0909	0.6411
1114	1303771244117	1	1.4299	1.0909	0.6411
1115	1303771244137	1	1.4299	1.0909	0.6411
1116	1303771244155	1	1.4299	1.0909	0.6411
1117	1303771244175	1	1.4299	1.0909	0.6411
1118	1303771244194	1	1.4299	1.0909	0.6411
1119	1303771244213	1	1.4299	1.0909	0.6411
1120	1303771244233	1	1.4299	1.0909	0.6411
1121	1303771244252	1	1.4299	1.0909	0.6411
1122	1303771244273	1	1.4299	1.0909	0.6411
1123	1303771244341	1	1.4299	1.0909	0.6411
1124	1303771244362	1	1.4299	1.0909	0.6411
1125	1303771244380	1	1.4299	1.0909	0.6411
1126	1303771244400	1	1.4299	1.0909	0.6411
1127	1303771244421	1	1.4299	1.0909	0.6411
1128	1303771244544	1	1.4299	1.0909	0.6411
1129	1303771244563	1	1.4299	1.0909	0.6411
1130	1303771244582	1	1.4299	1.0909	0.6411
1131	1303771244602	1	1.4299	1.0909	0.6411
1132	1303771244621	1	1.4299	1.0909	0.6411
1133	1303771244641	1	1.4299	1.0909	0.6411
1134	1303771244660	1	1.4299	1.0909	0.6411
1135	1303771244681	1	1.4299	1.0909	0.6411
1136	1303771244699	1	1.4299	1.0909	0.6411
1137	1303771244720	1	1.4299	1.0909	0.6411
1138	1303771244739	1	1.4299	1.0909	0.6411
1139	1303771244757	1	1.4299	1.0909	0.6411
1140	1303771244822	1	1.4299	1.0909	0.6411
1141	1303771244840	1	1.4299	1.0909	0.6411
1142	1303771244861	1	1.4299	1.0909	0.6411
1143	1303771244881	1	1.4299	1.0909	0.6411
1144	1303771244903	1	1.4299	1.0909	0.6411
1145	1303771244923	1	1.4299	1.0909	0.6411
1146	1303771244945	1	1.4299	1.0909	0.6411
1147	1303771244964	1	1.4299	1.0909	0.6411
1148	1303771244985	1	1.4299	1.0909	0.6411
1149	1303771245004	1	1.4299	1.0909	0.6411
1150	1303771245024	1	1.4299	1.0909	0.6411
1151	1303771245044	1	1.4299	1.0909	0.6411
1152	1303771245065	1	1.4299	1.0909	0.6411
1153	1303771245084	1	1.4299	1.0909	0.6411
1154	1303771245104	1	1.4299	1.0909	0.6411
1155	1303771245167	1	1.4299	1.0909	0.6411
1156	1303771245186	1	1.4299	1.0909	0.6411
1157	1303771245209	1	1.4299	1.0909	0.6411
1158	1303771245228	1	1.4299	1.0909	0.6411
1159	1303771245294	1	1.4299	1.0909	0.6411
1160	1303771245357	1	1.4299	1.0909	0.6411
1161	1303771245378	1	1.4299	1.0909	0.6411
1162	1303771245396	1	1.4299	1.0909	0.6411
1163	1303771245416	1	1.4299	1.0909	0.6411
1164	1303771245435	1	1.4299	1.0909	0.6411
1165	1303771245455	1	1.4299	1.0909	0.6411
1166	1303771245517	1	1.4299	1.0909	0.6411
1167	1303771245537	1	1.4299	1.0909	0.6411
1168	1303771245556	1	1.4299	1.0909	0.6411
1169	1303771245575	1	1.4299	1.0909	0.6411
1170	1303771245596	1	1.4299	1.0909	0.6411
1171	1303771245614	1	1.4299	1.0909	0.6411
1172	1303771245635	1	1.4299	1.0909	0.6411
1173	1303771245654	1	1.4299	1.0909	0.6411
1174	1303771245719	1	1.4299	1.0909	0.6411
1175	1303771245787	1	1.4299	1.0909	0.6411
1176	1303771245810	1	1.4299	1.0909	0.6411
1177	1303771245829	1	1.4299	1.0909	0.6411
1178	1303771245849	1	1.4299	1.0909	0.6411
1179	1303771245869	1	1.4299	1.0909	0.6411
1180	1303771245889	1	1.4299	1.0909	0.6411
1181	1303771245910	1	1.4299	1.0909	0.6411
1182	1303771245929	1	1.4299	1.0909	0.6411
1183	1303771245949	1	1.4299	1.0909	0.6411
1184	1303771246014	1	1.4299	1.0909	0.6411
1185	1303771246035	1	1.4299	1.0909	0.6411
1186	1303771246055	1	1.4299	1.0909	0.6411
1187	1303771246076	1	1.4299	1.0909	0.6411
1188	1303771246094	1	1.4299	1.0909	0.6411
1189	1303771246113	1	1.4299	1.0909	0.6411
1190	1303771246133	1	1.4299	1.0909	0.6411
1191	1303771246196	1	1.4299	1.0909	0.6411
1192	1303771246216	1	1.4299	1.0909	0.6411
1193	1303771246237	1	1.4299	1.0909	0.6411
1194	1303771246302	1	1.4299	1.0909	0.6411
1195	1303771246365	1	1.4299	1.0909	0.6411
1196	1303771246385	1	1.4299	1.0909	0.6411
1197	1303771246403	1	1.4299	1.0909	0.6411
1198	1303771246424	1	1.4299	1.0909	0.6411
1199	1303771246442	1	1.4299	1.0909	0.6411
1200	1303771246463	1	1.4299	1.0909	0.6411
1201	1303771246482	1	1.4299	1.0909	0.6411
1202	1303771246501	1	1.4299	1.0909	0.6411
1203	1303771246521	1	1.4299	1.0909	0.6411
1204	1303771246587	1	1.4299	1.0909	0.6411
1205	1303771246609	1	1.4299	1.0909	0.6411
1206	1303771246630	1	1.4299	1.0909	0.6411
1207	1303771246651	1	1.43	1.0909	0.641
1208	1303771246672	1	1.43	1.0909	0.641
1209	1303771246693	1	1.43	1.0909	0.641
1210	1303771246712	1	1.43	1.0909	0.641
1211	1303771246732	1	1.43	1.0909	0.641
1212	1303771246750	1	1.43	1.0909	0.641
1213	1303771246815	1	1.43	1.0909	0.641
1214	1303771246834	1	1.43	1.0909	0.641
1215	1303771246856	1	1.43	1.0909	0.641
1216	1303771246875	1	1.43	1.0909	0.641
1217	1303771246894	1	1.43	1.0909	0.641
1218	1303771246914	1	1.43	1.0909	0.641
1219	1303771246933	1	1.43	1.0909	0.641
1220	1303771246953	1	1.43	1.0909	0.641
1221	1303771246972	1	1.43	1.0909	0.641
1222	1303771246993	1	1.43	1.0909	0.641
1223	1303771247012	1	1.43	1.0909	0.641
1224	1303771247032	1	1.43	1.0909	0.641
1225	1303771247050	1	1.43	1.0909	0.641
1226	1303771247069	1	1.43	1.0909	0.641
1227	1303771247089	1	1.43	1.0909	0.641
1228	1303771247109	1	1.43	1.0909	0.641
1229	1303771247129	1	1.43	1.0909	0.641
1230	1303771247149	1	1.43	1.0909	0.641
1231	1303771247170	1	1.43	1.0909	0.641
1232	1303771247191	1	1.43	1.0909	0.641
1233	1303771247212	1	1.43	1.0909	0.641
1234	1303771247232	1	1.43	1.0909	0.641
1235	1303771247252	1	1.43	1.0909	0.641
1236	1303771247272	1	1.43	1.0909	0.641
1237	1303771247290	1	1.43	1.0909	0.641
1238	1303771247312	1	1.43	1.0909	0.641
1239	1303771247331	1	1.43	1.0909	0.641
1240	1303771247396	1	1.43	1.0909	0.641
1241	1303771247415	1	1.43	1.0909	0.641
1242	1303771247436	1	1.43	1.0909	0.641
1243	1303771247502	1	1.43	1.0909	0.641
1244	1303771247522	1	1.43	1.0909	0.641
1245	1303771247541	1	1.43	1.0909	0.641
1246	1303771247560	1	1.43	1.0909	0.641
1247	1303771247580	1	1.43	1.0909	0.641
1248	1303771247599	1	1.43	1.0909	0.641
1249	1303771247620	1	1.43	1.0909	0.641
1250	1303771247640	1	1.43	1.0909	0.641
1251	1303771247661	1	1.43	1.0909	0.641
1252	1303771247679	1	1.43	1.0909	0.641
1253	1303771247700	1	1.43	1.0909	0.641
1254	1303771247719	1	1.43	1.0909	0.641
1255	1303771247784	1	1.43	1.0909	0.641
1256	1303771247803	1	1.43	1.0909	0.641
1257	1303771247821	1	1.43	1.0909	0.641
1258	1303771247842	1	1.43	1.0909	0.641
1259	1303771247862	1	1.43	1.0909	0.641
1260	1303771247882	1	1.43	1.0909	0.641
1261	1303771247900	1	1.43	1.0909	0.641
1262	1303771247921	1	1.43	1.0909	0.641
1263	1303771247984	1	1.43	1.0909	0.641
1264	1303771248004	1	1.43	1.0909	0.641
1265	1303771248025	1	1.43	1.0909	0.641
1266	1303771248047	1	1.43	1.0909	0.641
1267	1303771248113	1	1.43	1.0909	0.641
1268	1303771248134	1	1.4301	1.0909	0.641
1269	1303771248154	1	1.4301	1.0909	0.641
1270	1303771248174	1	1.4301	1.0909	0.641
1271	1303771248193	1	1.4301	1.0909	0.641
1272	1303771248212	1	1.4301	1.0909	0.641
1273	1303771248233	1	1.4301	1.0909	0.641
1274	1303771248296	1	1.4301	1.0909	0.641
1275	1303771248316	1	1.4301	1.0909	0.641
1276	1303771248335	1	1.4301	1.0909	0.641
1277	1303771248357	1	1.4301	1.0909	0.641
1278	1303771248377	1	1.4301	1.0909	0.641
1279	1303771248398	1	1.4301	1.0909	0.641
1280	1303771248417	1	1.4301	1.0909	0.641
1281	1303771248438	1	1.4301	1.0909	0.641
1282	1303771248458	1	1.4301	1.0909	0.641
1283	1303771248478	1	1.4301	1.0909	0.641
1284	1303771248498	1	1.4301	1.0909	0.641
1285	1303771248517	1	1.4301	1.0909	0.641
1286	1303771248538	1	1.4301	1.0909	0.641
1287	1303771248557	1	1.4301	1.0909	0.641
1288	1303771248577	1	1.4301	1.0909	0.641
1289	1303771248640	1	1.4301	1.0909	0.641
1290	1303771248661	1	1.4301	1.0909	0.641
1291	1303771248680	1	1.4301	1.0909	0.641
1292	1303771248700	1	1.4301	1.0909	0.641
1293	1303771248719	1	1.4301	1.0909	0.641
1294	1303771248738	1	1.4301	1.0909	0.641
1295	1303771248757	1	1.4301	1.0909	0.641
1296	1303771248777	1	1.4301	1.0909	0.641
1297	1303771248798	1	1.4301	1.0909	0.641
1298	1303771248817	1	1.4301	1.0909	0.641
1299	1303771248838	1	1.4301	1.0909	0.641
1300	1303771248857	1	1.4301	1.0909	0.641
1301	1303771248878	1	1.4301	1.0909	0.641
1302	1303771248897	1	1.4301	1.0909	0.641
1303	1303771248916	1	1.4301	1.0909	0.641
1304	1303771248936	1	1.4301	1.0909	0.641
1305	1303771248955	1	1.4301	1.0909	0.641
1306	1303771248975	1	1.4301	1.0909	0.641
1307	1303771248995	1	1.4301	1.0909	0.641
1308	1303771249016	1	1.4301	1.0909	0.641
1309	1303771249044	1	1.4301	1.0909	0.641
1310	1303771249065	1	1.4301	1.0909	0.641
1311	1303771249084	1	1.4301	1.0909	0.641
1312	1303771249103	1	1.4301	1.0909	0.641
1313	1303771249123	1	1.4301	1.0909	0.641
1314	1303771249142	1	1.4301	1.0909	0.641
1315	1303771249163	1	1.4301	1.0909	0.641
1316	1303771249182	1	1.4301	1.0909	0.641
1317	1303771249201	1	1.4301	1.0909	0.641
1318	1303771249221	1	1.4301	1.0909	0.641
1319	1303771249241	1	1.4301	1.0909	0.641
1320	1303771249260	1	1.4301	1.0909	0.641
1321	1303771249278	1	1.4301	1.0909	0.641
1322	1303771249298	1	1.4301	1.0909	0.641
1323	1303771249317	1	1.4301	1.0909	0.641
1324	1303771249338	1	1.4301	1.0909	0.641
1325	1303771249357	1	1.4301	1.0909	0.641
1326	1303771249428	1	1.4301	1.0909	0.641
1327	1303771249449	1	1.4301	1.0909	0.641
1328	1303771249473	1	1.43	1.0909	0.641
1329	1303771249493	1	1.43	1.0909	0.641
1330	1303771249514	1	1.43	1.0909	0.641
1331	1303771249533	1	1.43	1.0909	0.641
1332	1303771249553	1	1.43	1.0909	0.641
1333	1303771249571	1	1.43	1.0909	0.641
1334	1303771249592	1	1.43	1.0909	0.641
1335	1303771249655	1	1.43	1.0909	0.641
1336	1303771249674	1	1.43	1.0909	0.641
1337	1303771249742	1	1.43	1.0909	0.641
1338	1303771249761	1	1.43	1.0909	0.641
1339	1303771249781	1	1.43	1.0909	0.641
1340	1303771249799	1	1.43	1.0909	0.641
1341	1303771249820	1	1.43	1.0909	0.641
1342	1303771249883	1	1.43	1.0909	0.641
1343	1303771249905	1	1.43	1.0909	0.641
1344	1303771249972	1	1.43	1.0909	0.641
1345	1303771249992	1	1.43	1.0909	0.641
1346	1303771250011	1	1.43	1.0909	0.641
1347	1303771250031	1	1.43	1.0909	0.641
1348	1303771250050	1	1.43	1.0909	0.641
1349	1303771250069	1	1.43	1.0909	0.641
1350	1303771250089	1	1.43	1.0909	0.641
1351	1303771250108	1	1.43	1.0909	0.641
1352	1303771250129	1	1.43	1.0909	0.641
1353	1303771250147	1	1.43	1.0909	0.641
1354	1303771250168	1	1.43	1.0909	0.641
1355	1303771250231	1	1.43	1.0909	0.641
1356	1303771250251	1	1.43	1.0909	0.641
1357	1303771250270	1	1.43	1.0909	0.641
1358	1303771250289	1	1.43	1.0909	0.641
1359	1303771250311	1	1.43	1.0909	0.641
1360	1303771250330	1	1.43	1.0909	0.641
1361	1303771250350	1	1.43	1.0909	0.641
1362	1303771250369	1	1.43	1.0909	0.641
1363	1303771250390	1	1.43	1.0909	0.641
1364	1303771250409	1	1.43	1.0909	0.641
1365	1303771250430	1	1.43	1.0909	0.641
1366	1303771250448	1	1.43	1.0909	0.641
1367	1303771250467	1	1.43	1.0909	0.641
1368	1303771250489	1	1.43	1.0909	0.641
1369	1303771250508	1	1.43	1.0909	0.641
1370	1303771250528	1	1.43	1.0909	0.641
1371	1303771250547	1	1.43	1.0909	0.641
1372	1303771250567	1	1.43	1.0909	0.641
1373	1303771250587	1	1.43	1.0909	0.641
1374	1303771250607	1	1.43	1.0909	0.641
1375	1303771250626	1	1.43	1.0909	0.641
1376	1303771250694	1	1.43	1.0909	0.641
1377	1303771250713	1	1.43	1.0909	0.641
1378	1303771250778	1	1.43	1.0909	0.641
1379	1303771250799	1	1.43	1.0909	0.641
1380	1303771250862	1	1.43	1.0909	0.641
1381	1303771250883	1	1.43	1.0909	0.641
1382	1303771250902	1	1.43	1.0909	0.641
1383	1303771250922	1	1.43	1.0909	0.641
1384	1303771250941	1	1.43	1.0909	0.641
1385	1303771250961	1	1.43	1.0909	0.641
1386	1303771250980	1	1.43	1.0909	0.641
1387	1303771251002	1	1.43	1.0909	0.641
1388	1303771251022	1	1.43	1.0909	0.641
1389	1303771251045	1	1.43	1.0909	0.641
1390	1303771251066	1	1.4301	1.0909	0.641
1391	1303771251086	1	1.4301	1.0909	0.641
1392	1303771251105	1	1.4301	1.0909	0.641
1393	1303771251125	1	1.4301	1.0909	0.641
1394	1303771251145	1	1.4301	1.0909	0.641
1395	1303771251164	1	1.4301	1.0909	0.641
1396	1303771251185	1	1.4301	1.0909	0.641
1397	1303771251204	1	1.4301	1.0909	0.641
1398	1303771251225	1	1.4301	1.0909	0.641
1399	1303771251244	1	1.4301	1.0909	0.641
1400	1303771251264	1	1.4301	1.0909	0.641
1401	1303771251284	1	1.4301	1.0909	0.641
1402	1303771251304	1	1.4301	1.0909	0.641
1403	1303771251326	1	1.4301	1.0909	0.641
1404	1303771251345	1	1.4301	1.0909	0.641
1405	1303771251366	1	1.4301	1.0909	0.641
1406	1303771251384	1	1.4301	1.0909	0.641
1407	1303771251405	1	1.4301	1.0909	0.641
1408	1303771251424	1	1.4301	1.0909	0.641
1409	1303771251445	1	1.4301	1.0909	0.641
1410	1303771251464	1	1.4301	1.0909	0.641
1411	1303771251483	1	1.4301	1.0909	0.641
1412	1303771251504	1	1.4301	1.0909	0.641
1413	1303771251523	1	1.4301	1.0909	0.641
1414	1303771251544	1	1.4301	1.0909	0.641
1415	1303771251562	1	1.4301	1.0909	0.641
1416	1303771251583	1	1.4301	1.0909	0.641
1417	1303771251602	1	1.4301	1.0909	0.641
1418	1303771251621	1	1.4301	1.0909	0.641
1419	1303771251641	1	1.4301	1.0909	0.641
1420	1303771251661	1	1.4301	1.0909	0.641
1421	1303771251682	1	1.4301	1.0909	0.641
1422	1303771251700	1	1.4301	1.0909	0.641
1423	1303771251722	1	1.4301	1.0909	0.641
1424	1303771251741	1	1.4301	1.0909	0.641
1425	1303771251762	1	1.4301	1.0909	0.641
1426	1303771251781	1	1.4301	1.0909	0.641
1427	1303771251801	1	1.4301	1.0909	0.641
1428	1303771251821	1	1.4301	1.0909	0.641
1429	1303771251842	1	1.4301	1.0909	0.641
1430	1303771251861	1	1.4301	1.0909	0.641
1431	1303771251880	1	1.4301	1.0909	0.641
1432	1303771251900	1	1.4301	1.0909	0.641
1433	1303771251919	1	1.4301	1.0909	0.641
1434	1303771251939	1	1.4301	1.0909	0.641
1435	1303771252003	1	1.4301	1.0909	0.641
1436	1303771252023	1	1.4301	1.0909	0.641
1437	1303771252087	1	1.4301	1.0909	0.641
1438	1303771252107	1	1.4301	1.0909	0.641
1439	1303771252127	1	1.4301	1.0909	0.641
1440	1303771252146	1	1.4301	1.0909	0.641
1441	1303771252165	1	1.4301	1.0909	0.641
1442	1303771252184	1	1.4301	1.0909	0.641
1443	1303771252205	1	1.4301	1.0909	0.641
1444	1303771252224	1	1.4301	1.0909	0.641
1445	1303771252245	1	1.4301	1.0909	0.641
1446	1303771252263	1	1.4301	1.0909	0.641
1447	1303771252284	1	1.4301	1.0909	0.641
1448	1303771252304	1	1.4301	1.0909	0.641
1449	1303771252435	1	1.4301	1.0909	0.641
1450	1303771252456	1	1.4301	1.0909	0.641
1451	1303771252477	1	1.4302	1.0909	0.6409
1452	1303771252497	1	1.4302	1.0909	0.6409
1453	1303771252563	1	1.8206	1.0909	0.5035
1454	1303771252582	1	1.8206	1.0909	0.5035
1455	1303771252603	1	1.8206	1.0909	0.5035
1456	1303771252622	1	1.8206	1.0909	0.5035
1457	1303771252641	1	1.8206	1.0909	0.5035
1458	1303771252661	1	1.8206	1.0909	0.5035
1459	1303771252680	1	1.8206	1.0909	0.5035
1460	1303771252700	1	1.8206	1.0909	0.5035
1461	1303771252719	1	1.8206	1.0909	0.5035
1462	1303771252740	1	1.8206	1.0909	0.5035
1463	1303771252760	1	1.8206	1.0909	0.5035
1464	1303771252781	1	1.8206	1.0909	0.5035
1465	1303771252801	1	1.8206	1.0909	0.5035
1466	1303771252823	1	1.8206	1.0909	0.5035
1467	1303771252842	1	1.8206	1.0909	0.5035
1468	1303771252862	1	1.8206	1.0909	0.5035
1469	1303771252882	1	1.8206	1.0909	0.5035
1470	1303771252901	1	1.8206	1.0909	0.5035
1471	1303771252922	1	1.8206	1.0909	0.5035
1472	1303771252940	1	1.8206	1.0909	0.5035
1473	1303771252961	1	1.8206	1.0909	0.5035
1474	1303771252980	1	1.8206	1.0909	0.5035
1475	1303771253050	1	1.8206	1.0909	0.5035
1476	1303771253069	1	1.8206	1.0909	0.5035
1477	1303771253088	1	1.8206	1.0909	0.5035
1478	1303771253110	1	1.8206	1.0909	0.5035
1479	1303771253130	1	1.8206	1.0909	0.5035
1480	1303771253150	1	1.8206	1.0909	0.5035
1481	1303771253169	1	1.8206	1.0909	0.5035
1482	1303771253235	1	1.8206	1.0909	0.5035
1483	1303771253255	1	1.8206	1.0909	0.5035
1484	1303771253276	1	1.8206	1.0909	0.5035
1485	1303771253295	1	1.8206	1.0909	0.5035
1486	1303771253315	1	1.8206	1.0909	0.5035
1487	1303771253334	1	1.8206	1.0909	0.5035
1488	1303771253354	1	1.8206	1.0909	0.5035
1489	1303771253375	1	1.8206	1.0909	0.5035
1490	1303771253394	1	1.8206	1.0909	0.5035
1491	1303771253459	1	1.8206	1.0909	0.5035
1492	1303771253478	1	1.8206	1.0909	0.5035
1493	1303771253498	1	1.8206	1.0909	0.5035
1494	1303771253517	1	1.8206	1.0909	0.5035
1495	1303771253538	1	1.8206	1.0909	0.5035
1496	1303771253557	1	1.8206	1.0909	0.5035
1497	1303771253576	1	1.8206	1.0909	0.5035
1498	1303771253596	1	1.8206	1.0909	0.5035
1499	1303771253617	1	1.8206	1.0909	0.5035
1500	1303771253638	1	1.8206	1.0909	0.5035
1501	1303771253657	1	1.8206	1.0909	0.5035
1502	1303771253678	1	1.8206	1.0909	0.5035
1503	1303771253697	1	1.8206	1.0909	0.5035
1504	1303771253762	1	1.8206	1.0909	0.5035
1505	1303771253781	1	1.8206	1.0909	0.5035
1506	1303771253802	1	1.8206	1.0909	0.5035
1507	1303771253822	1	1.8206	1.0909	0.5035
1508	1303771253842	1	1.8206	1.0909	0.5035
1509	1303771253913	1	1.8206	1.0909	0.5035
1510	1303771253981	1	1.8206	1.0909	0.5035
1511	1303771254001	1	1.8206	1.0909	0.5035
1512	1303771254023	1	1.8207	1.0909	0.5035
1513	1303771254044	1	1.8207	1.0909	0.5035
1514	1303771254065	1	1.8207	1.0909	0.5035
1515	1303771254084	1	1.8207	1.0909	0.5035
1516	1303771254103	1	1.8207	1.0909	0.5035
1517	1303771254123	1	1.8207	1.0909	0.5035
1518	1303771254142	1	1.8207	1.0909	0.5035
1519	1303771254163	1	1.8207	1.0909	0.5035
1520	1303771254181	1	1.8207	1.0909	0.5035
1521	1303771254202	1	1.8207	1.0909	0.5035
1522	1303771254221	1	1.8207	1.0909	0.5035
1523	1303771254242	1	1.8207	1.0909	0.5035
1524	1303771254261	1	1.8207	1.0909	0.5035
1525	1303771254280	1	1.8207	1.0909	0.5035
1526	1303771254300	1	1.8207	1.0909	0.5035
1527	1303771254320	1	1.8207	1.0909	0.5035
1528	1303771254340	1	1.8207	1.0909	0.5035
1529	1303771254359	1	1.8207	1.0909	0.5035
1530	1303771254380	1	1.8207	1.0909	0.5035
1531	1303771254400	1	1.8207	1.0909	0.5035
1532	1303771254420	1	1.8207	1.0909	0.5035
1533	1303771254441	1	1.8207	1.0909	0.5035
1534	1303771254460	1	1.8207	1.0909	0.5035
1535	1303771254480	1	1.8207	1.0909	0.5035
1536	1303771254499	1	1.8207	1.0909	0.5035
1537	1303771254520	1	1.8207	1.0909	0.5035
1538	1303771254539	1	1.8207	1.0909	0.5035
1539	1303771254558	1	1.8207	1.0909	0.5035
1540	1303771254577	1	1.8207	1.0909	0.5035
1541	1303771254646	1	1.8207	1.0909	0.5035
1542	1303771254664	1	1.8207	1.0909	0.5035
1543	1303771254685	1	1.8207	1.0909	0.5035
1544	1303771254750	1	1.8207	1.0909	0.5035
1545	1303771254769	1	1.8207	1.0909	0.5035
1546	1303771254790	1	1.8207	1.0909	0.5035
1547	1303771254809	1	1.8207	1.0909	0.5035
1548	1303771254830	1	1.8207	1.0909	0.5035
1549	1303771254848	1	1.8207	1.0909	0.5035
1550	1303771254868	1	1.8207	1.0909	0.5035
1551	1303771254931	1	1.8207	1.0909	0.5035
1552	1303771254952	1	1.8207	1.0909	0.5035
1553	1303771254971	1	1.8207	1.0909	0.5035
1554	1303771254991	1	1.8207	1.0909	0.5035
1555	1303771255010	1	1.8207	1.0909	0.5035
1556	1303771255030	1	1.8207	1.0909	0.5035
1557	1303771255052	1	1.8207	1.0909	0.5035
1558	1303771255072	1	1.8207	1.0909	0.5035
1559	1303771255092	1	1.8207	1.0909	0.5035
1560	1303771255110	1	1.8207	1.0909	0.5035
1561	1303771255132	1	1.8207	1.0909	0.5035
1562	1303771255152	1	1.8207	1.0909	0.5035
1563	1303771255173	1	1.8207	1.0909	0.5035
1564	1303771255192	1	1.8207	1.0909	0.5035
1565	1303771255211	1	1.8207	1.0909	0.5035
1566	1303771255232	1	1.8207	1.0909	0.5035
1567	1303771255252	1	1.8207	1.0909	0.5035
1568	1303771255275	1	1.8207	1.0909	0.5035
1569	1303771255340	1	1.8207	1.0909	0.5035
1570	1303771255362	1	1.8207	1.0909	0.5035
1571	1303771255382	1	1.8207	1.0909	0.5035
1572	1303771255449	1	1.8207	1.0909	0.5035
1573	1303771255469	1	1.8207	1.0909	0.5035
1574	1303771255490	1	1.8207	1.0909	0.5035
1575	1303771255554	1	1.8207	1.0909	0.5035
1576	1303771255619	1	1.8207	1.0909	0.5035
1577	1303771255637	1	1.8207	1.0909	0.5035
1578	1303771255658	1	1.8207	1.0909	0.5035
1579	1303771255679	1	1.8207	1.0909	0.5035
1580	1303771255700	1	1.8207	1.0909	0.5035
1581	1303771255719	1	1.8207	1.0909	0.5035
1582	1303771255784	1	1.8207	1.0909	0.5035
1583	1303771255803	1	1.8207	1.0909	0.5035
1584	1303771255822	1	1.8207	1.0909	0.5035
1585	1303771255842	1	1.8207	1.0909	0.5035
1586	1303771255861	1	1.8207	1.0909	0.5035
1587	1303771255882	1	1.8207	1.0909	0.5035
1588	1303771255938	1	1.8207	1.0909	0.5035
1589	1303771255958	1	1.8207	1.0909	0.5035
1590	1303771256022	1	1.8207	1.0909	0.5035
1591	1303771256043	1	1.8207	1.0909	0.5035
1592	1303771256062	1	1.8207	1.0909	0.5035
1593	1303771256083	1	1.8207	1.0909	0.5035
1594	1303771256103	1	1.8207	1.0909	0.5035
1595	1303771256122	1	1.8207	1.0909	0.5035
1596	1303771256144	1	1.8207	1.0909	0.5035
1597	1303771256163	1	1.8207	1.0909	0.5035
1598	1303771256184	1	1.8207	1.0909	0.5035
1599	1303771256203	1	1.8207	1.0909	0.5035
1600	1303771256224	1	1.8207	1.0909	0.5035
1601	1303771256245	1	1.8207	1.0909	0.5035
1602	1303771256266	1	1.8207	1.0909	0.5035
1603	1303771256284	1	1.8207	1.0909	0.5035
1604	1303771256303	1	1.8207	1.0909	0.5035
1605	1303771256323	1	1.8207	1.0909	0.5035
1606	1303771256343	1	1.8207	1.0909	0.5035
1607	1303771256408	1	1.8207	1.0909	0.5035
1608	1303771256427	1	1.8207	1.0909	0.5035
1609	1303771256447	1	1.8207	1.0909	0.5035
1610	1303771256466	1	1.8207	1.0909	0.5035
1611	1303771256487	1	1.8207	1.0909	0.5035
1612	1303771256505	1	1.8207	1.0909	0.5035
1613	1303771256571	1	1.8207	1.0909	0.5035
1614	1303771256591	1	1.8207	1.0909	0.5035
1615	1303771256612	1	1.8207	1.0909	0.5035
1616	1303771256631	1	1.8207	1.0909	0.5035
1617	1303771256650	1	1.8207	1.0909	0.5035
1618	1303771256671	1	1.8207	1.0909	0.5035
1619	1303771256691	1	1.8207	1.0909	0.5035
1620	1303771256712	1	1.8207	1.0909	0.5035
1621	1303771256731	1	1.8207	1.0909	0.5035
1622	1303771256751	1	1.8207	1.0909	0.5035
1623	1303771256770	1	1.8207	1.0909	0.5035
1624	1303771256790	1	1.8207	1.0909	0.5035
1625	1303771256809	1	1.8207	1.0909	0.5035
1626	1303771256828	1	1.8207	1.0909	0.5035
1627	1303771256849	1	1.8207	1.0909	0.5035
1628	1303771256868	1	1.8207	1.0909	0.5035
1629	1303771256889	1	1.8207	1.0909	0.5035
1630	1303771256908	1	1.8207	1.0909	0.5035
1631	1303771256930	1	1.8207	1.0909	0.5035
1632	1303771256951	1	1.8207	1.0909	0.5035
1633	1303771256973	1	1.8207	1.0909	0.5035
1634	1303771256993	1	1.8207	1.0909	0.5035
1635	1303771257013	1	1.8207	1.0909	0.5035
1636	1303771257032	1	1.8207	1.0909	0.5035
1637	1303771257052	1	1.8207	1.0909	0.5035
1638	1303771257071	1	1.8207	1.0909	0.5035
1639	1303771257090	1	1.8207	1.0909	0.5035
1640	1303771257111	1	1.8207	1.0909	0.5035
1641	1303771257129	1	1.8207	1.0909	0.5035
1642	1303771257150	1	1.8207	1.0909	0.5035
1643	1303771257170	1	1.8207	1.0909	0.5035
1644	1303771257190	1	1.8207	1.0909	0.5035
1645	1303771257210	1	1.8207	1.0909	0.5035
1646	1303771257230	1	1.8207	1.0909	0.5035
1647	1303771257249	1	1.8207	1.0909	0.5035
1648	1303771257267	1	1.8207	1.0909	0.5035
1649	1303771257290	1	1.8207	1.0909	0.5035
1650	1303771257309	1	1.8207	1.0909	0.5035
1651	1303771257332	1	1.8207	1.0909	0.5035
1652	1303771257351	1	1.8207	1.0909	0.5035
1653	1303771257372	1	1.8207	1.0909	0.5035
1654	1303771257391	1	1.8207	1.0909	0.5035
1655	1303771257411	1	1.8207	1.0909	0.5035
1656	1303771257429	1	1.8207	1.0909	0.5035
1657	1303771257449	1	1.8207	1.0909	0.5035
1658	1303771257472	1	1.8207	1.0909	0.5035
1659	1303771257491	1	1.8207	1.0909	0.5035
1660	1303771257512	1	1.8207	1.0909	0.5035
1661	1303771257577	1	1.8207	1.0909	0.5035
1662	1303771257598	1	1.8207	1.0909	0.5035
1663	1303771257618	1	1.8207	1.0909	0.5035
1664	1303771257639	1	1.8207	1.0909	0.5035
1665	1303771257658	1	1.8207	1.0909	0.5035
1666	1303771257678	1	1.8207	1.0909	0.5035
1667	1303771257699	1	1.8207	1.0909	0.5035
1668	1303771257719	1	1.8207	1.0909	0.5035
1669	1303771257739	1	1.8207	1.0909	0.5035
1670	1303771257759	1	1.8207	1.0909	0.5035
1671	1303771257780	1	1.8207	1.0909	0.5035
1672	1303771257800	1	1.8207	1.0909	0.5035
1673	1303771257821	1	1.8207	1.0909	0.5035
1674	1303771257885	1	1.8207	1.0909	0.5035
1675	1303771257906	1	1.8207	1.0909	0.5035
1676	1303771257925	1	1.8207	1.0909	0.5035
1677	1303771257944	1	1.8207	1.0909	0.5035
1678	1303771257964	1	1.8207	1.0909	0.5035
1679	1303771257984	1	1.8207	1.0909	0.5035
1680	1303771258006	1	1.8207	1.0909	0.5035
1681	1303771258026	1	1.8207	1.0909	0.5035
1682	1303771258046	1	1.8207	1.0909	0.5035
1683	1303771258066	1	1.8207	1.0909	0.5035
1684	1303771258087	1	1.8207	1.0909	0.5035
1685	1303771258107	1	1.8207	1.0909	0.5035
1686	1303771258126	1	1.8207	1.0909	0.5035
1687	1303771258191	1	1.0962	1.0909	0.8362
1688	1303771258210	1	1.0962	1.0909	0.8362
1689	1303771258232	1	1.0962	1.0909	0.8362
1690	1303771258251	1	1.0962	1.0909	0.8362
1691	1303771258270	1	1.0962	1.0909	0.8362
1692	1303771258290	1	1.0962	1.0909	0.8362
1693	1303771258356	1	1.0962	1.0909	0.8362
1694	1303771258383	1	1.0962	1.0909	0.8362
1695	1303771258405	1	1.0963	1.0909	0.8362
1696	1303771258425	1	1.0963	1.0909	0.8362
1697	1303771258446	1	1.0963	1.0909	0.8362
1698	1303771258465	1	1.0963	1.0909	0.8362
1699	1303771258532	1	1.0963	1.0909	0.8362
1700	1303771258551	1	1.0963	1.0909	0.8362
1701	1303771258617	1	1.0963	1.0909	0.8362
1702	1303771258681	1	1.0963	1.0909	0.8362
1703	1303771258703	1	1.0963	1.0909	0.8362
1704	1303771258721	1	1.0963	1.0909	0.8362
1705	1303771258740	1	1.0963	1.0909	0.8362
1706	1303771258761	1	1.0963	1.0909	0.8362
1707	1303771258779	1	1.0963	1.0909	0.8362
1708	1303771258800	1	1.0963	1.0909	0.8362
1709	1303771258818	1	1.0963	1.0909	0.8362
1710	1303771258882	1	1.0963	1.0909	0.8362
1711	1303771258901	1	1.0963	1.0909	0.8362
1712	1303771258921	1	1.0963	1.0909	0.8362
1713	1303771258940	1	1.0963	1.0909	0.8362
1714	1303771258960	1	1.0963	1.0909	0.8362
1715	1303771258979	1	1.0963	1.0909	0.8362
1716	1303771258998	1	1.0963	1.0909	0.8362
1717	1303771259019	1	1.0963	1.0909	0.8362
1718	1303771259038	1	1.0963	1.0909	0.8362
1719	1303771259058	1	1.0963	1.0909	0.8362
1720	1303771259077	1	1.0963	1.0909	0.8362
1721	1303771259146	1	1.0963	1.0909	0.8362
1722	1303771259165	1	1.0963	1.0909	0.8362
1723	1303771259186	1	1.0963	1.0909	0.8362
1724	1303771259205	1	1.0963	1.0909	0.8362
1725	1303771259223	1	1.0963	1.0909	0.8362
1726	1303771259243	1	1.0963	1.0909	0.8362
1727	1303771259262	1	1.0963	1.0909	0.8362
1728	1303771259282	1	1.0963	1.0909	0.8362
1729	1303771259301	1	1.0963	1.0909	0.8362
1730	1303771259321	1	1.0963	1.0909	0.8362
1731	1303771259340	1	1.0963	1.0909	0.8362
1732	1303771259360	1	1.0963	1.0909	0.8362
1733	1303771259379	1	1.0963	1.0909	0.8362
1734	1303771259399	1	1.0963	1.0909	0.8362
1735	1303771259419	1	1.0963	1.0909	0.8362
1736	1303771259438	1	1.0963	1.0909	0.8362
1737	1303771259458	1	1.0963	1.0909	0.8362
1738	1303771259521	1	1.0963	1.0909	0.8362
1739	1303771259542	1	1.0963	1.0909	0.8362
1740	1303771259561	1	1.0963	1.0909	0.8362
1741	1303771259581	1	1.0963	1.0909	0.8362
1742	1303771259599	1	1.0963	1.0909	0.8362
1743	1303771259619	1	1.0963	1.0909	0.8362
1744	1303771259638	1	1.0963	1.0909	0.8362
1745	1303771259657	1	1.0963	1.0909	0.8362
1746	1303771259677	1	1.0963	1.0909	0.8362
1747	1303771259696	1	1.0963	1.0909	0.8362
1748	1303771259717	1	1.0963	1.0909	0.8362
1749	1303771259735	1	1.0963	1.0909	0.8362
1750	1303771259755	1	1.0963	1.0909	0.8362
1751	1303771259818	1	1.0963	1.0909	0.8362
1752	1303771259838	1	1.0963	1.0909	0.8362
1753	1303771259859	1	1.0963	1.0909	0.8362
1754	1303771259882	1	1.0963	1.0909	0.8362
1755	1303771259902	1	1.0963	1.0909	0.8362
1756	1303771259924	1	1.0963	1.0909	0.8362
1757	1303771259942	1	1.0966	1.0909	0.8359
1758	1303771259962	1	1.0966	1.0909	0.8359
1759	1303771259983	1	1.0966	1.0909	0.8359
1760	1303771260047	1	1.0966	1.0909	0.8359
1761	1303771260067	1	1.0966	1.0909	0.8359
1762	1303771260086	1	1.0966	1.0909	0.8359
1763	1303771260106	1	1.0966	1.0909	0.8359
1764	1303771260125	1	1.0966	1.0909	0.8359
1765	1303771260144	1	1.0966	1.0909	0.8359
1766	1303771260163	1	1.0966	1.0909	0.8359
1767	1303771260183	1	1.0966	1.0909	0.8359
1768	1303771260202	1	1.0966	1.0909	0.8359
1769	1303771260221	1	1.0966	1.0909	0.8359
1770	1303771260241	1	1.0966	1.0909	0.8359
1771	1303771260260	1	1.0966	1.0909	0.8359
1772	1303771260280	1	1.0966	1.0909	0.8359
1773	1303771260299	1	1.0966	1.0909	0.8359
1774	1303771260319	1	1.0966	1.0909	0.8359
1775	1303771260338	1	1.0966	1.0909	0.8359
1776	1303771260358	1	1.0966	1.0909	0.8359
1777	1303771260377	1	1.0966	1.0909	0.8359
1778	1303771260395	1	1.0966	1.0909	0.8359
1779	1303771260415	1	1.0966	1.0909	0.8359
1780	1303771260435	1	1.0966	1.0909	0.8359
1781	1303771260499	1	1.0966	1.0909	0.8359
1782	1303771260568	1	1.0966	1.0909	0.8359
1783	1303771260589	1	1.0966	1.0909	0.8359
1784	1303771260607	1	1.0966	1.0909	0.8359
1785	1303771260628	1	1.0966	1.0909	0.8359
1786	1303771260647	1	1.0966	1.0909	0.8359
1787	1303771260669	1	1.0966	1.0909	0.8359
1788	1303771260688	1	1.0966	1.0909	0.8359
1789	1303771260708	1	1.0966	1.0909	0.8359
1790	1303771260728	1	1.0966	1.0909	0.8359
1791	1303771260748	1	1.0966	1.0909	0.8359
1792	1303771260769	1	1.0966	1.0909	0.8359
1793	1303771260788	1	1.0966	1.0909	0.8359
1794	1303771260808	1	1.0966	1.0909	0.8359
1795	1303771260827	1	1.0966	1.0909	0.8359
1796	1303771260891	1	1.0966	1.0909	0.8359
1797	1303771260909	1	1.0966	1.0909	0.8359
1798	1303771260928	1	1.0966	1.0909	0.8359
1799	1303771260948	1	1.0966	1.0909	0.8359
1800	1303771260966	1	1.0966	1.0909	0.8359
