0	1303770792982	0	0	0	0
1	1303770792991	0	0	0	0
2	1303770792999	0	0	0	0
3	1303770793008	0	0	0	0
4	1303770793016	0	0	0	0
5	1303770793026	0	0	0	0
6	1303770793036	0	0	0	0
7	1303770793046	0	0	0	0
8	1303770793055	0	0	0	0
9	1303770793064	0	0	0	0
10	1303770793075	0	0	0	0
11	1303770793125	0	0	0	0
12	1303770793136	0	0	0	0
13	1303770793148	0	0	0	0
14	1303770793199	0	0	0	0
15	1303770793210	0	0	0	0
16	1303770793222	0	0	0	0
17	1303770793233	0	0	0	0
18	1303770793245	0	0	0	0
19	1303770793259	0	0	0	0
20	1303770793270	0	0	0	0
21	1303770793284	0	0	0	0
22	1303770793296	0	0	0	0
23	1303770793349	0	0	0	0
24	1303770793361	0	0	0	0
25	1303770793375	0	0	0	0
26	1303770793386	0	0	0	0
27	1303770793398	0	0	0	0
28	1303770793411	0	0	0	0
29	1303770793423	0	0	0	0
30	1303770793437	0	0	0	0
31	1303770793449	0	0	0	0
32	1303770793462	0	0	0	0
33	1303770793475	0	0	0	0
34	1303770793488	0	0	0	0
35	1303770793501	0	0	0	0
36	1303770793513	0	0	0	0
37	1303770793526	0	0	0	0
38	1303770793539	0	0	0	0
39	1303770793552	0	0	0	0
40	1303770793565	0	0	0	0
41	1303770793578	0	0	0	0
42	1303770793591	0	0	0	0
43	1303770793604	0	0	0	0
44	1303770793618	0	0	0	0
45	1303770793631	0	0	0	0
46	1303770793645	0	0	0	0
47	1303770793658	0	0	0	0
48	1303770793672	0	0	0	0
49	1303770793685	0	0	0	0
50	1303770793699	0	0	0	0
51	1303770793712	0	0	0	0
52	1303770793727	0	0	0	0
53	1303770793742	0	0	0	0
54	1303770793756	0	0	0	0
55	1303770793810	0	0	0	0
56	1303770793823	0	0	0	0
57	1303770793838	0	0	0	0
58	1303770793851	0	0	0	0
59	1303770793866	0	0	0	0
60	1303770793889	1	0	0	0
61	1303770793924	1	0	0	0
62	1303770793992	1	1.5686	0	0
63	1303770794051	1	1.5686	0	0
64	1303770794069	1	1.5686	1.5	0.425
65	1303770794084	1	1.5686	0	0
66	1303770794101	1	1.5686	1.5	0.425
67	1303770794115	1	1.5686	1.5	0.425
68	1303770794131	1	1.5686	1.5	0.425
69	1303770794145	1	1.5686	1.5	0.425
70	1303770794160	1	1.5686	1.5	0.425
71	1303770794174	1	1.5686	1.5	0.425
72	1303770794189	1	1.5686	1.3	0.4904
73	1303770794203	1	1.5686	1.4	0.4554
74	1303770794218	1	1.5686	1.3	0.4904
75	1303770794232	1	1.5686	1.4	0.4554
76	1303770794248	1	1.5686	1.4	0.4554
77	1303770794262	1	1.5686	1.4	0.4554
78	1303770794278	1	1.5686	1.4	0.4554
79	1303770794292	1	1.5686	1.3333	0.4781
80	1303770794308	1	1.5686	1.3	0.4904
81	1303770794324	1	1.5686	1.3333	0.4781
82	1303770794338	1	1.5686	1.3571	0.4698
83	1303770794354	1	1.5686	1.2143	0.525
84	1303770794368	1	1.5686	1.1429	0.5578
85	1303770794383	1	1.5686	1.1429	0.5578
86	1303770794397	1	1.5686	1.1429	0.5578
87	1303770794412	1	1.5686	1.2143	0.525
88	1303770794427	1	1.5686	1.2143	0.525
89	1303770794442	1	1.5686	1.2143	0.525
90	1303770794457	1	1.5686	1.2143	0.525
91	1303770794472	1	1.5686	1.2143	0.525
92	1303770794487	1	1.5686	1.2143	0.525
93	1303770794503	1	1.5686	1.2143	0.525
94	1303770794517	1	1.5686	1.2143	0.525
95	1303770794533	1	1.5686	1.2143	0.525
96	1303770794549	1	1.5686	1.2143	0.525
97	1303770794563	1	1.5686	1.2143	0.525
98	1303770794579	1	1.5686	1.25	0.51
99	1303770794594	1	1.5686	1.1875	0.5369
100	1303770794611	1	1.5686	1.125	0.5667
101	1303770794626	1	1.5686	1.125	0.5667
102	1303770794642	1	1.5686	1.1667	0.5464
103	1303770794658	1	1.5686	1.1667	0.5464
104	1303770794673	1	1.5686	1.1667	0.5464
105	1303770794690	1	1.5613	1.1667	0.549
106	1303770794748	1	1.5613	1.1667	0.549
107	1303770794765	1	1.5613	1.1667	0.549
108	1303770794821	1	1.5613	1.1667	0.549
109	1303770794837	1	1.5613	1.1667	0.549
110	1303770794852	1	1.5613	1.1667	0.549
111	1303770794868	1	1.5613	1.1667	0.549
112	1303770794883	1	1.5613	1.1667	0.549
113	1303770794899	1	1.5613	1.1667	0.549
114	1303770794914	1	1.5613	1.1667	0.549
115	1303770794930	1	1.5613	1.1111	0.5764
116	1303770794946	1	1.5613	1.1111	0.5764
117	1303770794961	1	1.5613	1.1111	0.5764
118	1303770794976	1	1.5613	1.1111	0.5764
119	1303770794992	1	1.5613	1.1111	0.5764
120	1303770795008	1	1.5613	1.1111	0.5764
121	1303770795023	1	1.5613	1.1111	0.5764
122	1303770795079	1	1.5613	1.1111	0.5764
123	1303770795096	1	1.5613	1.1111	0.5764
124	1303770795111	1	1.5613	1.1111	0.5764
125	1303770795127	1	1.5613	1.1111	0.5764
126	1303770795142	1	1.5613	1.1111	0.5764
127	1303770795159	1	1.5613	1.1111	0.5764
128	1303770795215	1	1.5613	1.1111	0.5764
129	1303770795231	1	1.5613	1.1111	0.5764
130	1303770795248	1	1.5613	1.1111	0.5764
131	1303770795263	1	1.5613	1.1111	0.5764
132	1303770795280	1	1.5613	1.1111	0.5764
133	1303770795296	1	1.5613	1.1111	0.5764
134	1303770795351	1	1.5613	1.1111	0.5764
135	1303770795408	1	1.5613	1.1111	0.5764
136	1303770795423	1	1.5613	1.1111	0.5764
137	1303770795479	1	1.5613	1.1111	0.5764
138	1303770795495	1	1.5613	1.1111	0.5764
139	1303770795550	1	1.5613	1.1111	0.5764
140	1303770795567	1	1.5613	1.1	0.5823
141	1303770795583	1	1.5613	1.1111	0.5764
142	1303770795599	1	1.5613	1.1111	0.5764
143	1303770795655	1	1.5613	1.1111	0.5764
144	1303770795671	1	1.5613	1.1111	0.5764
145	1303770795687	1	1.5613	1.1	0.5823
146	1303770795744	1	1.5613	1.1	0.5823
147	1303770795798	1	1.5613	1.0909	0.5871
148	1303770795855	1	1.5613	1.0909	0.5871
149	1303770795911	1	1.5613	1.0909	0.5871
150	1303770795967	1	1.5613	1.1	0.5823
151	1303770795983	1	1.5613	1.0909	0.5871
152	1303770796000	1	1.5613	1.1	0.5823
153	1303770796015	1	1.5613	1.0909	0.5871
154	1303770796031	1	1.5613	1.0909	0.5871
155	1303770796086	1	1.5613	1.0909	0.5871
156	1303770796103	1	1.5613	1.0909	0.5871
157	1303770796118	1	1.5613	1.0909	0.5871
158	1303770796134	1	1.5613	1.0909	0.5871
159	1303770796150	1	1.5613	1.0909	0.5871
160	1303770796166	1	1.5613	1.0909	0.5871
161	1303770796182	1	1.5613	1.0909	0.5871
162	1303770796239	1	1.5613	1.0909	0.5871
163	1303770796254	1	1.5613	1.0909	0.5871
164	1303770796271	1	1.5613	1.0909	0.5871
165	1303770796286	1	1.5613	1.0909	0.5871
166	1303770796303	1	1.5591	1.0909	0.588
167	1303770796322	1	1.5591	1.0909	0.588
168	1303770796381	1	1.5591	1.0909	0.588
169	1303770796398	1	1.5591	1.0909	0.588
170	1303770796415	1	1.5591	1.0909	0.588
171	1303770796432	1	1.5591	1.0909	0.588
172	1303770796448	1	1.5591	1.0909	0.588
173	1303770796465	1	1.5591	1.0909	0.588
174	1303770796482	1	1.5591	1.0909	0.588
175	1303770796498	1	1.5591	1.0909	0.588
176	1303770796515	1	1.5591	1.0909	0.588
177	1303770796531	1	1.5591	1.0909	0.588
178	1303770796548	1	1.5591	1.0909	0.588
179	1303770796564	1	1.5591	1.0909	0.588
180	1303770796580	1	1.5591	1.0909	0.588
181	1303770796597	1	1.5591	1.0909	0.588
182	1303770796654	1	2.1137	1.0909	0.4337
183	1303770796671	1	2.1137	1.0909	0.4337
184	1303770796687	1	2.1137	1.0909	0.4337
185	1303770796704	1	2.1137	1.0909	0.4337
186	1303770796720	1	2.1137	1.0909	0.4337
187	1303770796737	1	2.1137	1.0909	0.4337
188	1303770796753	1	2.1137	1.0909	0.4337
189	1303770796769	1	2.1137	1.0909	0.4337
190	1303770796786	1	2.1137	1.0909	0.4337
191	1303770796803	1	2.1137	1.0909	0.4337
192	1303770796819	1	2.1137	1.0909	0.4337
193	1303770796876	1	2.1137	1.0909	0.4337
194	1303770796894	1	2.1137	1.0909	0.4337
195	1303770796911	1	2.1137	1.0909	0.4337
196	1303770796927	1	2.1137	1.0909	0.4337
197	1303770796943	1	2.1137	1.0909	0.4337
198	1303770796959	1	2.1137	1.0909	0.4337
199	1303770796976	1	2.1137	1.0909	0.4337
200	1303770796993	1	2.1137	1.0909	0.4337
201	1303770797009	1	2.1137	1.0909	0.4337
202	1303770797026	1	2.1137	1.0909	0.4337
203	1303770797043	1	2.1137	1.0455	0.4525
204	1303770797059	1	2.1137	1.0909	0.4337
205	1303770797076	1	2.1137	1.0909	0.4337
206	1303770797133	1	2.1137	1.0909	0.4337
207	1303770797149	1	2.1137	1.0455	0.4525
208	1303770797207	1	2.1137	1.0909	0.4337
209	1303770797224	1	2.1137	1.0909	0.4337
210	1303770797241	1	2.1137	1.0909	0.4337
211	1303770797297	1	2.1137	1.0455	0.4525
212	1303770797314	1	2.1137	1.0909	0.4337
213	1303770797332	1	2.1137	1.0909	0.4337
214	1303770797348	1	2.1137	1.0909	0.4337
215	1303770797405	1	2.1137	1.0455	0.4525
216	1303770797423	1	2.1137	1.0909	0.4337
217	1303770797439	1	2.1137	1.0909	0.4337
218	1303770797495	1	2.1137	1.0909	0.4337
219	1303770797512	1	2.1137	1.0455	0.4525
220	1303770797528	1	2.1137	1.0909	0.4337
221	1303770797545	1	2.1137	1.0909	0.4337
222	1303770797563	1	2.1137	1.0909	0.4337
223	1303770797578	1	2.1137	1.0455	0.4525
224	1303770797596	1	2.1137	1.0909	0.4337
225	1303770797653	1	2.1137	1.0909	0.4337
226	1303770797670	1	2.1137	1.0909	0.4337
227	1303770797688	1	2.1137	1.0455	0.4525
228	1303770797716	1	2.1137	1.0909	0.4337
229	1303770797735	1	2.1137	1.0909	0.4337
230	1303770797754	1	2.1137	1.0909	0.4337
231	1303770797771	1	1.6316	1.0455	0.5863
232	1303770797789	1	1.6316	1.0455	0.5863
233	1303770797807	1	1.6316	1.0909	0.5618
234	1303770797825	1	1.6316	1.0909	0.5618
235	1303770797841	1	1.6316	1.0455	0.5863
236	1303770797860	1	1.6316	1.0455	0.5863
237	1303770797878	1	1.6316	1.0909	0.5618
238	1303770797896	1	1.6316	1.0909	0.5618
239	1303770797913	1	1.6316	1.0455	0.5863
240	1303770797931	1	1.6316	1.0455	0.5863
241	1303770797949	1	1.6316	1.0909	0.5618
242	1303770797967	1	1.6316	1.0909	0.5618
243	1303770797985	1	1.6316	1.0455	0.5863
244	1303770798002	1	1.6316	1.0455	0.5863
245	1303770798020	1	1.6316	1.0909	0.5618
246	1303770798038	1	1.6316	1.0909	0.5618
247	1303770798056	1	1.6316	1.0455	0.5863
248	1303770798073	1	1.6316	1.0455	0.5863
249	1303770798091	1	1.6316	1.0909	0.5618
250	1303770798109	1	1.6316	1.0909	0.5618
251	1303770798127	1	1.6316	1.0455	0.5863
252	1303770798143	1	1.6316	1.0455	0.5863
253	1303770798162	1	1.6316	1.0909	0.5618
254	1303770798180	1	1.6316	1.0909	0.5618
255	1303770798197	1	1.6316	1.0455	0.5863
256	1303770798254	1	1.6316	1.0455	0.5863
257	1303770798273	1	1.6316	1.0909	0.5618
258	1303770798291	1	1.6316	1.0909	0.5618
259	1303770798310	1	1.6316	1.0455	0.5863
260	1303770798327	1	1.6316	1.0455	0.5863
261	1303770798345	1	1.6316	1.0909	0.5618
262	1303770798363	1	1.6316	1.0909	0.5618
263	1303770798381	1	1.6316	1.0455	0.5863
264	1303770798399	1	1.6316	1.0455	0.5863
265	1303770798415	1	1.6316	1.0909	0.5618
266	1303770798434	1	1.6316	1.0909	0.5618
267	1303770798492	1	1.7138	1.0455	0.5581
268	1303770798510	1	1.7138	1.0455	0.5581
269	1303770798528	1	1.7138	1.0909	0.5349
270	1303770798546	1	1.7138	1.0909	0.5349
271	1303770798564	1	1.7138	1.0455	0.5581
272	1303770798582	1	1.7138	1.0455	0.5581
273	1303770798599	1	1.7138	1.0909	0.5349
274	1303770798617	1	1.7138	1.0909	0.5349
275	1303770798635	1	1.7138	1.0455	0.5581
276	1303770798653	1	1.7138	1.0455	0.5581
277	1303770798670	1	1.7138	1.0909	0.5349
278	1303770798688	1	1.7138	1.0909	0.5349
279	1303770798706	1	1.7138	1.0455	0.5581
280	1303770798724	1	1.7138	1.0455	0.5581
281	1303770798741	1	1.7138	1.0909	0.5349
282	1303770798759	1	1.7138	1.0909	0.5349
283	1303770798777	1	1.7138	1.0455	0.5581
284	1303770798795	1	1.7138	1.0455	0.5581
285	1303770798812	1	1.7138	1.0455	0.5581
286	1303770798870	1	1.7138	1.0909	0.5349
287	1303770798929	1	1.7138	1.0455	0.5581
288	1303770798987	1	1.7138	1.0455	0.5581
289	1303770799047	1	1.6828	1.0455	0.5684
290	1303770799106	1	1.6828	1.0909	0.5447
291	1303770799122	1	1.6828	1.0455	0.5684
292	1303770799140	1	1.6828	1.0455	0.5684
293	1303770799157	1	1.6828	1.0455	0.5684
294	1303770799173	1	1.6828	1.0909	0.5447
295	1303770799190	1	1.6828	1.0455	0.5684
296	1303770799207	1	1.6828	1.0455	0.5684
297	1303770799222	1	1.6828	1.0455	0.5684
298	1303770799239	1	1.6828	1.0909	0.5447
299	1303770799295	1	1.6828	1.0455	0.5684
300	1303770799313	1	1.6828	1.0455	0.5684
301	1303770799330	1	1.6828	1.0455	0.5684
302	1303770799345	1	1.6828	1.0909	0.5447
303	1303770799362	1	1.6828	1.0455	0.5684
304	1303770799379	1	1.6828	1.0455	0.5684
305	1303770799394	1	1.6828	1.0455	0.5684
306	1303770799452	1	2.1108	1.0909	0.4343
307	1303770799468	1	2.1108	1.0455	0.4532
308	1303770799484	1	2.1108	1	0.4738
309	1303770799501	1	2.1108	1.0455	0.4532
310	1303770799517	1	2.1108	1.0909	0.4343
311	1303770799534	1	2.1108	1.0455	0.4532
312	1303770799551	1	2.1108	1	0.4738
313	1303770799567	1	2.1108	1.0455	0.4532
314	1303770799624	1	2.1108	1.0909	0.4343
315	1303770799641	1	2.1108	1.0455	0.4532
316	1303770799657	1	2.1108	1	0.4738
317	1303770799674	1	2.1108	1.0455	0.4532
318	1303770799730	1	2.1108	1.0909	0.4343
319	1303770799746	1	2.1108	1.0455	0.4532
320	1303770799763	1	2.1108	1	0.4738
321	1303770799779	1	2.1108	1.0455	0.4532
322	1303770799796	1	2.1108	1.0909	0.4343
323	1303770799812	1	2.1108	1.0455	0.4532
324	1303770799828	1	2.1108	1	0.4738
325	1303770799845	1	2.1108	1.0455	0.4532
326	1303770799860	1	2.1108	1.0909	0.4343
327	1303770799877	1	2.1108	1.0455	0.4532
328	1303770799894	1	2.1108	1	0.4738
329	1303770799909	1	2.1108	1.0455	0.4532
330	1303770799926	1	2.1108	1.0909	0.4343
331	1303770799942	1	2.1108	1.0455	0.4532
332	1303770799959	1	2.1108	1	0.4738
333	1303770799975	1	2.1108	1.0455	0.4532
334	1303770799991	1	2.1108	1.0909	0.4343
335	1303770800007	1	2.1108	1.0455	0.4532
336	1303770800024	1	2.1108	1	0.4738
337	1303770800039	1	2.1108	1.0455	0.4532
338	1303770800056	1	2.1108	1.0909	0.4343
339	1303770800072	1	2.1108	1.0455	0.4532
340	1303770800088	1	2.1108	1	0.4738
341	1303770800105	1	2.1108	1.0455	0.4532
342	1303770800121	1	2.1108	1.0909	0.4343
343	1303770800138	1	2.1108	1.0455	0.4532
344	1303770800153	1	2.1108	1	0.4738
345	1303770800170	1	2.1108	1.0455	0.4532
346	1303770800187	1	2.1108	1.0909	0.4343
347	1303770800242	1	2.1108	1.0455	0.4532
348	1303770800259	1	2.1108	1	0.4738
349	1303770800277	1	2.1108	1.0455	0.4532
350	1303770800294	1	2.1108	1.0909	0.4343
351	1303770800312	1	2.1108	1.0455	0.4532
352	1303770800329	1	2.1108	1	0.4738
353	1303770800345	1	2.1235	1.0455	0.4505
354	1303770800362	1	2.1235	1.0909	0.4317
355	1303770800378	1	2.1235	1.0455	0.4505
356	1303770800394	1	2.1235	1	0.4709
357	1303770800411	1	2.1235	1.0455	0.4505
358	1303770800426	1	2.1235	1.0909	0.4317
359	1303770800483	1	2.1235	1.0455	0.4505
360	1303770800540	1	2.1235	1	0.4709
361	1303770800556	1	2.1235	1.0455	0.4505
362	1303770800573	1	2.1235	1.0909	0.4317
363	1303770800590	1	2.1235	1.0455	0.4505
364	1303770800606	1	2.1235	1	0.4709
365	1303770800663	1	2.1235	1.0455	0.4505
366	1303770800680	1	2.1235	1.0909	0.4317
367	1303770800736	1	2.1235	1.0455	0.4505
368	1303770800753	1	2.1235	1	0.4709
369	1303770800770	1	2.1235	1.0455	0.4505
370	1303770800785	1	2.1235	1.0909	0.4317
371	1303770800802	1	2.1235	1.0455	0.4505
372	1303770800817	1	2.1235	1	0.4709
373	1303770800834	1	2.1235	1.0455	0.4505
374	1303770800851	1	2.1235	1.0909	0.4317
375	1303770800866	1	2.1235	1.0455	0.4505
376	1303770800883	1	2.1235	1	0.4709
377	1303770800899	1	2.1235	1.0455	0.4505
378	1303770800916	1	2.1235	1.0909	0.4317
379	1303770800932	1	2.1235	1.0455	0.4505
380	1303770800988	1	2.1235	1	0.4709
381	1303770801006	1	2.1235	1.0455	0.4505
382	1303770801022	1	2.1235	1.0909	0.4317
383	1303770801038	1	2.1235	1.0455	0.4505
384	1303770801055	1	2.1235	1	0.4709
385	1303770801070	1	2.1235	1.0455	0.4505
386	1303770801087	1	2.1235	1.0909	0.4317
387	1303770801104	1	2.1235	1.0455	0.4505
388	1303770801160	1	2.1235	1	0.4709
389	1303770801177	1	2.1235	1.0455	0.4505
390	1303770801194	1	2.1235	1.0909	0.4317
391	1303770801250	1	2.1235	1.0455	0.4505
392	1303770801307	1	1.9029	1	0.5255
393	1303770801325	1	1.9029	1.0455	0.5027
394	1303770801380	1	1.9029	1.0909	0.4817
395	1303770801397	1	1.9029	1.0455	0.5027
396	1303770801414	1	1.9029	1	0.5255
397	1303770801429	1	1.9029	1.0455	0.5027
398	1303770801446	1	1.9029	1.0909	0.4817
399	1303770801461	1	1.9029	1.0455	0.5027
400	1303770801478	1	1.9029	1	0.5255
401	1303770801494	1	1.9029	1.0455	0.5027
402	1303770801510	1	1.9029	1.0909	0.4817
403	1303770801526	1	1.9029	1.0455	0.5027
404	1303770801542	1	1.9029	1	0.5255
405	1303770801559	1	1.9029	1.0455	0.5027
406	1303770801575	1	1.9029	1.0909	0.4817
407	1303770801591	1	1.9029	1.0455	0.5027
408	1303770801607	1	1.9029	1	0.5255
409	1303770801624	1	1.9029	1.0455	0.5027
410	1303770801640	1	1.9029	1.0909	0.4817
411	1303770801658	1	1.9029	1.0455	0.5027
412	1303770801676	1	1.903	1	0.5255
413	1303770801693	1	1.903	1.0455	0.5026
414	1303770801711	1	1.903	1.0909	0.4817
415	1303770801728	1	1.903	1.0455	0.5026
416	1303770801743	1	1.903	1	0.5255
417	1303770801760	1	1.903	1.0455	0.5026
418	1303770801777	1	1.903	1.0909	0.4817
419	1303770801793	1	1.903	1	0.5255
420	1303770801850	1	1.903	1	0.5255
421	1303770801867	1	1.903	1.0909	0.4817
422	1303770801923	1	1.903	1.0909	0.4817
423	1303770801940	1	1.903	1	0.5255
424	1303770801956	1	1.903	1	0.5255
425	1303770801972	1	1.903	1.0909	0.4817
426	1303770802030	1	1.903	1.0909	0.4817
427	1303770802045	1	1.903	1	0.5255
428	1303770802062	1	1.903	1	0.5255
429	1303770802078	1	1.903	1.0909	0.4817
430	1303770802094	1	1.903	1.0909	0.4817
431	1303770802110	1	1.903	1	0.5255
432	1303770802126	1	1.903	1	0.5255
433	1303770802143	1	1.903	1.0909	0.4817
434	1303770802160	1	1.903	1.0909	0.4817
435	1303770802176	1	1.903	1	0.5255
436	1303770802193	1	1.903	1	0.5255
437	1303770802249	1	1.903	1.0909	0.4817
438	1303770802265	1	1.903	1.0909	0.4817
439	1303770802282	1	1.903	1	0.5255
440	1303770802299	1	1.903	1	0.5255
441	1303770802315	1	1.903	1.0909	0.4817
442	1303770802331	1	1.903	1.0909	0.4817
443	1303770802347	1	1.903	1	0.5255
444	1303770802444	1	1.903	1	0.5255
445	1303770802467	1	1.903	1.0909	0.4817
446	1303770802483	1	1.903	1.0909	0.4817
447	1303770802500	1	1.903	1	0.5255
448	1303770802516	1	1.903	1	0.5255
449	1303770802533	1	1.903	1.0909	0.4817
450	1303770802550	1	1.903	1.0909	0.4817
451	1303770802565	1	1.903	1	0.5255
452	1303770802622	1	1.903	1	0.5255
453	1303770802639	1	1.903	1.0909	0.4817
454	1303770802654	1	1.903	1.0909	0.4817
455	1303770802671	1	1.903	1	0.5255
456	1303770802687	1	1.903	1	0.5255
457	1303770802703	1	1.903	1.0909	0.4817
458	1303770802760	1	2.4641	1.0909	0.372
459	1303770802776	1	2.4641	1	0.4058
460	1303770802793	1	2.4641	1	0.4058
461	1303770802810	1	2.4641	1.0909	0.372
462	1303770802826	1	2.4641	1.0909	0.372
463	1303770802860	1	2.4641	1	0.4058
464	1303770802882	1	2.4641	1	0.4058
465	1303770802904	1	2.4641	1.0909	0.372
466	1303770802928	1	2.4641	1.0909	0.372
467	1303770802965	1	2.4641	1	0.4058
468	1303770802982	1	2.4641	1	0.4058
469	1303770802999	1	2.4641	1.0909	0.372
470	1303770803015	1	2.4641	1.0909	0.372
471	1303770803050	1	2.4641	1	0.4058
472	1303770803068	1	2.461	1	0.4063
473	1303770803086	1	2.461	1.0909	0.3725
474	1303770803207	1	2.461	1.0909	0.3725
475	1303770803315	1	2.461	1	0.4063
476	1303770803371	1	2.1878	1	0.4571
477	1303770803388	1	2.1878	1.0909	0.419
478	1303770803405	1	2.1878	1.0455	0.4372
479	1303770803421	1	2.1878	1	0.4571
480	1303770803437	1	2.1878	1.0455	0.4372
481	1303770803453	1	2.1878	1.0455	0.4372
482	1303770803470	1	2.1878	1.0455	0.4372
483	1303770803486	1	2.1878	1.0455	0.4372
484	1303770803502	1	2.1878	1.0455	0.4372
485	1303770803519	1	2.1878	1.0455	0.4372
486	1303770803534	1	2.1878	1.0455	0.4372
487	1303770803551	1	2.1878	1.0455	0.4372
488	1303770803567	1	2.1878	1	0.4571
489	1303770803583	1	2.1878	1.0455	0.4372
490	1303770803600	1	2.1878	1.0909	0.419
491	1303770803616	1	2.1878	1.0455	0.4372
492	1303770803672	1	2.1878	1	0.4571
493	1303770803688	1	2.1878	1.0455	0.4372
494	1303770803704	1	2.1878	1.0909	0.419
495	1303770803721	1	2.1878	1	0.4571
496	1303770803737	1	2.1878	1	0.4571
497	1303770803753	1	2.1878	1.0909	0.419
498	1303770803769	1	2.1878	1.0909	0.419
499	1303770803786	1	2.1878	1	0.4571
500	1303770803802	1	2.1878	1	0.4571
501	1303770803819	1	2.1878	1.0909	0.419
502	1303770803835	1	2.1878	1.0455	0.4372
503	1303770803851	1	2.1878	1	0.4571
504	1303770803868	1	2.1878	1.0455	0.4372
505	1303770803883	1	2.1878	1.0909	0.419
506	1303770803900	1	2.1878	1.0455	0.4372
507	1303770803915	1	2.1878	1	0.4571
508	1303770803932	1	2.1878	1.0455	0.4372
509	1303770803949	1	2.1878	1.0909	0.419
510	1303770804005	1	2.1878	1.0455	0.4372
511	1303770804022	1	2.1878	1	0.4571
512	1303770804039	1	2.1878	1.0455	0.4372
513	1303770804054	1	2.1878	1.0455	0.4372
514	1303770804071	1	2.1878	1.0455	0.4372
515	1303770804086	1	2.1878	1.0455	0.4372
516	1303770804102	1	2.1878	1.0455	0.4372
517	1303770804119	1	2.1878	1.0455	0.4372
518	1303770804135	1	2.1878	1.0455	0.4372
519	1303770804151	1	2.1878	1.0455	0.4372
520	1303770804208	1	2.1878	1.0455	0.4372
521	1303770804223	1	2.1878	1.0455	0.4372
522	1303770804240	1	2.1878	1.0455	0.4372
523	1303770804255	1	2.1878	1.0455	0.4372
524	1303770804272	1	2.1878	1	0.4571
525	1303770804289	1	2.1878	1.0455	0.4372
526	1303770804305	1	2.1878	1.0909	0.419
527	1303770804321	1	2.1878	1.0455	0.4372
528	1303770804337	1	2.1878	1	0.4571
529	1303770804394	1	2.1878	1.0455	0.4372
530	1303770804411	1	2.1878	1.0909	0.419
531	1303770804427	1	2.1878	1.0455	0.4372
532	1303770804444	1	2.1878	1	0.4571
533	1303770804463	1	2.1878	1.0455	0.4372
534	1303770804479	1	2.1878	1.0909	0.419
535	1303770804496	1	2.1878	1	0.4571
536	1303770804513	1	2.1893	1	0.4568
537	1303770804529	1	2.1893	1.0909	0.4187
538	1303770804546	1	2.1893	1.0909	0.4187
539	1303770804563	1	2.1893	1	0.4568
540	1303770804579	1	2.1893	1	0.4568
541	1303770804595	1	2.1893	1.0909	0.4187
542	1303770804611	1	2.1893	1.0909	0.4187
543	1303770804628	1	2.1893	1.0455	0.4369
544	1303770804685	1	2.1893	1	0.4568
545	1303770804701	1	2.1893	1.0455	0.4369
546	1303770804718	1	2.1893	1.0909	0.4187
547	1303770804735	1	2.1893	1.0455	0.4369
548	1303770804751	1	2.1893	1	0.4568
549	1303770804768	1	2.1893	1.0455	0.4369
550	1303770804784	1	2.1893	1.0909	0.4187
551	1303770804801	1	2.1893	1	0.4568
552	1303770804818	1	2.1893	1	0.4568
553	1303770804833	1	2.1893	1.0909	0.4187
554	1303770804850	1	2.1893	1.0909	0.4187
555	1303770804867	1	2.1893	1	0.4568
556	1303770804883	1	2.1893	1	0.4568
557	1303770804940	1	2.1893	1.0909	0.4187
558	1303770804957	1	2.1893	1.0455	0.4369
559	1303770804972	1	2.1893	1	0.4568
560	1303770804989	1	2.1893	1.0455	0.4369
561	1303770805044	1	2.1893	1.0909	0.4187
562	1303770805101	1	2.1893	1.0455	0.4369
563	1303770805118	1	2.1893	1	0.4568
564	1303770805133	1	2.1893	1.0455	0.4369
565	1303770805150	1	2.1893	1.0909	0.4187
566	1303770805166	1	2.1893	1.0455	0.4369
567	1303770805182	1	2.1893	1	0.4568
568	1303770805239	1	2.1893	1.0455	0.4369
569	1303770805256	1	2.1893	1.0455	0.4369
570	1303770805312	1	2.1893	1.0455	0.4369
571	1303770805329	1	2.1893	1.0455	0.4369
572	1303770805387	1	2.1893	1.0455	0.4369
573	1303770805402	1	2.1893	1.0455	0.4369
574	1303770805419	1	2.1893	1.0455	0.4369
575	1303770805435	1	2.1893	1.0455	0.4369
576	1303770805452	1	2.1893	1.0455	0.4369
577	1303770805469	1	2.1893	1.0455	0.4369
578	1303770805484	1	2.1893	1.0455	0.4369
579	1303770805501	1	2.1893	1.0455	0.4369
580	1303770805518	1	2.1893	1	0.4568
581	1303770805533	1	2.1893	1.0455	0.4369
582	1303770805550	1	2.1893	1.0909	0.4187
583	1303770805566	1	2.1893	1.0455	0.4369
584	1303770805582	1	2.1893	1	0.4568
585	1303770805599	1	2.1893	1.0455	0.4369
586	1303770805615	1	2.1893	1.0909	0.4187
587	1303770805632	1	2.1893	1.0455	0.4369
588	1303770805649	1	2.1893	1	0.4568
589	1303770805665	1	2.1893	1.0455	0.4369
590	1303770805681	1	2.1893	1.0909	0.4187
591	1303770805697	1	2.1893	1	0.4568
592	1303770805714	1	2.1893	1	0.4568
593	1303770805731	1	2.1893	1.0909	0.4187
594	1303770805789	1	2.1893	1.0909	0.4187
595	1303770805807	1	2.1893	1	0.4568
596	1303770805825	1	2.1893	1	0.4568
597	1303770805842	1	2.1904	1.0909	0.4185
598	1303770805859	1	2.1904	1.0909	0.4185
599	1303770805917	1	2.1904	1	0.4565
600	1303770805935	1	2.1904	1	0.4565
601	1303770805951	1	2.1904	1.0909	0.4185
602	1303770805969	1	2.1904	1.0455	0.4367
603	1303770805986	1	2.1904	1	0.4565
604	1303770806004	1	2.1904	1.0455	0.4367
605	1303770806020	1	2.1904	1.0909	0.4185
606	1303770806038	1	2.1904	1.0455	0.4367
607	1303770806056	1	2.1904	1	0.4565
608	1303770806072	1	2.1904	1.0455	0.4367
609	1303770806090	1	2.1904	1.0909	0.4185
610	1303770806108	1	2.1904	1.0455	0.4367
611	1303770806125	1	2.1904	1	0.4565
612	1303770806142	1	2.1904	1.0455	0.4367
613	1303770806159	1	2.1904	1.0455	0.4367
614	1303770806177	1	2.1904	1.0455	0.4367
615	1303770806193	1	2.1904	1.0455	0.4367
616	1303770806211	1	2.1904	1.0455	0.4367
617	1303770806228	1	2.1904	1.0455	0.4367
618	1303770806281	1	2.1904	1.0455	0.4367
619	1303770806298	1	2.1904	1.0455	0.4367
620	1303770806435	1	2.1904	1.0455	0.4367
621	1303770806453	1	2.1904	1.0455	0.4367
622	1303770806469	1	2.1904	1.0455	0.4367
623	1303770806487	1	2.1904	1.0455	0.4367
624	1303770806505	1	2.1904	1	0.4565
625	1303770806522	1	2.1904	1.0455	0.4367
626	1303770806539	1	2.1904	1.0909	0.4185
627	1303770806556	1	2.1904	1.0455	0.4367
628	1303770806574	1	2.1904	1	0.4565
629	1303770806631	1	2.1904	1.0455	0.4367
630	1303770806648	1	2.1904	1.0909	0.4185
631	1303770806666	1	2.1904	1.0455	0.4367
632	1303770806684	1	2.1904	1	0.4565
633	1303770806700	1	2.1904	1.0455	0.4367
634	1303770806718	1	2.1904	1.0909	0.4185
635	1303770806806	1	2.1904	1	0.4565
636	1303770806823	1	2.1904	1	0.4565
637	1303770806840	1	2.1904	1.0909	0.4185
638	1303770806857	1	2.1904	1.0909	0.4185
639	1303770806874	1	2.1904	1	0.4565
640	1303770806891	1	2.1904	1	0.4565
641	1303770806948	1	2.1904	1.0909	0.4185
642	1303770806967	1	2.1904	1.0909	0.4185
643	1303770806984	1	2.1904	1	0.4565
644	1303770807041	1	2.1904	1	0.4565
645	1303770807059	1	2.1904	1.0909	0.4185
646	1303770807076	1	2.1904	1.0455	0.4367
647	1303770807094	1	2.1904	1	0.4565
648	1303770807111	1	2.1904	1.0455	0.4367
649	1303770807128	1	2.1904	1.0909	0.4185
650	1303770807146	1	2.1904	1.0455	0.4367
651	1303770807203	1	2.1904	1	0.4565
652	1303770807221	1	2.1904	1.0455	0.4367
653	1303770807239	1	2.1904	1.0909	0.4185
654	1303770807258	1	2.1904	1.0455	0.4367
655	1303770807315	1	2.1904	1	0.4565
656	1303770807334	1	2.1904	1.0455	0.4367
657	1303770807352	1	2.1904	1.0455	0.4367
658	1303770807370	1	2.1917	1.0455	0.4364
659	1303770807386	1	2.1917	1.0455	0.4364
660	1303770807404	1	2.1917	1.0455	0.4364
661	1303770807422	1	2.1917	1.0455	0.4364
662	1303770807554	1	2.1917	1.0455	0.4364
663	1303770807645	1	2.1917	1.0455	0.4364
664	1303770807664	1	2.1917	1.0455	0.4364
665	1303770807722	1	2.1917	1.0455	0.4364
666	1303770807738	1	2.1917	1.0455	0.4364
667	1303770807756	1	2.1917	1.0455	0.4364
668	1303770807774	1	2.1917	1	0.4563
669	1303770807812	1	2.1917	1.0455	0.4364
670	1303770807830	1	2.1917	1.0909	0.4183
671	1303770807847	1	2.1917	1.0455	0.4364
672	1303770807864	1	2.1917	1	0.4563
673	1303770807937	1	2.1917	1.0455	0.4364
674	1303770807955	1	2.1917	1.0909	0.4183
675	1303770807973	1	2.1917	1.0455	0.4364
676	1303770808030	1	2.1917	1	0.4563
677	1303770808047	1	2.1917	1.0455	0.4364
678	1303770808065	1	2.1917	1.0909	0.4183
679	1303770808083	1	2.1917	1	0.4563
680	1303770808140	1	2.1917	1	0.4563
681	1303770808159	1	2.1917	1.0909	0.4183
682	1303770808176	1	2.1917	1.0909	0.4183
683	1303770808194	1	2.1917	1	0.4563
684	1303770808210	1	2.1917	1	0.4563
685	1303770808228	1	2.1917	1.0909	0.4183
686	1303770808245	1	2.1917	1.0909	0.4183
687	1303770808262	1	2.1917	1	0.4563
688	1303770808279	1	2.1917	1	0.4563
689	1303770808313	1	2.1917	1.0909	0.4183
690	1303770808329	1	2.1917	1.0455	0.4364
691	1303770808347	1	2.1917	1	0.4563
692	1303770808365	1	2.1917	1.0455	0.4364
693	1303770808383	1	2.1917	1.0909	0.4183
694	1303770808399	1	2.1917	1.0455	0.4364
695	1303770808417	1	2.1917	1	0.4563
696	1303770808435	1	2.1917	1.0455	0.4364
697	1303770808451	1	2.1917	1.0909	0.4183
698	1303770808469	1	2.1917	1.0455	0.4364
699	1303770808527	1	2.1917	1	0.4563
700	1303770808549	1	2.1917	1.0455	0.4364
701	1303770808565	1	2.1917	1.0455	0.4364
702	1303770808583	1	2.1917	1.0455	0.4364
703	1303770808617	1	2.1917	1.0455	0.4364
704	1303770808634	1	2.1917	1.0455	0.4364
705	1303770808651	1	2.1917	1.0455	0.4364
706	1303770808669	1	2.1917	1.0455	0.4364
707	1303770808685	1	2.1917	1.0455	0.4364
708	1303770808703	1	2.1917	1.0455	0.4364
709	1303770808764	1	2.1917	1.0455	0.4364
710	1303770808782	1	2.1917	1.0455	0.4364
711	1303770808798	1	2.1917	1.0455	0.4364
712	1303770808816	1	2.1917	1	0.4563
713	1303770808834	1	2.1917	1.0455	0.4364
714	1303770808850	1	2.1917	1.0909	0.4183
715	1303770808868	1	2.1917	1.0455	0.4364
716	1303770808887	1	2.1917	1	0.4563
717	1303770808905	1	2.1917	1.0455	0.4364
718	1303770808922	1	2.1917	1.0909	0.4183
719	1303770808940	1	2.1917	1.0455	0.4364
720	1303770808958	1	2.1917	1	0.4563
721	1303770808974	1	2.1917	1.0455	0.4364
722	1303770808992	1	2.1917	1.0909	0.4183
723	1303770809010	1	2.1917	1	0.4563
724	1303770809027	1	2.1917	1	0.4563
725	1303770809045	1	2.1917	1.0909	0.4183
726	1303770809063	1	2.1917	1.0909	0.4183
727	1303770809080	1	2.1917	1	0.4563
728	1303770809097	1	2.1917	1	0.4563
729	1303770809155	1	2.1917	1.0909	0.4183
730	1303770809342	1	2.1917	1.0909	0.4183
731	1303770809359	1	2.1917	1	0.4563
732	1303770809376	1	2.1917	1	0.4563
733	1303770809394	1	2.1917	1.0909	0.4183
734	1303770809412	1	2.1917	1.0455	0.4364
735	1303770809429	1	2.1917	1	0.4563
736	1303770809446	1	2.1917	1.0455	0.4364
737	1303770809464	1	2.1917	1.0909	0.4183
738	1303770809481	1	2.1917	1.0455	0.4364
739	1303770809499	1	2.1917	1	0.4563
740	1303770809557	1	2.1917	1.0455	0.4364
741	1303770809576	1	2.1917	1.0909	0.4183
742	1303770809592	1	2.1917	1.0455	0.4364
743	1303770809610	1	2.1917	1	0.4563
744	1303770809629	1	2.1917	1.0455	0.4364
745	1303770809645	1	2.1917	1.0455	0.4364
746	1303770809663	1	2.1917	1.0455	0.4364
747	1303770809681	1	2.1917	1.0455	0.4364
748	1303770809697	1	2.1917	1.0455	0.4364
749	1303770809715	1	2.1917	1.0455	0.4364
750	1303770809733	1	2.1917	1.0455	0.4364
751	1303770809751	1	2.1917	1.0455	0.4364
752	1303770809768	1	2.1917	1.0455	0.4364
753	1303770809786	1	2.1917	1.0455	0.4364
754	1303770809803	1	2.1917	1.0455	0.4364
755	1303770809820	1	2.1917	1.0455	0.4364
756	1303770809838	1	2.1917	1	0.4563
757	1303770809855	1	2.1917	1.0455	0.4364
758	1303770809872	1	2.1917	1.0909	0.4183
759	1303770809889	1	2.1917	1.0455	0.4364
760	1303770809907	1	2.1917	1	0.4563
761	1303770809925	1	2.1917	1.0455	0.4364
762	1303770809942	1	2.1917	1.0909	0.4183
763	1303770809959	1	2.1917	1.0455	0.4364
764	1303770809977	1	2.1917	1	0.4563
765	1303770809994	1	2.1917	1.0455	0.4364
766	1303770810011	1	2.1917	1.0909	0.4183
767	1303770810070	1	2.1917	1	0.4563
768	1303770810087	1	2.1917	1	0.4563
769	1303770810104	1	2.1917	1.0909	0.4183
770	1303770810122	1	2.1917	1.0909	0.4183
771	1303770810141	1	2.1917	1	0.4563
772	1303770810157	1	2.1917	1	0.4563
773	1303770810175	1	2.1917	1.0909	0.4183
774	1303770810192	1	2.1917	1.0909	0.4183
775	1303770810209	1	2.1917	1	0.4563
776	1303770810227	1	2.1917	1	0.4563
777	1303770810245	1	2.1917	1.0909	0.4183
778	1303770810262	1	2.1917	1.0455	0.4364
779	1303770810320	1	2.1917	1	0.4563
780	1303770810339	1	2.1917	1.0455	0.4364
781	1303770810397	1	2.1917	1.0909	0.4183
782	1303770810414	1	2.1917	1.0455	0.4364
783	1303770810432	1	2.1917	1	0.4563
784	1303770810450	1	2.1917	1.0455	0.4364
785	1303770810468	1	2.1917	1.0909	0.4183
786	1303770810485	1	2.1917	1.0455	0.4364
787	1303770810503	1	2.1917	1	0.4563
788	1303770810521	1	2.1917	1.0455	0.4364
789	1303770810538	1	2.1917	1.0455	0.4364
790	1303770810596	1	2.1917	1.0455	0.4364
791	1303770810653	1	2.1917	1.0455	0.4364
792	1303770810671	1	2.1917	1.0455	0.4364
793	1303770810688	1	2.1917	1.0455	0.4364
794	1303770810706	1	2.1917	1.0455	0.4364
795	1303770810725	1	2.1917	1.0455	0.4364
796	1303770810742	1	2.1917	1.0455	0.4364
797	1303770810787	1	2.1917	1.0455	0.4364
798	1303770810805	1	2.1917	1.0455	0.4364
799	1303770810823	1	2.1917	1.0455	0.4364
800	1303770810840	1	2.1917	1	0.4563
801	1303770810858	1	2.1917	1.0455	0.4364
802	1303770810916	1	2.1917	1.0909	0.4183
803	1303770810974	1	2.1917	1.0455	0.4364
804	1303770810991	1	2.1917	1	0.4563
805	1303770811008	1	2.1917	1.0455	0.4364
806	1303770811027	1	2.1917	1.0909	0.4183
807	1303770811044	1	2.1917	1.0455	0.4364
808	1303770811061	1	2.1917	1	0.4563
809	1303770811079	1	2.1917	1.0455	0.4364
810	1303770811096	1	2.1917	1.0909	0.4183
811	1303770811114	1	2.1917	1	0.4563
812	1303770811132	1	2.1917	1	0.4563
813	1303770811150	1	2.1917	1.0909	0.4183
814	1303770811167	1	2.1917	1.0909	0.4183
815	1303770811185	1	2.1917	1	0.4563
816	1303770811203	1	2.1917	1	0.4563
817	1303770811219	1	2.1917	1.0909	0.4183
818	1303770811238	1	2.1917	1.0909	0.4183
819	1303770811296	1	2.1917	1	0.4563
820	1303770811315	1	2.1917	1	0.4563
821	1303770811332	1	2.1917	1.0909	0.4183
822	1303770811350	1	2.1917	1.0455	0.4364
823	1303770811368	1	2.1917	1	0.4563
824	1303770811426	1	2.1917	1.0455	0.4364
825	1303770811444	1	2.1917	1.0909	0.4183
826	1303770811462	1	2.1917	1.0455	0.4364
827	1303770811480	1	2.1917	1	0.4563
828	1303770811497	1	2.1917	1.0455	0.4364
829	1303770811515	1	2.1917	1.0909	0.4183
830	1303770811533	1	2.1917	1.0455	0.4364
831	1303770811550	1	2.1917	1	0.4563
832	1303770811568	1	2.1917	1.0455	0.4364
833	1303770811586	1	2.1917	1.0455	0.4364
834	1303770811645	1	2.1917	1.0455	0.4364
835	1303770811662	1	2.1917	1.0455	0.4364
836	1303770811680	1	2.1917	1.0455	0.4364
837	1303770811698	1	2.1917	1.0455	0.4364
838	1303770811716	1	2.1917	1.0455	0.4364
839	1303770811742	1	2.1917	1.0455	0.4364
840	1303770811760	1	2.1917	1.0455	0.4364
841	1303770811778	1	2.1917	1.0455	0.4364
842	1303770811795	1	2.1917	1.0455	0.4364
843	1303770811813	1	2.1917	1.0455	0.4364
844	1303770811831	1	2.1917	1	0.4563
845	1303770811848	1	2.1917	1.0455	0.4364
846	1303770811866	1	2.1917	1.0909	0.4183
847	1303770811884	1	2.1917	1.0455	0.4364
848	1303770811901	1	2.1917	1	0.4563
849	1303770811919	1	2.1917	1.0455	0.4364
850	1303770811937	1	2.1917	1.0909	0.4183
851	1303770811955	1	2.1917	1.0455	0.4364
852	1303770811972	1	2.1917	1	0.4563
853	1303770811990	1	2.1917	1.0455	0.4364
854	1303770812037	1	2.1917	1.0909	0.4183
855	1303770812054	1	2.1917	1	0.4563
856	1303770812072	1	2.1917	1	0.4563
857	1303770812090	1	2.1917	1.0909	0.4183
858	1303770812107	1	2.1917	1.0909	0.4183
859	1303770812178	1	2.1917	1	0.4563
860	1303770812210	1	2.1917	1	0.4563
861	1303770812229	1	2.1917	1.0909	0.4183
862	1303770812246	1	2.1917	1.0909	0.4183
863	1303770812264	1	2.1917	1	0.4563
864	1303770812282	1	2.1917	1	0.4563
865	1303770812300	1	2.1917	1.0909	0.4183
866	1303770812317	1	2.1917	1.0455	0.4364
867	1303770812335	1	2.1917	1	0.4563
868	1303770812353	1	2.1917	1.0455	0.4364
869	1303770812370	1	2.1917	1.0909	0.4183
870	1303770812388	1	2.1917	1.0455	0.4364
871	1303770812406	1	2.1917	1	0.4563
872	1303770812423	1	2.1917	1.0455	0.4364
873	1303770812441	1	2.1917	1.0909	0.4183
874	1303770812459	1	2.1917	1.0455	0.4364
875	1303770812475	1	2.1917	1	0.4563
876	1303770812493	1	2.1917	1.0909	0.4183
877	1303770812511	1	2.1917	1.0455	0.4364
878	1303770812529	1	2.1917	1.0455	0.4364
879	1303770812547	1	2.1917	1.0455	0.4364
880	1303770812591	1	2.1917	1.0909	0.4183
881	1303770812609	1	2.1917	1.0455	0.4364
882	1303770812626	1	2.1917	1.0455	0.4364
883	1303770812651	1	2.1917	1.0455	0.4364
884	1303770812669	1	2.1917	1.0909	0.4183
885	1303770812687	1	2.1917	1.0455	0.4364
886	1303770812704	1	2.1917	1.0455	0.4364
887	1303770812722	1	2.1917	1.0455	0.4364
888	1303770812740	1	2.1917	1.0455	0.4364
889	1303770812757	1	2.1917	1.0455	0.4364
890	1303770812775	1	2.1917	1.0909	0.4183
891	1303770812793	1	2.1917	1.0455	0.4364
892	1303770812810	1	2.1917	1.0455	0.4364
893	1303770812828	1	2.1917	1.0455	0.4364
894	1303770812846	1	2.1917	1.0909	0.4183
895	1303770812864	1	2.1917	1.0455	0.4364
896	1303770812881	1	2.1917	1.0455	0.4364
897	1303770812899	1	2.1917	1.0455	0.4364
898	1303770812918	1	2.1917	1.0909	0.4183
899	1303770812935	1	2.1917	1	0.4563
900	1303770812953	1	2.1917	1.0455	0.4364
901	1303770812971	1	2.1917	1.0909	0.4183
902	1303770812988	1	2.1917	1.0909	0.4183
903	1303770813006	1	2.1917	1	0.4563
904	1303770813037	1	2.1917	1.0455	0.4364
905	1303770813251	1	2.1917	1.0909	0.4183
906	1303770813499	1	2.1917	1.0909	0.4183
907	1303770813613	1	2.1917	1	0.4563
908	1303770813687	1	2.1917	1.0455	0.4364
909	1303770813704	1	2.1917	1.0909	0.4183
910	1303770813722	1	2.1917	1.0455	0.4364
911	1303770813781	1	2.1917	1	0.4563
912	1303770813799	1	2.1917	1.0909	0.4183
913	1303770813816	1	2.1917	1.0909	0.4183
914	1303770813835	1	2.1917	1.0455	0.4364
915	1303770813853	1	2.1917	1	0.4563
916	1303770813871	1	2.1917	1.0909	0.4183
917	1303770813889	1	2.1917	1.0909	0.4183
918	1303770813907	1	2.1917	1.0455	0.4364
919	1303770813924	1	2.1917	1	0.4563
920	1303770813941	1	2.1917	1.0909	0.4183
921	1303770813960	1	2.1917	1.0455	0.4364
922	1303770813978	1	2.1917	1.0455	0.4364
923	1303770813995	1	2.1917	1.0455	0.4364
924	1303770814012	1	2.1917	1.0909	0.4183
925	1303770814031	1	2.1917	1.0455	0.4364
926	1303770814048	1	2.1917	1.0455	0.4364
927	1303770814066	1	2.1917	1.0455	0.4364
928	1303770814084	1	2.1917	1.0909	0.4183
929	1303770814102	1	2.1917	1.0455	0.4364
930	1303770814119	1	2.1917	1.0455	0.4364
931	1303770814137	1	2.1917	1.0455	0.4364
932	1303770814155	1	2.1917	1.0909	0.4183
933	1303770814220	1	2.1917	1.0455	0.4364
934	1303770814239	1	2.1917	1.0455	0.4364
935	1303770814331	1	2.1917	1.0455	0.4364
936	1303770814349	1	2.1917	1.0455	0.4364
937	1303770814367	1	2.1917	1.0455	0.4364
938	1303770814385	1	2.1917	1.0909	0.4183
939	1303770814403	1	2.1917	1.0455	0.4364
940	1303770814420	1	2.1917	1.0455	0.4364
941	1303770814438	1	2.1917	1.0455	0.4364
942	1303770814457	1	2.1917	1.0909	0.4183
943	1303770814548	1	2.1917	1.0455	0.4364
944	1303770814565	1	2.1917	1.0455	0.4364
945	1303770814583	1	2.1917	1.0455	0.4364
946	1303770814602	1	2.1917	1.0909	0.4183
947	1303770814619	1	2.1917	1.0455	0.4364
948	1303770814637	1	2.1917	1.0455	0.4364
949	1303770814655	1	2.1917	1.0455	0.4364
950	1303770814672	1	2.1917	1.0909	0.4183
951	1303770814690	1	2.1917	1	0.4563
952	1303770814709	1	2.1917	1.0455	0.4364
953	1303770814727	1	2.1917	1.0909	0.4183
954	1303770814744	1	2.1917	1.0909	0.4183
955	1303770814762	1	2.1917	1	0.4563
956	1303770814780	1	2.1917	1.0455	0.4364
957	1303770814797	1	2.1917	1.0909	0.4183
958	1303770814815	1	2.1917	1.0909	0.4183
959	1303770814834	1	2.1917	1	0.4563
960	1303770814893	1	2.1917	1.0455	0.4364
961	1303770814911	1	2.1917	1.0909	0.4183
962	1303770814929	1	2.1917	1.0909	0.4183
963	1303770814948	1	2.1917	1	0.4563
964	1303770814965	1	2.1917	1.0455	0.4364
965	1303770814984	1	2.1917	1.0909	0.4183
966	1303770815100	1	2.1917	1.0909	0.4183
967	1303770815118	1	2.1917	1	0.4563
968	1303770815136	1	2.1917	1.0455	0.4364
969	1303770815154	1	2.1917	1.0909	0.4183
970	1303770815173	1	2.1917	1.0455	0.4364
971	1303770815191	1	2.1917	1	0.4563
972	1303770815209	1	2.1917	1.0909	0.4183
973	1303770815227	1	2.1917	1.0909	0.4183
974	1303770815246	1	2.1917	1.0455	0.4364
975	1303770815265	1	2.1917	1	0.4563
976	1303770815284	1	2.1917	1.0909	0.4183
977	1303770815302	1	2.1917	1.0909	0.4183
978	1303770815362	1	2.1917	1.0455	0.4364
979	1303770815379	1	2.1917	1	0.4563
980	1303770815397	1	2.1917	1.0909	0.4183
981	1303770815423	1	2.1917	1.0909	0.4183
982	1303770815440	1	2.1917	1.0455	0.4364
983	1303770815458	1	2.1917	1	0.4563
984	1303770815476	1	2.1917	1.0909	0.4183
985	1303770815493	1	2.1917	1.0909	0.4183
986	1303770815511	1	2.1917	1.0455	0.4364
987	1303770815529	1	2.1917	1	0.4563
988	1303770815546	1	2.1917	1.0909	0.4183
989	1303770815565	1	2.1917	1.0909	0.4183
990	1303770815583	1	2.1917	1.0455	0.4364
991	1303770815601	1	2.1917	1	0.4563
992	1303770815619	1	2.1917	1.0909	0.4183
993	1303770815637	1	2.1917	1.0909	0.4183
994	1303770815655	1	2.1917	1.0455	0.4364
995	1303770815672	1	2.1917	1	0.4563
996	1303770815691	1	2.1917	1.0909	0.4183
997	1303770815709	1	2.1917	1.0909	0.4183
998	1303770815728	1	2.1917	1.0455	0.4364
999	1303770815745	1	2.1917	1	0.4563
1000	1303770815763	1	2.1917	1.0909	0.4183
1001	1303770815781	1	2.1917	1.0909	0.4183
1002	1303770815799	1	2.1917	1.0455	0.4364
1003	1303770815817	1	2.1917	1	0.4563
1004	1303770815835	1	2.1917	1.0909	0.4183
1005	1303770815852	1	2.1917	1.0909	0.4183
1006	1303770815870	1	2.1917	1.0455	0.4364
1007	1303770815961	1	2.1917	1	0.4563
1008	1303770815980	1	2.1917	1.0909	0.4183
1009	1303770815997	1	2.1917	1.0909	0.4183
1010	1303770816015	1	2.1917	1.0455	0.4364
1011	1303770816074	1	2.1917	1	0.4563
1012	1303770816093	1	2.1917	1.0909	0.4183
1013	1303770816110	1	2.1917	1.0909	0.4183
1014	1303770816128	1	2.1917	1.0455	0.4364
1015	1303770816147	1	2.1917	1	0.4563
1016	1303770816164	1	2.1917	1.0909	0.4183
1017	1303770816223	1	2.1917	1.0909	0.4183
1018	1303770816242	1	2.1917	1.0455	0.4364
1019	1303770816261	1	2.1917	1	0.4563
1020	1303770816278	1	2.1917	1.0909	0.4183
1021	1303770816297	1	2.1917	1.0909	0.4183
1022	1303770816356	1	2.1917	1.0455	0.4364
1023	1303770816373	1	2.1917	1	0.4563
1024	1303770816392	1	2.1917	1.0909	0.4183
1025	1303770816410	1	2.1917	1.0909	0.4183
1026	1303770816429	1	2.1917	1.0455	0.4364
1027	1303770816486	1	2.1917	1	0.4563
1028	1303770816544	1	2.1917	1.0909	0.4183
1029	1303770816563	1	2.1917	1.0909	0.4183
1030	1303770816581	1	2.1917	1.0455	0.4364
1031	1303770816599	1	2.1917	1	0.4563
1032	1303770816618	1	2.1917	1.0909	0.4183
1033	1303770816677	1	2.1917	1.0909	0.4183
1034	1303770816695	1	2.1917	1.0455	0.4364
1035	1303770816713	1	2.1917	1	0.4563
1036	1303770816772	1	2.1917	1.0909	0.4183
1037	1303770816791	1	2.1917	1.0909	0.4183
1038	1303770816808	1	2.1917	1.0455	0.4364
1039	1303770816827	1	2.1917	1	0.4563
1040	1303770816845	1	2.1917	1.0909	0.4183
1041	1303770816863	1	2.1917	1.0909	0.4183
1042	1303770816880	1	2.1917	1.0455	0.4364
1043	1303770816899	1	2.1917	1	0.4563
1044	1303770816917	1	2.1917	1.0909	0.4183
1045	1303770816935	1	2.1917	1.0909	0.4183
1046	1303770816953	1	2.1917	1.0455	0.4364
1047	1303770816972	1	2.1917	1	0.4563
1048	1303770817006	1	2.1917	1.0909	0.4183
1049	1303770817024	1	2.1917	1.0909	0.4183
1050	1303770817042	1	2.1917	1.0455	0.4364
1051	1303770817060	1	2.1917	1	0.4563
1052	1303770817078	1	2.1917	1.0909	0.4183
1053	1303770817137	1	2.1917	1.0909	0.4183
1054	1303770817156	1	2.1917	1.0455	0.4364
1055	1303770817182	1	2.1917	1	0.4563
1056	1303770817200	1	2.1917	1.0909	0.4183
1057	1303770817219	1	2.1917	1.0909	0.4183
1058	1303770817238	1	2.1917	1.0455	0.4364
1059	1303770817259	1	2.1917	1	0.4563
1060	1303770817278	1	2.1917	1.0909	0.4183
1061	1303770817339	1	2.1917	1.0909	0.4183
1062	1303770817357	1	2.1917	1.0455	0.4364
1063	1303770817375	1	2.1917	1	0.4563
1064	1303770817394	1	2.1917	1.0909	0.4183
1065	1303770817413	1	2.1917	1.0909	0.4183
1066	1303770817430	1	2.1917	1.0455	0.4364
1067	1303770817449	1	2.1917	1	0.4563
1068	1303770817467	1	2.1917	1.0909	0.4183
1069	1303770817484	1	2.1917	1.0909	0.4183
1070	1303770817503	1	2.1917	1.0455	0.4364
1071	1303770817521	1	2.1917	1	0.4563
1072	1303770817580	1	2.1917	1.0909	0.4183
1073	1303770817597	1	2.1917	1.0909	0.4183
1074	1303770817655	1	2.1917	1.0455	0.4364
1075	1303770817714	1	2.1917	1.0455	0.4364
1076	1303770817732	1	2.1917	1.0909	0.4183
1077	1303770817750	1	2.1917	1.0909	0.4183
1078	1303770817768	1	2.1917	1.0455	0.4364
1079	1303770817787	1	2.1917	1.0455	0.4364
1080	1303770817846	1	2.1917	1.0909	0.4183
1081	1303770817865	1	2.1917	1.0909	0.4183
1082	1303770817884	1	2.1917	1.0455	0.4364
1083	1303770817903	1	2.1917	1.0455	0.4364
1084	1303770817921	1	2.1917	1.0909	0.4183
1085	1303770817939	1	2.1917	1.0909	0.4183
1086	1303770817957	1	2.1917	1.0455	0.4364
1087	1303770817976	1	2.1917	1.0455	0.4364
1088	1303770817993	1	2.1917	1.0909	0.4183
1089	1303770818011	1	2.1917	1.0909	0.4183
1090	1303770818030	1	2.1917	1.0455	0.4364
1091	1303770818047	1	2.1917	1.0455	0.4364
1092	1303770818066	1	2.1917	1.0909	0.4183
1093	1303770818084	1	2.1917	1.0909	0.4183
1094	1303770818101	1	2.1917	1.0455	0.4364
1095	1303770818120	1	2.1917	1.0455	0.4364
1096	1303770818168	1	2.1917	1.0909	0.4183
1097	1303770818189	1	2.1917	1.0909	0.4183
1098	1303770818206	1	2.1917	1.0455	0.4364
1099	1303770818225	1	2.1917	1.0455	0.4364
1100	1303770818244	1	2.1917	1.0909	0.4183
1101	1303770818261	1	2.1917	1.0909	0.4183
1102	1303770818280	1	2.1917	1.0455	0.4364
1103	1303770818298	1	2.1917	1	0.4563
1104	1303770818315	1	2.1917	1.0909	0.4183
1105	1303770818334	1	2.1917	1.0909	0.4183
1106	1303770818352	1	2.1917	1.0455	0.4364
1107	1303770818371	1	2.1917	1	0.4563
1108	1303770818388	1	2.1917	1.0909	0.4183
1109	1303770818448	1	2.1917	1.0909	0.4183
1110	1303770818467	1	2.1917	1.0455	0.4364
1111	1303770818485	1	2.1917	1	0.4563
1112	1303770818544	1	2.0608	1.0909	0.4448
1113	1303770818563	1	2.0608	1.0909	0.4448
1114	1303770818582	1	2.0608	1.0455	0.4641
1115	1303770818600	1	2.0608	1	0.4852
1116	1303770818619	1	2.0608	1.0909	0.4448
1117	1303770818678	1	2.0608	1.0909	0.4448
1118	1303770818697	1	2.0608	1.0455	0.4641
1119	1303770818715	1	2.0608	1	0.4852
1120	1303770818734	1	2.0608	1.0909	0.4448
1121	1303770818753	1	2.0608	1.0909	0.4448
1122	1303770818771	1	2.0608	1.0455	0.4641
1123	1303770818789	1	2.0608	1	0.4852
1124	1303770818848	1	2.0608	1.0909	0.4448
1125	1303770818867	1	2.0608	1.0909	0.4448
1126	1303770818885	1	2.0608	1.0455	0.4641
1127	1303770818904	1	2.0608	1	0.4852
1128	1303770818924	1	2.0608	1.0909	0.4448
1129	1303770818941	1	2.0608	1.0909	0.4448
1130	1303770818960	1	2.0608	1.0455	0.4641
1131	1303770818978	1	2.0608	1	0.4852
1132	1303770818996	1	2.0608	1.0909	0.4448
1133	1303770819015	1	2.0608	1.0909	0.4448
1134	1303770819033	1	2.0608	1.0455	0.4641
1135	1303770819093	1	2.0608	1	0.4852
1136	1303770819110	1	2.0608	1.0909	0.4448
1137	1303770819170	1	2.0608	1.0909	0.4448
1138	1303770819224	1	2.0608	1.0455	0.4641
1139	1303770819243	1	2.0608	1	0.4852
1140	1303770819261	1	2.0608	1.0909	0.4448
1141	1303770819280	1	2.0608	1.0909	0.4448
1142	1303770819300	1	2.0608	1.0455	0.4641
1143	1303770819318	1	2.0608	1.0455	0.4641
1144	1303770819337	1	2.0608	1.0909	0.4448
1145	1303770819356	1	2.0608	1.0909	0.4448
1146	1303770819375	1	2.0608	1.0455	0.4641
1147	1303770819393	1	2.0608	1.0455	0.4641
1148	1303770819412	1	2.0608	1.0909	0.4448
1149	1303770819471	1	2.0608	1.0909	0.4448
1150	1303770819499	1	2.0608	1.0455	0.4641
1151	1303770819517	1	2.0608	1.0455	0.4641
1152	1303770819535	1	2.0608	1.0909	0.4448
1153	1303770819555	1	2.0608	1.0909	0.4448
1154	1303770819573	1	2.0608	1.0455	0.4641
1155	1303770819591	1	2.0608	1.0455	0.4641
1156	1303770819610	1	2.0608	1.0909	0.4448
1157	1303770819627	1	2.0608	1.0909	0.4448
1158	1303770819647	1	2.0608	1.0455	0.4641
1159	1303770819666	1	2.0608	1.0455	0.4641
1160	1303770819684	1	2.0608	1.0909	0.4448
1161	1303770819702	1	2.0608	1.0909	0.4448
1162	1303770819724	1	2.0608	1.0455	0.4641
1163	1303770819963	1	2.0608	1	0.4852
1164	1303770819981	1	2.0608	1.0909	0.4448
1165	1303770820000	1	2.0608	1.0909	0.4448
1166	1303770820019	1	2.0608	1.0455	0.4641
1167	1303770820039	1	2.0608	1	0.4852
1168	1303770820057	1	2.0608	1.0909	0.4448
1169	1303770820076	1	2.0608	1.0909	0.4448
1170	1303770820094	1	2.0608	1.0455	0.4641
1171	1303770820112	1	2.0608	1	0.4852
1172	1303770820131	1	2.0608	1.0909	0.4448
1173	1303770820150	1	2.0608	1.0909	0.4448
1174	1303770820169	1	2.0608	1.0455	0.4641
1175	1303770820227	1	2.0608	1	0.4852
1176	1303770820245	1	2.0608	1.0909	0.4448
1177	1303770820265	1	2.0608	1.0909	0.4448
1178	1303770820283	1	2.0608	1.0455	0.4641
1179	1303770820302	1	2.0608	1	0.4852
1180	1303770820321	1	2.0608	1.0909	0.4448
1181	1303770820338	1	2.0608	1.0909	0.4448
1182	1303770820357	1	2.0608	1.0455	0.4641
1183	1303770820416	1	2.0608	1	0.4852
1184	1303770820435	1	2.0608	1.0909	0.4448
1185	1303770820453	1	2.0608	1.0909	0.4448
1186	1303770820512	1	2.0608	1.0455	0.4641
1187	1303770820531	1	2.0608	1	0.4852
1188	1303770820551	1	2.0608	1.0909	0.4448
1189	1303770820568	1	2.0608	1.0909	0.4448
1190	1303770820588	1	2.0608	1.0455	0.4641
1191	1303770820607	1	2.0608	1	0.4852
1192	1303770820625	1	2.0608	1.0909	0.4448
1193	1303770820644	1	2.0608	1.0909	0.4448
1194	1303770820663	1	2.0608	1.0455	0.4641
1195	1303770820682	1	2.0608	1	0.4852
1196	1303770820699	1	2.0608	1.0909	0.4448
1197	1303770820759	1	2.0608	1.0909	0.4448
1198	1303770820778	1	2.0608	1.0455	0.4641
1199	1303770820795	1	2.0608	1	0.4852
1200	1303770820814	1	2.0608	1.0909	0.4448
1201	1303770820833	1	2.0608	1.0909	0.4448
1202	1303770820852	1	2.0608	1.0455	0.4641
1203	1303770820870	1	2.0608	1	0.4852
1204	1303770820889	1	2.0608	1.0909	0.4448
1205	1303770820909	1	2.0608	1.0909	0.4448
1206	1303770820926	1	2.0608	1.0455	0.4641
1207	1303770820945	1	2.0608	1	0.4852
1208	1303770820964	1	2.0608	1.0909	0.4448
1209	1303770820982	1	2.0608	1.0909	0.4448
1210	1303770821001	1	2.0608	1.0455	0.4641
1211	1303770821020	1	2.0608	1	0.4852
1212	1303770821039	1	2.0608	1.0909	0.4448
1213	1303770821057	1	2.0608	1.0909	0.4448
1214	1303770821076	1	2.0608	1.0455	0.4641
1215	1303770821095	1	2.0608	1	0.4852
1216	1303770821112	1	2.0608	1.0909	0.4448
1217	1303770821131	1	2.0608	1.0909	0.4448
1218	1303770821150	1	2.0608	1.0455	0.4641
1219	1303770821170	1	2.0608	1	0.4852
1220	1303770821188	1	2.0608	1.0909	0.4448
1221	1303770821206	1	2.0608	1.0909	0.4448
1222	1303770821266	1	2.2014	1.0455	0.4345
1223	1303770821283	1	2.2014	1	0.4543
1224	1303770821303	1	2.2014	1.0909	0.4164
1225	1303770821322	1	2.2014	1.0909	0.4164
1226	1303770821341	1	2.2014	1.0455	0.4345
1227	1303770821358	1	2.2014	1	0.4543
1228	1303770821378	1	2.2014	1.0909	0.4164
1229	1303770821396	1	2.2014	1.0909	0.4164
1230	1303770821414	1	2.2014	1.0455	0.4345
1231	1303770821433	1	2.2014	1	0.4543
1232	1303770821493	1	2.2014	1.0909	0.4164
1233	1303770821511	1	2.2014	1.0909	0.4164
1234	1303770821529	1	2.2014	1.0455	0.4345
1235	1303770821548	1	2.2014	1	0.4543
1236	1303770821567	1	2.2014	1.0909	0.4164
1237	1303770821585	1	2.2014	1.0909	0.4164
1238	1303770821604	1	2.2014	1.0455	0.4345
1239	1303770821623	1	2.2014	1	0.4543
1240	1303770821641	1	2.2014	1.0909	0.4164
1241	1303770821660	1	2.2014	1.0909	0.4164
1242	1303770821720	1	2.2014	1.0455	0.4345
1243	1303770821738	1	2.2014	1	0.4543
1244	1303770821756	1	2.2014	1.0909	0.4164
1245	1303770821816	1	2.0608	1.0909	0.4448
1246	1303770821835	1	2.0608	1.0455	0.4641
1247	1303770821854	1	2.0608	1	0.4852
1248	1303770821871	1	2.0608	1.0909	0.4448
1249	1303770821890	1	2.0608	1.0909	0.4448
1250	1303770821909	1	2.0608	1.0455	0.4641
1251	1303770821927	1	2.0608	1	0.4852
1252	1303770821946	1	2.0608	1.0909	0.4448
1253	1303770821965	1	2.0608	1.0909	0.4448
1254	1303770821982	1	2.0608	1.0455	0.4641
1255	1303770822005	1	2.0608	1.0455	0.4641
1256	1303770822065	1	2.0608	1.0909	0.4448
1257	1303770822125	1	2.0108	1.0909	0.4559
1258	1303770822143	1	2.0108	1.0455	0.4757
1259	1303770822162	1	2.0108	1.0455	0.4757
1260	1303770822181	1	2.0108	1.0909	0.4559
1261	1303770822200	1	2.0108	1.0909	0.4559
1262	1303770822218	1	2.0108	1.0455	0.4757
1263	1303770822277	1	2.0108	1	0.4973
1264	1303770822296	1	2.0108	1.0909	0.4559
1265	1303770822357	1	2.0108	1.0909	0.4559
1266	1303770822375	1	2.0108	1.0455	0.4757
1267	1303770822435	1	2.0108	1	0.4973
1268	1303770822454	1	2.0108	1.0909	0.4559
1269	1303770822472	1	2.0108	1.0909	0.4559
1270	1303770822491	1	2.0108	1.0455	0.4757
1271	1303770822511	1	2.0108	1	0.4973
1272	1303770822530	1	2.0108	1.0909	0.4559
1273	1303770822548	1	2.0108	1.0909	0.4559
1274	1303770822566	1	2.0108	1.0455	0.4757
1275	1303770822585	1	2.0108	1	0.4973
1276	1303770822603	1	2.0108	1.0909	0.4559
1277	1303770822622	1	2.0108	1.0909	0.4559
1278	1303770822641	1	2.0108	1.0455	0.4757
1279	1303770822659	1	2.0108	1	0.4973
1280	1303770822678	1	2.0108	1.0909	0.4559
1281	1303770822697	1	2.0108	1.0909	0.4559
1282	1303770822757	1	2.0108	1.0455	0.4757
1283	1303770822775	1	2.0108	1	0.4973
1284	1303770822794	1	2.0108	1.0909	0.4559
1285	1303770822813	1	2.0108	1.0909	0.4559
1286	1303770822832	1	2.0108	1.0455	0.4757
1287	1303770822851	1	2.0108	1	0.4973
1288	1303770822870	1	2.0108	1.0909	0.4559
1289	1303770822888	1	2.0108	1.0909	0.4559
1290	1303770822907	1	2.0108	1.0455	0.4757
1291	1303770822926	1	2.0108	1	0.4973
1292	1303770822947	1	2.0108	1.0909	0.4559
1293	1303770822965	1	2.0108	1.0909	0.4559
1294	1303770822984	1	2.0108	1.0455	0.4757
1295	1303770823003	1	2.0108	1	0.4973
1296	1303770823021	1	2.0108	1.0909	0.4559
1297	1303770823041	1	2.0108	1.0909	0.4559
1298	1303770823060	1	2.0108	1.0455	0.4757
1299	1303770823121	1	2.0108	1	0.4973
1300	1303770823139	1	2.0108	1.0909	0.4559
1301	1303770823158	1	2.0108	1.0909	0.4559
1302	1303770823177	1	2.0108	1.0455	0.4757
1303	1303770823196	1	2.0108	1	0.4973
1304	1303770823215	1	2.0108	1.0909	0.4559
1305	1303770823234	1	2.0108	1.0909	0.4559
1306	1303770823253	1	2.0108	1.0455	0.4757
1307	1303770823272	1	2.0108	1	0.4973
1308	1303770823291	1	2.0108	1.0909	0.4559
1309	1303770823310	1	2.0108	1.0909	0.4559
1310	1303770823329	1	2.0108	1.0455	0.4757
1311	1303770823348	1	2.0108	1	0.4973
1312	1303770823367	1	2.0108	1.0909	0.4559
1313	1303770823384	1	2.0108	1.0909	0.4559
1314	1303770823404	1	2.0108	1.0455	0.4757
1315	1303770823423	1	2.0108	1.0455	0.4757
1316	1303770823441	1	2.0108	1.0909	0.4559
1317	1303770823460	1	2.0108	1.0909	0.4559
1318	1303770823519	1	2.0108	1.0455	0.4757
1319	1303770823539	1	2.0108	1.0455	0.4757
1320	1303770823557	1	2.0108	1.0909	0.4559
1321	1303770823576	1	2.0108	1.0909	0.4559
1322	1303770823595	1	2.0108	1.0455	0.4757
1323	1303770823614	1	2.0108	1.0455	0.4757
1324	1303770823632	1	2.0108	1.0909	0.4559
1325	1303770823651	1	2.0108	1.0909	0.4559
1326	1303770823671	1	2.0108	1.0455	0.4757
1327	1303770823690	1	2.0108	1.0455	0.4757
1328	1303770823709	1	2.0108	1.0909	0.4559
1329	1303770823729	1	2.0108	1.0909	0.4559
1330	1303770823748	1	2.0108	1.0455	0.4757
1331	1303770823767	1	2.0108	1.0455	0.4757
1332	1303770823787	1	2.0108	1.0909	0.4559
1333	1303770823807	1	2.0108	1.0909	0.4559
1334	1303770823846	1	2.0108	1.0455	0.4757
1335	1303770823865	1	2.0108	1.0455	0.4757
1336	1303770823885	1	2.0108	1.0909	0.4559
1337	1303770823903	1	2.0108	1.0909	0.4559
1338	1303770823922	1	2.0108	1.0455	0.4757
1339	1303770823942	1	2.0108	1	0.4973
1340	1303770823960	1	2.0108	1.0909	0.4559
1341	1303770823979	1	2.0108	1.0909	0.4559
1342	1303770823998	1	2.0108	1.0455	0.4757
1343	1303770824058	1	2.0108	1	0.4973
1344	1303770824076	1	2.0108	1.0909	0.4559
1345	1303770824136	1	2.0108	1.0909	0.4559
1346	1303770824155	1	2.0108	1.0455	0.4757
1347	1303770824175	1	2.0108	1	0.4973
1348	1303770824193	1	2.0108	1.0909	0.4559
1349	1303770824213	1	2.0108	1.0909	0.4559
1350	1303770824233	1	2.0108	1.0455	0.4757
1351	1303770824251	1	2.0108	1	0.4973
1352	1303770824271	1	2.0108	1.0909	0.4559
1353	1303770824290	1	2.0108	1.0909	0.4559
1354	1303770824310	1	2.0108	1.0455	0.4757
1355	1303770824328	1	2.0108	1	0.4973
1356	1303770824348	1	2.0108	1.0909	0.4559
1357	1303770824367	1	2.0108	1.0909	0.4559
1358	1303770824426	1	2.0108	1.0455	0.4757
1359	1303770824446	1	2.0108	1.0455	0.4757
1360	1303770824466	1	2.0108	1.0909	0.4559
1361	1303770824526	1	2.0108	1.0909	0.4559
1362	1303770824584	1	2.0108	1.0455	0.4757
1363	1303770824604	1	2.0108	1.0455	0.4757
1364	1303770824624	1	2.0108	1.0909	0.4559
1365	1303770824644	1	2.0108	1.0909	0.4559
1366	1303770824662	1	2.0108	1.0455	0.4757
1367	1303770824681	1	2.0108	1.0455	0.4757
1368	1303770824701	1	2.0108	1.0909	0.4559
1369	1303770824760	1	2.0108	1.0909	0.4559
1370	1303770824778	1	2.0108	1.0455	0.4757
1371	1303770824798	1	2.0108	1.0455	0.4757
1372	1303770824818	1	2.0108	1.0909	0.4559
1373	1303770824836	1	2.0108	1.0909	0.4559
1374	1303770824856	1	2.0108	1.0455	0.4757
1375	1303770824875	1	2.0108	1.0455	0.4757
1376	1303770824893	1	2.0108	1.0909	0.4559
1377	1303770824912	1	2.0108	1.0909	0.4559
1378	1303770824931	1	2.0108	1.0455	0.4757
1379	1303770824951	1	2.0108	1.0455	0.4757
1380	1303770824969	1	2.0108	1.0909	0.4559
1381	1303770824989	1	2.0108	1.0909	0.4559
1382	1303770825008	1	2.0108	1.0455	0.4757
1383	1303770825026	1	2.0108	1	0.4973
1384	1303770825046	1	2.0108	1.0909	0.4559
1385	1303770825065	1	2.0108	1.0909	0.4559
1386	1303770825084	1	2.0108	1.0455	0.4757
1387	1303770825104	1	2.0108	1	0.4973
1388	1303770825124	1	2.0108	1.0909	0.4559
1389	1303770825144	1	2.0108	1.0909	0.4559
1390	1303770825162	1	2.0108	1.0455	0.4757
1391	1303770825182	1	2.0108	1	0.4973
1392	1303770825201	1	2.0108	1.0909	0.4559
1393	1303770825220	1	2.0108	1.0909	0.4559
1394	1303770825240	1	2.0108	1.0455	0.4757
1395	1303770825260	1	2.0108	1.0455	0.4757
1396	1303770825279	1	2.0108	1.0909	0.4559
1397	1303770825298	1	2.0108	1.0909	0.4559
1398	1303770825317	1	2.0108	1.0455	0.4757
1399	1303770825336	1	2.0108	1.0455	0.4757
1400	1303770825355	1	2.0108	1.0909	0.4559
1401	1303770825374	1	2.0108	1.0909	0.4559
1402	1303770825394	1	2.0108	1.0455	0.4757
1403	1303770825412	1	2.0108	1.0455	0.4757
1404	1303770825432	1	2.0108	1.0909	0.4559
1405	1303770825451	1	2.0108	1.0909	0.4559
1406	1303770825511	1	2.0108	1.0455	0.4757
1407	1303770825530	1	2.0108	1.0909	0.4559
1408	1303770825550	1	2.0108	1.0909	0.4559
1409	1303770825570	1	2.0108	1.0909	0.4559
1410	1303770825630	1	2.0108	1.0455	0.4757
1411	1303770825648	1	2.0108	1.0909	0.4559
1412	1303770825668	1	2.0108	1.0909	0.4559
1413	1303770825688	1	2.0108	1.0909	0.4559
1414	1303770825706	1	2.0108	1.0455	0.4757
1415	1303770825725	1	2.0108	1.0909	0.4559
1416	1303770825745	1	2.0108	1.0909	0.4559
1417	1303770825765	1	2.0108	1.0909	0.4559
1418	1303770825783	1	2.0108	1.0455	0.4757
1419	1303770825803	1	2.0108	1.0909	0.4559
1420	1303770825823	1	2.0108	1.0909	0.4559
1421	1303770825841	1	2.0108	1.0909	0.4559
1422	1303770825861	1	2.0108	1.0455	0.4757
1423	1303770825881	1	2.0108	1.0909	0.4559
1424	1303770825900	1	2.0108	1.0909	0.4559
1425	1303770825959	1	2.0108	1.0909	0.4559
1426	1303770825979	1	2.0108	1.0455	0.4757
1427	1303770825999	1	2.0108	1.0909	0.4559
1428	1303770826018	1	2.0108	1.0909	0.4559
1429	1303770826037	1	2.0108	1.0909	0.4559
1430	1303770826057	1	2.0108	1.0455	0.4757
1431	1303770826076	1	2.0108	1.0909	0.4559
1432	1303770826095	1	2.0108	1.0909	0.4559
1433	1303770826114	1	2.0108	1.0909	0.4559
1434	1303770826134	1	2.0108	1.0455	0.4757
1435	1303770826152	1	2.0108	1.0909	0.4559
1436	1303770826172	1	2.0108	1.0909	0.4559
1437	1303770826191	1	2.0108	1.0909	0.4559
1438	1303770826210	1	2.0108	1.0455	0.4757
1439	1303770826229	1	2.0108	1.0909	0.4559
1440	1303770826248	1	2.0108	1.0909	0.4559
1441	1303770826267	1	2.0108	1.0909	0.4559
1442	1303770826286	1	2.0108	1.0455	0.4757
1443	1303770826305	1	2.0108	1.0909	0.4559
1444	1303770826325	1	2.0108	1.0909	0.4559
1445	1303770826343	1	2.0108	1.0909	0.4559
1446	1303770826402	1	2.0108	1.0455	0.4757
1447	1303770826422	1	2.0108	1.0909	0.4559
1448	1303770826443	1	2.0108	1.0909	0.4559
1449	1303770826461	1	2.0108	1.0909	0.4559
1450	1303770826481	1	2.0108	1.0455	0.4757
1451	1303770826501	1	2.0108	1.0909	0.4559
1452	1303770826519	1	2.0108	1.0909	0.4559
1453	1303770826539	1	2.0108	1.0909	0.4559
1454	1303770826559	1	2.0108	1.0455	0.4757
1455	1303770826579	1	2.0108	1.0909	0.4559
1456	1303770826598	1	2.0108	1.0909	0.4559
1457	1303770826617	1	2.0108	1.0909	0.4559
1458	1303770826637	1	2.0108	1.0455	0.4757
1459	1303770826697	1	2.0108	1.0909	0.4559
1460	1303770826716	1	2.0108	1.0909	0.4559
1461	1303770826736	1	2.0108	1.0909	0.4559
1462	1303770826755	1	2.0108	1.0455	0.4757
1463	1303770826774	1	2.0108	1.0909	0.4559
1464	1303770826794	1	2.0108	1.0909	0.4559
1465	1303770826813	1	2.0108	1.0909	0.4559
1466	1303770826832	1	2.0108	1.0455	0.4757
1467	1303770826851	1	2.0108	1.0909	0.4559
1468	1303770826871	1	2.0108	1.0909	0.4559
1469	1303770826931	1	2.0108	1.0909	0.4559
1470	1303770826989	1	2.0108	1.0455	0.4757
1471	1303770827009	1	2.0108	1.0909	0.4559
1472	1303770827029	1	2.0108	1.0909	0.4559
1473	1303770827050	1	2.0108	1.0909	0.4559
1474	1303770827068	1	2.0108	1.0455	0.4757
1475	1303770827088	1	2.0108	1.0909	0.4559
1476	1303770827108	1	2.0108	1.0909	0.4559
1477	1303770827126	1	2.0108	1.0909	0.4559
1478	1303770827146	1	2.0108	1.0455	0.4757
1479	1303770827165	1	2.0108	1.0909	0.4559
1480	1303770827185	1	2.0108	1.0909	0.4559
1481	1303770827204	1	2.0108	1.0909	0.4559
1482	1303770827223	1	2.0108	1.0455	0.4757
1483	1303770827243	1	2.0108	1.0909	0.4559
1484	1303770827262	1	2.0108	1.0909	0.4559
1485	1303770827281	1	2.0108	1.0909	0.4559
1486	1303770827301	1	2.0108	1.0455	0.4757
1487	1303770827361	1	2.0108	1.0909	0.4559
1488	1303770827379	1	2.0108	1.0909	0.4559
1489	1303770827399	1	2.0108	1.0909	0.4559
1490	1303770827419	1	2.0108	1.0455	0.4757
1491	1303770827479	1	2.0108	1.0909	0.4559
1492	1303770827497	1	2.0108	1.0909	0.4559
1493	1303770827517	1	2.0108	1.0909	0.4559
1494	1303770827536	1	2.0108	1.0455	0.4757
1495	1303770827555	1	2.0108	1.0909	0.4559
1496	1303770827614	1	2.0108	1.0909	0.4559
1497	1303770827634	1	2.0108	1.0909	0.4559
1498	1303770827728	1	2.0108	1.0455	0.4757
1499	1303770827746	1	2.0108	1.0909	0.4559
1500	1303770827766	1	2.0108	1.0909	0.4559
1501	1303770827786	1	2.0108	1.0909	0.4559
1502	1303770827804	1	2.0108	1.0455	0.4757
1503	1303770827824	1	2.0108	1.0909	0.4559
1504	1303770827884	1	2.0108	1.0909	0.4559
1505	1303770827904	1	2.0108	1.0909	0.4559
1506	1303770827923	1	2.0108	1.0455	0.4757
1507	1303770827942	1	2.0108	1.0909	0.4559
1508	1303770827962	1	2.0108	1.0909	0.4559
1509	1303770827981	1	2.0108	1.0909	0.4559
1510	1303770828000	1	2.0108	1.0455	0.4757
1511	1303770828020	1	2.0108	1.0909	0.4559
1512	1303770828040	1	2.0108	1.0909	0.4559
1513	1303770828058	1	2.0108	1.0909	0.4559
1514	1303770828078	1	2.0108	1.0455	0.4757
1515	1303770828138	1	2.0108	1.0909	0.4559
1516	1303770828158	1	2.0108	1.0909	0.4559
1517	1303770828176	1	2.0108	1.0909	0.4559
1518	1303770828236	1	2.0108	1.0455	0.4757
1519	1303770828256	1	2.0108	1.0455	0.4757
1520	1303770828274	1	2.0108	1.0909	0.4559
1521	1303770828294	1	2.0108	1.0909	0.4559
1522	1303770828314	1	2.0108	1.0455	0.4757
1523	1303770828333	1	2.0108	1.0455	0.4757
1524	1303770828352	1	2.0108	1.0909	0.4559
1525	1303770828372	1	2.0108	1.0909	0.4559
1526	1303770828391	1	2.0108	1.0455	0.4757
1527	1303770828410	1	2.0108	1.0455	0.4757
1528	1303770828429	1	2.0108	1.0909	0.4559
1529	1303770828448	1	2.0108	1.0909	0.4559
1530	1303770828467	1	2.0108	1.0455	0.4757
1531	1303770828487	1	2.0108	1.0455	0.4757
1532	1303770828507	1	2.0108	1.0909	0.4559
1533	1303770828566	1	2.0108	1.0909	0.4559
1534	1303770828585	1	2.0108	1.0455	0.4757
1535	1303770828605	1	2.0108	1.0909	0.4559
1536	1303770828625	1	2.0108	1.0909	0.4559
1537	1303770828645	1	2.0108	1.0909	0.4559
1538	1303770828664	1	2.0108	1.0455	0.4757
1539	1303770828683	1	2.0108	1.0909	0.4559
1540	1303770828703	1	2.0108	1.0909	0.4559
1541	1303770828761	1	2.0108	1.0909	0.4559
1542	1303770828782	1	2.0516	1.0455	0.4662
1543	1303770828804	1	2.0516	1.0909	0.4468
1544	1303770828864	1	2.0516	1.0909	0.4468
1545	1303770828883	1	2.0516	1.0909	0.4468
1546	1303770828903	1	2.0516	1.0455	0.4662
1547	1303770828924	1	2.0516	1.0909	0.4468
1548	1303770828944	1	2.0516	1.0909	0.4468
1549	1303770828962	1	2.0516	1.0909	0.4468
1550	1303770828982	1	2.0516	1.0455	0.4662
1551	1303770829002	1	2.0516	1.0909	0.4468
1552	1303770829038	1	2.0516	1.0909	0.4468
1553	1303770829058	1	2.0516	1.0909	0.4468
1554	1303770829078	1	2.0516	1.0455	0.4662
1555	1303770829097	1	2.0516	1.0909	0.4468
1556	1303770829157	1	2.0516	1.0909	0.4468
1557	1303770829178	1	2.0516	1.0909	0.4468
1558	1303770829198	1	2.0516	1.0455	0.4662
1559	1303770829217	1	2.0516	1.0909	0.4468
1560	1303770829237	1	2.0516	1.0909	0.4468
1561	1303770829257	1	2.0516	1.0909	0.4468
1562	1303770829277	1	2.0516	1.0455	0.4662
1563	1303770829296	1	2.0516	1.0909	0.4468
1564	1303770829316	1	2.0516	1.0909	0.4468
1565	1303770829336	1	2.0516	1.0909	0.4468
1566	1303770829354	1	2.0516	1.0455	0.4662
1567	1303770829374	1	2.0516	1.0909	0.4468
1568	1303770829394	1	2.0516	1.0909	0.4468
1569	1303770829414	1	2.0516	1.0909	0.4468
1570	1303770829433	1	2.0516	1.0455	0.4662
1571	1303770829453	1	2.0516	1.0909	0.4468
1572	1303770829514	1	2.0516	1.0909	0.4468
1573	1303770829533	1	2.0516	1.0909	0.4468
1574	1303770829553	1	2.0516	1.0455	0.4662
1575	1303770829573	1	2.0516	1.0909	0.4468
1576	1303770829634	1	2.0239	1.0909	0.4529
1577	1303770829653	1	2.0239	1.0909	0.4529
1578	1303770829673	1	2.0239	1.0455	0.4726
1579	1303770829694	1	2.0239	1.0909	0.4529
1580	1303770829714	1	2.0239	1.0909	0.4529
1581	1303770829733	1	2.0239	1.0909	0.4529
1582	1303770829753	1	2.0239	1.0455	0.4726
1583	1303770829773	1	2.0239	1.0909	0.4529
1584	1303770829792	1	2.0239	1.0909	0.4529
1585	1303770829812	1	2.0239	1.0909	0.4529
1586	1303770829832	1	2.0239	1.0455	0.4726
1587	1303770829852	1	2.0239	1.0909	0.4529
1588	1303770829911	1	2.0239	1.0909	0.4529
1589	1303770829931	1	2.0239	1.0909	0.4529
1590	1303770829952	1	2.0239	1.0455	0.4726
1591	1303770829970	1	2.0239	1.0909	0.4529
1592	1303770829991	1	2.0239	1.0909	0.4529
1593	1303770830010	1	2.0239	1.0909	0.4529
1594	1303770830030	1	2.0239	1.0455	0.4726
1595	1303770830049	1	2.0239	1.0909	0.4529
1596	1303770830069	1	2.0239	1.0909	0.4529
1597	1303770830089	1	2.0239	1.0909	0.4529
1598	1303770830109	1	2.0239	1.0455	0.4726
1599	1303770830128	1	2.0239	1.0909	0.4529
1600	1303770830148	1	2.0239	1.0909	0.4529
1601	1303770830168	1	2.0239	1.0909	0.4529
1602	1303770830187	1	2.0239	1.0455	0.4726
1603	1303770830207	1	2.0239	1.0909	0.4529
1604	1303770830228	1	2.0239	1.0909	0.4529
1605	1303770830246	1	2.0239	1.0909	0.4529
1606	1303770830266	1	2.0239	1.0455	0.4726
1607	1303770830286	1	2.0239	1.0909	0.4529
1608	1303770830306	1	2.0239	1.0909	0.4529
1609	1303770830326	1	2.0239	1.0909	0.4529
1610	1303770830346	1	2.0239	1.0455	0.4726
1611	1303770830366	1	2.0239	1.0909	0.4529
1612	1303770830384	1	2.0239	1.0909	0.4529
1613	1303770830404	1	2.0239	1.0909	0.4529
1614	1303770830424	1	2.0239	1.0455	0.4726
1615	1303770830443	1	2.0239	1.0909	0.4529
1616	1303770830463	1	2.0239	1.0909	0.4529
1617	1303770830484	1	2.0239	1.0909	0.4529
1618	1303770830504	1	2.0239	1.0455	0.4726
1619	1303770830563	1	2.0239	1.0909	0.4529
1620	1303770830584	1	2.0239	1.0909	0.4529
1621	1303770830604	1	2.0239	1.0909	0.4529
1622	1303770830625	1	2.0239	1.0455	0.4726
1623	1303770830644	1	2.0239	1.0909	0.4529
1624	1303770830664	1	2.0239	1.0909	0.4529
1625	1303770830684	1	2.0239	1.0909	0.4529
1626	1303770830703	1	2.0239	1.0455	0.4726
1627	1303770830723	1	2.0239	1.0909	0.4529
1628	1303770830743	1	2.0239	1.0909	0.4529
1629	1303770830763	1	2.0239	1.0909	0.4529
1630	1303770830783	1	2.0239	1.0455	0.4726
1631	1303770830803	1	2.0239	1.0909	0.4529
1632	1303770830822	1	2.0239	1.0909	0.4529
1633	1303770830841	1	2.0239	1.0909	0.4529
1634	1303770830861	1	2.0239	1.0455	0.4726
1635	1303770830881	1	2.0239	1.0909	0.4529
1636	1303770830900	1	2.0239	1.0909	0.4529
1637	1303770830920	1	2.0239	1.0909	0.4529
1638	1303770830941	1	2.0239	1.0455	0.4726
1639	1303770830961	1	2.0239	1.0909	0.4529
1640	1303770831020	1	2.0239	1.0909	0.4529
1641	1303770831041	1	2.0239	1.0909	0.4529
1642	1303770831061	1	2.0239	1.0455	0.4726
1643	1303770831081	1	2.0239	1.0909	0.4529
1644	1303770831100	1	2.0239	1.0909	0.4529
1645	1303770831121	1	2.0239	1.0909	0.4529
1646	1303770831141	1	2.0239	1.0455	0.4726
1647	1303770831159	1	2.0239	1.0909	0.4529
1648	1303770831180	1	2.0239	1.0909	0.4529
1649	1303770831200	1	2.0239	1.0909	0.4529
1650	1303770831219	1	2.0239	1	0.4941
1651	1303770831239	1	2.0239	1.0455	0.4726
1652	1303770831260	1	2.0239	1.0909	0.4529
1653	1303770831280	1	2.0239	1.0909	0.4529
1654	1303770831299	1	2.0239	1	0.4941
1655	1303770831320	1	2.0239	1.0455	0.4726
1656	1303770831340	1	2.0239	1.0909	0.4529
1657	1303770831359	1	2.0239	1.0909	0.4529
1658	1303770831379	1	2.0239	1	0.4941
1659	1303770831399	1	2.0239	1.0455	0.4726
1660	1303770831419	1	2.0239	1.0909	0.4529
1661	1303770831438	1	2.0239	1.0909	0.4529
1662	1303770831459	1	2.0239	1	0.4941
1663	1303770831479	1	2.0239	1.0909	0.4529
1664	1303770831498	1	2.0239	1.0909	0.4529
1665	1303770831519	1	2.0239	1.0909	0.4529
1666	1303770831539	1	2.0239	1	0.4941
1667	1303770831559	1	2.0239	1.0909	0.4529
1668	1303770831578	1	2.0239	1.0909	0.4529
1669	1303770831599	1	2.0239	1.0909	0.4529
1670	1303770831619	1	2.0239	1	0.4941
1671	1303770831639	1	2.0239	1.0909	0.4529
1672	1303770831658	1	2.0239	1.0909	0.4529
1673	1303770831678	1	2.0239	1.0909	0.4529
1674	1303770831698	1	2.0239	1	0.4941
1675	1303770831717	1	2.0239	1.0909	0.4529
1676	1303770831778	1	2.0239	1.0909	0.4529
1677	1303770831799	1	2.0239	1.0909	0.4529
1678	1303770831819	1	2.0239	1	0.4941
1679	1303770831838	1	2.0239	1.0909	0.4529
1680	1303770831858	1	2.0239	1.0909	0.4529
1681	1303770831878	1	2.0239	1.0909	0.4529
1682	1303770831898	1	2.0239	1	0.4941
1683	1303770831917	1	2.0239	1.0909	0.4529
1684	1303770831938	1	2.0239	1.0909	0.4529
1685	1303770831958	1	2.0239	1.0909	0.4529
1686	1303770831977	1	2.0239	1	0.4941
1687	1303770831998	1	2.0239	1.0909	0.4529
1688	1303770832018	1	2.0239	1.0909	0.4529
1689	1303770832037	1	2.0239	1.0909	0.4529
1690	1303770832056	1	2.0239	1	0.4941
1691	1303770832077	1	2.0239	1.0909	0.4529
1692	1303770832097	1	2.0239	1.0909	0.4529
1693	1303770832116	1	2.0239	1.0909	0.4529
1694	1303770832136	1	2.0239	1	0.4941
1695	1303770832154	1	2.0239	1.0909	0.4529
1696	1303770832212	1	2.0239	1.0909	0.4529
1697	1303770832272	1	2.0239	1.0909	0.4529
1698	1303770832292	1	2.0239	1	0.4941
1699	1303770832311	1	2.0239	1.0909	0.4529
1700	1303770832329	1	2.0239	1.0909	0.4529
1701	1303770832349	1	2.0239	1.0909	0.4529
1702	1303770832368	1	2.0239	1	0.4941
1703	1303770832387	1	2.0239	1.0909	0.4529
1704	1303770832405	1	2.0239	1.0909	0.4529
1705	1303770832425	1	2.0239	1.0909	0.4529
1706	1303770832444	1	2.0239	1	0.4941
1707	1303770832462	1	2.0239	1.0909	0.4529
1708	1303770832481	1	2.0239	1.0909	0.4529
1709	1303770832500	1	2.0239	1.0909	0.4529
1710	1303770832518	1	2.0239	1	0.4941
1711	1303770832538	1	2.0239	1.0909	0.4529
1712	1303770832557	1	2.0239	1.0909	0.4529
1713	1303770832577	1	2.0239	1.0909	0.4529
1714	1303770832595	1	2.0239	1	0.4941
1715	1303770832614	1	2.0239	1.0909	0.4529
1716	1303770832633	1	2.0239	1.0909	0.4529
1717	1303770832651	1	2.0239	1.0909	0.4529
1718	1303770832670	1	2.0239	1	0.4941
1719	1303770832689	1	2.0239	1.0909	0.4529
1720	1303770832707	1	2.0239	1.0909	0.4529
1721	1303770832766	1	2.0239	1.0909	0.4529
1722	1303770832826	1	2.0516	1	0.4874
1723	1303770832848	1	2.0516	1.0909	0.4468
1724	1303770832866	1	2.0516	1.0909	0.4468
1725	1303770832886	1	2.0516	1.0909	0.4468
1726	1303770832906	1	2.0516	1	0.4874
1727	1303770832930	1	2.0516	1.0909	0.4468
1728	1303770832951	1	2.0516	1.0909	0.4468
1729	1303770832970	1	2.0516	1.0909	0.4468
1730	1303770833030	1	2.0516	1	0.4874
1731	1303770833048	1	2.0516	1.0455	0.4662
1732	1303770833067	1	2.0516	1.0909	0.4468
1733	1303770833086	1	2.0516	1.0909	0.4468
1734	1303770833106	1	2.0516	1	0.4874
1735	1303770833124	1	2.0516	1.0455	0.4662
1736	1303770833143	1	2.0516	1.0909	0.4468
1737	1303770833203	1	2.0516	1.0909	0.4468
1738	1303770833221	1	2.0516	1	0.4874
1739	1303770833281	1	2.0516	1.0455	0.4662
1740	1303770833301	1	2.0516	1.0909	0.4468
1741	1303770833321	1	2.0516	1.0909	0.4468
1742	1303770833339	1	2.0516	1	0.4874
1743	1303770833358	1	2.0516	1.0455	0.4662
1744	1303770833378	1	2.0516	1.0909	0.4468
1745	1303770833397	1	2.0516	1.0909	0.4468
1746	1303770833415	1	2.0516	1	0.4874
1747	1303770833434	1	2.0516	1.0455	0.4662
1748	1303770833453	1	2.0516	1.0909	0.4468
1749	1303770833471	1	2.0516	1.0909	0.4468
1750	1303770833530	1	2.0516	1	0.4874
1751	1303770833549	1	2.0516	1.0455	0.4662
1752	1303770833569	1	2.0516	1.0909	0.4468
1753	1303770833587	1	2.0516	1.0909	0.4468
1754	1303770833606	1	2.0516	1	0.4874
1755	1303770833625	1	2.0516	1.0455	0.4662
1756	1303770833644	1	2.0516	1.0909	0.4468
1757	1303770833662	1	2.0516	1.0909	0.4468
1758	1303770833682	1	2.0516	1	0.4874
1759	1303770833700	1	2.0516	1.0455	0.4662
1760	1303770833719	1	2.0516	1.0909	0.4468
1761	1303770833738	1	2.0516	1.0909	0.4468
1762	1303770833757	1	2.0516	1	0.4874
1763	1303770833776	1	2.0516	1.0455	0.4662
1764	1303770833795	1	2.0516	1.0909	0.4468
1765	1303770833814	1	2.0516	1.0909	0.4468
1766	1303770833832	1	2.0516	1	0.4874
1767	1303770833851	1	2.0516	1.0455	0.4662
1768	1303770833870	1	2.0516	1.0909	0.4468
1769	1303770833888	1	2.0516	1.0909	0.4468
1770	1303770833908	1	2.0516	1	0.4874
1771	1303770833927	1	2.0516	1.0455	0.4662
1772	1303770833946	1	2.0516	1.0909	0.4468
1773	1303770833964	1	2.0516	1.0909	0.4468
1774	1303770833983	1	2.0516	1	0.4874
1775	1303770834002	1	2.0516	1.0455	0.4662
1776	1303770834020	1	2.0516	1.0909	0.4468
1777	1303770834040	1	2.0516	1.0909	0.4468
1778	1303770834099	1	2.0516	1	0.4874
1779	1303770834119	1	2.0516	1.0455	0.4662
1780	1303770834137	1	2.068	1.0909	0.4433
1781	1303770834156	1	2.068	1.0909	0.4433
1782	1303770834175	1	2.068	1	0.4836
1783	1303770834194	1	2.068	1.0455	0.4625
1784	1303770834213	1	2.068	1.0909	0.4433
1785	1303770834232	1	2.068	1.0909	0.4433
1786	1303770834250	1	2.068	1	0.4836
1787	1303770834310	1	2.068	1.0455	0.4625
1788	1303770834329	1	2.068	1.0909	0.4433
1789	1303770834389	1	2.068	1.0909	0.4433
1790	1303770834447	1	2.068	1	0.4836
1791	1303770834467	1	2.068	1.0455	0.4625
1792	1303770834487	1	2.068	1.0909	0.4433
1793	1303770834506	1	2.068	1.0909	0.4433
1794	1303770834524	1	2.068	1	0.4836
1795	1303770834543	1	2.068	1.0455	0.4625
1796	1303770834562	1	2.068	1.0909	0.4433
1797	1303770834580	1	2.068	1.0909	0.4433
1798	1303770834640	1	2.068	1	0.4836
1799	1303770834659	1	2.068	1.0455	0.4625
1800	1303770834678	1	2.068	1.0909	0.4433
