0	1303772932432	0	0	0	0
1	1303772932441	0	0	0	0
2	1303772932450	0	0	0	0
3	1303772932459	0	0	0	0
4	1303772932469	0	0	0	0
5	1303772932521	0	0	0	0
6	1303772932531	0	0	0	0
7	1303772932542	0	0	0	0
8	1303772932554	0	0	0	0
9	1303772932566	0	0	0	0
10	1303772932579	0	0	0	0
11	1303772932591	0	0	0	0
12	1303772932604	0	0	0	0
13	1303772932658	0	0	0	0
14	1303772932670	0	0	0	0
15	1303772932728	0	0	0	0
16	1303772932740	0	0	0	0
17	1303772932753	0	0	0	0
18	1303772932766	0	0	0	0
19	1303772932786	0.5	0	0	0
20	1303772932829	0.5	0	0	0
21	1303772932905	0.5	0	0	0
22	1303772932922	0.5	1.0317	0	0
23	1303772932951	0.5	1.0317	1.5	0.3231
24	1303772932984	0.5	1.0317	1.5	0.3231
25	1303772933058	0.5	1.0317	1	0.4847
26	1303772933091	0.5	1.0317	1.5	0.3231
27	1303772933118	0.5	1.0317	1.5	0.3231
28	1303772933189	0.5	1.0317	1.5	0.3231
29	1303772933221	0.5	1.0317	1	0.4847
30	1303772933249	0.5	1.0317	1.25	0.3877
31	1303772933280	0.5	1.0317	1	0.4847
32	1303772933306	0.5	1.0317	1	0.4847
33	1303772933333	0.5	1.0317	1	0.4847
34	1303772933362	0.5	1.0317	1	0.4847
35	1303772933389	0.5	1.0317	1.1667	0.4154
36	1303772933415	0.5	1.0317	1.1667	0.4154
37	1303772933444	0.5	1.0317	1.1667	0.4154
38	1303772933511	0.5	1.0317	1.3333	0.3635
39	1303772933536	0.5	1.0317	1.3333	0.3635
40	1303772933565	0.5	1.0317	1.3333	0.3635
41	1303772933589	0.5	1.0317	1.3333	0.3635
42	1303772933614	0.5	1.0317	1.25	0.3877
43	1303772933641	0.5	1.0317	1.125	0.4308
44	1303772933665	0.5	1.0317	1	0.4847
45	1303772933689	0.5	1.0317	1.25	0.3877
46	1303772933714	0.5	1.0317	1.1	0.4406
47	1303772933754	1	1.0317	1	0.9693
48	1303772933804	1	1.0317	1.2	0.8078
49	1303772933837	1	1.0317	1.125	0.8616
50	1303772933903	1	1.4053	1.25	0.5693
51	1303772933932	1	1.3692	1.25	0.5843
52	1303772933959	1	1.3602	1.2	0.6127
53	1303772933984	1	1.3602	1.2	0.6127
54	1303772934009	1	1.3602	1.1	0.6684
55	1303772934037	1	1.3602	1.1667	0.6302
56	1303772934062	1	1.3602	1.25	0.5882
57	1303772934086	1	1.3602	1.25	0.5882
58	1303772934111	1	1.3602	1.25	0.5882
59	1303772934139	1	1.3602	1.2857	0.5718
60	1303772934162	1	1.3602	1.2857	0.5718
61	1303772934226	1	1.3602	1.25	0.5882
62	1303772934250	1	1.3602	1.2857	0.5718
63	1303772934277	1	1.3602	1.3125	0.5602
64	1303772934301	1	1.3602	1.2857	0.5718
65	1303772934365	1	1.3602	1.25	0.5882
66	1303772934389	1	1.3602	1.2778	0.5754
67	1303772934417	1	1.3602	1.25	0.5882
68	1303772934440	1	1.3602	1.2	0.6127
69	1303772934462	1	1.3602	1.2222	0.6015
70	1303772934484	1	1.3602	1.1111	0.6617
71	1303772934553	1	1.3602	1.15	0.6393
72	1303772934575	1	1.3602	1.15	0.6393
73	1303772934597	1	1.3602	1.1	0.6684
74	1303772934619	1	1.3602	1.15	0.6393
75	1303772934640	1	1.3602	1.1364	0.647
76	1303772934666	1	1.3602	1.1364	0.647
77	1303772934687	1	1.3602	1.0909	0.6739
78	1303772934709	1	1.3602	1.0909	0.6739
79	1303772934730	1	1.3602	1.1364	0.647
80	1303772934757	1	1.3602	1.1364	0.647
81	1303772934779	1	1.3602	1.1364	0.647
82	1303772934847	1	1.3602	1.1364	0.647
83	1303772934870	1	1.3545	1.1364	0.6497
84	1303772934892	1	1.3545	1.1364	0.6497
85	1303772934917	1	1.3545	1.1364	0.6497
86	1303772934937	1	1.3545	1.1364	0.6497
87	1303772934956	1	1.3545	1.1364	0.6497
88	1303772934975	1	1.3545	1.1364	0.6497
89	1303772934993	1	1.3545	1.1364	0.6497
90	1303772935011	1	1.3545	1.1364	0.6497
91	1303772935033	1	1.3545	1.1364	0.6497
92	1303772935052	1	1.3545	1.1364	0.6497
93	1303772935111	1	1.3545	1.1364	0.6497
94	1303772935130	1	1.3545	1.1364	0.6497
95	1303772935148	1	1.3545	1.1364	0.6497
96	1303772935167	1	1.3545	1.1364	0.6497
97	1303772935186	1	1.3545	1.1364	0.6497
98	1303772935208	1	1.3545	1.1364	0.6497
99	1303772935267	1	1.3545	1.1364	0.6497
100	1303772935286	1	1.3545	1.1364	0.6497
101	1303772935305	1	1.3545	1.125	0.6562
102	1303772935324	1	1.3545	1.125	0.6562
103	1303772935343	1	1.3545	1.125	0.6562
104	1303772935365	1	1.3545	1.1364	0.6497
105	1303772935388	1	1.3545	1.1364	0.6497
106	1303772935408	1	1.3545	1.125	0.6562
107	1303772935428	1	1.3545	1.125	0.6562
108	1303772935448	1	1.3545	1.125	0.6562
109	1303772935469	1	1.3545	1.125	0.6562
110	1303772935488	1	1.3545	1.125	0.6562
111	1303772935513	1	1.3156	1.125	0.6756
112	1303772935537	1	1.3156	1.0833	0.7016
113	1303772935558	1	1.3156	1.125	0.6756
114	1303772935578	1	1.3156	1.125	0.6756
115	1303772935599	1	1.3156	1.1154	0.6815
116	1303772935619	1	1.3156	1.1154	0.6815
117	1303772935643	1	1.3156	1.1154	0.6815
118	1303772935663	1	1.3156	1.1154	0.6815
119	1303772935724	1	1.3156	1.125	0.6756
120	1303772935744	1	1.3156	1.1538	0.6587
121	1303772935764	1	1.3156	1.125	0.6756
122	1303772935786	1	1.3156	1.1538	0.6587
123	1303772935810	1	1.3156	1.1154	0.6815
124	1303772935831	1	1.3156	1.1071	0.6865
125	1303772935851	1	1.3156	1.1071	0.6865
126	1303772935871	1	1.3156	1.1154	0.6815
127	1303772935892	1	1.3156	1.1071	0.6865
128	1303772935913	1	1.3156	1.1071	0.6865
129	1303772935937	1	1.3156	1.1	0.691
130	1303772936003	1	1.3156	1.1	0.691
131	1303772936023	1	1.3156	1.1071	0.6865
132	1303772936044	1	1.3156	1.1	0.691
133	1303772936064	1	1.3156	1.1071	0.6865
134	1303772936084	1	1.3156	1.1	0.691
135	1303772936108	1	1.3156	1.1	0.691
136	1303772936130	1	1.3156	1.1	0.691
137	1303772936150	1	1.3156	1.1	0.691
138	1303772936170	1	1.3156	1.1	0.691
139	1303772936190	1	1.3156	1.1	0.691
140	1303772936210	1	1.3156	1.1	0.691
141	1303772936234	1	1.3156	1.1	0.691
142	1303772936254	1	1.3156	1.1	0.691
143	1303772936274	1	1.3156	1.1	0.691
144	1303772936295	1	1.3156	1.1	0.691
145	1303772936320	1	1.3107	1.1	0.6936
146	1303772936342	1	1.3107	1.0667	0.7153
147	1303772936365	1	1.3107	1.1	0.6936
148	1303772936386	1	1.3107	1.1	0.6936
149	1303772936406	1	1.3107	1.1	0.6936
150	1303772936426	1	1.3107	1.0667	0.7153
151	1303772936489	1	1.3107	1.1	0.6936
152	1303772936509	1	1.3107	1.1	0.6936
153	1303772936533	1	1.3107	1.1	0.6936
154	1303772936553	1	1.3107	1.0667	0.7153
155	1303772936614	1	1.3107	1.1	0.6936
156	1303772936634	1	1.3107	1.1	0.6936
157	1303772936654	1	1.3107	1.1	0.6936
158	1303772936675	1	1.3107	1.0667	0.7153
159	1303772936699	1	1.3107	1.1	0.6936
160	1303772936719	1	1.3107	1.1	0.6936
161	1303772936740	1	1.3107	1.1	0.6936
162	1303772936760	1	1.3107	1.0667	0.7153
163	1303772936782	1	1.3107	1.1	0.6936
164	1303772936803	1	1.3107	1.1	0.6936
165	1303772936827	1	1.3107	1.1	0.6936
166	1303772936847	1	1.3107	1.0667	0.7153
167	1303772936868	1	1.3107	1.1	0.6936
168	1303772936888	1	1.3107	1.0938	0.6975
169	1303772936908	1	1.3107	1.1	0.6936
170	1303772936929	1	1.3107	1.0625	0.7181
171	1303772936954	1	1.3107	1.0938	0.6975
172	1303772936977	1	1.3107	1.0938	0.6975
173	1303772937041	1	1.01	1.0625	0.9319
174	1303772937063	1	1.01	1.0312	0.9601
175	1303772937085	1	1.01	1.0625	0.9319
176	1303772937106	1	1.01	1.0625	0.9319
177	1303772937129	1	1.01	1.0625	0.9319
178	1303772937150	1	1.01	1.0312	0.9601
179	1303772937172	1	1.01	1.0625	0.9319
180	1303772937191	1	1.01	1.0625	0.9319
181	1303772937211	1	1.01	1.0625	0.9319
182	1303772937231	1	1.01	1.0312	0.9601
183	1303772937295	1	1.01	1.0625	0.9319
184	1303772937315	1	1.01	1.0625	0.9319
185	1303772937335	1	1.01	1.0625	0.9319
186	1303772937355	1	1.01	1.0312	0.9601
187	1303772937375	1	1.01	1.0625	0.9319
188	1303772937394	1	1.01	1.0625	0.9319
189	1303772937417	1	1.01	1.0625	0.9319
190	1303772937438	1	1.01	1.0625	0.9319
191	1303772937459	1	1.01	1.0625	0.9319
192	1303772937479	1	1.01	1.0625	0.9319
193	1303772937499	1	1.01	1.0625	0.9319
194	1303772937519	1	1.01	1.0312	0.9601
195	1303772937538	1	1.01	1.0625	0.9319
196	1303772937561	1	1.01	1.0938	0.9052
197	1303772937581	1	1.01	1.0312	0.9601
198	1303772937641	1	1.01	1.0312	0.9601
199	1303772937661	1	1.01	1.0938	0.9052
200	1303772937680	1	1.01	1.0625	0.9319
201	1303772937741	1	1.01	1.0312	0.9601
202	1303772937764	1	1.01	1.0625	0.9319
203	1303772937784	1	1.01	1.0625	0.9319
204	1303772937804	1	1.01	1.0625	0.9319
205	1303772937824	1	1.0076	1.0625	0.9341
206	1303772937846	1	1.0068	1.0312	0.9631
207	1303772937867	1	1.0068	1.0625	0.9348
208	1303772937891	1	1.0068	1.0938	0.9081
209	1303772937950	1	1.0068	1.0312	0.9631
210	1303772937970	1	1.0068	1.0312	0.9631
211	1303772937990	1	1.0068	1.0938	0.9081
212	1303772938010	1	1.0068	1.0938	0.9081
213	1303772938029	1	1.0068	1.0312	0.9631
214	1303772938054	1	1.0068	1.0312	0.9631
215	1303772938073	1	1.0068	1.0938	0.9081
216	1303772938093	1	1.0068	1.0938	0.9081
217	1303772938158	1	1.0068	1.0625	0.9348
218	1303772938218	1	1.0068	1.0312	0.9631
219	1303772938238	1	1.0068	1.0938	0.9081
220	1303772938302	1	1.0068	1.0938	0.9081
221	1303772938322	1	1.0068	1.0625	0.9348
222	1303772938355	1	1.0068	1.0312	0.9631
223	1303772938416	1	1.0068	1.0938	0.9081
224	1303772938436	1	1.0068	1.0938	0.9081
225	1303772938456	1	1.0068	1.0625	0.9348
226	1303772938480	1	1.0068	1.0625	0.9348
227	1303772938501	1	1.0068	1.0938	0.9081
228	1303772938521	1	1.0068	1.0938	0.9081
229	1303772938542	1	1.0068	1.0625	0.9348
230	1303772938563	1	1.0068	1.0625	0.9348
231	1303772938583	1	1.0068	1.0938	0.9081
232	1303772938603	1	1.0068	1.0938	0.9081
233	1303772938668	1	1.0068	1.0625	0.9348
234	1303772938691	1	1.0059	1.0625	0.9356
235	1303772938757	1	1.0055	1.0938	0.9093
236	1303772938779	1	1.0055	1.0938	0.9093
237	1303772938800	1	1.0055	1.0625	0.936
238	1303772938824	1	1.0055	1.0312	0.9644
239	1303772938843	1	1.0055	1.0938	0.9093
240	1303772938863	1	1.0055	1.0938	0.9093
241	1303772938924	1	1.0055	1.0625	0.936
242	1303772938943	1	1.0055	1.0312	0.9644
243	1303772938963	1	1.0055	1.0625	0.936
244	1303772938982	1	1.0055	1.0938	0.9093
245	1303772939006	1	1.0055	1.0625	0.936
246	1303772939026	1	1.0055	1.0625	0.936
247	1303772939046	1	1.0055	1.0625	0.936
248	1303772939065	1	1.0055	1.0938	0.9093
249	1303772939085	1	1.0055	1.0625	0.936
250	1303772939105	1	1.0055	1.0625	0.936
251	1303772939128	1	1.0055	1.0625	0.936
252	1303772939148	1	1.0055	1.0938	0.9093
253	1303772939211	1	1.0055	1.0625	0.936
254	1303772939232	1	1.0055	1.0625	0.936
255	1303772939252	1	1.0055	1.0625	0.936
256	1303772939271	1	1.0055	1.0938	0.9093
257	1303772939295	1	1.0055	1.0625	0.936
258	1303772939316	1	1.0055	1.0625	0.936
259	1303772939337	1	1.0055	1.0625	0.936
260	1303772939357	1	1.0055	1.0938	0.9093
261	1303772939377	1	1.0055	1.0625	0.936
262	1303772939396	1	1.0055	1.0625	0.936
263	1303772939417	1	1.0055	1.0625	0.936
264	1303772939440	1	1.0055	1.0938	0.9093
265	1303772939459	1	1.0055	1.0625	0.936
266	1303772939481	1	1.0055	1.0625	0.936
267	1303772939543	1	1.0055	1.0625	0.936
268	1303772939565	1	1.0055	1.0938	0.9093
269	1303772939590	1	1.0055	1.0625	0.936
270	1303772939611	1	1.0075	1.0625	0.9342
271	1303772939632	1	1.0075	1.0938	0.9075
272	1303772939694	1	1.0075	1.0938	0.9075
273	1303772939756	1	1.0075	1.0312	0.9625
274	1303772939777	1	1.0075	1.0625	0.9342
275	1303772939802	1	1.0075	1.0938	0.9075
276	1303772939824	1	1.0075	1.0938	0.9075
277	1303772939844	1	1.0075	1.0312	0.9625
278	1303772939905	1	1.0075	1.0625	0.9342
279	1303772939927	1	1.0075	1.0938	0.9075
280	1303772939953	1	1.0075	1.0938	0.9075
281	1303772939974	1	1.0075	1.0312	0.9625
282	1303772939995	1	1.0075	1.0625	0.9342
283	1303772940016	1	1.0075	1.0938	0.9075
284	1303772940038	1	1.0075	1.0938	0.9075
285	1303772940059	1	1.0075	1.0312	0.9625
286	1303772940084	1	1.0075	1.0625	0.9342
287	1303772940150	1	1.0075	1.0938	0.9075
288	1303772940172	1	1.0075	1.0938	0.9075
289	1303772940194	1	1.0075	1.0312	0.9625
290	1303772940215	1	1.0075	1.0625	0.9342
291	1303772940240	1	1.0075	1.0938	0.9075
292	1303772940261	1	1.0075	1.0938	0.9075
293	1303772940282	1	1.0075	1.0312	0.9625
294	1303772940304	1	1.0075	1.0625	0.9342
295	1303772940327	1	1.0054	1.0625	0.9361
296	1303772940353	1	1.0051	1.0938	0.9096
297	1303772940376	1	1.0051	1.0312	0.9648
298	1303772940398	1	1.0051	1.0625	0.9364
299	1303772940420	1	1.0051	1.0938	0.9096
300	1303772940442	1	1.0051	1.0938	0.9096
301	1303772940463	1	1.0051	1.0312	0.9648
302	1303772940489	1	1.0051	1.0625	0.9364
303	1303772940511	1	1.0051	1.0938	0.9096
304	1303772940533	1	1.0051	1.0938	0.9096
305	1303772940556	1	1.0051	1.0312	0.9648
306	1303772940578	1	1.0051	1.0625	0.9364
307	1303772940603	1	1.0051	1.0938	0.9096
308	1303772940625	1	1.0051	1.0938	0.9096
309	1303772940646	1	1.0051	1.0312	0.9648
310	1303772940669	1	1.0051	1.0625	0.9364
311	1303772940691	1	1.0051	1.0938	0.9096
312	1303772940712	1	1.0051	1.0938	0.9096
313	1303772940781	1	1.0051	1.0312	0.9648
314	1303772940802	1	1.0051	1.0625	0.9364
315	1303772940822	1	1.0051	1.0938	0.9096
316	1303772940844	1	1.0051	1.0938	0.9096
317	1303772940866	1	1.0051	1.0312	0.9648
318	1303772940892	1	1.0051	1.0625	0.9364
319	1303772940913	1	1.0051	1.0938	0.9096
320	1303772940978	1	1.0051	1.0938	0.9096
321	1303772941000	1	1.0051	1.0312	0.9648
322	1303772941066	1	1.0051	1.0625	0.9364
323	1303772941091	1	1.0051	1.0938	0.9096
324	1303772941113	1	1.0051	1.0938	0.9096
325	1303772941134	1	1.0051	1.0312	0.9648
326	1303772941156	1	1.0051	1.0625	0.9364
327	1303772941177	1	1.0051	1.0938	0.9096
328	1303772941200	1	1.0049	1.0938	0.9098
329	1303772941226	1	1.0049	1.0312	0.965
330	1303772941247	1	1.0049	1.0625	0.9366
331	1303772941269	1	1.0049	1.0938	0.9098
332	1303772941291	1	1.0049	1.0938	0.9098
333	1303772941353	1	1.0049	1.0312	0.965
334	1303772941378	1	1.0049	1.0625	0.9366
335	1303772941400	1	1.0049	1.0938	0.9098
336	1303772941421	1	1.0049	1.0938	0.9098
337	1303772941442	1	1.0049	1.0312	0.965
338	1303772941504	1	1.0049	1.0625	0.9366
339	1303772941525	1	1.0049	1.0938	0.9098
340	1303772941550	1	1.0049	1.0938	0.9098
341	1303772941571	1	1.0049	1.0312	0.965
342	1303772941593	1	1.0049	1.0625	0.9366
343	1303772941614	1	1.0049	1.0938	0.9098
344	1303772941636	1	1.0049	1.0938	0.9098
345	1303772941663	1	1.0049	1.0312	0.965
346	1303772941685	1	1.0049	1.0625	0.9366
347	1303772941707	1	1.0049	1.0938	0.9098
348	1303772941728	1	1.0049	1.0938	0.9098
349	1303772941750	1	1.0049	1.0312	0.965
350	1303772941835	1	1.0049	1.0625	0.9366
351	1303772941857	1	1.0049	1.0938	0.9098
352	1303772941878	1	1.0049	1.0938	0.9098
353	1303772941900	1	1.0049	1.0312	0.965
354	1303772941921	1	1.0049	1.0625	0.9366
355	1303772941946	1	1.0049	1.0938	0.9098
356	1303772941974	1	1.0046	1.0938	0.9101
357	1303772941998	1	1.0044	1	0.9956
358	1303772942021	1	1.0044	1.0625	0.937
359	1303772942042	1	1.0044	1.0938	0.9103
360	1303772942065	1	1.0044	1.0938	0.9103
361	1303772942091	1	1.0044	1.0312	0.9654
362	1303772942114	1	1.0044	1.0625	0.937
363	1303772942135	1	1.0044	1.0938	0.9103
364	1303772942156	1	1.0044	1.0938	0.9103
365	1303772942179	1	1.0044	1.0312	0.9654
366	1303772942201	1	1.0044	1.0625	0.937
367	1303772942225	1	1.0044	1.0938	0.9103
368	1303772942246	1	1.0044	1.0938	0.9103
369	1303772942268	1	1.0044	1.0312	0.9654
370	1303772942289	1	1.0044	1.0625	0.937
371	1303772942312	1	1.0044	1.0938	0.9103
372	1303772942337	1	1.0044	1.0938	0.9103
373	1303772942358	1	1.0044	1.0312	0.9654
374	1303772942420	1	1.0044	1.0625	0.937
375	1303772942443	1	1.0044	1.0938	0.9103
376	1303772942465	1	1.0044	1.0938	0.9103
377	1303772942490	1	1.0044	1.0312	0.9654
378	1303772942512	1	1.0044	1.0625	0.937
379	1303772942533	1	1.0044	1.0938	0.9103
380	1303772942554	1	1.0044	1.0938	0.9103
381	1303772942576	1	1.0044	1.0312	0.9654
382	1303772942638	1	1.0044	1.0625	0.937
383	1303772942663	1	1.0044	1.0938	0.9103
384	1303772942684	1	1.0044	1.0938	0.9103
385	1303772942706	1	1.0044	1.0312	0.9654
386	1303772942727	1	1.0044	1.0625	0.937
387	1303772942789	1	1.0044	1.0938	0.9103
388	1303772942815	1	1.0044	1.0938	0.9103
389	1303772942836	1	1.0044	1.0312	0.9654
390	1303772942859	1	1.0034	1.0625	0.938
391	1303772942881	1	1.0034	1.0938	0.9112
392	1303772942902	1	1.0034	1.0938	0.9112
393	1303772942928	1	1.0034	1.0312	0.9664
394	1303772942951	1	1.0034	1.0625	0.938
395	1303772943017	1	1.0034	1.0938	0.9112
396	1303772943084	1	1.0034	1.0938	0.9112
397	1303772943107	1	1.0034	1.0625	0.938
398	1303772943128	1	1.0034	1.0625	0.938
399	1303772943154	1	1.0034	1.0938	0.9112
400	1303772943176	1	1.0034	1.0938	0.9112
401	1303772943197	1	1.0034	1.0625	0.938
402	1303772943218	1	1.0034	1.0625	0.938
403	1303772943240	1	1.0034	1.0938	0.9112
404	1303772943305	1	1.0034	1.0938	0.9112
405	1303772943326	1	1.0034	1.0625	0.938
406	1303772943348	1	1.0034	1.0625	0.938
407	1303772943370	1	1.0034	1.0938	0.9112
408	1303772943391	1	1.0034	1.0938	0.9112
409	1303772943413	1	1.0034	1.0312	0.9664
410	1303772943438	1	1.0034	1.0625	0.938
411	1303772943460	1	1.0034	1.0938	0.9112
412	1303772943481	1	1.0034	1.0938	0.9112
413	1303772943503	1	1.0034	1.0312	0.9664
414	1303772943524	1	1.0034	1.0625	0.938
415	1303772943550	1	1.0034	1.0938	0.9112
416	1303772943575	1	1.0034	1.0938	0.9112
417	1303772943599	1	1.0034	1.0312	0.9664
418	1303772943622	1	1.0034	1.0625	0.938
419	1303772943643	1	1.0034	1.0938	0.9112
420	1303772943668	1	1.0034	1.0938	0.9112
421	1303772943690	1	1.0034	1.0312	0.9664
422	1303772943712	1	1.0034	1.0625	0.938
423	1303772943733	1	1.0034	1.0938	0.9112
424	1303772943755	1	1.0034	1.0938	0.9112
425	1303772943776	1	1.0034	1.0312	0.9664
426	1303772943802	1	1.0034	1.0312	0.9664
427	1303772943823	1	1.0034	1.0625	0.938
428	1303772943845	1	1.0034	1.0938	0.9112
429	1303772943865	1	1.0034	1	0.9966
430	1303772943927	1	1.0034	1.0312	0.9664
431	1303772943952	1	1.0034	1.0938	0.9112
432	1303772943974	1	1.0034	1.0312	0.9664
433	1303772943995	1	1.0034	1	0.9966
434	1303772944016	1	1.0034	1.0625	0.938
435	1303772944038	1	1.0034	1.0312	0.9664
436	1303772944063	1	1.0034	1.0312	0.9664
437	1303772944085	1	1.0034	1.0312	0.9664
438	1303772944106	1	1.0034	1.0312	0.9664
439	1303772944128	1	1.0034	1.0312	0.9664
440	1303772944150	1	1.0034	1.0625	0.938
441	1303772944172	1	1.0034	1.0312	0.9664
442	1303772944197	1	1.0034	1.0312	0.9664
443	1303772944219	1	1.0034	1.0625	0.938
444	1303772944240	1	1.0034	1.0312	0.9664
445	1303772944303	1	1.0034	1.0312	0.9664
446	1303772944324	1	1.0034	1.0625	0.938
447	1303772944350	1	1.0034	1.0312	0.9664
448	1303772944371	1	1.0034	1.0312	0.9664
449	1303772944392	1	1.0034	1.0625	0.938
450	1303772944415	1	1.0034	1.0312	0.9664
451	1303772944439	1	1.0028	1.0312	0.967
452	1303772944461	1	1.0028	1.0312	0.967
453	1303772944486	1	1.0028	1.0312	0.967
454	1303772944509	1	1.0028	1.0312	0.967
455	1303772944531	1	1.0028	1.0625	0.9385
456	1303772944552	1	1.0028	1.0312	0.967
457	1303772944573	1	1.0028	1.0312	0.967
458	1303772944598	1	1.0028	1.0625	0.9385
459	1303772944621	1	1.0028	1.0312	0.967
460	1303772944642	1	1.0028	1.0312	0.967
461	1303772944665	1	1.0028	1.0625	0.9385
462	1303772944728	1	1.0028	1.0312	0.967
463	1303772944956	1	1.0028	1.0312	0.967
464	1303772944978	1	1.0028	1.0625	0.9385
465	1303772945000	1	1.0028	1.0312	0.967
466	1303772945022	1	1.0028	1.0312	0.967
467	1303772945044	1	1.0028	1.0625	0.9385
468	1303772945066	1	1.0028	1.0625	0.9385
469	1303772945091	1	1.0028	1.0312	0.967
470	1303772945112	1	1.0028	1.0312	0.967
471	1303772945134	1	1.0028	1.0625	0.9385
472	1303772945207	1	1.0028	1.0625	0.9385
473	1303772945229	1	1.0028	1.0312	0.967
474	1303772945295	1	1.0028	1.0312	0.967
475	1303772945317	1	1.0028	1.0625	0.9385
476	1303772945338	1	1.0028	1.0625	0.9385
477	1303772945362	1	1.0028	1.0312	0.967
478	1303772945386	1	1.0028	1.0312	0.967
479	1303772945412	1	1.0028	1.0625	0.9385
480	1303772945474	1	1.0028	1.0625	0.9385
481	1303772945496	1	1.0028	1.0312	0.967
482	1303772945518	1	1.0028	1.0312	0.967
483	1303772945585	1	1.0028	1.0625	0.9385
484	1303772945607	1	1.0028	1.0625	0.9385
485	1303772945632	1	1.0028	1.0312	0.967
486	1303772945653	1	1.0028	1.0312	0.967
487	1303772945676	1	1.0028	1.0625	0.9385
488	1303772945698	1	1.0028	1.0312	0.967
489	1303772945720	1	1.0028	1.0312	0.967
490	1303772945789	1	1.0028	1.0625	0.9385
491	1303772945812	1	1.0028	1.0312	0.967
492	1303772945834	1	1.0028	1.0312	0.967
493	1303772945896	1	1.0028	1.0625	0.9385
494	1303772945917	1	1.0028	1.0312	0.967
495	1303772945942	1	1.0028	1.0312	0.967
496	1303772945963	1	1.0028	1.0625	0.9385
497	1303772945984	1	1.0028	1.0312	0.967
498	1303772946007	1	1.0028	1.0312	0.967
499	1303772946030	1	1.0028	1.0625	0.9385
500	1303772946052	1	1.0028	1.0312	0.967
501	1303772946077	1	1.0028	1.0312	0.967
502	1303772946098	1	1.0028	1.0625	0.9385
503	1303772946121	1	1.0028	1.0312	0.967
504	1303772946142	1	1.0028	1.0312	0.967
505	1303772946165	1	1.0028	1.0625	0.9385
506	1303772946190	1	1.0028	1.0312	0.967
507	1303772946254	1	1.0028	1.0312	0.967
508	1303772946275	1	1.0028	1.0625	0.9385
509	1303772946297	1	1.0028	1.0312	0.967
510	1303772946318	1	1.0028	1.0312	0.967
511	1303772946341	1	1.0028	1.0625	0.9385
512	1303772946367	1	1.0028	1.0312	0.967
513	1303772946388	1	1.0041	1.0312	0.9657
514	1303772946409	1	1.0041	1.0625	0.9373
515	1303772946430	1	1.0041	1.0312	0.9657
516	1303772946452	1	1.0041	1.0312	0.9657
517	1303772946477	1	1.0041	1.0625	0.9373
518	1303772946499	1	1.0041	1.0312	0.9657
519	1303772946521	1	1.0041	1.0312	0.9657
520	1303772946544	1	1.0041	1.0625	0.9373
521	1303772946565	1	1.0041	1.0625	0.9373
522	1303772946588	1	1.0041	1.0312	0.9657
523	1303772946613	1	1.0041	1.0625	0.9373
524	1303772946634	1	1.0041	1.0625	0.9373
525	1303772946655	1	1.0041	1.0625	0.9373
526	1303772946717	1	1.0041	1.0312	0.9657
527	1303772946740	1	1.0041	1.0625	0.9373
528	1303772946767	1	1.0041	1.0625	0.9373
529	1303772946789	1	1.0041	1.0625	0.9373
530	1303772946812	1	1.0041	1.0312	0.9657
531	1303772946834	1	1.0041	1.0625	0.9373
532	1303772946855	1	1.0041	1.0625	0.9373
533	1303772946880	1	1.0041	1.0625	0.9373
534	1303772946902	1	1.0041	1.0312	0.9657
535	1303772946925	1	1.0041	1.0625	0.9373
536	1303772946947	1	1.0041	1.0625	0.9373
537	1303772947009	1	1.0041	1.0625	0.9373
538	1303772947035	1	1.0041	1.0312	0.9657
539	1303772947062	1	1.0041	1.0625	0.9373
540	1303772947085	1	1.0041	1.0625	0.9373
541	1303772947106	1	1.0041	1.0625	0.9373
542	1303772947128	1	1.0041	1.0312	0.9657
543	1303772947149	1	1.0041	1.0625	0.9373
544	1303772947214	1	1.0041	1.0625	0.9373
545	1303772947237	1	1.0041	1.0625	0.9373
546	1303772947259	1	1.0041	1.0312	0.9657
547	1303772947280	1	1.0041	1.0312	0.9657
548	1303772947303	1	1.0041	1.0625	0.9373
549	1303772947325	1	1.0041	1.0625	0.9373
550	1303772947350	1	1.0041	1.0312	0.9657
551	1303772947372	1	1.0041	1.0312	0.9657
552	1303772947395	1	1.0041	1.0625	0.9373
553	1303772947417	1	1.0041	1.0312	0.9657
554	1303772947438	1	1.0041	1.0312	0.9657
555	1303772947463	1	1.0041	1.0625	0.9373
556	1303772947484	1	1.0041	1.0312	0.9657
557	1303772947506	1	1.0041	1.0312	0.9657
558	1303772947528	1	1.0041	1.0625	0.9373
559	1303772947550	1	1.0041	1.0312	0.9657
560	1303772947576	1	1.0041	1.0312	0.9657
561	1303772947597	1	1.0041	1.0625	0.9373
562	1303772947618	1	1.0041	1.0312	0.9657
563	1303772947640	1	1.0041	1.0312	0.9657
564	1303772947661	1	1.0041	1.0625	0.9373
565	1303772947683	1	1.0041	1.0312	0.9657
566	1303772947708	1	1.0041	1.0312	0.9657
567	1303772947770	1	1.0041	1.0625	0.9373
568	1303772947791	1	1.0041	1.0312	0.9657
569	1303772947814	1	1.0041	1.0312	0.9657
570	1303772947835	1	1.0041	1.0625	0.9373
571	1303772947862	1	1.0041	1.0312	0.9657
572	1303772947885	1	1.0022	1.0312	0.9675
573	1303772947907	1	1.0022	1.0625	0.9391
574	1303772947930	1	1.0022	1.0312	0.9675
575	1303772947950	1	1.0022	1.0312	0.9675
576	1303772947972	1	1.0022	1.0625	0.9391
577	1303772947996	1	1.0022	1.0312	0.9675
578	1303772948017	1	1.0022	1.0625	0.9391
579	1303772948038	1	1.0022	1.0625	0.9391
580	1303772948059	1	1.0022	1.0312	0.9675
581	1303772948078	1	1.0022	1.0625	0.9391
582	1303772948098	1	1.0022	1.0625	0.9391
583	1303772948118	1	1.0022	1.0312	0.9675
584	1303772948142	1	1.0022	1.0625	0.9391
585	1303772948163	1	1.0022	1.0625	0.9391
586	1303772948183	1	1.0022	1.0312	0.9675
587	1303772948203	1	1.0022	1.0625	0.9391
588	1303772948223	1	1.0022	1.0938	0.9122
589	1303772948243	1	1.0022	1.0312	0.9675
590	1303772948267	1	1.0022	1.0312	0.9675
591	1303772948286	1	1.0022	1.0938	0.9122
592	1303772948308	1	1.0022	1.0625	0.9391
593	1303772948329	1	1.0022	1.0312	0.9675
594	1303772948350	1	1.0022	1.0625	0.9391
595	1303772948370	1	1.0022	1.0625	0.9391
596	1303772948393	1	1.0022	1.0625	0.9391
597	1303772948413	1	1.0022	1.0625	0.9391
598	1303772948434	1	1.0022	1.0625	0.9391
599	1303772948457	1	1.0022	1.0625	0.9391
600	1303772948521	1	1.0022	1.0938	0.9123
601	1303772948543	1	1.0022	1.0625	0.9391
602	1303772948568	1	1.0022	1.0625	0.9391
603	1303772948588	1	1.0022	1.0625	0.9391
604	1303772948607	1	1.0022	1.0938	0.9123
605	1303772948627	1	1.0022	1.0312	0.9676
606	1303772948647	1	1.0022	1.0625	0.9391
607	1303772948667	1	1.0022	1.0938	0.9123
608	1303772948686	1	1.0022	1.0938	0.9123
609	1303772948710	1	1.0022	1.0312	0.9676
610	1303772948730	1	1.0022	1.0625	0.9391
611	1303772948750	1	1.0022	1.0938	0.9123
612	1303772948770	1	1.0022	1.0938	0.9123
613	1303772948789	1	1.0022	1.0312	0.9676
614	1303772948809	1	1.0022	1.0938	0.9123
615	1303772948833	1	1.0022	1.0938	0.9123
616	1303772948893	1	1.0022	1.0938	0.9123
617	1303772948913	1	1.0022	1.0312	0.9676
618	1303772948933	1	1.0022	1.0938	0.9123
619	1303772948953	1	1.0022	1.0938	0.9123
620	1303772948973	1	1.0022	1.0938	0.9123
621	1303772948997	1	1.0022	1.0312	0.9676
622	1303772949017	1	1.0022	1.0938	0.9123
623	1303772949038	1	1.0022	1.0938	0.9123
624	1303772949098	1	1.0022	1.0938	0.9123
625	1303772949118	1	1.0022	1.0312	0.9676
626	1303772949138	1	1.0022	1.0938	0.9123
627	1303772949198	1	1.0022	1.0938	0.9123
628	1303772949261	1	1.0022	1.0938	0.9123
629	1303772949281	1	1.0022	1.0312	0.9676
630	1303772949301	1	1.0022	1.0938	0.9123
631	1303772949321	1	1.0022	1.0938	0.9123
632	1303772949342	1	1.0022	1.0938	0.9123
633	1303772949365	1	1.0022	1.0312	0.9676
634	1303772949391	1	1.0022	1.0938	0.9123
635	1303772949412	1	1.0022	1.0938	0.9123
636	1303772949433	1	1.0027	1.0938	0.9118
637	1303772949453	1	1.0027	1.0312	0.967
638	1303772949472	1	1.0027	1.0938	0.9118
639	1303772949492	1	1.0027	1.0938	0.9118
640	1303772949516	1	1.0027	1.0938	0.9118
641	1303772949536	1	1.0027	1.0312	0.967
642	1303772949556	1	1.0027	1.0938	0.9118
643	1303772949576	1	1.0027	1.0938	0.9118
644	1303772949596	1	1.0027	1.0938	0.9118
645	1303772949615	1	1.0027	1.0312	0.967
646	1303772949638	1	1.0027	1.0938	0.9118
647	1303772949660	1	1.0027	1.0938	0.9118
648	1303772949721	1	1.0027	1.0938	0.9118
649	1303772949741	1	1.0027	1.0312	0.967
650	1303772949761	1	1.0027	1.0938	0.9118
651	1303772949822	1	1.0027	1.0938	0.9118
652	1303772949843	1	1.0027	1.0938	0.9118
653	1303772949868	1	1.0027	1.0312	0.967
654	1303772949887	1	1.0027	1.0938	0.9118
655	1303772949907	1	1.0027	1.0938	0.9118
656	1303772949928	1	1.0027	1.0938	0.9118
657	1303772949948	1	1.0027	1.0312	0.967
658	1303772950009	1	1.0027	1.0938	0.9118
659	1303772950033	1	1.0027	1.0938	0.9118
660	1303772950056	1	1.0027	1.0938	0.9118
661	1303772950080	1	1.0027	1.0312	0.9671
662	1303772950102	1	1.0027	1.0625	0.9386
663	1303772950123	1	1.0027	1.0938	0.9118
664	1303772950143	1	1.0027	1.0938	0.9118
665	1303772950166	1	1.0027	1.0312	0.9671
666	1303772950187	1	1.0027	1.0938	0.9118
667	1303772950248	1	1.0027	1.0938	0.9118
668	1303772950267	1	1.0027	1.0938	0.9118
669	1303772950288	1	1.0027	1.0312	0.9671
670	1303772950308	1	1.0027	1.0938	0.9118
671	1303772950333	1	1.0027	1.0938	0.9118
672	1303772950354	1	1.0027	1.0938	0.9118
673	1303772950374	1	1.0027	1.0312	0.9671
674	1303772950395	1	1.0027	1.0938	0.9118
675	1303772950415	1	1.0027	1.0938	0.9118
676	1303772950436	1	1.0027	1.0938	0.9118
677	1303772950457	1	1.0027	1.0312	0.9671
678	1303772950520	1	1.0027	1.0625	0.9386
679	1303772950541	1	1.0027	1.0938	0.9118
680	1303772950561	1	1.0027	1.0938	0.9118
681	1303772950581	1	1.0027	1.0312	0.9671
682	1303772950601	1	1.0027	1.0938	0.9118
683	1303772950621	1	1.0027	1.0938	0.9118
684	1303772950645	1	1.0027	1.0938	0.9118
685	1303772950665	1	1.0027	1.0312	0.9671
686	1303772950685	1	1.0027	1.0938	0.9118
687	1303772950704	1	1.0027	1.0938	0.9118
688	1303772950724	1	1.0027	1.0938	0.9118
689	1303772950743	1	1.0027	1.0625	0.9386
690	1303772950767	1	1.0027	1.0625	0.9386
691	1303772950786	1	1.0027	1.0938	0.9118
692	1303772950846	1	1.0027	1.0938	0.9118
693	1303772950868	1	1.0027	1.0625	0.9386
694	1303772950891	1	1.0012	1.0625	0.9401
695	1303772950912	1	1.0012	1.0938	0.9132
696	1303772950936	1	1.0012	1.0938	0.9132
697	1303772950958	1	1.0012	1.0312	0.9686
698	1303772950978	1	1.0012	1.0625	0.9401
699	1303772950998	1	1.0012	1.0938	0.9132
700	1303772951018	1	1.0012	1.0938	0.9132
701	1303772951078	1	1.0012	1.0312	0.9686
702	1303772951098	1	1.0012	1.0625	0.9401
703	1303772951122	1	1.0012	1.0938	0.9132
704	1303772951142	1	1.0012	1.0938	0.9132
705	1303772951162	1	1.0012	1.0312	0.9686
706	1303772951182	1	1.0012	1.0625	0.9401
707	1303772951202	1	1.0012	1.0938	0.9132
708	1303772951222	1	1.0012	1.0938	0.9132
709	1303772951247	1	1.0012	1.0312	0.9686
710	1303772951267	1	1.0012	1.0625	0.9401
711	1303772951288	1	1.0012	1.0938	0.9132
712	1303772951309	1	1.0012	1.0938	0.9132
713	1303772951328	1	1.0012	1.0312	0.9686
714	1303772951350	1	1.0012	1.0625	0.9401
715	1303772951370	1	1.0012	1.0938	0.9132
716	1303772951394	1	1.0012	1.0938	0.9132
717	1303772951414	1	1.0012	1.0625	0.9401
718	1303772951433	1	1.0012	1.0625	0.9401
719	1303772951453	1	1.0012	1.0938	0.9132
720	1303772951473	1	1.0012	1.0938	0.9132
721	1303772951535	1	1.0012	1.0625	0.9401
722	1303772951561	1	1.0011	1.0625	0.9401
723	1303772951582	1	1.0011	1.0625	0.9401
724	1303772951603	1	1.0011	1.0938	0.9133
725	1303772951622	1	1.0011	1.0625	0.9401
726	1303772951642	1	1.0011	1.0625	0.9401
727	1303772951663	1	1.0011	1.0938	0.9133
728	1303772951687	1	1.0011	1.0938	0.9133
729	1303772951706	1	1.0011	1.0312	0.9686
730	1303772951725	1	1.0011	1.0625	0.9401
731	1303772951745	1	1.0011	1.0938	0.9133
732	1303772951765	1	1.0011	1.0938	0.9133
733	1303772951785	1	1.0011	1.0625	0.9401
734	1303772951845	1	1.0011	1.0625	0.9401
735	1303772951908	1	1.0011	1.0938	0.9133
736	1303772951929	1	1.0011	1.0938	0.9133
737	1303772951990	1	1.0011	1.0312	0.9686
738	1303772952010	1	1.0011	1.0625	0.9401
739	1303772952029	1	1.0011	1.0938	0.9133
740	1303772952049	1	1.0011	1.0938	0.9133
741	1303772952072	1	1.0011	1.0312	0.9686
742	1303772952092	1	1.0011	1.0625	0.9401
743	1303772952152	1	1.0011	1.0938	0.9133
744	1303772952217	1	1.0011	1.0938	0.9133
745	1303772952239	1	1.0011	1.0312	0.9686
746	1303772952259	1	1.0011	1.0625	0.9401
747	1303772952278	1	1.0011	1.0938	0.9133
748	1303772952302	1	1.0011	1.0938	0.9133
749	1303772952323	1	1.0011	1.0625	0.9401
750	1303772952343	1	1.0011	1.0625	0.9401
751	1303772952362	1	1.0011	1.0938	0.9133
752	1303772952381	1	1.0011	1.0938	0.9133
753	1303772952401	1	1.0011	1.0312	0.9686
754	1303772952425	1	1.0011	1.0625	0.9401
755	1303772952451	1	1.0011	1.0938	0.9133
756	1303772952476	1	1.0011	1.0938	0.9133
757	1303772952499	1	1.0011	1.0312	0.9686
758	1303772952521	1	1.0046	1.0625	0.9369
759	1303772952541	1	1.0046	1.0938	0.9101
760	1303772952563	1	1.0046	1.0938	0.9101
761	1303772952583	1	1.0046	1.0312	0.9653
762	1303772952603	1	1.0046	1.0625	0.9369
763	1303772952623	1	1.0046	1.0938	0.9101
764	1303772952644	1	1.0046	1.0938	0.9101
765	1303772952703	1	1.0046	1.0312	0.9653
766	1303772952767	1	1.0046	1.0625	0.9369
767	1303772952786	1	1.0046	1.0938	0.9101
768	1303772952806	1	1.0046	1.0938	0.9101
769	1303772952826	1	1.0046	1.0312	0.9653
770	1303772952845	1	1.0046	1.0625	0.9369
771	1303772952865	1	1.0046	1.0938	0.9101
772	1303772952884	1	1.0046	1.0938	0.9101
773	1303772952908	1	1.0046	1.0312	0.9653
774	1303772952929	1	1.0046	1.0625	0.9369
775	1303772952989	1	1.0046	1.0938	0.9101
776	1303772953050	1	1.0046	1.0938	0.9101
777	1303772953070	1	1.0046	1.0312	0.9653
778	1303772953089	1	1.0046	1.0625	0.9369
779	1303772953113	1	1.0046	1.0938	0.9101
780	1303772953179	1	1.0046	1.0938	0.9101
781	1303772953200	1	1.0046	1.0312	0.9653
782	1303772953222	1	1.0046	1.0625	0.9369
783	1303772953245	1	1.0046	1.0938	0.9101
784	1303772953266	1	1.0046	1.0625	0.9369
785	1303772953292	1	1.0047	1.0312	0.9651
786	1303772953312	1	1.0047	1.0625	0.9367
787	1303772953332	1	1.0047	1.0938	0.91
788	1303772953353	1	1.0047	1.0625	0.9367
789	1303772953373	1	1.0047	1.0312	0.9651
790	1303772953392	1	1.0047	1.0938	0.91
791	1303772953412	1	1.0047	1.0625	0.9367
792	1303772953435	1	1.0047	1.0625	0.9367
793	1303772953500	1	1.0047	1.0625	0.9367
794	1303772953520	1	1.0047	1.0625	0.9367
795	1303772953540	1	1.0047	1.0625	0.9367
796	1303772953561	1	1.0047	1.0938	0.91
797	1303772953582	1	1.0047	1.0625	0.9367
798	1303772953606	1	1.0047	1.0625	0.9367
799	1303772953627	1	1.0047	1.0625	0.9367
800	1303772953647	1	1.0047	1.0938	0.91
801	1303772953667	1	1.0047	1.0625	0.9367
802	1303772953687	1	1.0047	1.0625	0.9367
803	1303772953706	1	1.0047	1.0625	0.9367
804	1303772953726	1	1.0047	1.0938	0.91
805	1303772953749	1	1.0047	1.0625	0.9367
806	1303772953809	1	1.0047	1.0625	0.9367
807	1303772953828	1	1.0047	1.0625	0.9367
808	1303772953848	1	1.0047	1.0938	0.91
809	1303772953868	1	1.0047	1.0625	0.9367
810	1303772953887	1	1.0047	1.0625	0.9367
811	1303772953911	1	1.0047	1.0625	0.9367
812	1303772953971	1	1.0047	1.0938	0.91
813	1303772954031	1	1.0047	1.0625	0.9367
814	1303772954051	1	1.0047	1.0625	0.9367
815	1303772954072	1	1.0047	1.0625	0.9367
816	1303772954098	1	1.0047	1.0938	0.91
817	1303772954169	1	1.0047	1.0625	0.9367
818	1303772954193	1	1.0047	1.0625	0.9367
819	1303772954213	1	1.0047	1.0625	0.9367
820	1303772954233	1	1.0047	1.0938	0.91
821	1303772954253	1	1.0047	1.0625	0.9367
822	1303772954273	1	1.0047	1.0625	0.9367
823	1303772954297	1	1.0047	1.0625	0.9367
824	1303772954317	1	1.0047	1.0938	0.91
825	1303772954337	1	1.0047	1.0625	0.9367
826	1303772954356	1	1.0047	1.0625	0.9367
827	1303772954376	1	1.0047	1.0625	0.9367
828	1303772954396	1	1.0047	1.0938	0.91
829	1303772954415	1	1.0047	1.0625	0.9367
830	1303772954438	1	1.0047	1.0625	0.9367
831	1303772954457	1	1.0047	1.0625	0.9367
832	1303772954477	1	1.0047	1.0938	0.91
833	1303772954498	1	1.0047	1.0625	0.9367
834	1303772954518	1	1.0047	1.0625	0.9367
835	1303772954539	1	1.0047	1.0625	0.9367
836	1303772954563	1	1.0047	1.0938	0.91
837	1303772954583	1	1.0047	1.0625	0.9367
838	1303772954604	1	1.0047	1.0625	0.9367
839	1303772954624	1	1.0047	1.0625	0.9367
840	1303772954644	1	1.0047	1.0938	0.91
841	1303772954665	1	1.0047	1.0625	0.9367
842	1303772954685	1	1.0047	1.0625	0.9367
843	1303772954712	1	1.0047	1.0625	0.9367
844	1303772954735	1	1.0047	1.0938	0.91
845	1303772954758	1	1.0047	1.0312	0.9651
846	1303772954780	1	1.0047	1.0625	0.9368
847	1303772954801	1	1.0047	1.0625	0.9368
848	1303772954862	1	1.0047	1.0938	0.91
849	1303772954887	1	1.0047	1.0625	0.9368
850	1303772954906	1	1.0047	1.0625	0.9368
851	1303772954926	1	1.0047	1.0625	0.9368
852	1303772954945	1	1.0047	1.0938	0.91
853	1303772954965	1	1.0047	1.0625	0.9368
854	1303772955026	1	1.0047	1.0625	0.9368
855	1303772955049	1	1.0047	1.0625	0.9368
856	1303772955070	1	1.0047	1.0938	0.91
857	1303772955130	1	1.0047	1.0625	0.9368
858	1303772955150	1	1.0047	1.0625	0.9368
859	1303772955171	1	1.0047	1.0625	0.9368
860	1303772955191	1	1.0047	1.0938	0.91
861	1303772955216	1	1.0047	1.0625	0.9368
862	1303772955235	1	1.0047	1.0625	0.9368
863	1303772955255	1	1.0047	1.0625	0.9368
864	1303772955274	1	1.0047	1.0938	0.91
865	1303772955295	1	1.0047	1.0625	0.9368
866	1303772955316	1	1.0047	1.0625	0.9368
867	1303772955336	1	1.0047	1.0625	0.9368
868	1303772955360	1	1.0047	1.0938	0.91
869	1303772955380	1	1.0047	1.0625	0.9368
870	1303772955399	1	1.0047	1.0625	0.9368
871	1303772955419	1	1.0047	1.0625	0.9368
872	1303772955439	1	1.0047	1.0938	0.91
873	1303772955458	1	1.0047	1.0625	0.9368
874	1303772955482	1	1.0047	1.0625	0.9368
875	1303772955501	1	1.0047	1.0625	0.9368
876	1303772955522	1	1.0047	1.0938	0.91
877	1303772955545	1	1.0047	1.0625	0.9368
878	1303772955608	1	1.0034	1.0625	0.938
879	1303772955630	1	1.0034	1.0938	0.9112
880	1303772955655	1	1.0034	1.0938	0.9112
881	1303772955720	1	1.0034	1.0625	0.938
882	1303772955741	1	1.0034	1.0625	0.938
883	1303772955761	1	1.0034	1.0938	0.9112
884	1303772955780	1	1.0034	1.0938	0.9112
885	1303772955800	1	1.0034	1.0625	0.938
886	1303772955820	1	1.0034	1.0625	0.938
887	1303772955844	1	1.0034	1.0938	0.9112
888	1303772955863	1	1.0034	1.0938	0.9112
889	1303772955883	1	1.0034	1.0625	0.938
890	1303772955904	1	1.0034	1.0625	0.938
891	1303772955924	1	1.0034	1.0938	0.9112
892	1303772955944	1	1.0034	1.0938	0.9112
893	1303772955967	1	1.0034	1.0625	0.938
894	1303772955987	1	1.0034	1.0625	0.938
895	1303772956007	1	1.0034	1.0938	0.9112
896	1303772956027	1	1.0034	1.0938	0.9112
897	1303772956047	1	1.0034	1.0625	0.938
898	1303772956067	1	1.0034	1.0625	0.938
899	1303772956086	1	1.0034	1.0938	0.9112
900	1303772956110	1	1.0034	1.0938	0.9112
901	1303772956130	1	1.0034	1.0625	0.938
902	1303772956150	1	1.0034	1.0625	0.938
903	1303772956171	1	1.0034	1.0938	0.9112
904	1303772956194	1	1.0034	1.0938	0.9112
905	1303772956218	1	1.0033	1.0625	0.938
906	1303772956243	1	1.0033	1.0625	0.938
907	1303772956263	1	1.0033	1.0625	0.938
908	1303772956283	1	1.0033	1.0938	0.9112
909	1303772956302	1	1.0033	1.0625	0.938
910	1303772956323	1	1.0033	1.0625	0.938
911	1303772956342	1	1.0033	1.0625	0.938
912	1303772956366	1	1.0033	1.0938	0.9112
913	1303772956386	1	1.0033	1.0312	0.9665
914	1303772956406	1	1.0033	1.0625	0.938
915	1303772956427	1	1.0033	1.0938	0.9112
916	1303772956448	1	1.0033	1.0938	0.9112
917	1303772956467	1	1.0033	1.0312	0.9665
918	1303772956487	1	1.0033	1.0625	0.938
919	1303772956511	1	1.0033	1.0938	0.9112
920	1303772956531	1	1.0033	1.0938	0.9112
921	1303772956550	1	1.0033	1.0625	0.938
922	1303772956570	1	1.0033	1.0625	0.938
923	1303772956590	1	1.0033	1.0938	0.9112
924	1303772956610	1	1.0033	1.0938	0.9112
925	1303772956674	1	1.0033	1.0312	0.9665
926	1303772956693	1	1.0033	1.0938	0.9112
927	1303772956713	1	1.0033	1.0938	0.9112
928	1303772956733	1	1.0033	1.0938	0.9112
929	1303772956753	1	1.0033	1.0312	0.9665
930	1303772956773	1	1.0033	1.0938	0.9112
931	1303772956793	1	1.0033	1.0938	0.9112
932	1303772956816	1	1.0033	1.0938	0.9112
933	1303772956837	1	1.0033	1.0312	0.9665
934	1303772956858	1	1.0033	1.0938	0.9112
935	1303772956877	1	1.0033	1.0938	0.9112
936	1303772956897	1	1.0033	1.0938	0.9112
937	1303772956918	1	1.0033	1.0312	0.9665
938	1303772956946	1	1.0026	1.0938	0.9119
939	1303772956973	1	1.0026	1.0938	0.9119
940	1303772956997	1	1.0026	1.0938	0.9119
941	1303772957017	1	1.0026	1.0312	0.9672
942	1303772957036	1	1.0026	1.0625	0.9387
943	1303772957057	1	1.0026	1.0938	0.9119
944	1303772957081	1	1.0026	1.0625	0.9387
945	1303772957100	1	1.0026	1.0312	0.9672
946	1303772957120	1	1.0026	1.0938	0.9119
947	1303772957141	1	1.0026	1.0938	0.9119
948	1303772957200	1	1.0026	1.0625	0.9387
949	1303772957221	1	1.0026	1.0312	0.9672
950	1303772957247	1	1.0026	1.0938	0.9119
951	1303772957266	1	1.0026	1.0938	0.9119
952	1303772957327	1	1.0026	1.0625	0.9387
953	1303772957387	1	1.0026	1.0625	0.9387
954	1303772957407	1	1.0026	1.0938	0.9119
955	1303772957428	1	1.0026	1.0938	0.9119
956	1303772957449	1	1.0026	1.0625	0.9387
957	1303772957472	1	1.0026	1.0625	0.9387
958	1303772957493	1	1.0026	1.0938	0.9119
959	1303772957514	1	1.0026	1.0938	0.9119
960	1303772957533	1	1.0026	1.0938	0.9119
961	1303772957552	1	1.0026	1.0625	0.9387
962	1303772957572	1	1.0026	1.0938	0.9119
963	1303772957595	1	1.0026	1.0938	0.9119
964	1303772957615	1	1.0026	1.0938	0.9119
965	1303772957636	1	1.0026	1.0625	0.9387
966	1303772957698	1	1.0026	1.0625	0.9388
967	1303772957719	1	1.0026	1.0625	0.9388
968	1303772957740	1	1.0026	1.0938	0.912
969	1303772957765	1	1.0026	1.0625	0.9388
970	1303772957785	1	1.0026	1.0625	0.9388
971	1303772957805	1	1.0026	1.0938	0.912
972	1303772957825	1	1.0026	1.0938	0.912
973	1303772957845	1	1.0026	1.0625	0.9388
974	1303772957864	1	1.0026	1.0625	0.9388
975	1303772957884	1	1.0026	1.0938	0.912
976	1303772957907	1	1.0026	1.0938	0.912
977	1303772957927	1	1.0026	1.0625	0.9388
978	1303772957946	1	1.0026	1.0625	0.9388
979	1303772957965	1	1.0026	1.0938	0.912
980	1303772957985	1	1.0026	1.0938	0.912
981	1303772958004	1	1.0026	1.0625	0.9388
982	1303772958028	1	1.0026	1.0625	0.9388
983	1303772958047	1	1.0026	1.0938	0.912
984	1303772958067	1	1.0026	1.0938	0.912
985	1303772958087	1	1.0026	1.0625	0.9388
986	1303772958107	1	1.0026	1.0625	0.9388
987	1303772958126	1	1.0026	1.0938	0.912
988	1303772958145	1	1.0026	1.0938	0.912
989	1303772958169	1	1.0026	1.0625	0.9388
990	1303772958188	1	1.0026	1.0625	0.9388
991	1303772958208	1	1.0026	1.0938	0.912
992	1303772958268	1	1.0026	1.0938	0.912
993	1303772958289	1	1.0026	1.0625	0.9388
994	1303772958350	1	1.0026	1.0625	0.9388
995	1303772958374	1	1.0026	1.0938	0.912
996	1303772958394	1	1.0026	1.0938	0.912
997	1303772958413	1	1.0026	1.0625	0.9388
998	1303772958433	1	1.0026	1.0625	0.9388
999	1303772958455	1	1.0026	1.0938	0.912
1000	1303772958475	1	1.0026	1.0938	0.912
1001	1303772958496	1	1.0059	1.0625	0.9357
1002	1303772958520	1	1.0059	1.0625	0.9357
1003	1303772958582	1	1.0059	1.0938	0.9089
1004	1303772958601	1	1.0059	1.0938	0.9089
1005	1303772958621	1	1.0059	1.0625	0.9357
1006	1303772958641	1	1.0059	1.0625	0.9357
1007	1303772958660	1	1.0059	1.0938	0.9089
1008	1303772958684	1	1.0059	1.0938	0.9089
1009	1303772958704	1	1.0059	1.0625	0.9357
1010	1303772958723	1	1.0059	1.0625	0.9357
1011	1303772958743	1	1.0059	1.0938	0.9089
1012	1303772958763	1	1.0059	1.0938	0.9089
1013	1303772958783	1	1.0059	1.0625	0.9357
1014	1303772958804	1	1.0059	1.0625	0.9357
1015	1303772958828	1	1.0059	1.0938	0.9089
1016	1303772958848	1	1.0059	1.0938	0.9089
1017	1303772958867	1	1.0059	1.0625	0.9357
1018	1303772958887	1	1.0059	1.0625	0.9357
1019	1303772958948	1	1.0059	1.0938	0.9089
1020	1303772958967	1	1.0059	1.0938	0.9089
1021	1303772959031	1	1.0059	1.0625	0.9357
1022	1303772959050	1	1.0059	1.0625	0.9357
1023	1303772959070	1	1.0059	1.0625	0.9357
1024	1303772959089	1	1.0059	1.0938	0.9089
1025	1303772959108	1	1.0059	1.0625	0.9357
1026	1303772959129	1	1.0059	1.0625	0.9357
1027	1303772959152	1	1.0058	1.0938	0.909
1028	1303772959177	1	1.0058	1.0625	0.9357
1029	1303772959198	1	1.0058	1.0625	0.9357
1030	1303772959219	1	1.0058	1.0625	0.9357
1031	1303772959238	1	1.0058	1.0938	0.909
1032	1303772959258	1	1.0058	1.0625	0.9357
1033	1303772959278	1	1.0058	1.0625	0.9357
1034	1303772959301	1	1.0058	1.0625	0.9357
1035	1303772959321	1	1.0058	1.0938	0.909
1036	1303772959341	1	1.0058	1.0625	0.9357
1037	1303772959360	1	1.0058	1.0625	0.9357
1038	1303772959380	1	1.0058	1.0625	0.9357
1039	1303772959399	1	1.0058	1.0938	0.909
1040	1303772959422	1	1.0058	1.0625	0.9357
1041	1303772959442	1	1.0058	1.0625	0.9357
1042	1303772959461	1	1.0058	1.0625	0.9357
1043	1303772959481	1	1.0058	1.0938	0.909
1044	1303772959500	1	1.0058	1.0625	0.9357
1045	1303772959520	1	1.0058	1.0625	0.9357
1046	1303772959539	1	1.0058	1.0625	0.9357
1047	1303772959563	1	1.0058	1.0938	0.909
1048	1303772959583	1	1.0058	1.0625	0.9357
1049	1303772959603	1	1.0058	1.0625	0.9357
1050	1303772959623	1	1.0058	1.0625	0.9357
1051	1303772959642	1	1.0058	1.0938	0.909
1052	1303772959661	1	1.0058	1.0625	0.9357
1053	1303772959681	1	1.0058	1.0625	0.9357
1054	1303772959704	1	1.0058	1.0625	0.9357
1055	1303772959779	1	1.0058	1.0938	0.909
1056	1303772959799	1	1.0058	1.0625	0.9357
1057	1303772959879	1	1.0058	1.0625	0.9357
1058	1303772959898	1	1.0058	1.0625	0.9357
1059	1303772959980	1	1.0058	1.0938	0.909
1060	1303772960006	1	1.0058	1.0625	0.9357
1061	1303772960028	1	1.0058	1.0625	0.9357
1062	1303772960048	1	1.0058	1.0625	0.9357
1063	1303772960069	1	1.0058	1.0938	0.909
1064	1303772960089	1	1.0058	1.0625	0.9357
1065	1303772960109	1	1.0058	1.0312	0.9641
1066	1303772960172	1	1.0058	1.0625	0.9357
1067	1303772960192	1	1.0058	1.0938	0.909
1068	1303772960211	1	1.0058	1.0625	0.9357
1069	1303772960231	1	1.0058	1.0312	0.9641
1070	1303772960251	1	1.0058	1.0938	0.909
1071	1303772960271	1	1.0058	1.0938	0.909
1072	1303772960291	1	1.0058	1.0625	0.9357
1073	1303772960315	1	1.0058	1.0312	0.9641
1074	1303772960334	1	1.0058	1.0938	0.909
1075	1303772960354	1	1.0058	1.0938	0.909
1076	1303772960414	1	1.0058	1.0625	0.9357
1077	1303772960433	1	1.0058	1.0312	0.9641
1078	1303772960452	1	1.0058	1.0938	0.909
1079	1303772960471	1	1.0058	1.0938	0.909
1080	1303772960494	1	1.0058	1.0625	0.9357
1081	1303772960514	1	1.0058	1.0312	0.9641
1082	1303772960533	1	1.0058	1.0938	0.909
1083	1303772960553	1	1.0058	1.0938	0.909
1084	1303772960572	1	1.0058	1.0625	0.9357
1085	1303772960591	1	1.0058	1.0312	0.9641
1086	1303772960615	1	1.0058	1.0938	0.909
1087	1303772960637	1	1.0058	1.0938	0.909
1088	1303772960660	1	1.0058	1.0625	0.9358
1089	1303772960681	1	1.0058	1.0312	0.9641
1090	1303772960702	1	1.0058	1.0938	0.909
1091	1303772960763	1	1.0058	1.0938	0.909
1092	1303772960827	1	1.0058	1.0625	0.9358
1093	1303772960847	1	1.0058	1.0312	0.9641
1094	1303772960868	1	1.0058	1.0625	0.9358
1095	1303772960887	1	1.0058	1.0625	0.9358
1096	1303772960947	1	1.0058	1.0625	0.9358
1097	1303772960966	1	1.0058	1.0625	0.9358
1098	1303772961030	1	1.0058	1.0625	0.9358
1099	1303772961049	1	1.0058	1.0625	0.9358
1100	1303772961068	1	1.0058	1.0625	0.9358
1101	1303772961087	1	1.0058	1.0625	0.9358
1102	1303772961111	1	1.0058	1.0938	0.909
1103	1303772961171	1	1.0058	1.0625	0.9358
1104	1303772961191	1	1.0058	1.0625	0.9358
1105	1303772961215	1	1.0058	1.0625	0.9358
1106	1303772961235	1	1.0058	1.0938	0.909
1107	1303772961296	1	1.0058	1.0625	0.9358
1108	1303772961316	1	1.0058	1.0625	0.9358
1109	1303772961335	1	1.0058	1.0625	0.9358
1110	1303772961355	1	1.0058	1.0938	0.909
1111	1303772961378	1	1.0058	1.0625	0.9358
1112	1303772961398	1	1.0058	1.0625	0.9358
1113	1303772961419	1	1.0058	1.0625	0.9358
1114	1303772961439	1	1.0058	1.0938	0.909
1115	1303772961460	1	1.0058	1.0625	0.9358
1116	1303772961481	1	1.0058	1.0625	0.9358
1117	1303772961502	1	1.0058	1.0625	0.9358
1118	1303772961525	1	1.0058	1.0938	0.909
1119	1303772961545	1	1.0058	1.0625	0.9358
1120	1303772961606	1	1.0058	1.0625	0.9358
1121	1303772961632	1	1.003	1.0625	0.9383
1122	1303772961695	1	1.0016	1.0938	0.9128
1123	1303772961717	1	1.0016	1.0625	0.9396
1124	1303772961741	1	1.0016	1.0625	0.9396
1125	1303772961801	1	1.0016	1.0625	0.9396
1126	1303772961822	1	1.0016	1.0938	0.9128
1127	1303772961842	1	1.0016	1.0625	0.9396
1128	1303772961906	1	1.0016	1.0625	0.9396
1129	1303772961927	1	1.0016	1.0625	0.9396
1130	1303772961950	1	1.0016	1.0938	0.9128
1131	1303772961970	1	1.0016	1.0625	0.9396
1132	1303772961988	1	1.0016	1.0625	0.9396
1133	1303772962008	1	1.0016	1.0625	0.9396
1134	1303772962028	1	1.0016	1.0938	0.9128
1135	1303772962087	1	1.0016	1.0625	0.9396
1136	1303772962106	1	1.0016	1.0625	0.9396
1137	1303772962170	1	1.0016	1.0625	0.9396
1138	1303772962190	1	1.0016	1.0938	0.9128
1139	1303772962209	1	1.0016	1.0625	0.9396
1140	1303772962228	1	1.0016	1.0625	0.9396
1141	1303772962248	1	1.0016	1.0625	0.9396
1142	1303772962268	1	1.0016	1.0938	0.9128
1143	1303772962291	1	1.0016	1.0625	0.9396
1144	1303772962311	1	1.0016	1.0625	0.9396
1145	1303772962371	1	1.0016	1.0625	0.9396
1146	1303772962431	1	1.0016	1.0938	0.9128
1147	1303772962451	1	1.0016	1.0625	0.9396
1148	1303772962473	1	1.0016	1.0625	0.9396
1149	1303772962495	1	1.0016	1.0625	0.9396
1150	1303772962522	1	1.0016	1.0625	0.9396
1151	1303772962543	1	1.0016	1.0625	0.9396
1152	1303772962564	1	1.0016	1.0625	0.9396
1153	1303772962629	1	1.0016	1.0625	0.9396
1154	1303772962649	1	1.0016	1.0938	0.9128
1155	1303772962709	1	1.0016	1.0625	0.9396
1156	1303772962732	1	1.0016	1.0625	0.9396
1157	1303772962752	1	1.0016	1.0625	0.9396
1158	1303772962772	1	1.0016	1.0938	0.9128
1159	1303772962792	1	1.0016	1.0625	0.9396
1160	1303772962813	1	1.0016	1.0625	0.9396
1161	1303772962833	1	1.0016	1.0625	0.9396
1162	1303772962857	1	1.0016	1.0938	0.9128
1163	1303772962878	1	1.0016	1.0625	0.9396
1164	1303772962897	1	1.0016	1.0625	0.9396
1165	1303772962916	1	1.0016	1.0625	0.9396
1166	1303772962936	1	1.0016	1.0938	0.9128
1167	1303772962956	1	1.0016	1.0625	0.9396
1168	1303772963016	1	1.0016	1.0625	0.9396
1169	1303772963040	1	1.0016	1.0625	0.9396
1170	1303772963059	1	1.0016	1.0938	0.9128
1171	1303772963079	1	1.0016	1.0625	0.9396
1172	1303772963099	1	1.0016	1.0625	0.9396
1173	1303772963118	1	1.0016	1.0625	0.9396
1174	1303772963137	1	1.0016	1.0938	0.9128
1175	1303772963161	1	1.0016	1.0625	0.9396
1176	1303772963180	1	1.0016	1.0625	0.9396
1177	1303772963200	1	1.0016	1.0625	0.9396
1178	1303772963220	1	1.0016	1.0938	0.9128
1179	1303772963239	1	1.0016	1.0625	0.9396
1180	1303772963301	1	1.0016	1.0625	0.9396
1181	1303772963364	1	1.0016	1.0625	0.9396
1182	1303772963392	1	1.001	1.0938	0.9134
1183	1303772963415	1	1.001	1.0625	0.9403
1184	1303772963436	1	1.001	1.0625	0.9403
1185	1303772963496	1	1.001	1.0625	0.9403
1186	1303772963516	1	1.001	1.0938	0.9134
1187	1303772963535	1	1.001	1.0625	0.9403
1188	1303772963558	1	1.001	1.0625	0.9403
1189	1303772963619	1	1.001	1.0625	0.9403
1190	1303772963638	1	1.001	1.0938	0.9134
1191	1303772963658	1	1.001	1.0625	0.9403
1192	1303772963678	1	1.001	1.0625	0.9403
1193	1303772963698	1	1.001	1.0625	0.9403
1194	1303772963722	1	1.001	1.0938	0.9134
1195	1303772963742	1	1.001	1.0625	0.9403
1196	1303772963762	1	1.001	1.0625	0.9403
1197	1303772963821	1	1.001	1.0625	0.9403
1198	1303772963841	1	1.001	1.0938	0.9134
1199	1303772963861	1	1.001	1.0625	0.9403
1200	1303772963882	1	1.001	1.0625	0.9403
1201	1303772963907	1	1.001	1.0625	0.9403
1202	1303772963928	1	1.001	1.0938	0.9134
1203	1303772963947	1	1.001	1.0625	0.9403
1204	1303772964007	1	1.001	1.0625	0.9403
1205	1303772964028	1	1.001	1.0625	0.9403
1206	1303772964049	1	1.001	1.0938	0.9134
1207	1303772964072	1	1.001	1.0625	0.9403
1208	1303772964093	1	1.001	1.0625	0.9403
1209	1303772964115	1	1.001	1.0625	0.9403
1210	1303772964138	1	1.0009	1.0938	0.9134
1211	1303772964161	1	1.0009	1.0625	0.9403
1212	1303772964182	1	1.0009	1.0625	0.9403
1213	1303772964205	1	1.0009	1.0625	0.9403
1214	1303772964225	1	1.0009	1.0938	0.9134
1215	1303772964245	1	1.0009	1.0625	0.9403
1216	1303772964266	1	1.0009	1.0625	0.9403
1217	1303772964287	1	1.0009	1.0625	0.9403
1218	1303772964352	1	1.0009	1.0938	0.9134
1219	1303772964372	1	1.0009	1.0625	0.9403
1220	1303772964396	1	1.0009	1.0625	0.9403
1221	1303772964416	1	1.0009	1.0625	0.9403
1222	1303772964436	1	1.0009	1.0938	0.9134
1223	1303772964455	1	1.0009	1.0625	0.9403
1224	1303772964474	1	1.0009	1.0625	0.9403
1225	1303772964494	1	1.0009	1.0625	0.9403
1226	1303772964517	1	1.0009	1.0938	0.9134
1227	1303772964537	1	1.0009	1.0625	0.9403
1228	1303772964557	1	1.0009	1.0625	0.9403
1229	1303772964576	1	1.0009	1.0625	0.9403
1230	1303772964596	1	1.0009	1.0938	0.9134
1231	1303772964615	1	1.0009	1.0625	0.9403
1232	1303772964635	1	1.0009	1.0625	0.9403
1233	1303772964699	1	1.0009	1.0625	0.9403
1234	1303772964719	1	1.0009	1.0938	0.9134
1235	1303772964738	1	1.0009	1.0625	0.9403
1236	1303772964798	1	1.0009	1.0625	0.9403
1237	1303772964818	1	1.0009	1.0625	0.9403
1238	1303772964838	1	1.0009	1.0938	0.9134
1239	1303772964858	1	1.0009	1.0625	0.9403
1240	1303772964881	1	1.0009	1.0625	0.9403
1241	1303772964902	1	1.0009	1.0625	0.9403
1242	1303772964922	1	1.0009	1.0938	0.9134
1243	1303772964947	1	1.0009	1.0625	0.9403
1244	1303772964975	1	1.0009	1.0625	0.9403
1245	1303772965003	1	1.0009	1.0625	0.9403
1246	1303772965023	1	1.003	1.0938	0.9116
1247	1303772965043	1	1.003	1.0625	0.9384
1248	1303772965062	1	1.003	1.0625	0.9384
1249	1303772965082	1	1.003	1.0625	0.9384
1250	1303772965102	1	1.003	1.0938	0.9116
1251	1303772965121	1	1.003	1.0625	0.9384
1252	1303772965144	1	1.003	1.0625	0.9384
1253	1303772965164	1	1.003	1.0625	0.9384
1254	1303772965184	1	1.003	1.0938	0.9116
1255	1303772965203	1	1.003	1.0625	0.9384
1256	1303772965223	1	1.003	1.0625	0.9384
1257	1303772965243	1	1.003	1.0625	0.9384
1258	1303772965266	1	1.003	1.0938	0.9116
1259	1303772965287	1	1.003	1.0625	0.9384
1260	1303772965308	1	1.003	1.0625	0.9384
1261	1303772965328	1	1.003	1.0625	0.9384
1262	1303772965347	1	1.003	1.0938	0.9116
1263	1303772965367	1	1.003	1.0625	0.9384
1264	1303772965387	1	1.003	1.0625	0.9384
1265	1303772965410	1	1.003	1.0625	0.9384
1266	1303772965430	1	1.003	1.0938	0.9116
1267	1303772965451	1	1.003	1.0625	0.9384
1268	1303772965471	1	1.003	1.0625	0.9384
1269	1303772965492	1	1.003	1.0625	0.9384
1270	1303772965515	1	1.003	1.0938	0.9116
1271	1303772965541	1	1.003	1.0625	0.9384
1272	1303772965563	1	1.003	1.0625	0.9384
1273	1303772965583	1	1.003	1.0625	0.9384
1274	1303772965603	1	1.003	1.0938	0.9115
1275	1303772965622	1	1.003	1.0625	0.9384
1276	1303772965642	1	1.003	1.0625	0.9384
1277	1303772965663	1	1.003	1.0625	0.9384
1278	1303772965687	1	1.003	1.0938	0.9115
1279	1303772965708	1	1.003	1.0625	0.9384
1280	1303772965729	1	1.003	1.0625	0.9384
1281	1303772965749	1	1.003	1.0625	0.9384
1282	1303772965769	1	1.003	1.0938	0.9115
1283	1303772965788	1	1.003	1.0625	0.9384
1284	1303772965811	1	1.003	1.0625	0.9384
1285	1303772965876	1	1.003	1.0625	0.9384
1286	1303772965897	1	1.003	1.0938	0.9115
1287	1303772965917	1	1.003	1.0625	0.9384
1288	1303772965938	1	1.003	1.0625	0.9384
1289	1303772965958	1	1.003	1.0625	0.9384
1290	1303772965977	1	1.003	1.0938	0.9115
1291	1303772966000	1	1.003	1.0625	0.9384
1292	1303772966020	1	1.003	1.0625	0.9384
1293	1303772966039	1	1.003	1.0625	0.9384
1294	1303772966058	1	1.003	1.0938	0.9115
1295	1303772966078	1	1.003	1.0625	0.9384
1296	1303772966139	1	1.003	1.0625	0.9384
1297	1303772966162	1	1.003	1.0625	0.9384
1298	1303772966222	1	1.003	1.0938	0.9115
1299	1303772966287	1	1.003	1.0625	0.9384
1300	1303772966307	1	1.003	1.0625	0.9384
1301	1303772966327	1	1.003	1.0625	0.9384
1302	1303772966347	1	1.003	1.0938	0.9115
1303	1303772966367	1	1.003	1.0625	0.9384
1304	1303772966396	1	1.003	1.0625	0.9384
1305	1303772966427	1	1.003	1.0625	0.9384
1306	1303772966451	1	1.003	1.0938	0.9115
1307	1303772966570	1	1.0033	1.0625	0.9381
1308	1303772966590	1	1.0033	1.0625	0.9381
1309	1303772966620	1	1.0033	1.0625	0.9381
1310	1303772966658	1	1.0033	1.0938	0.9113
1311	1303772966678	1	1.0033	1.0625	0.9381
1312	1303772966698	1	1.0033	1.0625	0.9381
1313	1303772966717	1	1.0033	1.0625	0.9381
1314	1303772966738	1	1.0033	1.0938	0.9113
1315	1303772966799	1	1.0033	1.0625	0.9381
1316	1303772966822	1	1.0033	1.0625	0.9381
1317	1303772966843	1	1.0033	1.0625	0.9381
1318	1303772966863	1	1.0033	1.0938	0.9113
1319	1303772966884	1	1.0033	1.0625	0.9381
1320	1303772966904	1	1.0033	1.0625	0.9381
1321	1303772966924	1	1.0033	1.0625	0.9381
1322	1303772966943	1	1.0033	1.0938	0.9113
1323	1303772966966	1	1.0033	1.0625	0.9381
1324	1303772966987	1	1.0033	1.0625	0.9381
1325	1303772967007	1	1.0033	1.0625	0.9381
1326	1303772967028	1	1.0033	1.0938	0.9113
1327	1303772967047	1	1.0033	1.0625	0.9381
1328	1303772967067	1	1.0033	1.0625	0.9381
1329	1303772967090	1	1.0033	1.0625	0.9381
1330	1303772967109	1	1.0033	1.0938	0.9113
1331	1303772967133	1	1.0033	1.0625	0.9381
1332	1303772967156	1	1.0033	1.0625	0.9381
1333	1303772967218	1	1.0033	1.0312	0.9665
1334	1303772967240	1	1.0033	1.0938	0.9113
1335	1303772967264	1	1.0033	1.0625	0.9381
1336	1303772967284	1	1.0033	1.0625	0.9381
1337	1303772967304	1	1.0033	1.0625	0.9381
1338	1303772967325	1	1.0033	1.0938	0.9113
1339	1303772967345	1	1.0033	1.0625	0.9381
1340	1303772967364	1	1.0033	1.0625	0.9381
1341	1303772967384	1	1.0033	1.0625	0.9381
1342	1303772967407	1	1.0033	1.0938	0.9113
1343	1303772967469	1	1.0033	1.0625	0.9381
1344	1303772967488	1	1.0033	1.0625	0.9381
1345	1303772967508	1	1.0033	1.0625	0.9381
1346	1303772967527	1	1.0033	1.0938	0.9113
1347	1303772967547	1	1.0033	1.0625	0.9381
1348	1303772967567	1	1.0033	1.0625	0.9381
1349	1303772967590	1	1.0033	1.0625	0.9381
1350	1303772967610	1	1.0033	1.0938	0.9113
1351	1303772967629	1	1.0033	1.0625	0.9381
1352	1303772967650	1	1.0033	1.0625	0.9381
1353	1303772967670	1	1.0033	1.0625	0.9381
1354	1303772967689	1	1.0033	1.0938	0.9113
1355	1303772967712	1	1.0033	1.0625	0.9381
1356	1303772967732	1	1.0033	1.0625	0.9381
1357	1303772967751	1	1.0033	1.0625	0.9381
1358	1303772967770	1	1.0033	1.0938	0.9113
1359	1303772967791	1	1.0033	1.0625	0.9381
1360	1303772967852	1	1.0033	1.0625	0.9381
1361	1303772967872	1	1.0033	1.0625	0.9381
1362	1303772967896	1	1.0033	1.0938	0.9113
1363	1303772967915	1	1.0033	1.0625	0.9381
1364	1303772967936	1	1.0033	1.0625	0.9381
1365	1303772967966	1	1.0033	1.0625	0.9381
1366	1303772968008	1	1.0027	1.0938	0.9118
1367	1303772968042	1	1.0027	1.0625	0.9386
1368	1303772968063	1	1.0027	1.0625	0.9386
1369	1303772968124	1	1.0027	1.0625	0.9386
1370	1303772968144	1	1.0027	1.0938	0.9118
1371	1303772968164	1	1.0027	1.0625	0.9386
1372	1303772968183	1	1.0027	1.0625	0.9386
1373	1303772968203	1	1.0027	1.0625	0.9386
1374	1303772968227	1	1.0027	1.0938	0.9118
1375	1303772968248	1	1.0027	1.0625	0.9386
1376	1303772968267	1	1.0027	1.0625	0.9386
1377	1303772968286	1	1.0027	1.0625	0.9386
1378	1303772968346	1	1.0027	1.0938	0.9118
1379	1303772968365	1	1.0027	1.0625	0.9386
1380	1303772968389	1	1.0027	1.0625	0.9386
1381	1303772968409	1	1.0027	1.0625	0.9386
1382	1303772968474	1	1.0027	1.0938	0.9118
1383	1303772968494	1	1.0027	1.0625	0.9386
1384	1303772968514	1	1.0027	1.0625	0.9386
1385	1303772968533	1	1.0027	1.0625	0.9386
1386	1303772968553	1	1.0027	1.0938	0.9118
1387	1303772968577	1	1.0027	1.0625	0.9386
1388	1303772968597	1	1.0027	1.0625	0.9386
1389	1303772968617	1	1.0027	1.0625	0.9386
1390	1303772968636	1	1.0027	1.0938	0.9118
1391	1303772968669	1	1.0027	1.0625	0.9386
1392	1303772968713	1	1.0027	1.0625	0.9386
1393	1303772968783	1	1.0027	1.0625	0.9387
1394	1303772968804	1	1.0027	1.0625	0.9387
1395	1303772968866	1	1.0027	1.0625	0.9387
1396	1303772968886	1	1.0027	1.0625	0.9387
1397	1303772968907	1	1.0027	1.0625	0.9387
1398	1303772968926	1	1.0027	1.0938	0.9118
1399	1303772968993	1	1.0027	1.0625	0.9387
1400	1303772969013	1	1.0027	1.0625	0.9387
1401	1303772969033	1	1.0027	1.0625	0.9387
1402	1303772969060	1	1.0027	1.0938	0.9118
1403	1303772969080	1	1.0027	1.0625	0.9387
1404	1303772969107	1	1.0027	1.0625	0.9387
1405	1303772969136	1	1.0027	1.0625	0.9387
1406	1303772969160	1	1.0027	1.0938	0.9118
1407	1303772969188	1	1.0027	1.0625	0.9387
1408	1303772969228	1	1.0027	1.0625	0.9387
1409	1303772969247	1	1.0027	1.0625	0.9387
1410	1303772969267	1	1.0027	1.0938	0.9118
1411	1303772969310	1	1.0027	1.0625	0.9387
1412	1303772969335	1	1.0027	1.0625	0.9387
1413	1303772969359	1	1.0027	1.0625	0.9387
1414	1303772969379	1	1.0027	1.0938	0.9118
1415	1303772969400	1	1.0027	1.0625	0.9387
1416	1303772969421	1	1.0027	1.0625	0.9387
1417	1303772969441	1	1.0027	1.0625	0.9387
1418	1303772969501	1	1.0027	1.0938	0.9118
1419	1303772969570	1	1.0027	1.0625	0.9387
1420	1303772969589	1	1.0027	1.0625	0.9387
1421	1303772969609	1	1.0027	1.0625	0.9387
1422	1303772969629	1	1.0027	1.0938	0.9118
1423	1303772969649	1	1.0027	1.0625	0.9387
1424	1303772969669	1	1.0027	1.0625	0.9387
1425	1303772969689	1	1.0027	1.0625	0.9387
1426	1303772969720	1	1.0027	1.0938	0.9118
1427	1303772969750	1	1.0027	1.0625	0.9387
1428	1303772969773	1	1.0027	1.0625	0.9387
1429	1303772969793	1	1.0038	1.0625	0.9377
1430	1303772969813	1	1.0038	1.0938	0.9109
1431	1303772969832	1	1.0038	1.0625	0.9377
1432	1303772969869	1	1.0038	1.0625	0.9377
1433	1303772969888	1	1.0038	1.0625	0.9377
1434	1303772969908	1	1.0038	1.0938	0.9109
1435	1303772969927	1	1.0038	1.0625	0.9377
1436	1303772969947	1	1.0038	1.0625	0.9377
1437	1303772970006	1	1.0038	1.0625	0.9377
1438	1303772970030	1	1.0038	1.0938	0.9109
1439	1303772970049	1	1.0038	1.0625	0.9377
1440	1303772970069	1	1.0038	1.0625	0.9377
1441	1303772970088	1	1.0038	1.0625	0.9377
1442	1303772970107	1	1.0038	1.0938	0.9109
1443	1303772970127	1	1.0038	1.0625	0.9377
1444	1303772970146	1	1.0038	1.0625	0.9377
1445	1303772970169	1	1.0038	1.0625	0.9377
1446	1303772970230	1	1.0038	1.0938	0.9109
1447	1303772970249	1	1.0038	1.0625	0.9377
1448	1303772970269	1	1.0038	1.0625	0.9377
1449	1303772970288	1	1.0038	1.0625	0.9377
1450	1303772970308	1	1.0038	1.0938	0.9109
1451	1303772970332	1	1.0038	1.0625	0.9377
1452	1303772970353	1	1.0038	1.0625	0.9377
1453	1303772970407	1	1.0038	1.0625	0.9377
1454	1303772970431	1	1.0037	1.0938	0.9109
1455	1303772970452	1	1.0037	1.0625	0.9377
1456	1303772970472	1	1.0037	1.0625	0.9377
1457	1303772970497	1	1.0037	1.0625	0.9377
1458	1303772970518	1	1.0037	1.0938	0.9109
1459	1303772970538	1	1.0037	1.0625	0.9377
1460	1303772970559	1	1.0037	1.0625	0.9377
1461	1303772970578	1	1.0037	1.0625	0.9377
1462	1303772970598	1	1.0037	1.0625	0.9377
1463	1303772970617	1	1.0037	1.0625	0.9377
1464	1303772970641	1	1.0037	1.0938	0.9109
1465	1303772970662	1	1.0037	1.0625	0.9377
1466	1303772970681	1	1.0037	1.0625	0.9377
1467	1303772970702	1	1.0037	1.0625	0.9377
1468	1303772970722	1	1.0037	1.0938	0.9109
1469	1303772970744	1	1.0037	1.0625	0.9377
1470	1303772970764	1	1.0037	1.0625	0.9377
1471	1303772970828	1	1.0037	1.0625	0.9377
1472	1303772970847	1	1.0037	1.0938	0.9109
1473	1303772970867	1	1.0037	1.0625	0.9377
1474	1303772970888	1	1.0037	1.0625	0.9377
1475	1303772970908	1	1.0037	1.0625	0.9377
1476	1303772970928	1	1.0037	1.0938	0.9109
1477	1303772970953	1	1.0037	1.0625	0.9377
1478	1303772970973	1	1.0037	1.0625	0.9377
1479	1303772971010	1	1.0037	1.0625	0.9377
1480	1303772971030	1	1.0037	1.0938	0.9109
1481	1303772971050	1	1.0037	1.0625	0.9377
1482	1303772971110	1	1.0037	1.0625	0.9377
1483	1303772971131	1	1.0037	1.0625	0.9377
1484	1303772971155	1	1.0037	1.0938	0.9109
1485	1303772971175	1	1.0037	1.0625	0.9377
1486	1303772971195	1	1.0037	1.0625	0.9377
1487	1303772971217	1	1.0034	1.0625	0.938
1488	1303772971239	1	1.0034	1.0938	0.9112
1489	1303772971260	1	1.0034	1.0625	0.938
1490	1303772971283	1	1.0034	1.0625	0.938
1491	1303772971303	1	1.0034	1.0625	0.938
1492	1303772971323	1	1.0034	1.0938	0.9112
1493	1303772971343	1	1.0034	1.0625	0.938
1494	1303772971362	1	1.0034	1.0625	0.938
1495	1303772971422	1	1.0034	1.0625	0.938
1496	1303772971446	1	1.0034	1.0938	0.9112
1497	1303772971466	1	1.0034	1.0625	0.938
1498	1303772971530	1	1.0034	1.0625	0.938
1499	1303772971550	1	1.0034	1.0938	0.9112
1500	1303772971611	1	1.0034	1.0938	0.9112
1501	1303772971630	1	1.0034	1.0625	0.938
1502	1303772971649	1	1.0034	1.0625	0.938
1503	1303772971674	1	1.0034	1.0938	0.9112
1504	1303772971694	1	1.0034	1.0938	0.9112
1505	1303772971715	1	1.0034	1.0625	0.938
1506	1303772971735	1	1.0034	1.0625	0.938
1507	1303772971756	1	1.0034	1.0938	0.9112
1508	1303772971777	1	1.0034	1.0938	0.9112
1509	1303772971797	1	1.0034	1.0625	0.938
1510	1303772971822	1	1.0034	1.0625	0.938
1511	1303772971843	1	1.0034	1.0938	0.9112
1512	1303772971862	1	1.0034	1.0938	0.9112
1513	1303772971882	1	1.0034	1.0625	0.938
1514	1303772971903	1	1.0034	1.0938	0.9112
1515	1303772971925	1	1.0034	1.0625	0.938
1516	1303772971950	1	1.0034	1.0625	0.938
1517	1303772971972	1	1.0034	1.0625	0.938
1518	1303772971993	1	1.0034	1.0625	0.938
1519	1303772972013	1	1.0034	1.0625	0.938
1520	1303772972074	1	1.0034	1.0938	0.9112
1521	1303772972093	1	1.0034	1.0625	0.938
1522	1303772972117	1	1.0034	1.0625	0.938
1523	1303772972138	1	1.0034	1.0625	0.938
1524	1303772972158	1	1.0034	1.0938	0.9112
1525	1303772972218	1	1.0034	1.0625	0.938
1526	1303772972238	1	1.0034	1.0625	0.938
1527	1303772972257	1	1.0034	1.0938	0.9112
1528	1303772972278	1	1.0034	1.0625	0.938
1529	1303772972302	1	1.0034	1.0625	0.938
1530	1303772972323	1	1.0034	1.0625	0.938
1531	1303772972344	1	1.0034	1.0938	0.9112
1532	1303772972365	1	1.0034	1.0625	0.938
1533	1303772972385	1	1.0034	1.0625	0.938
1534	1303772972407	1	1.0034	1.0625	0.938
1535	1303772972431	1	1.0034	1.0938	0.9112
1536	1303772972451	1	1.0034	1.0938	0.9112
1537	1303772972471	1	1.0034	1.0312	0.9664
1538	1303772972490	1	1.0034	1.0625	0.938
1539	1303772972510	1	1.0034	1.0938	0.9112
1540	1303772972530	1	1.0034	1.0938	0.9112
1541	1303772972550	1	1.0034	1.0312	0.9664
1542	1303772972573	1	1.0034	1.0625	0.938
1543	1303772972593	1	1.0034	1.0938	0.9112
1544	1303772972613	1	1.0034	1.0938	0.9112
1545	1303772972633	1	1.0034	1.0625	0.938
1546	1303772972654	1	1.0034	1.0312	0.9664
1547	1303772972716	1	1.0027	1.0938	0.9118
1548	1303772972741	1	1.0027	1.0938	0.9118
1549	1303772972763	1	1.0027	1.0625	0.9387
1550	1303772972783	1	1.0027	1.0312	0.9671
1551	1303772972803	1	1.0027	1.0938	0.9118
1552	1303772972824	1	1.0027	1.0938	0.9118
1553	1303772972844	1	1.0027	1.0625	0.9387
1554	1303772972908	1	1.0027	1.0625	0.9387
1555	1303772972928	1	1.0027	1.0625	0.9387
1556	1303772972949	1	1.0027	1.0938	0.9118
1557	1303772973009	1	1.0027	1.0625	0.9387
1558	1303772973029	1	1.0027	1.0625	0.9387
1559	1303772973049	1	1.0027	1.0938	0.9118
1560	1303772973069	1	1.0027	1.0625	0.9387
1561	1303772973093	1	1.0027	1.0625	0.9387
1562	1303772973114	1	1.0027	1.0625	0.9387
1563	1303772973135	1	1.0027	1.0938	0.9118
1564	1303772973155	1	1.0027	1.0625	0.9387
1565	1303772973175	1	1.0027	1.0625	0.9387
1566	1303772973195	1	1.0027	1.0625	0.9387
1567	1303772973218	1	1.0027	1.0938	0.9118
1568	1303772973238	1	1.0027	1.0938	0.9118
1569	1303772973258	1	1.0027	1.0312	0.9671
1570	1303772973277	1	1.0027	1.0625	0.9387
1571	1303772973338	1	1.0027	1.0938	0.9118
1572	1303772973357	1	1.0027	1.0938	0.9118
1573	1303772973377	1	1.0027	1.0312	0.9671
1574	1303772973401	1	1.0027	1.0625	0.9387
1575	1303772973422	1	1.0027	1.0938	0.9118
1576	1303772973444	1	1.0027	1.0625	0.9387
1577	1303772973467	1	1.0027	1.0312	0.9671
1578	1303772973489	1	1.0027	1.0312	0.9671
1579	1303772973510	1	1.0027	1.0938	0.9118
1580	1303772973534	1	1.0027	1.0938	0.9118
1581	1303772973554	1	1.0027	1.0625	0.9387
1582	1303772973574	1	1.0027	1.0625	0.9387
1583	1303772973594	1	1.0027	1.0625	0.9387
1584	1303772973613	1	1.0027	1.0938	0.9118
1585	1303772973633	1	1.0027	1.0625	0.9387
1586	1303772973656	1	1.0027	1.0625	0.9387
1587	1303772973676	1	1.0027	1.0625	0.9387
1588	1303772973696	1	1.0027	1.0938	0.9118
1589	1303772973715	1	1.0027	1.0625	0.9387
1590	1303772973775	1	1.0027	1.0625	0.9387
1591	1303772973794	1	1.0027	1.0625	0.9387
1592	1303772973815	1	1.0027	1.0938	0.9118
1593	1303772973839	1	1.0027	1.0625	0.9387
1594	1303772973860	1	1.0027	1.0625	0.9387
1595	1303772973879	1	1.0027	1.0625	0.9387
1596	1303772973898	1	1.0027	1.0938	0.9118
1597	1303772973958	1	1.0027	1.0938	0.9118
1598	1303772973978	1	1.0027	1.0625	0.9387
1599	1303772974002	1	1.0027	1.0625	0.9387
1600	1303772974062	1	1.0027	1.0625	0.9387
1601	1303772974081	1	1.0027	1.0938	0.9118
1602	1303772974101	1	1.0027	1.0625	0.9387
1603	1303772974120	1	1.0027	1.0625	0.9387
1604	1303772974140	1	1.0027	1.0625	0.9387
1605	1303772974200	1	1.0027	1.0938	0.9118
1606	1303772974224	1	1.0027	1.0625	0.9387
1607	1303772974244	1	1.0027	1.0625	0.9387
1608	1303772974264	1	1.0027	1.0625	0.9387
1609	1303772974285	1	1.0027	1.0938	0.9118
1610	1303772974307	1	1.0003	1.0625	0.9409
1611	1303772974329	1	1.0003	1.0625	0.9409
1612	1303772974353	1	1.0003	1.0625	0.9409
1613	1303772974373	1	1.0003	1.0938	0.914
1614	1303772974392	1	1.0003	1.0625	0.9409
1615	1303772974411	1	1.0003	1.0625	0.9409
1616	1303772974430	1	1.0003	1.0625	0.9409
1617	1303772974450	1	1.0003	1.0938	0.914
1618	1303772974474	1	1.0003	1.0938	0.914
1619	1303772974494	1	1.0003	1.0625	0.9409
1620	1303772974515	1	1.0003	1.0625	0.9409
1621	1303772974536	1	1.0003	1.0938	0.914
1622	1303772974601	1	1.0003	1.0938	0.914
1623	1303772974621	1	1.0003	1.0625	0.9409
1624	1303772974641	1	1.0003	1.0625	0.9409
1625	1303772974705	1	1.0856	1.0938	0.8422
1626	1303772974726	1	1.0856	1.0938	0.8422
1627	1303772974747	1	1.0856	1.0625	0.867
1628	1303772974766	1	1.0856	1.0625	0.867
1629	1303772974786	1	1.0856	1.0938	0.8422
1630	1303772974806	1	1.0856	1.0938	0.8422
1631	1303772974869	1	1.0856	1.0625	0.867
1632	1303772974934	1	1.0856	1.0625	0.867
1633	1303772974954	1	1.0856	1.0938	0.8422
1634	1303772975018	1	1.0856	1.0938	0.8422
1635	1303772975039	1	1.0856	1.0625	0.867
1636	1303772975060	1	1.0856	1.0625	0.867
1637	1303772975088	1	1.087	1.0625	0.8658
1638	1303772975109	1	1.087	1.0625	0.8658
1639	1303772975130	1	1.087	1.0625	0.8658
1640	1303772975149	1	1.087	1.0625	0.8658
1641	1303772975210	1	1.087	1.0938	0.8411
1642	1303772975293	1	1.087	1.0312	0.892
1643	1303772975317	1	1.087	1.0625	0.8658
1644	1303772975337	1	1.087	1.0625	0.8658
1645	1303772975358	1	1.087	1.0312	0.892
1646	1303772975378	1	1.087	1.0312	0.892
1647	1303772975398	1	1.087	1.0625	0.8658
1648	1303772975417	1	1.087	1.0625	0.8658
1649	1303772975478	1	1.087	1.0312	0.892
1650	1303772975501	1	1.087	1.0312	0.892
1651	1303772975521	1	1.087	1.0625	0.8658
1652	1303772975541	1	1.087	1.0625	0.8658
1653	1303772975560	1	1.087	1.0312	0.892
1654	1303772975580	1	1.087	1.0312	0.892
1655	1303772975600	1	1.087	1.0625	0.8658
1656	1303772975624	1	1.087	1.0625	0.8658
1657	1303772975643	1	1.087	1.0312	0.892
1658	1303772975662	1	1.087	1.0625	0.8658
1659	1303772975685	1	1.087	1.0625	0.8658
1660	1303772975705	1	1.087	1.0625	0.8658
1661	1303772975725	1	1.087	1.0312	0.892
1662	1303772975745	1	1.087	1.0312	0.892
1663	1303772975768	1	1.087	1.0625	0.8658
1664	1303772975788	1	1.087	1.0625	0.8658
1665	1303772975807	1	1.087	1.0312	0.892
1666	1303772975827	1	1.087	1.0312	0.892
1667	1303772975847	1	1.087	1.0625	0.8658
1668	1303772975868	1	1.087	1.0625	0.8658
1669	1303772975889	1	1.087	1.0312	0.892
1670	1303772975917	1	1.087	1.0312	0.892
1671	1303772975943	1	1.087	1.0625	0.8658
1672	1303772975965	1	1.087	1.0312	0.892
1673	1303772975985	1	1.087	1.0312	0.892
1674	1303772976004	1	1.087	1.0625	0.8658
1675	1303772976026	1	1.087	1.0625	0.8658
1676	1303772976049	1	1.087	1.0312	0.892
1677	1303772976070	1	1.087	1.0312	0.892
1678	1303772976091	1	1.087	1.0625	0.8658
1679	1303772976110	1	1.087	1.0312	0.892
1680	1303772976130	1	1.087	1.0312	0.892
1681	1303772976151	1	1.087	1.0625	0.8658
1682	1303772976171	1	1.087	1.0625	0.8658
1683	1303772976194	1	1.087	1.0312	0.892
1684	1303772976214	1	1.087	1.0312	0.892
1685	1303772976233	1	1.087	1.0625	0.8658
1686	1303772976254	1	1.087	1.0312	0.892
1687	1303772976274	1	1.087	1.0312	0.892
1688	1303772976294	1	1.087	1.0625	0.8658
1689	1303772976318	1	1.087	1.0625	0.8658
1690	1303772976338	1	1.087	1.0312	0.892
1691	1303772976359	1	1.087	1.0312	0.892
1692	1303772976379	1	1.087	1.0625	0.8658
1693	1303772976400	1	1.087	1.0312	0.892
1694	1303772976420	1	1.087	1.0312	0.892
1695	1303772976440	1	1.087	1.0625	0.8658
1696	1303772976464	1	1.087	1.0625	0.8658
1697	1303772976527	1	1.087	1.0312	0.892
1698	1303772976550	1	1.0917	1.0312	0.8883
1699	1303772976572	1	1.0917	1.0625	0.8621
1700	1303772976593	1	1.0917	1.0312	0.8883
1701	1303772976613	1	1.0917	1.0312	0.8883
1702	1303772976677	1	1.0917	1.0625	0.8621
1703	1303772976697	1	1.0917	1.0312	0.8883
1704	1303772976716	1	1.0917	1.0312	0.8883
1705	1303772976736	1	1.0917	1.0625	0.8621
1706	1303772976755	1	1.0917	1.0625	0.8621
1707	1303772976776	1	1.0917	1.0312	0.8883
1708	1303772976800	1	1.0917	1.0312	0.8883
1709	1303772976821	1	1.0917	1.0625	0.8621
1710	1303772976842	1	1.0917	1.0312	0.8883
1711	1303772976862	1	1.0917	1.0312	0.8883
1712	1303772976882	1	1.0917	1.0625	0.8621
1713	1303772976901	1	1.0917	1.0312	0.8883
1714	1303772976922	1	1.0917	1.0312	0.8883
1715	1303772976946	1	1.0917	1.0625	0.8621
1716	1303772976966	1	1.0917	1.0625	0.8621
1717	1303772976987	1	1.0917	1.0312	0.8883
1718	1303772977007	1	1.0917	1.0312	0.8883
1719	1303772977028	1	1.0917	1.0625	0.8621
1720	1303772977049	1	1.0917	1.0312	0.8883
1721	1303772977149	1	1.0917	1.0312	0.8883
1722	1303772977170	1	1.0917	1.0625	0.8621
1723	1303772977191	1	1.0917	1.0312	0.8883
1724	1303772977211	1	1.0917	1.0312	0.8883
1725	1303772977231	1	1.0917	1.0625	0.8621
1726	1303772977251	1	1.0917	1.0625	0.8621
1727	1303772977271	1	1.0917	1.0312	0.8883
1728	1303772977334	1	1.0917	1.0312	0.8883
1729	1303772977354	1	1.0917	1.0625	0.8621
1730	1303772977375	1	1.0917	1.0312	0.8883
1731	1303772977401	1	1.0917	1.0312	0.8883
1732	1303772977429	1	1.0917	1.0625	0.8621
1733	1303772977457	1	1.0917	1.0312	0.8883
1734	1303772977477	1	1.0917	1.0312	0.8883
1735	1303772977497	1	1.0917	1.0625	0.8621
1736	1303772977517	1	1.0917	1.0312	0.8883
1737	1303772977537	1	1.0917	1.0312	0.8883
1738	1303772977558	1	1.0917	1.0625	0.8621
1739	1303772977578	1	1.0917	1.0312	0.8883
1740	1303772977601	1	1.0917	1.0312	0.8883
1741	1303772977622	1	1.0917	1.0625	0.8621
1742	1303772977642	1	1.0917	1.0625	0.8621
1743	1303772977662	1	1.0917	1.0312	0.8883
1744	1303772977682	1	1.0917	1.0312	0.8883
1745	1303772977702	1	1.0917	1.0625	0.8621
1746	1303772977725	1	1.0917	1.0312	0.8883
1747	1303772977745	1	1.0917	1.0312	0.8883
1748	1303772977766	1	1.0917	1.0625	0.8621
1749	1303772977787	1	1.0917	1.0625	0.8621
1750	1303772977808	1	1.0917	1.0312	0.8883
1751	1303772977829	1	1.0917	1.0312	0.8883
1752	1303772977849	1	1.0917	1.0625	0.8621
1753	1303772977873	1	1.0917	1.0312	0.8883
1754	1303772977893	1	1.0917	1.0312	0.8883
1755	1303772977954	1	1.0917	1.0625	0.8621
1756	1303772977974	1	1.0917	1.0312	0.8883
1757	1303772977994	1	1.0917	1.0312	0.8883
1758	1303772978017	1	1.0917	1.0625	0.8621
1759	1303772978044	1	1.093	1.0625	0.8611
1760	1303772978066	1	1.093	1.0312	0.8872
1761	1303772978087	1	1.093	1.0312	0.8872
1762	1303772978107	1	1.093	1.0625	0.8611
1763	1303772978127	1	1.093	1.0312	0.8872
1764	1303772978146	1	1.093	1.0312	0.8872
1765	1303772978171	1	1.093	1.0625	0.8611
1766	1303772978191	1	1.093	1.0625	0.8611
1767	1303772978210	1	1.093	1.0312	0.8872
1768	1303772978230	1	1.093	1.0312	0.8872
1769	1303772978250	1	1.093	1.0625	0.8611
1770	1303772978270	1	1.093	1.0312	0.8872
1771	1303772978289	1	1.093	1.0312	0.8872
1772	1303772978313	1	1.093	1.0625	0.8611
1773	1303772978333	1	1.093	1.0625	0.8611
1774	1303772978353	1	1.093	1.0312	0.8872
1775	1303772978372	1	1.093	1.0312	0.8872
1776	1303772978392	1	1.093	1.0625	0.8611
1777	1303772978413	1	1.093	1.0312	0.8872
1778	1303772978438	1	1.093	1.0312	0.8872
1779	1303772978458	1	1.093	1.0625	0.8611
1780	1303772978478	1	1.093	1.0625	0.8611
1781	1303772978498	1	1.093	1.0312	0.8872
1782	1303772978518	1	1.093	1.0312	0.8872
1783	1303772978538	1	1.093	1.0625	0.8611
1784	1303772978558	1	1.093	1.0312	0.8872
1785	1303772978581	1	1.093	1.0312	0.8872
1786	1303772978601	1	1.093	1.0625	0.8611
1787	1303772978664	1	1.093	1.0625	0.8611
1788	1303772978684	1	1.093	1.0312	0.8872
1789	1303772978705	1	1.093	1.0312	0.8872
1790	1303772978725	1	1.093	1.0625	0.8611
1791	1303772978751	1	1.093	1.0312	0.8872
1792	1303772978776	1	1.093	1.0312	0.8872
1793	1303772978802	1	1.093	1.0625	0.8611
1794	1303772978826	1	1.093	1.0625	0.8611
1795	1303772978887	1	1.093	1.0312	0.8872
1796	1303772978907	1	1.093	1.0312	0.8872
1797	1303772978931	1	1.093	1.0625	0.8611
1798	1303772978996	1	1.093	1.0312	0.8872
1799	1303772979017	1	1.093	1.0312	0.8872
1800	1303772979038	1	1.093	1.0625	0.8611
