0	1303771347011	0	0	0	0
1	1303771347020	0	0	0	0
2	1303771347028	0	0	0	0
3	1303771347082	0	0	0	0
4	1303771347134	0	0	0	0
5	1303771347143	0	0	0	0
6	1303771347154	0	0	0	0
7	1303771347167	0	0	0	0
8	1303771347179	0	0	0	0
9	1303771347190	0	0	0	0
10	1303771347246	0	0	0	0
11	1303771347260	0	0	0	0
12	1303771347273	0	0	0	0
13	1303771347285	0	0	0	0
14	1303771347298	0	0	0	0
15	1303771347313	0	0	0	0
16	1303771347326	0	0	0	0
17	1303771347339	0	0	0	0
18	1303771347353	0	0	0	0
19	1303771347366	0	0	0	0
20	1303771347380	0	0	0	0
21	1303771347395	0	0	0	0
22	1303771347408	0	0	0	0
23	1303771347463	0	0	0	0
24	1303771347520	0	0	0	0
25	1303771347554	1	0	0	0
26	1303771347597	1	0	0	0
27	1303771347621	1	0	0	0
28	1303771347644	1	1.0477	0	0
29	1303771347672	1	1.0315	1.5	0.6463
30	1303771347699	1	1.0315	0	0
31	1303771347725	1	1.0315	0	0
32	1303771347750	1	1.0315	1.5	0.6463
33	1303771347776	1	1.0315	1.5	0.6463
34	1303771347801	1	1.0315	1.5	0.6463
35	1303771347827	1	1.0315	1.375	0.705
36	1303771347852	1	1.0315	1.25	0.7755
37	1303771347878	1	1.0315	1.125	0.8617
38	1303771347944	1	1.0315	1.125	0.8617
39	1303771347969	1	1.0315	1	0.9694
40	1303771347994	1	1.0315	1	0.9694
41	1303771348019	1	1.0315	1.1	0.8813
42	1303771348044	1	1.0315	1.125	0.8617
43	1303771348069	1	1.0315	1.2	0.8079
44	1303771348095	1	1.0315	1.125	0.8617
45	1303771348120	1	1.0315	1.1667	0.8309
46	1303771348144	1	1.0315	1.0833	0.8949
47	1303771348168	1	1.0315	1	0.9694
48	1303771348192	1	1.0315	1.1	0.8813
49	1303771348217	1	1.0315	1.1	0.8813
50	1303771348242	1	1.0315	1.1667	0.8309
51	1303771348266	1	1.0315	1.1667	0.8309
52	1303771348291	1	1.0315	1.1667	0.8309
53	1303771348362	1	1.0315	1.2	0.8079
54	1303771348385	1	1.0315	1.1667	0.8309
55	1303771348409	1	1.0315	1.1667	0.8309
56	1303771348434	1	1.0315	1.1667	0.8309
57	1303771348459	1	1.0315	1.1667	0.8309
58	1303771348484	1	1.0315	1.1667	0.8309
59	1303771348549	1	1.0315	1.1667	0.8309
60	1303771348574	1	1.0315	1.2143	0.7983
61	1303771348598	1	1.0315	1.2143	0.7983
62	1303771348622	1	1.0315	1.1429	0.8482
63	1303771348647	1	1.0315	1.2143	0.7983
64	1303771348671	1	1.0315	1.1667	0.8309
65	1303771348695	1	1.0315	1.1667	0.8309
66	1303771348719	1	1.0315	1.1875	0.8164
67	1303771348743	1	1.0315	1.1667	0.8309
68	1303771348809	1	1.0315	1.1429	0.8482
69	1303771348833	1	1.0315	1.0556	0.9184
70	1303771348902	1	1.0315	1.0625	0.9124
71	1303771348924	1	1.0315	1	0.9694
72	1303771348947	1	1.0315	1.0625	0.9124
73	1303771348970	1	1.0315	1.1111	0.8725
74	1303771348993	1	1.0315	1.1667	0.8309
75	1303771349015	1	1.0315	1.1667	0.8309
76	1303771349040	1	1.0315	1.1111	0.8725
77	1303771349063	1	1.0315	1.125	0.8617
78	1303771349127	1	1.0315	1.15	0.843
79	1303771349149	1	1.0315	1.15	0.843
80	1303771349213	1	1.0315	1.15	0.843
81	1303771349237	1	1.0315	1.15	0.843
82	1303771349260	1	1.0315	1.1	0.8813
83	1303771349283	1	1.0315	1.1	0.8813
84	1303771349307	1	1.0315	1.1	0.8813
85	1303771349330	1	1.0315	1.1	0.8813
86	1303771349355	1	1.0315	1.1	0.8813
87	1303771349377	1	1.0315	1.1	0.8813
88	1303771349400	1	1.0315	1.1	0.8813
89	1303771349426	1	1.0102	1.1	0.8999
90	1303771349452	1	0.9958	1.1	0.9129
91	1303771349476	1	0.992	1.1	0.9164
92	1303771349499	1	0.992	1.1	0.9164
93	1303771349523	1	0.992	1.1	0.9164
94	1303771349544	1	0.992	1.1	0.9164
95	1303771349609	1	0.992	1.1	0.9164
96	1303771349673	1	0.992	1.05	0.96
97	1303771349693	1	0.992	1.1	0.9164
98	1303771349717	1	0.992	1.1	0.9164
99	1303771349780	1	0.992	1.1	0.9164
100	1303771349801	1	0.992	1.05	0.96
101	1303771349822	1	0.992	1	1.008
102	1303771349845	1	0.992	1.1	0.9164
103	1303771349866	1	0.992	1.1	0.9164
104	1303771349889	1	0.992	1.05	0.96
105	1303771349909	1	0.992	1	1.008
106	1303771349930	1	0.992	1.05	0.96
107	1303771349952	1	0.992	1.1	0.9164
108	1303771349974	1	0.992	1.05	0.96
109	1303771350038	1	0.992	1	1.008
110	1303771350058	1	0.992	1.05	0.96
111	1303771350079	1	0.992	1.05	0.96
112	1303771350101	1	0.992	1	1.008
113	1303771350121	1	0.992	1.05	0.96
114	1303771350143	1	0.992	1.05	0.96
115	1303771350164	1	0.992	1	1.008
116	1303771350186	1	0.992	1.05	0.96
117	1303771350208	1	0.992	1.05	0.96
118	1303771350270	1	0.992	1	1.008
119	1303771350293	1	0.992	1.05	0.96
120	1303771350313	1	0.992	1.05	0.96
121	1303771350334	1	0.992	1	1.008
122	1303771350354	1	0.992	1.05	0.96
123	1303771350376	1	0.992	1.05	0.96
124	1303771350397	1	0.992	1	1.008
125	1303771350417	1	0.992	1.05	0.96
126	1303771350438	1	0.992	1.05	0.96
127	1303771350459	1	0.992	1	1.008
128	1303771350480	1	0.992	1.05	0.96
129	1303771350499	1	0.992	1.05	0.96
130	1303771350520	1	0.992	1	1.008
131	1303771350540	1	0.992	1.05	0.96
132	1303771350562	1	0.992	1.05	0.96
133	1303771350583	1	0.992	1	1.008
134	1303771350603	1	0.992	1.05	0.96
135	1303771350625	1	0.992	1.05	0.96
136	1303771350644	1	0.992	1	1.008
137	1303771350666	1	0.992	1.05	0.96
138	1303771350685	1	0.992	1.05	0.96
139	1303771350706	1	0.992	1	1.008
140	1303771350726	1	0.992	1.05	0.96
141	1303771350748	1	0.992	1.05	0.96
142	1303771350767	1	0.992	1	1.008
143	1303771350789	1	0.992	1.05	0.96
144	1303771350810	1	0.992	1.05	0.96
145	1303771350832	1	0.992	1	1.008
146	1303771350854	1	0.992	1.05	0.96
147	1303771350875	1	0.992	1.05	0.96
148	1303771350937	1	0.992	1	1.008
149	1303771350957	1	0.992	1.05	0.96
150	1303771350991	1	0.992	1.0909	0.924
151	1303771351037	1	0.992	1.0455	0.9642
152	1303771351058	1	0.992	1.0833	0.9305
153	1303771351080	1	0.992	1	1.008
154	1303771351101	1	0.9875	1.0417	0.9721
155	1303771351123	1	0.9875	1.0455	0.9686
156	1303771351145	1	0.9875	1.0455	0.9686
157	1303771351166	1	0.9875	1	1.0126
158	1303771351189	1	0.9875	1.0417	0.9721
159	1303771351210	1	0.9875	1.0417	0.9721
160	1303771351233	1	0.9875	1.0417	0.9721
161	1303771351254	1	0.9875	1.0417	0.9721
162	1303771351277	1	0.9875	1	1.0126
163	1303771351299	1	0.9875	1	1.0126
164	1303771351320	1	0.9875	1	1.0126
165	1303771351383	1	0.9875	1.0417	0.9721
166	1303771351403	1	0.9875	1	1.0126
167	1303771351425	1	0.9875	1.0417	0.9721
168	1303771351447	1	0.9875	1	1.0126
169	1303771351468	1	0.9875	1.0417	0.9721
170	1303771351490	1	0.9875	1	1.0126
171	1303771351512	1	0.9875	1.0417	0.9721
172	1303771351536	1	0.9875	1	1.0126
173	1303771351558	1	0.9875	1.0417	0.9721
174	1303771351580	1	0.9875	1	1.0126
175	1303771351603	1	0.9875	1	1.0126
176	1303771351624	1	0.9875	1	1.0126
177	1303771351645	1	0.9875	1.0417	0.9721
178	1303771351666	1	0.9875	1	1.0126
179	1303771351688	1	0.9875	1.0417	0.9721
180	1303771351710	1	0.9875	1	1.0126
181	1303771351731	1	0.9875	1.0417	0.9721
182	1303771351753	1	0.9875	1	1.0126
183	1303771351773	1	0.9875	1.0417	0.9721
184	1303771351794	1	0.9875	1	1.0126
185	1303771351815	1	0.9875	1	1.0126
186	1303771351837	1	0.9875	1	1.0126
187	1303771351859	1	0.9875	1	1.0126
188	1303771351879	1	0.9875	1	1.0126
189	1303771351901	1	0.9875	1	1.0126
190	1303771351922	1	0.9875	1	1.0126
191	1303771351944	1	0.9875	1	1.0126
192	1303771351965	1	0.9875	1	1.0126
193	1303771351987	1	0.9875	1	1.0126
194	1303771352010	1	0.9875	1	1.0126
195	1303771352072	1	0.9875	1	1.0126
196	1303771352095	1	0.9875	1	1.0126
197	1303771352116	1	0.9875	1	1.0126
198	1303771352138	1	0.9875	1	1.0126
199	1303771352159	1	0.9875	1	1.0126
200	1303771352181	1	0.9875	1	1.0126
201	1303771352203	1	0.9875	1	1.0126
202	1303771352224	1	0.9875	1	1.0126
203	1303771352247	1	0.9875	1	1.0126
204	1303771352269	1	0.9875	1	1.0126
205	1303771352291	1	0.9875	1	1.0126
206	1303771352312	1	0.9875	1	1.0126
207	1303771352334	1	0.9875	1	1.0126
208	1303771352356	1	0.9875	1	1.0126
209	1303771352377	1	0.9875	1	1.0126
210	1303771352399	1	0.9875	1	1.0126
211	1303771352478	1	0.9899	1	1.0102
212	1303771352522	1	0.988	1	1.0121
213	1303771352545	1	0.988	1	1.0121
214	1303771352566	1	0.988	1	1.0121
215	1303771352588	1	0.988	1	1.0121
216	1303771352609	1	0.988	1	1.0121
217	1303771352671	1	0.988	1	1.0121
218	1303771352694	1	0.988	1	1.0121
219	1303771352714	1	0.988	1	1.0121
220	1303771352736	1	0.988	1	1.0121
221	1303771352756	1	0.988	1	1.0121
222	1303771352778	1	0.988	1	1.0121
223	1303771352841	1	0.988	1	1.0121
224	1303771352862	1	0.988	1	1.0121
225	1303771352925	1	0.988	1	1.0121
226	1303771352946	1	0.988	1	1.0121
227	1303771352968	1	0.988	1	1.0121
228	1303771352989	1	0.988	1	1.0121
229	1303771353011	1	0.988	1	1.0121
230	1303771353033	1	0.988	1	1.0121
231	1303771353054	1	0.988	1	1.0121
232	1303771353076	1	0.988	1	1.0121
233	1303771353097	1	0.988	1	1.0121
234	1303771353119	1	0.988	1	1.0121
235	1303771353181	1	0.988	1	1.0121
236	1303771353203	1	0.988	1	1.0121
237	1303771353225	1	0.988	1	1.0121
238	1303771353246	1	0.988	1	1.0121
239	1303771353269	1	0.988	1	1.0121
240	1303771353290	1	0.988	1	1.0121
241	1303771353355	1	0.988	1	1.0121
242	1303771353376	1	0.988	1	1.0121
243	1303771353438	1	0.988	1	1.0121
244	1303771353460	1	0.988	1	1.0121
245	1303771353520	1	0.988	1	1.0121
246	1303771353542	1	0.988	1	1.0121
247	1303771353563	1	0.988	1	1.0121
248	1303771353585	1	0.988	1	1.0121
249	1303771353608	1	0.988	1	1.0121
250	1303771353686	1	0.988	1	1.0121
251	1303771353708	1	0.988	1	1.0121
252	1303771353729	1	0.988	1	1.0121
253	1303771353752	1	0.988	1	1.0121
254	1303771353772	1	0.988	1	1.0121
255	1303771353795	1	0.988	1	1.0121
256	1303771353816	1	0.988	1	1.0121
257	1303771353837	1	0.988	1	1.0121
258	1303771353904	1	0.988	1	1.0121
259	1303771353969	1	0.988	1	1.0121
260	1303771354032	1	0.988	1	1.0121
261	1303771354054	1	0.988	1	1.0121
262	1303771354076	1	0.988	1	1.0121
263	1303771354098	1	0.988	1	1.0121
264	1303771354159	1	0.988	1	1.0121
265	1303771354221	1	0.988	1	1.0121
266	1303771354241	1	0.988	1	1.0121
267	1303771354264	1	0.988	1	1.0121
268	1303771354284	1	0.988	1	1.0121
269	1303771354306	1	0.988	1	1.0121
270	1303771354328	1	0.988	1	1.0121
271	1303771354349	1	0.988	1	1.0121
272	1303771354374	1	0.988	1	1.0121
273	1303771354441	1	0.988	1	1.0121
274	1303771354463	1	0.988	1	1.0121
275	1303771354484	1	0.9933	1	1.0067
276	1303771354506	1	0.9933	1	1.0067
277	1303771354528	1	0.9933	1	1.0067
278	1303771354548	1	0.9933	1	1.0067
279	1303771354570	1	0.9933	1	1.0067
280	1303771354591	1	0.9933	1	1.0067
281	1303771354613	1	0.9933	1	1.0067
282	1303771354634	1	0.9933	1	1.0067
283	1303771354656	1	0.9933	1	1.0067
284	1303771354676	1	0.9933	1	1.0067
285	1303771354699	1	0.9933	1	1.0067
286	1303771354722	1	0.9933	1	1.0067
287	1303771354743	1	0.9933	1	1.0067
288	1303771354766	1	0.9933	1	1.0067
289	1303771354826	1	0.9933	1	1.0067
290	1303771354889	1	0.9933	1	1.0067
291	1303771354950	1	0.9933	1	1.0067
292	1303771354972	1	0.9933	1	1.0067
293	1303771354996	1	0.9933	1	1.0067
294	1303771355017	1	0.9933	1	1.0067
295	1303771355041	1	0.9933	1	1.0067
296	1303771355062	1	0.9933	1	1.0067
297	1303771355085	1	0.9933	1	1.0067
298	1303771355105	1	0.9933	1	1.0067
299	1303771355170	1	0.9933	1	1.0067
300	1303771355191	1	0.9933	1	1.0067
301	1303771355213	1	0.9933	1	1.0067
302	1303771355236	1	0.9933	1	1.0067
303	1303771355257	1	0.9933	1	1.0067
304	1303771355279	1	0.9933	1	1.0067
305	1303771355299	1	0.9933	1	1.0067
306	1303771355321	1	0.9933	1	1.0067
307	1303771355341	1	0.9933	1	1.0067
308	1303771355364	1	0.9933	1	1.0067
309	1303771355385	1	0.9933	1	1.0067
310	1303771355407	1	0.9933	1	1.0067
311	1303771355428	1	0.9933	1	1.0067
312	1303771355492	1	0.9933	1	1.0067
313	1303771355515	1	0.9933	1	1.0067
314	1303771355536	1	0.9933	1	1.0067
315	1303771355558	1	0.9933	1	1.0067
316	1303771355580	1	0.9933	1	1.0067
317	1303771355602	1	0.9933	1	1.0067
318	1303771355622	1	0.9933	1	1.0067
319	1303771355644	1	0.9933	1	1.0067
320	1303771355665	1	0.9933	1	1.0067
321	1303771355687	1	0.9933	1	1.0067
322	1303771355709	1	0.9933	1	1.0067
323	1303771355730	1	0.9933	1	1.0067
324	1303771355752	1	0.9933	1	1.0067
325	1303771355772	1	0.9933	1	1.0067
326	1303771355794	1	0.9933	1	1.0067
327	1303771355855	1	0.9933	1	1.0067
328	1303771355877	1	0.9933	1	1.0067
329	1303771355898	1	0.9933	1	1.0067
330	1303771355920	1	0.9933	1	1.0067
331	1303771355940	1	0.9933	1	1.0067
332	1303771355962	1	0.9933	1	1.0067
333	1303771356009	1	0.9933	1	1.0067
334	1303771356078	1	0.9933	1	1.0067
335	1303771356099	1	0.9933	1	1.0067
336	1303771356161	1	0.9933	1	1.0067
337	1303771356184	1	0.9966	1	1.0034
338	1303771356205	1	0.9966	1	1.0034
339	1303771356268	1	0.9966	1	1.0034
340	1303771356288	1	0.9966	1	1.0034
341	1303771356311	1	0.9966	1	1.0034
342	1303771356332	1	0.9966	1	1.0034
343	1303771356354	1	0.9966	1	1.0034
344	1303771356376	1	0.9966	1	1.0034
345	1303771356399	1	0.9966	1	1.0034
346	1303771356421	1	0.9966	1	1.0034
347	1303771356443	1	0.9966	1	1.0034
348	1303771356464	1	0.9966	1	1.0034
349	1303771356484	1	0.9966	1	1.0034
350	1303771356506	1	0.9966	1	1.0034
351	1303771356527	1	0.9966	1	1.0034
352	1303771356589	1	0.9966	1	1.0034
353	1303771356610	1	0.9966	1	1.0034
354	1303771356672	1	0.9966	1	1.0034
355	1303771356694	1	0.9966	1	1.0034
356	1303771356717	1	0.9966	1	1.0034
357	1303771356737	1	0.9966	1	1.0034
358	1303771356759	1	0.9966	1	1.0034
359	1303771356781	1	0.9966	1	1.0034
360	1303771356803	1	0.9966	1	1.0034
361	1303771356826	1	0.9966	1	1.0034
362	1303771356845	1	0.9966	1	1.0034
363	1303771356867	1	0.9966	1	1.0034
364	1303771356933	1	0.9966	1	1.0034
365	1303771356956	1	0.9966	1	1.0034
366	1303771356977	1	0.9966	1	1.0034
367	1303771357001	1	0.9966	1	1.0034
368	1303771357021	1	0.9966	1	1.0034
369	1303771357045	1	0.9966	1	1.0034
370	1303771357067	1	0.9966	1	1.0034
371	1303771357088	1	0.9966	1	1.0034
372	1303771357110	1	0.9966	1	1.0034
373	1303771357131	1	0.9966	1	1.0034
374	1303771357152	1	0.9966	1	1.0034
375	1303771357172	1	0.9966	1	1.0034
376	1303771357196	1	0.9966	1	1.0034
377	1303771357217	1	0.9966	1	1.0034
378	1303771357239	1	0.9966	1	1.0034
379	1303771357260	1	0.9966	1	1.0034
380	1303771357282	1	0.9966	1	1.0034
381	1303771357302	1	0.9966	1	1.0034
382	1303771357324	1	0.9966	1	1.0034
383	1303771357346	1	0.9966	1	1.0034
384	1303771357367	1	0.9966	1	1.0034
385	1303771357388	1	0.9966	1	1.0034
386	1303771357449	1	0.9966	1	1.0034
387	1303771357471	1	0.9966	1	1.0034
388	1303771357535	1	0.9966	1	1.0034
389	1303771357557	1	0.9966	1	1.0034
390	1303771357578	1	0.9966	1	1.0034
391	1303771357599	1	0.9966	1	1.0034
392	1303771357621	1	0.9966	1	1.0034
393	1303771357641	1	0.9966	1	1.0034
394	1303771357680	1	0.9966	1	1.0034
395	1303771357729	1	0.9966	1	1.0034
396	1303771357790	1	0.9966	1	1.0034
397	1303771357813	1	0.9966	1	1.0034
398	1303771357833	1	1.0011	1	0.9989
399	1303771357855	1	1.0011	1	0.9989
400	1303771357875	1	1.0011	1	0.9989
401	1303771357897	1	1.0011	1	0.9989
402	1303771357919	1	1.0011	1	0.9989
403	1303771357941	1	1.0011	1	0.9989
404	1303771357964	1	1.0011	1	0.9989
405	1303771357986	1	1.0011	1	0.9989
406	1303771358008	1	1.0011	1	0.9989
407	1303771358030	1	1.0011	1	0.9989
408	1303771358053	1	1.0011	1	0.9989
409	1303771358073	1	1.0011	1	0.9989
410	1303771358095	1	1.0011	1	0.9989
411	1303771358116	1	1.0011	1	0.9989
412	1303771358138	1	1.0011	1	0.9989
413	1303771358159	1	1.0011	1	0.9989
414	1303771358181	1	1.0011	1	0.9989
415	1303771358203	1	1.0011	1	0.9989
416	1303771358265	1	1.0011	1	0.9989
417	1303771358289	1	1.0011	1	0.9989
418	1303771358309	1	1.0011	1	0.9989
419	1303771358332	1	1.0011	1	0.9989
420	1303771358353	1	1.0011	1	0.9989
421	1303771358374	1	1.0011	1	0.9989
422	1303771358395	1	1.0011	1	0.9989
423	1303771358417	1	1.0011	1	0.9989
424	1303771358438	1	1.0011	1	0.9989
425	1303771358460	1	1.0011	1	0.9989
426	1303771358481	1	1.0011	1	0.9989
427	1303771358503	1	1.0011	1	0.9989
428	1303771358525	1	1.0011	1	0.9989
429	1303771358545	1	1.0011	1	0.9989
430	1303771358566	1	1.0011	1	0.9989
431	1303771358587	1	1.0011	1	0.9989
432	1303771358608	1	1.0011	1	0.9989
433	1303771358629	1	1.0011	1	0.9989
434	1303771358651	1	1.0011	1	0.9989
435	1303771358673	1	1.0011	1	0.9989
436	1303771358696	1	1.0011	1	0.9989
437	1303771358716	1	1.0011	1	0.9989
438	1303771358739	1	1.0011	1	0.9989
439	1303771358761	1	1.0011	1	0.9989
440	1303771358783	1	1.0011	1	0.9989
441	1303771358804	1	1.0011	1	0.9989
442	1303771358825	1	1.0011	1	0.9989
443	1303771358846	1	1.0011	1	0.9989
444	1303771358867	1	1.0011	1	0.9989
445	1303771358889	1	1.0011	1	0.9989
446	1303771358950	1	1.0011	1	0.9989
447	1303771359017	1	1.0011	1	0.9989
448	1303771359045	1	1.0011	1	0.9989
449	1303771359069	1	1.0011	1	0.9989
450	1303771359092	1	1.0011	1	0.9989
451	1303771359114	1	1.0011	1	0.9989
452	1303771359137	1	1.0011	1	0.9989
453	1303771359157	1	1.0011	1	0.9989
454	1303771359180	1	1.0011	1	0.9989
455	1303771359202	1	1.0011	1	0.9989
456	1303771359224	1	1.0011	1	0.9989
457	1303771359245	1	1.0011	1	0.9989
458	1303771359267	1	1.0021	1	0.9979
459	1303771359288	1	1.0021	1	0.9979
460	1303771359311	1	1.0021	1	0.9979
461	1303771359333	1	1.0021	1	0.9979
462	1303771359353	1	1.0021	1	0.9979
463	1303771359376	1	1.0021	1	0.9979
464	1303771359396	1	1.0021	1	0.9979
465	1303771359418	1	1.0021	1	0.9979
466	1303771359438	1	1.0021	1	0.9979
467	1303771359460	1	1.0021	1	0.9979
468	1303771359480	1	1.0021	1	0.9979
469	1303771359502	1	1.0021	1	0.9979
470	1303771359524	1	1.0021	1	0.9979
471	1303771359547	1	1.0021	1	0.9979
472	1303771359610	1	1.0021	1	0.9979
473	1303771359652	1	1.0021	1	0.9979
474	1303771359674	1	1.0021	1	0.9979
475	1303771359694	1	1.0021	1	0.9979
476	1303771359717	1	1.0021	1	0.9979
477	1303771359739	1	1.0021	1	0.9979
478	1303771359762	1	1.0021	1	0.9979
479	1303771359783	1	1.0021	1	0.9979
480	1303771359805	1	1.0021	1	0.9979
481	1303771359825	1	1.0021	1	0.9979
482	1303771359847	1	1.0021	1	0.9979
483	1303771359867	1	1.0021	1	0.9979
484	1303771359888	1	1.0021	1	0.9979
485	1303771359951	1	1.0021	1	0.9979
486	1303771359972	1	1.0021	1	0.9979
487	1303771359993	1	1.0021	1	0.9979
488	1303771360014	1	1.0021	1	0.9979
489	1303771360037	1	1.0021	1	0.9979
490	1303771360058	1	1.0021	1	0.9979
491	1303771360080	1	1.0021	1	0.9979
492	1303771360101	1	1.0021	1	0.9979
493	1303771360124	1	1.0021	1	0.9979
494	1303771360186	1	1.0021	1	0.9979
495	1303771360208	1	1.0021	1	0.9979
496	1303771360231	1	1.0021	1	0.9979
497	1303771360252	1	1.0021	1	0.9979
498	1303771360275	1	1.0021	1	0.9979
499	1303771360297	1	1.0021	1	0.9979
500	1303771360320	1	1.0021	1	0.9979
501	1303771360340	1	1.0021	1	0.9979
502	1303771360363	1	1.0021	1	0.9979
503	1303771360385	1	1.0021	1	0.9979
504	1303771360449	1	1.0021	1	0.9979
505	1303771360470	1	1.0021	1	0.9979
506	1303771360491	1	1.0021	1	0.9979
507	1303771360512	1	1.0021	1	0.9979
508	1303771360534	1	1.0021	1	0.9979
509	1303771360557	1	1.0021	1	0.9979
510	1303771360578	1	1.0021	1	0.9979
511	1303771360601	1	1.0021	1	0.9979
512	1303771360622	1	1.0021	1	0.9979
513	1303771360644	1	1.0021	1	0.9979
514	1303771360665	1	1.0021	1	0.9979
515	1303771360687	1	1.0021	1	0.9979
516	1303771360718	1	1.0021	1	0.9979
517	1303771360752	1	1.0021	1	0.9979
518	1303771360774	1	1.0021	1	0.9979
519	1303771360796	1	1.0021	1	0.9979
520	1303771360819	1	1.0074	1	0.9927
521	1303771360840	1	1.0074	1	0.9927
522	1303771360863	1	1.0074	1	0.9927
523	1303771360884	1	1.0074	1	0.9927
524	1303771360906	1	1.0074	1	0.9927
525	1303771360968	1	1.0074	1	0.9927
526	1303771360992	1	1.0074	1	0.9927
527	1303771361016	1	1.0074	1	0.9927
528	1303771361036	1	1.0074	1	0.9927
529	1303771361059	1	1.0074	1	0.9927
530	1303771361080	1	1.0074	1	0.9927
531	1303771361102	1	1.0074	1	0.9927
532	1303771361123	1	1.0074	1	0.9927
533	1303771361146	1	1.0074	1	0.9927
534	1303771361167	1	1.0074	1	0.9927
535	1303771361189	1	1.0074	1	0.9927
536	1303771361210	1	1.0074	1	0.9927
537	1303771361232	1	1.0074	1	0.9927
538	1303771361253	1	1.0074	1	0.9927
539	1303771361277	1	1.0074	1	0.9927
540	1303771361340	1	1.0074	1	0.9927
541	1303771361361	1	1.0074	1	0.9927
542	1303771361384	1	1.0074	1	0.9927
543	1303771361448	1	1.0074	1	0.9927
544	1303771361471	1	1.0074	1	0.9927
545	1303771361493	1	1.0074	1	0.9927
546	1303771361516	1	1.0074	1	0.9927
547	1303771361536	1	1.0074	1	0.9927
548	1303771361599	1	1.0074	1	0.9927
549	1303771361621	1	1.0074	1	0.9927
550	1303771361642	1	1.0074	1	0.9927
551	1303771361664	1	1.0074	1	0.9927
552	1303771361685	1	1.0074	1	0.9927
553	1303771361708	1	1.0074	1	0.9927
554	1303771361730	1	1.0074	1	0.9927
555	1303771361754	1	1.0074	1	0.9927
556	1303771361816	1	1.0074	1	0.9927
557	1303771361840	1	1.0074	1	0.9927
558	1303771361862	1	1.0074	1	0.9927
559	1303771361886	1	1.0074	1	0.9927
560	1303771361950	1	1.0074	1	0.9927
561	1303771361972	1	1.0074	1	0.9927
562	1303771361995	1	1.0074	1	0.9927
563	1303771362015	1	1.0074	1	0.9927
564	1303771362038	1	1.0074	1	0.9927
565	1303771362059	1	1.0074	1	0.9927
566	1303771362081	1	1.0074	1	0.9927
567	1303771362102	1	1.0074	1	0.9927
568	1303771362125	1	1.0074	1	0.9927
569	1303771362146	1	1.0074	1	0.9927
570	1303771362208	1	1.0074	1	0.9927
571	1303771362231	1	1.0074	1	0.9927
572	1303771362252	1	1.0074	1	0.9927
573	1303771362275	1	1.0074	1	0.9927
574	1303771362296	1	1.0074	1	0.9927
575	1303771362319	1	1.0074	1	0.9927
576	1303771362340	1	1.0074	1	0.9927
577	1303771362383	1	1.0074	1	0.9927
578	1303771362443	1	1.0074	1	0.9927
579	1303771362464	1	1.0074	1	0.9927
580	1303771362486	1	1.0074	1	0.9927
581	1303771362509	1	1.0074	1	0.9927
582	1303771362570	1	1.0074	1	0.9927
583	1303771362593	1	1.0074	1	0.9927
584	1303771362614	1	1.0074	1	0.9927
585	1303771362637	1	1.0074	1	0.9927
586	1303771362659	1	1.0074	1	0.9927
587	1303771362681	1	1.0074	1	0.9927
588	1303771362702	1	1.0074	1	0.9927
589	1303771362725	1	1.0074	1	0.9927
590	1303771362747	1	1.0074	1	0.9927
591	1303771362769	1	1.0074	1	0.9927
592	1303771362792	1	1.0074	1	0.9927
593	1303771362814	1	1.0074	1	0.9927
594	1303771362877	1	1.0074	1	0.9927
595	1303771362898	1	1.0074	1	0.9927
596	1303771362921	1	1.0074	1	0.9927
597	1303771362941	1	1.0074	1	0.9927
598	1303771362964	1	1.0074	1	0.9927
599	1303771362986	1	1.0074	1	0.9927
600	1303771363051	1	1.0074	1	0.9927
601	1303771363074	1	1.0074	1	0.9927
602	1303771363098	1	1.0074	1	0.9927
603	1303771363121	1	1.0074	1	0.9927
604	1303771363142	1	1.0074	1	0.9927
605	1303771363165	1	1.0074	1	0.9927
606	1303771363186	1	1.0074	1	0.9927
607	1303771363209	1	1.0074	1	0.9927
608	1303771363231	1	1.0074	1	0.9927
609	1303771363253	1	1.0074	1	0.9927
610	1303771363275	1	1.0074	1	0.9927
611	1303771363297	1	1.0074	1	0.9927
612	1303771363318	1	1.0074	1	0.9927
613	1303771363340	1	1.0074	1	0.9927
614	1303771363363	1	1.0074	1	0.9927
615	1303771363426	1	1.0074	1	0.9927
616	1303771363450	1	1.0074	1	0.9927
617	1303771363472	1	1.0074	1	0.9927
618	1303771363496	1	1.0074	1	0.9927
619	1303771363518	1	1.0074	1	0.9927
620	1303771363541	1	1.0074	1	0.9927
621	1303771363562	1	1.0074	1	0.9927
622	1303771363584	1	1.0074	1	0.9927
623	1303771363605	1	1.0074	1	0.9927
624	1303771363628	1	1.0074	1	0.9927
625	1303771363649	1	1.0074	1	0.9927
626	1303771363671	1	1.0074	1	0.9927
627	1303771363694	1	1.0074	1	0.9927
628	1303771363715	1	1.0074	1	0.9927
629	1303771363737	1	1.0074	1	0.9927
630	1303771363758	1	1.0074	1	0.9927
631	1303771363780	1	1.0074	1	0.9927
632	1303771363841	1	1.0074	1	0.9927
633	1303771363904	1	1.0074	1	0.9927
634	1303771363925	1	1.0074	1	0.9927
635	1303771363948	1	1.0074	1	0.9927
636	1303771363969	1	1.0074	1	0.9927
637	1303771363991	1	1.0074	1	0.9927
638	1303771364016	1	1.0074	1	0.9927
639	1303771364038	1	1.0074	1	0.9927
640	1303771364061	1	1.0074	1	0.9927
641	1303771364083	1	1.0074	1	0.9927
642	1303771364106	1	1.0074	1	0.9927
643	1303771364127	1	1.0074	1	0.9927
644	1303771364150	1	1.0074	1	0.9927
645	1303771364171	1	1.0074	1	0.9927
646	1303771364194	1	1.0074	1	0.9927
647	1303771364216	1	1.0074	1	0.9927
648	1303771364238	1	1.0074	1	0.9927
649	1303771364258	1	1.0074	1	0.9927
650	1303771364281	1	1.0074	1	0.9927
651	1303771364303	1	1.0074	1	0.9927
652	1303771364324	1	1.0074	1	0.9927
653	1303771364348	1	1.0074	1	0.9927
654	1303771364370	1	1.0074	1	0.9927
655	1303771364394	1	1.0074	1	0.9927
656	1303771364416	1	1.0074	1	0.9927
657	1303771364439	1	1.0074	1	0.9927
658	1303771364461	1	1.0074	1	0.9927
659	1303771364526	1	1.0074	1	0.9927
660	1303771364549	1	1.0074	1	0.9927
661	1303771364572	1	1.0074	1	0.9927
662	1303771364597	1	1.0074	1	0.9927
663	1303771364617	1	1.0074	1	0.9927
664	1303771364642	1	1.0074	1	0.9927
665	1303771364663	1	1.0074	1	0.9927
666	1303771364686	1	1.0074	1	0.9927
667	1303771364753	1	1.0074	1	0.9927
668	1303771364776	1	1.0074	1	0.9927
669	1303771364799	1	1.0074	1	0.9927
670	1303771364823	1	1.0074	1	0.9927
671	1303771364845	1	1.0074	1	0.9927
672	1303771364868	1	1.0074	1	0.9927
673	1303771364891	1	1.0074	1	0.9927
674	1303771364912	1	1.0074	1	0.9927
675	1303771364935	1	1.0074	1	0.9927
676	1303771364957	1	1.0074	1	0.9927
677	1303771364981	1	1.0074	1	0.9927
678	1303771365042	1	1.0074	1	0.9927
679	1303771365065	1	1.0074	1	0.9927
680	1303771365086	1	1.0074	1	0.9927
681	1303771365109	1	1.0074	1	0.9927
682	1303771365131	1	1.0074	1	0.9927
683	1303771365155	1	1.0074	1	0.9927
684	1303771365177	1	1.0074	1	0.9927
685	1303771365240	1	1.0074	1	0.9927
686	1303771365263	1	1.0074	1	0.9927
687	1303771365284	1	1.0074	1	0.9927
688	1303771365307	1	1.0074	1	0.9927
689	1303771365328	1	1.0074	1	0.9927
690	1303771365351	1	1.0074	1	0.9927
691	1303771365373	1	1.0074	1	0.9927
692	1303771365436	1	1.0074	1	0.9927
693	1303771365457	1	1.0074	1	0.9927
694	1303771365482	1	1.0074	1	0.9927
695	1303771365505	1	1.0074	1	0.9927
696	1303771365527	1	1.0074	1	0.9927
697	1303771365550	1	1.0074	1	0.9927
698	1303771365572	1	1.0074	1	0.9927
699	1303771365606	1	1.0074	1	0.9927
700	1303771365644	1	1.0074	1	0.9927
701	1303771365670	1	1.0074	1	0.9927
702	1303771365775	1	1.0074	1	0.9927
703	1303771365798	1	1.0074	1	0.9927
704	1303771365822	1	1.0074	1	0.9927
705	1303771365844	1	1.0074	1	0.9927
706	1303771365867	1	1.0074	1	0.9927
707	1303771365888	1	1.0074	1	0.9927
708	1303771365910	1	1.0074	1	0.9927
709	1303771365932	1	1.0074	1	0.9927
710	1303771365954	1	1.0074	1	0.9927
711	1303771365976	1	1.0074	1	0.9927
712	1303771365999	1	1.0074	1	0.9927
713	1303771366020	1	1.0074	1	0.9927
714	1303771366083	1	1.0074	1	0.9927
715	1303771366107	1	1.0074	1	0.9927
716	1303771366169	1	1.0074	1	0.9927
717	1303771366193	1	1.0074	1	0.9927
718	1303771366215	1	1.0074	1	0.9927
719	1303771366238	1	1.0074	1	0.9927
720	1303771366260	1	0.9983	1	1.0017
721	1303771366282	1	0.9983	1	1.0017
722	1303771366304	1	0.9983	1	1.0017
723	1303771366327	1	0.9983	1	1.0017
724	1303771366350	1	0.9983	1	1.0017
725	1303771366411	1	0.9983	1	1.0017
726	1303771366435	1	0.9983	1	1.0017
727	1303771366456	1	0.9983	1	1.0017
728	1303771366479	1	0.9983	1	1.0017
729	1303771366500	1	0.9983	1	1.0017
730	1303771366523	1	0.9983	1	1.0017
731	1303771366545	1	0.9983	1	1.0017
732	1303771366568	1	0.9983	1	1.0017
733	1303771366589	1	0.9983	1	1.0017
734	1303771366612	1	0.9983	1	1.0017
735	1303771366635	1	0.9983	1	1.0017
736	1303771366656	1	0.9983	1	1.0017
737	1303771366679	1	0.9983	1	1.0017
738	1303771366700	1	0.9983	1	1.0017
739	1303771366723	1	0.9983	1	1.0017
740	1303771366744	1	0.9983	1	1.0017
741	1303771366767	1	0.9983	1	1.0017
742	1303771366788	1	0.9983	1	1.0017
743	1303771366811	1	0.9983	1	1.0017
744	1303771366832	1	0.9983	1	1.0017
745	1303771366854	1	0.9983	1	1.0017
746	1303771366915	1	0.9983	1	1.0017
747	1303771366979	1	0.9983	1	1.0017
748	1303771367043	1	0.9983	1	1.0017
749	1303771367065	1	0.9983	1	1.0017
750	1303771367128	1	0.9983	1	1.0017
751	1303771367149	1	0.9983	1	1.0017
752	1303771367172	1	0.9983	1	1.0017
753	1303771367234	1	0.9983	1	1.0017
754	1303771367257	1	0.9983	1	1.0017
755	1303771367281	1	0.9983	1	1.0017
756	1303771367302	1	0.9983	1	1.0017
757	1303771367326	1	0.9983	1	1.0017
758	1303771367347	1	0.9983	1	1.0017
759	1303771367370	1	0.9983	1	1.0017
760	1303771367402	1	0.9983	1	1.0017
761	1303771367440	1	0.998	1	1.002
762	1303771367508	1	0.998	1	1.002
763	1303771367574	1	0.998	1	1.002
764	1303771367598	1	0.998	1	1.002
765	1303771367619	1	0.998	1	1.002
766	1303771367642	1	0.998	1	1.002
767	1303771367662	1	0.998	1	1.002
768	1303771367721	1	0.998	1	1.002
769	1303771367742	1	0.998	1	1.002
770	1303771367765	1	0.998	1	1.002
771	1303771367789	1	0.998	1	1.002
772	1303771367812	1	0.998	1	1.002
773	1303771367835	1	0.998	1	1.002
774	1303771367858	1	0.998	1	1.002
775	1303771367880	1	0.998	1	1.002
776	1303771367901	1	0.998	1	1.002
777	1303771367923	1	0.998	1	1.002
778	1303771367944	1	0.998	1	1.002
779	1303771367966	1	0.998	1	1.002
780	1303771367988	1	0.998	1	1.002
781	1303771368050	1	0.998	1	1.002
782	1303771368073	1	0.998	1	1.002
783	1303771368095	1	0.998	1	1.002
784	1303771368118	1	0.998	1	1.002
785	1303771368139	1	0.998	1	1.002
786	1303771368161	1	0.998	1	1.002
787	1303771368182	1	0.998	1	1.002
788	1303771368204	1	0.998	1	1.002
789	1303771368225	1	0.998	1	1.002
790	1303771368247	1	0.998	1	1.002
791	1303771368268	1	0.998	1	1.002
792	1303771368331	1	0.998	1	1.002
793	1303771368352	1	0.998	1	1.002
794	1303771368374	1	0.998	1	1.002
795	1303771368397	1	0.998	1	1.002
796	1303771368459	1	0.998	1	1.002
797	1303771368481	1	0.998	1	1.002
798	1303771368502	1	0.998	1	1.002
799	1303771368524	1	0.998	1	1.002
800	1303771368545	1	0.998	1	1.002
801	1303771368567	1	0.998	1	1.002
802	1303771368588	1	0.998	1	1.002
803	1303771368610	1	0.998	1	1.002
804	1303771368631	1	0.998	1	1.002
805	1303771368654	1	0.998	1	1.002
806	1303771368676	1	0.998	1	1.002
807	1303771368696	1	0.998	1	1.002
808	1303771368719	1	0.998	1	1.002
809	1303771368739	1	0.998	1	1.002
810	1303771368762	1	0.998	1	1.002
811	1303771368783	1	0.998	1	1.002
812	1303771368805	1	0.998	1	1.002
813	1303771368827	1	0.998	1	1.002
814	1303771368850	1	0.998	1	1.002
815	1303771368872	1	0.998	1	1.002
816	1303771368894	1	0.998	1	1.002
817	1303771368914	1	0.998	1	1.002
818	1303771368937	1	0.998	1	1.002
819	1303771368959	1	0.998	1	1.002
820	1303771368982	1	0.998	1	1.002
821	1303771369007	1	0.998	1	1.002
822	1303771369029	1	0.998	1	1.002
823	1303771369052	1	0.998	1	1.002
824	1303771369073	1	0.9984	1	1.0016
825	1303771369095	1	0.9984	1	1.0016
826	1303771369117	1	0.9984	1	1.0016
827	1303771369184	1	0.9984	1	1.0016
828	1303771369207	1	0.9984	1	1.0016
829	1303771369230	1	0.9984	1	1.0016
830	1303771369251	1	0.9984	1	1.0016
831	1303771369314	1	0.9984	1	1.0016
832	1303771369337	1	0.9984	1	1.0016
833	1303771369358	1	0.9984	1	1.0016
834	1303771369381	1	0.9984	1	1.0016
835	1303771369402	1	0.9984	1	1.0016
836	1303771369464	1	0.9984	1	1.0016
837	1303771369485	1	0.9984	1	1.0016
838	1303771369508	1	0.9984	1	1.0016
839	1303771369529	1	0.9984	1	1.0016
840	1303771369552	1	0.9984	1	1.0016
841	1303771369574	1	0.9984	1	1.0016
842	1303771369595	1	0.9984	1	1.0016
843	1303771369618	1	0.9984	1	1.0016
844	1303771369639	1	0.9984	1	1.0016
845	1303771369661	1	0.9984	1	1.0016
846	1303771369684	1	0.9984	1	1.0016
847	1303771369707	1	0.9984	1	1.0016
848	1303771369728	1	0.9984	1	1.0016
849	1303771369751	1	0.9984	1	1.0016
850	1303771369772	1	0.9984	1	1.0016
851	1303771369798	1	0.9984	1	1.0016
852	1303771369819	1	0.9984	1	1.0016
853	1303771369842	1	0.9984	1	1.0016
854	1303771369865	1	0.9984	1	1.0016
855	1303771369886	1	0.9984	1	1.0016
856	1303771369910	1	0.9984	1	1.0016
857	1303771369972	1	0.9984	1	1.0016
858	1303771369995	1	0.9984	1	1.0016
859	1303771370017	1	0.9984	1	1.0016
860	1303771370082	1	0.9984	1	1.0016
861	1303771370103	1	0.9984	1	1.0016
862	1303771370125	1	0.9984	1	1.0016
863	1303771370148	1	0.9984	1	1.0016
864	1303771370170	1	0.9984	1	1.0016
865	1303771370193	1	0.9984	1	1.0016
866	1303771370215	1	0.9984	1	1.0016
867	1303771370238	1	0.9984	1	1.0016
868	1303771370259	1	0.9984	1	1.0016
869	1303771370281	1	0.9984	1	1.0016
870	1303771370342	1	0.9984	1	1.0016
871	1303771370365	1	0.9984	1	1.0016
872	1303771370386	1	0.9984	1	1.0016
873	1303771370449	1	0.9984	1	1.0016
874	1303771370472	1	0.9984	1	1.0016
875	1303771370494	1	0.9984	1	1.0016
876	1303771370558	1	0.9984	1	1.0016
877	1303771370580	1	0.9984	1	1.0016
878	1303771370603	1	0.9984	1	1.0016
879	1303771370624	1	0.9984	1	1.0016
880	1303771370647	1	0.9984	1	1.0016
881	1303771370669	1	0.9984	1	1.0016
882	1303771370694	1	0.9961	1	1.004
883	1303771370717	1	0.996	1	1.004
884	1303771370741	1	0.996	1	1.004
885	1303771370763	1	0.996	1	1.004
886	1303771370785	1	0.996	1	1.004
887	1303771370808	1	0.996	1	1.004
888	1303771370829	1	0.996	1	1.004
889	1303771370851	1	0.996	1	1.004
890	1303771370872	1	0.996	1	1.004
891	1303771370894	1	0.996	1	1.004
892	1303771370915	1	0.996	1	1.004
893	1303771370937	1	0.996	1	1.004
894	1303771370958	1	0.996	1	1.004
895	1303771370980	1	0.996	1	1.004
896	1303771371001	1	0.996	1	1.004
897	1303771371023	1	0.996	1	1.004
898	1303771371044	1	0.996	1	1.004
899	1303771371066	1	0.996	1	1.004
900	1303771371090	1	0.996	1	1.004
901	1303771371110	1	0.996	1	1.004
902	1303771371133	1	0.996	1	1.004
903	1303771371153	1	0.996	1	1.004
904	1303771371175	1	0.996	1	1.004
905	1303771371195	1	0.996	1	1.004
906	1303771371218	1	0.996	1	1.004
907	1303771371240	1	0.996	1	1.004
908	1303771371262	1	0.996	1	1.004
909	1303771371283	1	0.996	1	1.004
910	1303771371306	1	0.996	1	1.004
911	1303771371328	1	0.996	1	1.004
912	1303771371350	1	0.996	1	1.004
913	1303771371370	1	0.996	1	1.004
914	1303771371393	1	0.996	1	1.004
915	1303771371415	1	0.996	1	1.004
916	1303771371437	1	0.996	1	1.004
917	1303771371501	1	0.996	1	1.004
918	1303771371523	1	0.996	1	1.004
919	1303771371587	1	0.996	1	1.004
920	1303771371608	1	0.996	1	1.004
921	1303771371630	1	0.996	1	1.004
922	1303771371651	1	0.996	1	1.004
923	1303771371675	1	0.996	1	1.004
924	1303771371696	1	0.996	1	1.004
925	1303771371718	1	0.996	1	1.004
926	1303771371742	1	0.996	1	1.004
927	1303771371764	1	0.996	1	1.004
928	1303771371828	1	0.996	1	1.004
929	1303771371849	1	0.996	1	1.004
930	1303771371871	1	0.996	1	1.004
931	1303771371932	1	0.996	1	1.004
932	1303771371998	1	0.996	1	1.004
933	1303771372018	1	0.996	1	1.004
934	1303771372041	1	0.996	1	1.004
935	1303771372063	1	0.996	1	1.004
936	1303771372084	1	0.996	1	1.004
937	1303771372107	1	0.996	1	1.004
938	1303771372127	1	0.996	1	1.004
939	1303771372150	1	0.996	1	1.004
940	1303771372171	1	0.996	1	1.004
941	1303771372193	1	0.996	1	1.004
942	1303771372214	1	0.996	1	1.004
943	1303771372250	1	0.9908	1	1.0093
944	1303771372286	1	0.9908	1	1.0093
945	1303771372307	1	0.9908	1	1.0093
946	1303771372329	1	0.9908	1	1.0093
947	1303771372350	1	0.9908	1	1.0093
948	1303771372371	1	0.9908	1	1.0093
949	1303771372393	1	0.9908	1	1.0093
950	1303771372456	1	0.9908	1	1.0093
951	1303771372476	1	0.9908	1	1.0093
952	1303771372499	1	0.9908	1	1.0093
953	1303771372520	1	0.9908	1	1.0093
954	1303771372542	1	0.9908	1	1.0093
955	1303771372564	1	0.9908	1	1.0093
956	1303771372584	1	0.9908	1	1.0093
957	1303771372607	1	0.9908	1	1.0093
958	1303771372628	1	0.9908	1	1.0093
959	1303771372650	1	0.9908	1	1.0093
960	1303771372671	1	0.9908	1	1.0093
961	1303771372694	1	0.9908	1	1.0093
962	1303771372716	1	0.9908	1	1.0093
963	1303771372738	1	0.9908	1	1.0093
964	1303771372798	1	0.9908	1	1.0093
965	1303771372820	1	0.9908	1	1.0093
966	1303771372840	1	0.9908	1	1.0093
967	1303771372862	1	0.9908	1	1.0093
968	1303771372885	1	0.9908	1	1.0093
969	1303771372905	1	0.9908	1	1.0093
970	1303771372927	1	0.9908	1	1.0093
971	1303771372947	1	0.9908	1	1.0093
972	1303771372969	1	0.9908	1	1.0093
973	1303771372990	1	0.9908	1	1.0093
974	1303771373012	1	0.9908	1	1.0093
975	1303771373033	1	0.9908	1	1.0093
976	1303771373055	1	0.9908	1	1.0093
977	1303771373077	1	0.9908	1	1.0093
978	1303771373099	1	0.9908	1	1.0093
979	1303771373121	1	0.9908	1	1.0093
980	1303771373143	1	0.9908	1	1.0093
981	1303771373164	1	0.9908	1	1.0093
982	1303771373186	1	0.9908	1	1.0093
983	1303771373208	1	0.9908	1	1.0093
984	1303771373228	1	0.9908	1	1.0093
985	1303771373250	1	0.9908	1	1.0093
986	1303771373270	1	0.9908	1	1.0093
987	1303771373292	1	0.9908	1	1.0093
988	1303771373313	1	0.9908	1	1.0093
989	1303771373335	1	0.9908	1	1.0093
990	1303771373355	1	0.9908	1	1.0093
991	1303771373377	1	0.9908	1	1.0093
992	1303771373397	1	0.9908	1	1.0093
993	1303771373419	1	0.9908	1	1.0093
994	1303771373439	1	0.9908	1	1.0093
995	1303771373461	1	0.9908	1	1.0093
996	1303771373481	1	0.9908	1	1.0093
997	1303771373503	1	0.9908	1	1.0093
998	1303771373525	1	0.9908	1	1.0093
999	1303771373546	1	0.9908	1	1.0093
1000	1303771373569	1	0.9908	1	1.0093
1001	1303771373631	1	0.9908	1	1.0093
1002	1303771373653	1	0.9908	1	1.0093
1003	1303771373673	1	0.9908	1	1.0093
1004	1303771373699	1	0.9908	1	1.0093
1005	1303771373721	1	0.9908	1	1.0093
1006	1303771373743	1	0.9908	1	1.0093
1007	1303771373765	1	0.9963	1	1.0037
1008	1303771373788	1	0.9963	1	1.0037
1009	1303771373810	1	0.9963	1	1.0037
1010	1303771373831	1	0.9963	1	1.0037
1011	1303771373853	1	0.9963	1	1.0037
1012	1303771373873	1	0.9963	1	1.0037
1013	1303771373936	1	0.9963	1	1.0037
1014	1303771373956	1	0.9963	1	1.0037
1015	1303771373978	1	0.9963	1	1.0037
1016	1303771374000	1	0.9963	1	1.0037
1017	1303771374023	1	0.9963	1	1.0037
1018	1303771374044	1	0.9963	1	1.0037
1019	1303771374065	1	0.9963	1	1.0037
1020	1303771374086	1	0.9963	1	1.0037
1021	1303771374109	1	0.9963	1	1.0037
1022	1303771374129	1	0.9963	1	1.0037
1023	1303771374151	1	0.9963	1	1.0037
1024	1303771374174	1	0.9963	1	1.0037
1025	1303771374196	1	0.9963	1	1.0037
1026	1303771374219	1	0.9963	1	1.0037
1027	1303771374240	1	0.9963	1	1.0037
1028	1303771374262	1	0.9963	1	1.0037
1029	1303771374283	1	0.9963	1	1.0037
1030	1303771374305	1	0.9963	1	1.0037
1031	1303771374325	1	0.9963	1	1.0037
1032	1303771374348	1	0.9963	1	1.0037
1033	1303771374368	1	0.9963	1	1.0037
1034	1303771374390	1	0.9963	1	1.0037
1035	1303771374411	1	0.9963	1	1.0037
1036	1303771374432	1	0.9963	1	1.0037
1037	1303771374453	1	0.9963	1	1.0037
1038	1303771374475	1	0.9963	1	1.0037
1039	1303771374497	1	0.9963	1	1.0037
1040	1303771374517	1	0.9963	1	1.0037
1041	1303771374539	1	0.9963	1	1.0037
1042	1303771374560	1	0.9963	1	1.0037
1043	1303771374581	1	0.9963	1	1.0037
1044	1303771374602	1	0.9963	1	1.0037
1045	1303771374624	1	0.9963	1	1.0037
1046	1303771374644	1	0.9963	1	1.0037
1047	1303771374706	1	0.9963	1	1.0037
1048	1303771374727	1	0.9963	1	1.0037
1049	1303771374748	1	0.9963	1	1.0037
1050	1303771374769	1	0.9963	1	1.0037
1051	1303771374791	1	0.9963	1	1.0037
1052	1303771374813	1	0.9963	1	1.0037
1053	1303771374834	1	0.9963	1	1.0037
1054	1303771374857	1	0.9963	1	1.0037
1055	1303771374877	1	0.9963	1	1.0037
1056	1303771374900	1	0.9963	1	1.0037
1057	1303771374921	1	0.9963	1	1.0037
1058	1303771374943	1	0.9963	1	1.0037
1059	1303771374965	1	0.9963	1	1.0037
1060	1303771374987	1	0.9963	1	1.0037
1061	1303771375007	1	0.9963	1	1.0037
1062	1303771375029	1	0.9963	1	1.0037
1063	1303771375049	1	0.9963	1	1.0037
1064	1303771375071	1	0.9963	1	1.0037
1065	1303771375149	1	0.9885	1	1.0117
1066	1303771375179	1	0.9883	1	1.0118
1067	1303771375201	1	0.9883	1	1.0118
1068	1303771375222	1	0.9883	1	1.0118
1069	1303771375244	1	0.9883	1	1.0118
1070	1303771375267	1	0.9883	1	1.0118
1071	1303771375290	1	0.9883	1	1.0118
1072	1303771375312	1	0.9883	1	1.0118
1073	1303771375333	1	0.9883	1	1.0118
1074	1303771375355	1	0.9883	1	1.0118
1075	1303771375375	1	0.9883	1	1.0118
1076	1303771375398	1	0.9883	1	1.0118
1077	1303771375418	1	0.9883	1	1.0118
1078	1303771375441	1	0.9883	1	1.0118
1079	1303771375461	1	0.9883	1	1.0118
1080	1303771375484	1	0.9883	1	1.0118
1081	1303771375505	1	0.9883	1	1.0118
1082	1303771375526	1	0.9883	1	1.0118
1083	1303771375546	1	0.9883	1	1.0118
1084	1303771375568	1	0.9883	1	1.0118
1085	1303771375590	1	0.9883	1	1.0118
1086	1303771375611	1	0.9883	1	1.0118
1087	1303771375633	1	0.9883	1	1.0118
1088	1303771375653	1	0.9883	1	1.0118
1089	1303771375675	1	0.9883	1	1.0118
1090	1303771375697	1	0.9883	1	1.0118
1091	1303771375719	1	0.9883	1	1.0118
1092	1303771375780	1	0.9883	1	1.0118
1093	1303771375803	1	0.9883	1	1.0118
1094	1303771375823	1	0.9883	1	1.0118
1095	1303771375845	1	0.9883	1	1.0118
1096	1303771375866	1	0.9883	1	1.0118
1097	1303771375887	1	0.9883	1	1.0118
1098	1303771375908	1	0.9883	1	1.0118
1099	1303771375930	1	0.9883	1	1.0118
1100	1303771375993	1	0.9883	1	1.0118
1101	1303771376054	1	0.9883	1	1.0118
1102	1303771376077	1	0.9883	1	1.0118
1103	1303771376097	1	0.9883	1	1.0118
1104	1303771376122	1	0.9883	1	1.0118
1105	1303771376143	1	0.9883	1	1.0118
1106	1303771376165	1	0.9883	1	1.0118
1107	1303771376186	1	0.9883	1	1.0118
1108	1303771376207	1	0.9883	1	1.0118
1109	1303771376228	1	0.9883	1	1.0118
1110	1303771376252	1	0.9883	1	1.0118
1111	1303771376274	1	0.9883	1	1.0118
1112	1303771376295	1	0.9883	1	1.0118
1113	1303771376317	1	0.9883	1	1.0118
1114	1303771376338	1	0.9883	1	1.0118
1115	1303771376360	1	0.9883	1	1.0118
1116	1303771376382	1	0.9883	1	1.0118
1117	1303771376405	1	0.9883	1	1.0118
1118	1303771376467	1	0.9883	1	1.0118
1119	1303771376489	1	0.9883	1	1.0118
1120	1303771376509	1	0.9883	1	1.0118
1121	1303771376575	1	0.9883	1	1.0118
1122	1303771376642	1	0.9883	1	1.0118
1123	1303771376662	1	0.9883	1	1.0118
1124	1303771376683	1	0.9883	1	1.0118
1125	1303771376705	1	0.9883	1	1.0118
1126	1303771376729	1	0.9882	1	1.0119
1127	1303771376751	1	0.988	1	1.0121
1128	1303771376773	1	0.988	1	1.0121
1129	1303771376793	1	0.988	1	1.0121
1130	1303771376816	1	0.988	1	1.0121
1131	1303771376837	1	0.988	1	1.0121
1132	1303771376859	1	0.988	1	1.0121
1133	1303771376879	1	0.988	1	1.0121
1134	1303771376901	1	0.988	1	1.0121
1135	1303771376964	1	0.988	1	1.0121
1136	1303771377025	1	0.988	1	1.0121
1137	1303771377047	1	0.988	1	1.0121
1138	1303771377068	1	0.988	1	1.0121
1139	1303771377089	1	0.988	1	1.0121
1140	1303771377109	1	0.988	1	1.0121
1141	1303771377171	1	0.988	1	1.0121
1142	1303771377192	1	0.988	1	1.0121
1143	1303771377258	1	0.988	1	1.0121
1144	1303771377282	1	0.988	1	1.0121
1145	1303771377304	1	0.988	1	1.0121
1146	1303771377327	1	0.988	1	1.0121
1147	1303771377350	1	0.988	1	1.0121
1148	1303771377373	1	0.988	1	1.0121
1149	1303771377393	1	0.988	1	1.0121
1150	1303771377417	1	0.988	1	1.0121
1151	1303771377437	1	0.988	1	1.0121
1152	1303771377459	1	0.988	1	1.0121
1153	1303771377519	1	0.988	1	1.0121
1154	1303771377541	1	0.988	1	1.0121
1155	1303771377562	1	0.988	1	1.0121
1156	1303771377585	1	0.988	1	1.0121
1157	1303771377605	1	0.988	1	1.0121
1158	1303771377627	1	0.988	1	1.0121
1159	1303771377687	1	0.988	1	1.0121
1160	1303771377709	1	0.988	1	1.0121
1161	1303771377732	1	0.988	1	1.0121
1162	1303771377752	1	0.988	1	1.0121
1163	1303771377773	1	0.988	1	1.0121
1164	1303771377793	1	0.988	1	1.0121
1165	1303771377815	1	0.988	1	1.0121
1166	1303771377836	1	0.988	1	1.0121
1167	1303771377858	1	0.988	1	1.0121
1168	1303771377878	1	0.988	1	1.0121
1169	1303771377901	1	0.988	1	1.0121
1170	1303771377922	1	0.988	1	1.0121
1171	1303771377943	1	0.988	1	1.0121
1172	1303771377964	1	0.988	1	1.0121
1173	1303771377986	1	0.988	1	1.0121
1174	1303771378006	1	0.988	1	1.0121
1175	1303771378029	1	0.988	1	1.0121
1176	1303771378052	1	0.988	1	1.0121
1177	1303771378072	1	0.988	1	1.0121
1178	1303771378094	1	0.988	1	1.0121
1179	1303771378114	1	0.988	1	1.0121
1180	1303771378135	1	0.988	1	1.0121
1181	1303771378155	1	0.988	1	1.0121
1182	1303771378178	1	0.988	1	1.0121
1183	1303771378198	1	0.988	1	1.0121
1184	1303771378220	1	0.988	1	1.0121
1185	1303771378242	1	0.988	1	1.0121
1186	1303771378263	1	0.988	1	1.0121
1187	1303771378287	1	0.988	1	1.0122
1188	1303771378311	1	0.988	1	1.0122
1189	1303771378331	1	0.988	1	1.0122
1190	1303771378353	1	0.988	1	1.0122
1191	1303771378373	1	0.988	1	1.0122
1192	1303771378396	1	0.988	1	1.0122
1193	1303771378418	1	0.988	1	1.0122
1194	1303771378438	1	0.988	1	1.0122
1195	1303771378460	1	0.988	1	1.0122
1196	1303771378481	1	0.988	1	1.0122
1197	1303771378503	1	0.988	1	1.0122
1198	1303771378524	1	0.988	1	1.0122
1199	1303771378546	1	0.988	1	1.0122
1200	1303771378567	1	0.988	1	1.0122
1201	1303771378589	1	0.988	1	1.0122
1202	1303771378609	1	0.988	1	1.0122
1203	1303771378631	1	0.988	1	1.0122
1204	1303771378652	1	0.988	1	1.0122
1205	1303771378674	1	0.988	1	1.0122
1206	1303771378695	1	0.988	1	1.0122
1207	1303771378718	1	0.988	1	1.0122
1208	1303771378738	1	0.988	1	1.0122
1209	1303771378760	1	0.988	1	1.0122
1210	1303771378781	1	0.988	1	1.0122
1211	1303771378801	1	0.988	1	1.0122
1212	1303771378822	1	0.988	1	1.0122
1213	1303771378842	1	0.988	1	1.0122
1214	1303771378864	1	0.988	1	1.0122
1215	1303771378885	1	0.988	1	1.0122
1216	1303771378907	1	0.988	1	1.0122
1217	1303771378927	1	0.988	1	1.0122
1218	1303771378948	1	0.988	1	1.0122
1219	1303771378968	1	0.988	1	1.0122
1220	1303771378989	1	0.988	1	1.0122
1221	1303771379053	1	0.988	1	1.0122
1222	1303771379075	1	0.988	1	1.0122
1223	1303771379095	1	0.988	1	1.0122
1224	1303771379117	1	0.988	1	1.0122
1225	1303771379139	1	0.988	1	1.0122
1226	1303771379159	1	0.988	1	1.0122
1227	1303771379181	1	0.988	1	1.0122
1228	1303771379202	1	0.988	1	1.0122
1229	1303771379224	1	0.988	1	1.0122
1230	1303771379246	1	0.988	1	1.0122
1231	1303771379268	1	0.988	1	1.0122
1232	1303771379288	1	0.988	1	1.0122
1233	1303771379310	1	0.988	1	1.0122
1234	1303771379330	1	0.988	1	1.0122
1235	1303771379351	1	0.988	1	1.0122
1236	1303771379372	1	0.988	1	1.0122
1237	1303771379435	1	0.988	1	1.0122
1238	1303771379456	1	0.988	1	1.0122
1239	1303771379479	1	0.988	1	1.0122
1240	1303771379501	1	0.988	1	1.0122
1241	1303771379522	1	0.988	1	1.0122
1242	1303771379543	1	0.988	1	1.0122
1243	1303771379564	1	0.988	1	1.0122
1244	1303771379586	1	0.988	1	1.0122
1245	1303771379606	1	0.988	1	1.0122
1246	1303771379627	1	0.988	1	1.0122
1247	1303771379649	1	0.988	1	1.0122
1248	1303771379672	1	0.988	1	1.0122
1249	1303771379693	1	0.988	1	1.0122
1250	1303771379715	1	0.988	1	1.0122
1251	1303771379776	1	0.988	1	1.0122
1252	1303771379798	1	0.988	1	1.0122
1253	1303771379818	1	0.988	1	1.0122
1254	1303771379840	1	0.988	1	1.0122
1255	1303771379902	1	0.988	1	1.0122
1256	1303771379923	1	0.988	1	1.0122
1257	1303771379945	1	0.988	1	1.0122
1258	1303771379965	1	0.9904	1	1.0097
1259	1303771379988	1	0.9904	1	1.0097
1260	1303771380008	1	0.9904	1	1.0097
1261	1303771380030	1	0.9904	1	1.0097
1262	1303771380050	1	0.9904	1	1.0097
1263	1303771380072	1	0.9904	1	1.0097
1264	1303771380093	1	0.9904	1	1.0097
1265	1303771380159	1	0.9904	1	1.0097
1266	1303771380179	1	0.9904	1	1.0097
1267	1303771380201	1	0.9904	1	1.0097
1268	1303771380223	1	0.9904	1	1.0097
1269	1303771380245	1	0.9904	1	1.0097
1270	1303771380329	1	0.9904	1	1.0097
1271	1303771380350	1	0.9904	1	1.0097
1272	1303771380373	1	0.9904	1	1.0097
1273	1303771380393	1	0.9904	1	1.0097
1274	1303771380460	1	0.9904	1	1.0097
1275	1303771380480	1	0.9904	1	1.0097
1276	1303771380502	1	0.9904	1	1.0097
1277	1303771380522	1	0.9904	1	1.0097
1278	1303771380544	1	0.9904	1	1.0097
1279	1303771380565	1	0.9904	1	1.0097
1280	1303771380587	1	0.9904	1	1.0097
1281	1303771380607	1	0.9904	1	1.0097
1282	1303771380629	1	0.9904	1	1.0097
1283	1303771380650	1	0.9904	1	1.0097
1284	1303771380672	1	0.9904	1	1.0097
1285	1303771380733	1	0.9904	1	1.0097
1286	1303771380796	1	0.9904	1	1.0097
1287	1303771380819	1	0.9904	1	1.0097
1288	1303771380839	1	0.9904	1	1.0097
1289	1303771380862	1	0.9904	1	1.0097
1290	1303771380882	1	0.9904	1	1.0097
1291	1303771380903	1	0.9904	1	1.0097
1292	1303771380924	1	0.9904	1	1.0097
1293	1303771380946	1	0.9904	1	1.0097
1294	1303771380966	1	0.9904	1	1.0097
1295	1303771380988	1	0.9904	1	1.0097
1296	1303771381009	1	0.9904	1	1.0097
1297	1303771381030	1	0.9904	1	1.0097
1298	1303771381051	1	0.9904	1	1.0097
1299	1303771381113	1	0.9904	1	1.0097
1300	1303771381135	1	0.9904	1	1.0097
1301	1303771381155	1	0.9904	1	1.0097
1302	1303771381177	1	0.9904	1	1.0097
1303	1303771381197	1	0.9904	1	1.0097
1304	1303771381220	1	0.9904	1	1.0097
1305	1303771381240	1	0.9904	1	1.0097
1306	1303771381263	1	0.9904	1	1.0097
1307	1303771381283	1	0.9904	1	1.0097
1308	1303771381305	1	0.9904	1	1.0097
1309	1303771381327	1	0.9904	1	1.0097
1310	1303771381391	1	0.9904	1	1.0097
1311	1303771381453	1	0.9904	1	1.0097
1312	1303771381475	1	0.9904	1	1.0097
1313	1303771381497	1	0.9963	1	1.0038
1314	1303771381517	1	0.9963	1	1.0038
1315	1303771381539	1	0.9963	1	1.0038
1316	1303771381560	1	0.9963	1	1.0038
1317	1303771381583	1	0.9963	1	1.0038
1318	1303771381604	1	0.9963	1	1.0038
1319	1303771381627	1	0.9963	1	1.0038
1320	1303771381647	1	0.9963	1	1.0038
1321	1303771381669	1	0.9963	1	1.0038
1322	1303771381690	1	0.9963	1	1.0038
1323	1303771381712	1	0.9963	1	1.0038
1324	1303771381733	1	0.9963	1	1.0038
1325	1303771381754	1	0.9963	1	1.0038
1326	1303771381775	1	0.9963	1	1.0038
1327	1303771381797	1	0.9963	1	1.0038
1328	1303771381819	1	0.9963	1	1.0038
1329	1303771381841	1	0.9963	1	1.0038
1330	1303771381904	1	0.9963	1	1.0038
1331	1303771381924	1	0.9963	1	1.0038
1332	1303771381946	1	0.9963	1	1.0038
1333	1303771381967	1	0.9963	1	1.0038
1334	1303771381989	1	0.9963	1	1.0038
1335	1303771382009	1	0.9963	1	1.0038
1336	1303771382031	1	0.9963	1	1.0038
1337	1303771382092	1	0.9963	1	1.0038
1338	1303771382115	1	0.9963	1	1.0038
1339	1303771382136	1	0.9963	1	1.0038
1340	1303771382158	1	0.9963	1	1.0038
1341	1303771382179	1	0.9963	1	1.0038
1342	1303771382201	1	0.9963	1	1.0038
1343	1303771382221	1	0.9963	1	1.0038
1344	1303771382243	1	0.9963	1	1.0038
1345	1303771382264	1	0.9963	1	1.0038
1346	1303771382287	1	0.9963	1	1.0038
1347	1303771382310	1	0.9963	1	1.0038
1348	1303771382330	1	0.9963	1	1.0038
1349	1303771382352	1	0.9963	1	1.0038
1350	1303771382374	1	0.9963	1	1.0038
1351	1303771382396	1	0.9963	1	1.0038
1352	1303771382416	1	0.9963	1	1.0038
1353	1303771382438	1	0.9963	1	1.0038
1354	1303771382459	1	0.9963	1	1.0038
1355	1303771382480	1	0.9963	1	1.0038
1356	1303771382501	1	0.9963	1	1.0038
1357	1303771382522	1	0.9963	1	1.0038
1358	1303771382543	1	0.9963	1	1.0038
1359	1303771382565	1	0.9963	1	1.0038
1360	1303771382585	1	0.9963	1	1.0038
1361	1303771382607	1	0.9963	1	1.0038
1362	1303771382628	1	0.9963	1	1.0038
1363	1303771382650	1	0.9963	1	1.0038
1364	1303771382670	1	0.9963	1	1.0038
1365	1303771382692	1	0.9963	1	1.0038
1366	1303771382714	1	0.9963	1	1.0038
1367	1303771382735	1	0.9963	1	1.0038
1368	1303771382756	1	0.9963	1	1.0038
1369	1303771382778	1	0.9963	1	1.0038
1370	1303771382802	1	0.9963	1	1.0038
1371	1303771382823	1	0.9963	1	1.0038
1372	1303771382845	1	0.9963	1	1.0038
1373	1303771382866	1	0.9963	1	1.0038
1374	1303771382888	1	0.9963	1	1.0038
1375	1303771382911	1	0.9957	1	1.0043
1376	1303771382933	1	0.9957	1	1.0043
1377	1303771382953	1	0.9957	1	1.0043
1378	1303771382975	1	0.9957	1	1.0043
1379	1303771382995	1	0.9957	1	1.0043
1380	1303771383017	1	0.9957	1	1.0043
1381	1303771383039	1	0.9957	1	1.0043
1382	1303771383060	1	0.9957	1	1.0043
1383	1303771383082	1	0.9957	1	1.0043
1384	1303771383102	1	0.9957	1	1.0043
1385	1303771383124	1	0.9957	1	1.0043
1386	1303771383145	1	0.9957	1	1.0043
1387	1303771383168	1	0.9957	1	1.0043
1388	1303771383189	1	0.9957	1	1.0043
1389	1303771383212	1	0.9957	1	1.0043
1390	1303771383233	1	0.9957	1	1.0043
1391	1303771383255	1	0.9957	1	1.0043
1392	1303771383275	1	0.9957	1	1.0043
1393	1303771383300	1	0.9957	1	1.0043
1394	1303771383321	1	0.9957	1	1.0043
1395	1303771383343	1	0.9957	1	1.0043
1396	1303771383365	1	0.9957	1	1.0043
1397	1303771383388	1	0.9957	1	1.0043
1398	1303771383410	1	0.9957	1	1.0043
1399	1303771383431	1	0.9957	1	1.0043
1400	1303771383453	1	0.9957	1	1.0043
1401	1303771383474	1	0.9957	1	1.0043
1402	1303771383496	1	0.9957	1	1.0043
1403	1303771383517	1	0.9957	1	1.0043
1404	1303771383581	1	0.9957	1	1.0043
1405	1303771383602	1	0.9957	1	1.0043
1406	1303771383624	1	0.9957	1	1.0043
1407	1303771383646	1	0.9957	1	1.0043
1408	1303771383669	1	0.9957	1	1.0043
1409	1303771383689	1	0.9957	1	1.0043
1410	1303771383711	1	0.9957	1	1.0043
1411	1303771383732	1	0.9957	1	1.0043
1412	1303771383755	1	0.9957	1	1.0043
1413	1303771383775	1	0.9957	1	1.0043
1414	1303771383797	1	0.9957	1	1.0043
1415	1303771383818	1	0.9957	1	1.0043
1416	1303771383839	1	0.9957	1	1.0043
1417	1303771383860	1	0.9957	1	1.0043
1418	1303771383880	1	0.9957	1	1.0043
1419	1303771383902	1	0.9957	1	1.0043
1420	1303771383922	1	0.9957	1	1.0043
1421	1303771383944	1	0.9957	1	1.0043
1422	1303771383965	1	0.9957	1	1.0043
1423	1303771383987	1	0.9957	1	1.0043
1424	1303771384052	1	0.9957	1	1.0043
1425	1303771384074	1	0.9957	1	1.0043
1426	1303771384095	1	0.9957	1	1.0043
1427	1303771384117	1	0.9957	1	1.0043
1428	1303771384139	1	0.9957	1	1.0043
1429	1303771384161	1	0.9957	1	1.0043
1430	1303771384181	1	0.9957	1	1.0043
1431	1303771384204	1	0.9957	1	1.0043
1432	1303771384228	1	0.9957	1	1.0043
1433	1303771384248	1	0.9957	1	1.0043
1434	1303771384271	1	0.9957	1	1.0043
1435	1303771384334	1	0.9957	1	1.0043
1436	1303771384356	1	1.0051	1	0.9949
1437	1303771384378	1	1.0051	1	0.9949
1438	1303771384400	1	1.0051	1	0.9949
1439	1303771384421	1	1.0051	1	0.9949
1440	1303771384484	1	1.0051	1	0.9949
1441	1303771384505	1	1.0051	1	0.9949
1442	1303771384529	1	1.0051	1	0.9949
1443	1303771384549	1	1.0051	1	0.9949
1444	1303771384571	1	1.0051	1	0.9949
1445	1303771384594	1	1.0051	1	0.9949
1446	1303771384615	1	1.0051	1	0.9949
1447	1303771384638	1	1.0051	1	0.9949
1448	1303771384660	1	1.0051	1	0.9949
1449	1303771384683	1	1.0051	1	0.9949
1450	1303771384704	1	1.0051	1	0.9949
1451	1303771384726	1	1.0051	1	0.9949
1452	1303771384748	1	1.0051	1	0.9949
1453	1303771384812	1	1.0051	1	0.9949
1454	1303771384833	1	1.0051	1	0.9949
1455	1303771384856	1	1.0051	1	0.9949
1456	1303771384877	1	1.0051	1	0.9949
1457	1303771384899	1	1.0051	1	0.9949
1458	1303771384921	1	1.0051	1	0.9949
1459	1303771384944	1	1.0051	1	0.9949
1460	1303771384966	1	1.0051	1	0.9949
1461	1303771384988	1	1.0051	1	0.9949
1462	1303771385011	1	1.0051	1	0.9949
1463	1303771385031	1	1.0051	1	0.9949
1464	1303771385053	1	1.0051	1	0.9949
1465	1303771385074	1	1.0051	1	0.9949
1466	1303771385096	1	1.0051	1	0.9949
1467	1303771385116	1	1.0051	1	0.9949
1468	1303771385179	1	1.0051	1	0.9949
1469	1303771385201	1	1.0051	1	0.9949
1470	1303771385223	1	1.0051	1	0.9949
1471	1303771385244	1	1.0051	1	0.9949
1472	1303771385266	1	1.0051	1	0.9949
1473	1303771385287	1	1.0051	1	0.9949
1474	1303771385309	1	1.0051	1	0.9949
1475	1303771385330	1	1.0051	1	0.9949
1476	1303771385354	1	1.0051	1	0.9949
1477	1303771385377	1	1.0051	1	0.9949
1478	1303771385398	1	1.0051	1	0.9949
1479	1303771385421	1	1.0051	1	0.9949
1480	1303771385441	1	1.0051	1	0.9949
1481	1303771385464	1	1.0051	1	0.9949
1482	1303771385484	1	1.0051	1	0.9949
1483	1303771385506	1	1.0051	1	0.9949
1484	1303771385526	1	1.0051	1	0.9949
1485	1303771385549	1	1.0051	1	0.9949
1486	1303771385610	1	1.0051	1	0.9949
1487	1303771385632	1	1.0051	1	0.9949
1488	1303771385653	1	1.0051	1	0.9949
1489	1303771385675	1	1.0051	1	0.9949
1490	1303771385697	1	1.0051	1	0.9949
1491	1303771385720	1	1.0051	1	0.9949
1492	1303771385747	1	1.0051	1	0.9949
1493	1303771385818	1	1.0051	1	0.9949
1494	1303771385842	1	1.0051	1	0.9949
1495	1303771385862	1	1.0418	1	0.9599
1496	1303771385886	1	1.0418	1	0.9599
1497	1303771385907	1	1.0418	1	0.9599
1498	1303771385929	1	1.0418	1	0.9599
1499	1303771385950	1	1.0418	1	0.9599
1500	1303771385972	1	1.0418	1	0.9599
1501	1303771386034	1	1.0418	1	0.9599
1502	1303771386056	1	1.0418	1	0.9599
1503	1303771386077	1	1.0418	1	0.9599
1504	1303771386101	1	1.0418	1	0.9599
1505	1303771386125	1	1.0418	1	0.9599
1506	1303771386146	1	1.0418	1	0.9599
1507	1303771386169	1	1.0418	1	0.9599
1508	1303771386191	1	1.0418	1	0.9599
1509	1303771386215	1	1.0418	1	0.9599
1510	1303771386236	1	1.0418	1	0.9599
1511	1303771386258	1	1.0418	1	0.9599
1512	1303771386281	1	1.0418	1	0.9599
1513	1303771386304	1	1.0418	1	0.9599
1514	1303771386365	1	1.0418	1	0.9599
1515	1303771386429	1	1.0418	1	0.9599
1516	1303771386450	1	1.0418	1	0.9599
1517	1303771386472	1	1.0418	1	0.9599
1518	1303771386492	1	1.0418	1	0.9599
1519	1303771386515	1	1.0418	1	0.9599
1520	1303771386579	1	1.0418	1	0.9599
1521	1303771386641	1	1.0418	1	0.9599
1522	1303771386708	1	1.0418	1	0.9599
1523	1303771386768	1	1.0418	1	0.9599
1524	1303771386791	1	1.0418	1	0.9599
1525	1303771386812	1	1.0418	1	0.9599
1526	1303771386836	1	1.0418	1	0.9599
1527	1303771386858	1	1.0418	1	0.9599
1528	1303771386880	1	1.0418	1	0.9599
1529	1303771386900	1	1.0418	1	0.9599
1530	1303771386923	1	1.0418	1	0.9599
1531	1303771386946	1	1.0418	1	0.9599
1532	1303771386967	1	1.0418	1	0.9599
1533	1303771386990	1	1.0418	1	0.9599
1534	1303771387011	1	1.0418	1	0.9599
1535	1303771387034	1	1.0418	1	0.9599
1536	1303771387055	1	1.0418	1	0.9599
1537	1303771387077	1	1.0418	1	0.9599
1538	1303771387098	1	1.0418	1	0.9599
1539	1303771387120	1	1.0418	1	0.9599
1540	1303771387141	1	1.0418	1	0.9599
1541	1303771387163	1	1.0418	1	0.9599
1542	1303771387185	1	1.0418	1	0.9599
1543	1303771387208	1	1.0418	1	0.9599
1544	1303771387229	1	1.0418	1	0.9599
1545	1303771387251	1	1.0418	1	0.9599
1546	1303771387274	1	1.0418	1	0.9599
1547	1303771387297	1	1.0418	1	0.9599
1548	1303771387321	1	1.0418	1	0.9599
1549	1303771387342	1	1.0418	1	0.9599
1550	1303771387364	1	1.0418	1	0.9599
1551	1303771387385	1	1.0418	1	0.9599
1552	1303771387407	1	1.0418	1	0.9599
1553	1303771387429	1	1.0418	1	0.9599
1554	1303771387452	1	1.0418	1	0.9599
1555	1303771387474	1	1.0418	1	0.9599
1556	1303771387497	1	1.0418	1	0.9599
1557	1303771387518	1	1.0418	1	0.9599
1558	1303771387540	1	1.0418	1	0.9599
1559	1303771387561	1	1.0879	1	0.9192
1560	1303771387583	1	1.0879	1	0.9192
1561	1303771387604	1	1.0879	1	0.9192
1562	1303771387627	1	1.0879	1	0.9192
1563	1303771387649	1	1.0879	1	0.9192
1564	1303771387672	1	1.0879	1	0.9192
1565	1303771387695	1	1.0879	1	0.9192
1566	1303771387760	1	1.0879	1.0417	0.8824
1567	1303771387784	1	1.0879	1	0.9192
1568	1303771387806	1	1.0879	1	0.9192
1569	1303771387830	1	1.0879	1	0.9192
1570	1303771387850	1	1.0879	1	0.9192
1571	1303771387873	1	1.0879	1	0.9192
1572	1303771387894	1	1.0879	1	0.9192
1573	1303771387917	1	1.0879	1	0.9192
1574	1303771387938	1	1.0879	1	0.9192
1575	1303771387961	1	1.0879	1	0.9192
1576	1303771387982	1	1.0879	1	0.9192
1577	1303771388004	1	1.0879	1	0.9192
1578	1303771388066	1	1.0879	1	0.9192
1579	1303771388089	1	1.0879	1	0.9192
1580	1303771388112	1	1.0879	1	0.9192
1581	1303771388133	1	1.0879	1.0417	0.8824
1582	1303771388196	1	1.0879	1	0.9192
1583	1303771388217	1	1.0879	1	0.9192
1584	1303771388240	1	1.0879	1	0.9192
1585	1303771388262	1	1.0879	1	0.9192
1586	1303771388286	1	1.0879	1	0.9192
1587	1303771388306	1	1.0879	1	0.9192
1588	1303771388329	1	1.0879	1	0.9192
1589	1303771388352	1	1.0879	1	0.9192
1590	1303771388416	1	1.0879	1	0.9192
1591	1303771388439	1	1.0879	1	0.9192
1592	1303771388464	1	1.0879	1	0.9192
1593	1303771388487	1	1.0879	1.0417	0.8824
1594	1303771388508	1	1.0879	1	0.9192
1595	1303771388531	1	1.0879	1	0.9192
1596	1303771388552	1	1.0879	1	0.9192
1597	1303771388575	1	1.0879	1	0.9192
1598	1303771388597	1	1.0879	1	0.9192
1599	1303771388620	1	1.0879	1	0.9192
1600	1303771388641	1	1.0879	1	0.9192
1601	1303771388665	1	1.0879	1	0.9192
1602	1303771388731	1	1.0879	1	0.9192
1603	1303771388795	1	1.0879	1	0.9192
1604	1303771388816	1	1.0879	1	0.9192
1605	1303771388838	1	1.0879	1.0417	0.8824
1606	1303771388860	1	1.0879	1	0.9192
1607	1303771388882	1	1.0879	1	0.9192
1608	1303771388946	1	1.0879	1	0.9192
1609	1303771389007	1	1.0879	1	0.9192
1610	1303771389030	1	1.0879	1	0.9192
1611	1303771389052	1	1.0879	1	0.9192
1612	1303771389076	1	1.0879	1	0.9192
1613	1303771389097	1	1.0879	1	0.9192
1614	1303771389121	1	1.0879	1	0.9192
1615	1303771389143	1	1.0879	1	0.9192
1616	1303771389165	1	1.0879	1	0.9192
1617	1303771389186	1	1.0879	1	0.9192
1618	1303771389209	1	1.0879	1	0.9192
1619	1303771389230	1	1.0879	1	0.9192
1620	1303771389253	1	1.0879	1	0.9192
1621	1303771389274	1	1.0879	1	0.9192
1622	1303771389297	1	1.0879	1	0.9192
1623	1303771389320	1	1.0879	1	0.9192
1624	1303771389341	1	1.0879	1	0.9192
1625	1303771389364	1	1.0879	1	0.9192
1626	1303771389385	1	1.0879	1	0.9192
1627	1303771389408	1	1.0879	1	0.9192
1628	1303771389429	1	1.0879	1	0.9192
1629	1303771389451	1	1.0879	1	0.9192
1630	1303771389473	1	1.0879	1	0.9192
1631	1303771389496	1	1.0879	1	0.9192
1632	1303771389517	1	1.0879	1	0.9192
1633	1303771389540	1	1.0879	1	0.9192
1634	1303771389562	1	1.0065	1	0.9936
1635	1303771389586	1	1.0065	1	0.9936
1636	1303771389607	1	1.0065	1	0.9936
1637	1303771389630	1	1.0065	1	0.9936
1638	1303771389651	1	1.0065	1	0.9936
1639	1303771389675	1	1.0065	1	0.9936
1640	1303771389699	1	1.0065	1	0.9936
1641	1303771389720	1	1.0065	1	0.9936
1642	1303771389743	1	1.0065	1	0.9936
1643	1303771389765	1	1.0065	1	0.9936
1644	1303771389787	1	1.0065	1	0.9936
1645	1303771389809	1	1.0065	1	0.9936
1646	1303771389831	1	1.0065	1	0.9936
1647	1303771389852	1	1.0065	1	0.9936
1648	1303771389875	1	1.0065	1	0.9936
1649	1303771389897	1	1.0065	1	0.9936
1650	1303771389919	1	1.0065	1	0.9936
1651	1303771389940	1	1.0065	1	0.9936
1652	1303771389963	1	1.0065	1	0.9936
1653	1303771389984	1	1.0065	1	0.9936
1654	1303771390008	1	1.0065	1	0.9936
1655	1303771390030	1	1.0065	1	0.9936
1656	1303771390051	1	1.0065	1	0.9936
1657	1303771390074	1	1.0065	1	0.9936
1658	1303771390095	1	1.0065	1	0.9936
1659	1303771390118	1	1.0065	1	0.9936
1660	1303771390139	1	1.0065	1	0.9936
1661	1303771390163	1	1.0065	1	0.9936
1662	1303771390184	1	1.0065	1	0.9936
1663	1303771390207	1	1.0065	1	0.9936
1664	1303771390230	1	1.0065	1	0.9936
1665	1303771390253	1	1.0065	1	0.9936
1666	1303771390274	1	1.0065	1	0.9936
1667	1303771390297	1	1.0065	1	0.9936
1668	1303771390317	1	1.0065	1	0.9936
1669	1303771390340	1	1.0065	1	0.9936
1670	1303771390362	1	1.0065	1	0.9936
1671	1303771390384	1	1.0065	1	0.9936
1672	1303771390407	1	1.0065	1	0.9936
1673	1303771390430	1	1.0065	1	0.9936
1674	1303771390452	1	1.0065	1	0.9936
1675	1303771390481	1	1.0022	1	0.9978
1676	1303771390513	1	1.0022	1	0.9978
1677	1303771390534	1	1.0022	1	0.9978
1678	1303771390556	1	1.0022	1	0.9978
1679	1303771390577	1	1.0022	1	0.9978
1680	1303771390599	1	1.0022	1	0.9978
1681	1303771390619	1	1.0022	1	0.9978
1682	1303771390641	1	1.0022	1	0.9978
1683	1303771390704	1	1.0022	1	0.9978
1684	1303771390726	1	1.0022	1	0.9978
1685	1303771390750	1	1.0022	1	0.9978
1686	1303771390771	1	1.0022	1	0.9978
1687	1303771390794	1	1.0022	1	0.9978
1688	1303771390815	1	1.0022	1	0.9978
1689	1303771390837	1	1.0022	1	0.9978
1690	1303771390898	1	1.0022	1	0.9978
1691	1303771390964	1	1.0022	1	0.9978
1692	1303771390986	1	1.0022	1	0.9978
1693	1303771391009	1	1.0022	1	0.9978
1694	1303771391029	1	1.0022	1	0.9978
1695	1303771391052	1	1.0022	1	0.9978
1696	1303771391074	1	1.0022	1	0.9978
1697	1303771391095	1	1.0022	1	0.9978
1698	1303771391118	1	1.0022	1	0.9978
1699	1303771391139	1	1.0022	1	0.9978
1700	1303771391161	1	1.0022	1	0.9978
1701	1303771391182	1	1.0022	1	0.9978
1702	1303771391246	1	1.0022	1	0.9978
1703	1303771391267	1	1.0022	1	0.9978
1704	1303771391289	1	1.0022	1	0.9978
1705	1303771391310	1	1.0022	1	0.9978
1706	1303771391332	1	1.0022	1	0.9978
1707	1303771391353	1	1.0022	1	0.9978
1708	1303771391376	1	1.0022	1	0.9978
1709	1303771391397	1	1.0022	1	0.9978
1710	1303771391419	1	1.0022	1	0.9978
1711	1303771391439	1	1.0022	1	0.9978
1712	1303771391461	1	1.0022	1	0.9978
1713	1303771391482	1	1.0022	1	0.9978
1714	1303771391503	1	1.0022	1	0.9978
1715	1303771391525	1	1.0022	1	0.9978
1716	1303771391547	1	1.0022	1	0.9978
1717	1303771391569	1	1.0022	1	0.9978
1718	1303771391590	1	1.0022	1	0.9978
1719	1303771391653	1	1.0022	1	0.9978
1720	1303771391674	1	1.0022	1	0.9978
1721	1303771391696	1	1.0022	1	0.9978
1722	1303771391718	1	1.0022	1	0.9978
1723	1303771391741	1	1.0022	1	0.9978
1724	1303771391762	1	1.0022	1	0.9978
1725	1303771391784	1	1.0022	1	0.9978
1726	1303771391805	1	1.0022	1	0.9978
1727	1303771391829	1	1.0022	1	0.9978
1728	1303771391850	1	1.0022	1	0.9978
1729	1303771391872	1	1.0022	1	0.9978
1730	1303771391895	1	1.0022	1	0.9978
1731	1303771391916	1	1.0022	1	0.9978
1732	1303771391938	1	1.0022	1	0.9978
1733	1303771391959	1	1.0022	1	0.9978
1734	1303771391981	1	1.0022	1	0.9978
1735	1303771392002	1	1.0022	1	0.9978
1736	1303771392024	1	1.0022	1	0.9978
1737	1303771392086	1	1.0022	1	0.9978
1738	1303771392110	1	1.0022	1	0.9978
1739	1303771392132	1	1.0022	1	0.9978
1740	1303771392154	1	1.0022	1	0.9978
1741	1303771392175	1	1.0146	1	0.9856
1742	1303771392198	1	1.0146	1	0.9856
1743	1303771392220	1	1.0146	1	0.9856
1744	1303771392242	1	1.0146	1	0.9856
1745	1303771392263	1	1.0146	1	0.9856
1746	1303771392285	1	1.0146	1	0.9856
1747	1303771392348	1	1.0146	1	0.9856
1748	1303771392369	1	1.0146	1	0.9856
1749	1303771392391	1	1.0146	1	0.9856
1750	1303771392412	1	1.0146	1	0.9856
1751	1303771392435	1	1.0146	1	0.9856
1752	1303771392496	1	1.0146	1	0.9856
1753	1303771392519	1	1.0146	1	0.9856
1754	1303771392539	1	1.0146	1	0.9856
1755	1303771392562	1	1.0146	1	0.9856
1756	1303771392584	1	1.0146	1	0.9856
1757	1303771392649	1	1.0146	1	0.9856
1758	1303771392671	1	1.0146	1	0.9856
1759	1303771392693	1	1.0146	1	0.9856
1760	1303771392716	1	1.0146	1	0.9856
1761	1303771392782	1	1.0146	1	0.9856
1762	1303771392805	1	1.0146	1	0.9856
1763	1303771392826	1	1.0146	1	0.9856
1764	1303771392849	1	1.0146	1	0.9856
1765	1303771392871	1	1.0146	1	0.9856
1766	1303771392895	1	1.0146	1	0.9856
1767	1303771392916	1	1.0146	1	0.9856
1768	1303771392938	1	1.0146	1	0.9856
1769	1303771392959	1	1.0146	1	0.9856
1770	1303771392983	1	1.0146	1	0.9856
1771	1303771393003	1	1.0146	1	0.9856
1772	1303771393024	1	1.0146	1	0.9856
1773	1303771393045	1	1.0146	1	0.9856
1774	1303771393068	1	1.0146	1	0.9856
1775	1303771393089	1	1.0146	1	0.9856
1776	1303771393111	1	1.0146	1	0.9856
1777	1303771393133	1	1.0146	1	0.9856
1778	1303771393156	1	1.0146	1	0.9856
1779	1303771393178	1	1.0146	1	0.9856
1780	1303771393199	1	1.0146	1	0.9856
1781	1303771393221	1	1.0146	1	0.9856
1782	1303771393243	1	1.0146	1	0.9856
1783	1303771393265	1	1.0146	1	0.9856
1784	1303771393286	1	1.0146	1	0.9856
1785	1303771393308	1	1.0146	1	0.9856
1786	1303771393370	1	1.0146	1	0.9856
1787	1303771393433	1	1.0146	1	0.9856
1788	1303771393455	1	1.0146	1	0.9856
1789	1303771393478	1	1.0146	1	0.9856
1790	1303771393501	1	1.0146	1	0.9856
1791	1303771393522	1	1.0146	1	0.9856
1792	1303771393546	1	1.0146	1	0.9856
1793	1303771393567	1	1.0146	1	0.9856
1794	1303771393590	1	1.0146	1	0.9856
1795	1303771393611	1	1.0146	1	0.9856
1796	1303771393633	1	1.0146	1	0.9856
1797	1303771393655	1	1.0146	1	0.9856
1798	1303771393679	1	1.0146	1	0.9856
1799	1303771393700	1	1.0146	1	0.9856
1800	1303771393767	1	1.0146	1	0.9856
