0	1303771716311	0	0	0	0
1	1303771716320	0	0	0	0
2	1303771716329	0	0	0	0
3	1303771716344	0	0	0	0
4	1303771716394	0	0	0	0
5	1303771716404	0	0	0	0
6	1303771716414	0	0	0	0
7	1303771716423	0	0	0	0
8	1303771716433	0	0	0	0
9	1303771716443	0	0	0	0
10	1303771716452	0	0	0	0
11	1303771716462	0	0	0	0
12	1303771716472	0	0	0	0
13	1303771716485	0	0	0	0
14	1303771716495	0	0	0	0
15	1303771716505	0	0	0	0
16	1303771716515	0	0	0	0
17	1303771716569	0	0	0	0
18	1303771716580	0	0	0	0
19	1303771716591	0	0	0	0
20	1303771716602	0	0	0	0
21	1303771716616	0	0	0	0
22	1303771716627	0	0	0	0
23	1303771716639	0	0	0	0
24	1303771716650	0	0	0	0
25	1303771716662	0	0	0	0
26	1303771716673	0	0	0	0
27	1303771716685	0	0	0	0
28	1303771716699	0	0	0	0
29	1303771716754	0	0	0	0
30	1303771716767	0	0	0	0
31	1303771716779	0	0	0	0
32	1303771716791	0	0	0	0
33	1303771716806	0	0	0	0
34	1303771716819	0	0	0	0
35	1303771716832	0	0	0	0
36	1303771716844	0	0	0	0
37	1303771716857	0	0	0	0
38	1303771716870	0	0	0	0
39	1303771716884	0	0	0	0
40	1303771716897	0	0	0	0
41	1303771716909	0	0	0	0
42	1303771716922	0	0	0	0
43	1303771716977	0	0	0	0
44	1303771716992	0	0	0	0
45	1303771717004	0	0	0	0
46	1303771717017	0	0	0	0
47	1303771717031	0	0	0	0
48	1303771717084	0	0	0	0
49	1303771717099	0	0	0	0
50	1303771717112	0	0	0	0
51	1303771717125	0	0	0	0
52	1303771717178	0	0	0	0
53	1303771717192	0	0	0	0
54	1303771717207	0	0	0	0
55	1303771717221	0	0	0	0
56	1303771717234	0	0	0	0
57	1303771717247	0	0	0	0
58	1303771717261	0	0	0	0
59	1303771717274	0	0	0	0
60	1303771717289	0	0	0	0
61	1303771717303	0	0	0	0
62	1303771717316	0	0	0	0
63	1303771717330	0	0	0	0
64	1303771717344	0	0	0	0
65	1303771717359	0	0	0	0
66	1303771717372	0	0	0	0
67	1303771717386	0	0	0	0
68	1303771717399	0	0	0	0
69	1303771717412	0	0	0	0
70	1303771717428	0	0	0	0
71	1303771717441	0	0	0	0
72	1303771717454	0	0	0	0
73	1303771717468	0	0	0	0
74	1303771717481	0	0	0	0
75	1303771717495	0	0	0	0
76	1303771717511	0	0	0	0
77	1303771717524	0	0	0	0
78	1303771717538	0	0	0	0
79	1303771717551	0	0	0	0
80	1303771717565	0	0	0	0
81	1303771717580	0	0	0	0
82	1303771717595	0	0	0	0
83	1303771717609	0	0	0	0
84	1303771717623	0	0	0	0
85	1303771717636	0	0	0	0
86	1303771717652	0	0	0	0
87	1303771717667	0	0	0	0
88	1303771717681	0	0	0	0
89	1303771717695	0	0	0	0
90	1303771717709	0	0	0	0
91	1303771717724	0	0	0	0
92	1303771717739	0	0	0	0
93	1303771717753	0	0	0	0
94	1303771717767	0	0	0	0
95	1303771717780	0	0	0	0
96	1303771717796	0	0	0	0
97	1303771717810	0	0	0	0
98	1303771717823	0	0	0	0
99	1303771717837	0	0	0	0
100	1303771717852	0	0	0	0
101	1303771717868	0	0	0	0
102	1303771717883	0	0	0	0
103	1303771717897	0	0	0	0
104	1303771717912	0	0	0	0
105	1303771717927	0	0	0	0
106	1303771717944	0	0	0	0
107	1303771717959	0	0	0	0
108	1303771717973	0	0	0	0
109	1303771717987	0	0	0	0
110	1303771718002	0	0	0	0
111	1303771718018	0	0	0	0
112	1303771718033	0	0	0	0
113	1303771718048	0	0	0	0
114	1303771718062	0	0	0	0
115	1303771718079	0	0	0	0
116	1303771718094	0	0	0	0
117	1303771718154	0	0	0	0
118	1303771718169	0	0	0	0
119	1303771718184	0	0	0	0
120	1303771718201	0	0	0	0
121	1303771718215	0	0	0	0
122	1303771718230	0	0	0	0
123	1303771718245	0	0	0	0
124	1303771718260	0	0	0	0
125	1303771718276	0	0	0	0
126	1303771718331	0	0	0	0
127	1303771718346	0	0	0	0
128	1303771718402	0	0	0	0
129	1303771718418	0	0	0	0
130	1303771718433	0	0	0	0
131	1303771718447	0	0	0	0
132	1303771718502	0	0	0	0
133	1303771718518	0	0	0	0
134	1303771718533	0	0	0	0
135	1303771718547	0	0	0	0
136	1303771718562	0	0	0	0
137	1303771718576	0	0	0	0
138	1303771718593	0	0	0	0
139	1303771718607	0	0	0	0
140	1303771718622	0	0	0	0
141	1303771718636	0	0	0	0
142	1303771718651	0	0	0	0
143	1303771718668	0	0	0	0
144	1303771718683	0	0	0	0
145	1303771718737	0	0	0	0
146	1303771718752	0	0	0	0
147	1303771718769	0	0	0	0
148	1303771718784	0	0	0	0
149	1303771718799	0	0	0	0
150	1303771718815	0	0	0	0
151	1303771718830	0	0	0	0
152	1303771718847	0	0	0	0
153	1303771718862	0	0	0	0
154	1303771718877	0	0	0	0
155	1303771718892	0	0	0	0
156	1303771718948	0	0	0	0
157	1303771718963	0	0	0	0
158	1303771718978	0	0	0	0
159	1303771718992	0	0	0	0
160	1303771719008	0	0	0	0
161	1303771719025	0	0	0	0
162	1303771719040	0	0	0	0
163	1303771719096	0	0	0	0
164	1303771719112	0	0	0	0
165	1303771719129	0	0	0	0
166	1303771719189	0	0	0	0
167	1303771719205	0	0	0	0
168	1303771719222	0.5	0	0	0
169	1303771719245	0.5	0	0	0
170	1303771719313	0.5	0	0	0
171	1303771719337	0.5	0	0	0
172	1303771719355	0.5	0	0	0
173	1303771719373	0.5	0	0	0
174	1303771719388	0.5	0	0	0
175	1303771719404	0.5	0	0	0
176	1303771719420	0.5	0	0	0
177	1303771719438	0.5	0	0	0
178	1303771719454	0.5	0	0	0
179	1303771719469	0.5	0	0	0
180	1303771719529	0.5	0	0	0
181	1303771719546	0.5	0	0	0
182	1303771719561	0.5	0	0	0
183	1303771719576	0.5	0	0	0
184	1303771719595	1	0	0	0
185	1303771719621	1	0	0	0
186	1303771719650	1	0	0	0
187	1303771719677	1	0	0	0
188	1303771719704	1	0	0	0
189	1303771719739	1	1.1888	0	0
190	1303771719782	1	1.1871	0	0
191	1303771719875	1	1.1871	0	0
192	1303771719930	1	1.1871	0	0
193	1303771719990	1	1.1871	1.5	0.5616
194	1303771720049	1	1.1871	1.5	0.5616
195	1303771720111	1	1.1871	1.5	0.5616
196	1303771720212	1	1.1871	1.5	0.5616
197	1303771720272	1	1.1871	1.5	0.5616
198	1303771720330	1	1.1871	1.5	0.5616
199	1303771720435	1	1.1871	1.5	0.5616
200	1303771720493	1	1.1871	1.5	0.5616
201	1303771720552	1	1.1871	1.5	0.5616
202	1303771720610	1	1.1871	1.5	0.5616
203	1303771720668	1	1.1871	1.5	0.5616
204	1303771720771	1	1.1871	1.4	0.6017
205	1303771720829	1	1.1871	1.5	0.5616
206	1303771720888	1	1.1871	1.5	0.5616
207	1303771720945	1	1.1871	1.5	0.5616
208	1303771721006	1	1.1871	1.4167	0.5946
209	1303771721064	1	1.1871	1.4167	0.5946
210	1303771721122	1	1.1871	1.4167	0.5946
211	1303771721180	1	1.1871	1.3333	0.6318
212	1303771721282	1	1.1871	1.3333	0.6318
213	1303771721382	1	1.1871	1.3333	0.6318
214	1303771721441	1	1.1871	1.3333	0.6318
215	1303771721503	1	1.1871	1.3333	0.6318
216	1303771721602	1	1.2452	1.3333	0.6023
217	1303771721661	1	1.2452	1.3333	0.6023
218	1303771721721	1	1.2452	1.3333	0.6023
219	1303771721779	1	1.2452	1.3333	0.6023
220	1303771721840	1	1.2452	1.3333	0.6023
221	1303771721899	1	1.2452	1.3333	0.6023
222	1303771721958	1	1.2452	1.3333	0.6023
223	1303771722016	1	1.2452	1.3333	0.6023
224	1303771722074	1	1.2452	1.3333	0.6023
225	1303771722133	1	1.2452	1.3333	0.6023
226	1303771722191	1	1.2452	1.3333	0.6023
227	1303771722248	1	1.2452	1.3333	0.6023
228	1303771722306	1	1.2452	1.3333	0.6023
229	1303771722367	1	1.2452	1.3333	0.6023
230	1303771722426	1	1.2452	1.3333	0.6023
231	1303771722484	1	1.2452	1.3333	0.6023
232	1303771722573	1	1.2452	1.3571	0.5917
233	1303771722643	1	1.2452	1.3571	0.5917
234	1303771722775	1	1.4527	1.375	0.5006
235	1303771722898	1	1.4527	1.375	0.5006
236	1303771722957	1	1.4527	1.3889	0.4956
237	1303771723030	1	1.4527	1.375	0.5006
238	1303771723089	1	1.4527	1.375	0.5006
239	1303771723206	1	1.4527	1.4	0.4917
240	1303771723309	1	1.4527	1.4	0.4917
241	1303771723368	1	1.4527	1.4	0.4917
242	1303771723437	1	1.4527	1.4	0.4917
243	1303771723494	1	1.4527	1.4	0.4917
244	1303771723552	1	1.4527	1.4	0.4917
245	1303771723610	1	1.4527	1.4	0.4917
246	1303771723711	1	1.4229	1.4	0.502
247	1303771723767	1	1.4229	1.4	0.502
248	1303771723826	1	1.4229	1.4	0.502
249	1303771723883	1	1.4229	1.4	0.502
250	1303771723941	1	1.4229	1.4	0.502
251	1303771723998	1	1.4229	1.4	0.502
252	1303771724056	1	1.4229	1.4	0.502
253	1303771724117	1	1.4229	1.4	0.502
254	1303771724175	1	1.4229	1.4	0.502
255	1303771724276	1	1.4233	1.4	0.5019
256	1303771724336	1	1.4233	1.4	0.5019
257	1303771724395	1	1.4063	1.45	0.4904
258	1303771724454	1	1.4063	1.45	0.4904
259	1303771724511	1	1.4063	1.45	0.4904
260	1303771724569	1	1.4063	1.4091	0.5046
261	1303771724626	1	1.4063	1.4	0.5079
262	1303771724727	1	1.4063	1.4	0.5079
263	1303771724786	1	1.4063	1.4091	0.5046
264	1303771724844	1	1.4063	1.4091	0.5046
265	1303771724900	1	1.4063	1.4091	0.5046
266	1303771724960	1	1.4063	1.4091	0.5046
267	1303771725021	1	1.4063	1.4091	0.5046
268	1303771725083	1	1.4063	1.4091	0.5046
269	1303771725143	1	1.4063	1.4091	0.5046
270	1303771725202	1	1.4063	1.4167	0.5019
271	1303771725262	1	1.4063	1.4091	0.5046
272	1303771725321	1	1.4063	1.4167	0.5019
273	1303771725381	1	1.4063	1.375	0.5171
274	1303771725440	1	1.4063	1.375	0.5171
275	1303771725500	1	1.4063	1.375	0.5171
276	1303771725558	1	1.4063	1.375	0.5171
277	1303771725618	1	1.4063	1.375	0.5171
278	1303771725674	1	1.4063	1.375	0.5171
279	1303771725733	1	1.4063	1.375	0.5171
280	1303771725790	1	1.4063	1.3333	0.5333
281	1303771725849	1	1.4063	1.3333	0.5333
282	1303771725907	1	1.4063	1.3333	0.5333
283	1303771725965	1	1.4063	1.3333	0.5333
284	1303771726063	1	1.4282	1.3462	0.5201
285	1303771726122	1	1.4282	1.2917	0.5421
286	1303771726180	1	1.4282	1.3462	0.5201
287	1303771726239	1	1.4282	1.3077	0.5354
288	1303771726297	1	1.4282	1.3077	0.5354
289	1303771726355	1	1.4282	1.3077	0.5354
290	1303771726414	1	1.4282	1.3077	0.5354
291	1303771726513	1	1.4282	1.3077	0.5354
292	1303771726571	1	1.4282	1.3077	0.5354
293	1303771726631	1	1.4282	1.3077	0.5354
294	1303771726689	1	1.2227	1.3077	0.6254
295	1303771726749	1	1.2227	1.3077	0.6254
296	1303771726808	1	1.2227	1.2857	0.6361
297	1303771726866	1	1.2227	1.3	0.6291
298	1303771726922	1	1.2227	1.3	0.6291
299	1303771726980	1	1.2227	1.25	0.6543
300	1303771727039	1	1.2227	1.1875	0.6887
301	1303771727097	1	1.2227	1.1875	0.6887
302	1303771727155	1	1.2227	1.25	0.6543
303	1303771727213	1	1.2227	1.2333	0.6631
304	1303771727270	1	1.2227	1.25	0.6543
305	1303771727328	1	1.2227	1.25	0.6543
306	1303771727386	1	1.2227	1.2188	0.6711
307	1303771727444	1	1.2227	1.1875	0.6887
308	1303771727503	1	1.2227	1.2188	0.6711
309	1303771727561	1	1.2227	1.2188	0.6711
310	1303771727618	1	1.2227	1.2188	0.6711
311	1303771727674	1	1.2227	1.2188	0.6711
312	1303771727775	1	1.2855	1.2188	0.6383
313	1303771727873	1	1.2855	1.2188	0.6383
314	1303771727932	1	1.2855	1.2188	0.6383
315	1303771727990	1	1.2855	1.2188	0.6383
316	1303771728049	1	1.2855	1.2188	0.6383
317	1303771728104	1	1.3104	1.2188	0.6261
318	1303771728205	1	1.2746	1.2188	0.6437
319	1303771728263	1	1.2746	1.2188	0.6438
320	1303771728322	1	1.2746	1.2188	0.6438
321	1303771728380	1	1.2746	1.2188	0.6438
322	1303771728438	1	1.2746	1.2188	0.6438
323	1303771728493	1	1.2746	1.2188	0.6438
324	1303771728554	1	1.2746	1.2188	0.6438
325	1303771728613	1	1.2746	1.2188	0.6438
326	1303771728671	1	1.2746	1.2188	0.6438
327	1303771728729	1	1.2746	1.2188	0.6438
328	1303771728788	1	1.2746	1.2188	0.6438
329	1303771728847	1	1.2746	1.2188	0.6438
330	1303771728908	1	1.2746	1.2188	0.6438
331	1303771728967	1	1.2746	1.2188	0.6438
332	1303771729026	1	1.2746	1.2188	0.6438
333	1303771729083	1	1.2746	1.2188	0.6438
334	1303771729143	1	1.2746	1.2188	0.6438
335	1303771729200	1	1.2746	1.2353	0.6351
336	1303771729258	1	1.2746	1.2353	0.6351
337	1303771729317	1	1.2746	1.1562	0.6786
338	1303771729377	1	1.2746	1.1765	0.6669
339	1303771729434	1	1.2746	1.1765	0.6669
340	1303771729492	1	1.2746	1.1471	0.684
341	1303771729547	1	1.2746	1.1471	0.684
342	1303771729605	1	1.2746	1.1471	0.684
343	1303771729663	1	1.2746	1.1471	0.684
344	1303771729721	1	1.2746	1.1471	0.684
345	1303771729778	1	1.2746	1.1471	0.684
346	1303771729837	1	1.2746	1.1765	0.6669
347	1303771729892	1	1.2746	1.1765	0.6669
348	1303771729991	1	1.2746	1.1765	0.6669
349	1303771730048	1	1.2746	1.1765	0.6669
350	1303771730106	1	1.2746	1.1765	0.6669
351	1303771730163	1	1.2746	1.1765	0.6669
352	1303771730223	1	1.2746	1.1765	0.6669
353	1303771730355	1	1.2746	1.1765	0.6669
354	1303771730456	1	1.2264	1.1765	0.6931
355	1303771730514	1	1.2271	1.1765	0.6927
356	1303771730574	1	1.2258	1.1471	0.7112
357	1303771730633	1	1.2258	1.1176	0.7299
358	1303771730692	1	1.2258	1.1176	0.7299
359	1303771730749	1	1.2258	1.1176	0.7299
360	1303771730808	1	1.2258	1.1176	0.7299
361	1303771730867	1	1.2258	1.1176	0.7299
362	1303771730970	1	1.2258	1.1176	0.7299
363	1303771731027	1	1.2258	1.1176	0.7299
364	1303771731086	1	1.2258	1.1176	0.7299
365	1303771731143	1	1.2258	1.1176	0.7299
366	1303771731202	1	1.2258	1.1176	0.7299
367	1303771731258	1	1.2258	1.1176	0.7299
368	1303771731319	1	1.2258	1.1176	0.7299
369	1303771731376	1	1.2258	1.1176	0.7299
370	1303771731436	1	1.2258	1.1176	0.7299
371	1303771731493	1	1.2258	1.0882	0.7497
372	1303771731550	1	1.2258	1.0882	0.7497
373	1303771731606	1	1.2258	1.0882	0.7497
374	1303771731665	1	1.2258	1.0882	0.7497
375	1303771731724	1	1.2258	1.0882	0.7497
376	1303771731826	1	1.2258	1.0882	0.7497
377	1303771731884	1	1.2258	1.0882	0.7497
378	1303771731943	1	1.2534	1.0882	0.7331
379	1303771732002	1	1.2222	1.0882	0.7518
380	1303771732060	1	1.2222	1.0882	0.7518
381	1303771732119	1	1.2222	1.0882	0.7518
382	1303771732177	1	1.2222	1.0882	0.7518
383	1303771732234	1	1.2222	1.0882	0.7518
384	1303771732292	1	1.2222	1.0882	0.7518
385	1303771732351	1	1.2222	1.0882	0.7518
386	1303771732407	1	1.2222	1.0882	0.7518
387	1303771732464	1	1.2222	1.0882	0.7518
388	1303771732523	1	1.2222	1.0882	0.7518
389	1303771732581	1	1.2222	1.0882	0.7518
390	1303771732638	1	1.2222	1.0882	0.7518
391	1303771732696	1	1.2222	1.0882	0.7518
392	1303771732752	1	1.2222	1.0882	0.7518
393	1303771732810	1	1.2222	1.0882	0.7518
394	1303771732867	1	1.2222	1.0882	0.7518
395	1303771732927	1	1.2222	1.0882	0.7518
396	1303771732987	1	1.2222	1.0882	0.7518
397	1303771733045	1	1.2222	1.0882	0.7518
398	1303771733102	1	1.2222	1.0882	0.7518
399	1303771733160	1	1.2222	1.0882	0.7518
400	1303771733217	1	1.2222	1.0882	0.7518
401	1303771733275	1	1.2222	1.0882	0.7518
402	1303771733333	1	1.2222	1.0882	0.7518
403	1303771733390	1	1.2222	1.0882	0.7518
404	1303771733447	1	1.2222	1.0882	0.7518
405	1303771733505	1	1.2222	1.0882	0.7518
406	1303771733562	1	1.2222	1.0882	0.7518
407	1303771733621	1	1.2222	1.0882	0.7518
408	1303771733679	1	1.2222	1.0882	0.7518
409	1303771733736	1	1.2222	1.0882	0.7518
410	1303771733794	1	1.2222	1.0882	0.7518
411	1303771733852	1	1.2222	1.0882	0.7518
412	1303771733912	1	1.2222	1.0882	0.7518
413	1303771733969	1	1.2222	1.0882	0.7518
414	1303771734029	1	1.2222	1.0882	0.7518
415	1303771734085	1	1.2222	1.0882	0.7518
416	1303771734143	1	1.2103	1.0882	0.7593
417	1303771734202	1	1.2103	1.0882	0.7593
418	1303771734303	1	1.2103	1.0882	0.7593
419	1303771734363	1	1.2103	1.0882	0.7593
420	1303771734423	1	1.2103	1.0882	0.7593
421	1303771734482	1	1.2103	1.0882	0.7593
422	1303771734539	1	1.2103	1.0882	0.7593
423	1303771734637	1	1.2103	1.0882	0.7593
424	1303771734695	1	1.2103	1.0882	0.7593
425	1303771734754	1	1.2103	1.0882	0.7593
426	1303771734811	1	1.2103	1.0882	0.7593
427	1303771734911	1	1.2103	1.0882	0.7593
428	1303771734969	1	1.2103	1.0882	0.7593
429	1303771735028	1	1.2103	1.0882	0.7593
430	1303771735084	1	1.2103	1.0882	0.7593
431	1303771735142	1	1.2103	1.0882	0.7593
432	1303771735200	1	1.2103	1.0882	0.7593
433	1303771735258	1	1.2103	1.0882	0.7593
434	1303771735316	1	1.2103	1.0882	0.7593
435	1303771735375	1	1.2103	1.0882	0.7593
436	1303771735432	1	1.2103	1.0882	0.7593
437	1303771735493	1	1.2103	1.0882	0.7593
438	1303771735551	1	1.2103	1.0882	0.7593
439	1303771735614	1	1.2103	1.0882	0.7593
440	1303771735676	1	1.2074	1.0882	0.7611
441	1303771735737	1	1.2073	1.0882	0.7611
442	1303771735835	1	1.2073	1.0882	0.7611
443	1303771735935	1	1.2073	1.0882	0.7611
444	1303771735993	1	1.2073	1.0882	0.7611
445	1303771736052	1	1.2073	1.0882	0.7611
446	1303771736110	1	1.2073	1.0882	0.7611
447	1303771736168	1	1.2073	1.0882	0.7611
448	1303771736267	1	1.2073	1.0882	0.7611
449	1303771736324	1	1.2073	1.0882	0.7611
450	1303771736382	1	1.2073	1.0882	0.7611
451	1303771736441	1	1.2073	1.0882	0.7611
452	1303771736498	1	1.2073	1.0882	0.7611
453	1303771736557	1	1.2073	1.0882	0.7611
454	1303771736616	1	1.2073	1.0882	0.7611
455	1303771736674	1	1.2073	1.0882	0.7611
456	1303771736730	1	1.2073	1.0882	0.7611
457	1303771736790	1	1.2073	1.0882	0.7611
458	1303771736849	1	1.2073	1.0882	0.7611
459	1303771736907	1	1.2073	1.0882	0.7611
460	1303771736967	1	1.2073	1.0882	0.7611
461	1303771737026	1	1.2073	1.0882	0.7611
462	1303771737083	1	1.2073	1.0882	0.7611
463	1303771737140	1	1.2073	1.0882	0.7611
464	1303771737199	1	1.2073	1.0882	0.7611
465	1303771737256	1	1.2073	1.0882	0.7611
466	1303771737315	1	1.2073	1.0882	0.7611
467	1303771737372	1	1.2073	1.0882	0.7611
468	1303771737431	1	1.2073	1.0882	0.7611
469	1303771737490	1	1.2073	1.0882	0.7611
470	1303771737548	1	1.2073	1.0882	0.7611
471	1303771737606	1	1.2073	1.0882	0.7611
472	1303771737664	1	1.2073	1.0882	0.7611
473	1303771737762	1	1.2073	1.0882	0.7611
474	1303771737861	1	1.2073	1.0882	0.7611
475	1303771737917	1	1.2073	1.0882	0.7611
476	1303771737978	1	1.2073	1.0882	0.7611
477	1303771738037	1	1.2073	1.0882	0.7611
478	1303771738097	1	1.2073	1.0882	0.7611
479	1303771738158	1	1.2073	1.0833	0.7646
480	1303771738216	1	1.1865	1.0882	0.7745
481	1303771738274	1	1.1865	1.0882	0.7745
482	1303771738330	1	1.1865	1.0833	0.778
483	1303771738388	1	1.1865	1.0833	0.778
484	1303771738446	1	1.1865	1.0833	0.778
485	1303771738505	1	1.1865	1.0833	0.778
486	1303771738563	1	1.1865	1.0833	0.778
487	1303771738620	1	1.1865	1.0833	0.778
488	1303771738678	1	1.1865	1.0833	0.778
489	1303771738734	1	1.1865	1.0833	0.778
490	1303771738792	1	1.1865	1.0833	0.778
491	1303771738850	1	1.1865	1.0833	0.778
492	1303771738907	1	1.1865	1.0833	0.778
493	1303771738965	1	1.1865	1.0833	0.778
494	1303771739023	1	1.1865	1.0833	0.778
495	1303771739079	1	1.1865	1.0833	0.778
496	1303771739138	1	1.1865	1.0833	0.778
497	1303771739197	1	1.1865	1.0833	0.778
498	1303771739297	1	1.1865	1.0833	0.778
499	1303771739356	1	1.1865	1.0833	0.778
500	1303771739417	1	1.1865	1.0833	0.778
501	1303771739477	1	1.1774	1.0833	0.784
502	1303771739535	1	1.1773	1.0833	0.784
503	1303771739594	1	1.1773	1.0833	0.784
504	1303771739652	1	1.1773	1.0833	0.784
505	1303771739712	1	1.1773	1.0833	0.784
506	1303771739769	1	1.1773	1.0833	0.784
507	1303771739827	1	1.1773	1.0833	0.784
508	1303771739885	1	1.1773	1.0833	0.784
509	1303771739942	1	1.1773	1.0833	0.784
510	1303771739999	1	1.1773	1.0833	0.784
511	1303771740057	1	1.1773	1.0833	0.784
512	1303771740115	1	1.1773	1.0833	0.784
513	1303771740173	1	1.1773	1.0833	0.784
514	1303771740231	1	1.1773	1.0833	0.784
515	1303771740289	1	1.1773	1.0833	0.784
516	1303771740351	1	1.1773	1.0833	0.784
517	1303771740409	1	1.1773	1.0833	0.784
518	1303771740466	1	1.1773	1.0833	0.784
519	1303771740524	1	1.1773	1.0833	0.784
520	1303771740581	1	1.1773	1.0833	0.784
521	1303771740640	1	1.1773	1.0833	0.784
522	1303771740695	1	1.1773	1.0833	0.784
523	1303771740753	1	1.1773	1.0833	0.784
524	1303771740811	1	1.1773	1.0833	0.784
525	1303771740869	1	1.1773	1.0833	0.784
526	1303771740928	1	1.1773	1.0833	0.784
527	1303771740986	1	1.1773	1.0833	0.784
528	1303771741044	1	1.1773	1.0833	0.784
529	1303771741105	1	1.1773	1.0833	0.784
530	1303771741163	1	1.1773	1.0833	0.784
531	1303771741221	1	1.1773	1.0833	0.784
532	1303771741279	1	1.1773	1.0833	0.784
533	1303771741337	1	1.1773	1.0833	0.784
534	1303771741395	1	1.1773	1.0833	0.784
535	1303771741454	1	1.1773	1.0833	0.784
536	1303771741514	1	1.1773	1.0833	0.784
537	1303771741614	1	1.1659	1.0833	0.7917
538	1303771741673	1	1.1656	1.0833	0.7919
539	1303771741774	1	1.1656	1.0833	0.7919
540	1303771741832	1	1.1656	1.0833	0.7919
541	1303771741893	1	1.1656	1.0833	0.7919
542	1303771741949	1	1.1656	1.0833	0.7919
543	1303771742008	1	1.1656	1.0833	0.7919
544	1303771742110	1	1.1656	1.0833	0.7919
545	1303771742168	1	1.1656	1.0833	0.7919
546	1303771742267	1	1.19	1.0833	0.7757
547	1303771742325	1	1.19	1.0833	0.7757
548	1303771742384	1	1.19	1.0833	0.7757
549	1303771742445	1	1.19	1.0833	0.7757
550	1303771742504	1	1.19	1.0833	0.7757
551	1303771742562	1	1.19	1.0833	0.7757
552	1303771742620	1	1.19	1.0833	0.7757
553	1303771742678	1	1.19	1.0833	0.7757
554	1303771742736	1	1.19	1.0833	0.7757
555	1303771742794	1	1.19	1.0833	0.7757
556	1303771742850	1	1.19	1.0833	0.7757
557	1303771742908	1	1.19	1.0833	0.7757
558	1303771742967	1	1.19	1.0833	0.7757
559	1303771743024	1	1.19	1.0833	0.7757
560	1303771743124	1	1.19	1.0833	0.7757
561	1303771743182	1	1.19	1.0833	0.7757
562	1303771743287	1	1.1845	1.0833	0.7793
563	1303771743347	1	1.1844	1.0833	0.7794
564	1303771743405	1	1.1837	1.0833	0.7798
565	1303771743465	1	1.1837	1.0833	0.7798
566	1303771743525	1	1.1837	1.0833	0.7798
567	1303771743584	1	1.1837	1.0833	0.7798
568	1303771743642	1	1.1837	1.0833	0.7798
569	1303771743700	1	1.1837	1.0833	0.7798
570	1303771743759	1	1.1837	1.0833	0.7798
571	1303771743817	1	1.1837	1.0833	0.7798
572	1303771743874	1	1.1837	1.0833	0.7798
573	1303771743933	1	1.1837	1.0833	0.7798
574	1303771743992	1	1.1837	1.0833	0.7798
575	1303771744050	1	1.1837	1.0833	0.7798
576	1303771744108	1	1.1837	1.0833	0.7798
577	1303771744166	1	1.1837	1.0833	0.7798
578	1303771744264	1	1.1837	1.0833	0.7798
579	1303771744322	1	1.1837	1.0833	0.7798
580	1303771744382	1	1.1837	1.0833	0.7798
581	1303771744481	1	1.1837	1.0833	0.7798
582	1303771744540	1	1.1837	1.0833	0.7798
583	1303771744599	1	1.1837	1.0833	0.7798
584	1303771744657	1	1.1837	1.0833	0.7798
585	1303771744713	1	1.1837	1.0833	0.7798
586	1303771744771	1	1.1837	1.0833	0.7798
587	1303771744828	1	1.1837	1.0833	0.7798
588	1303771744886	1	1.1837	1.0833	0.7798
589	1303771744945	1	1.1837	1.0833	0.7798
590	1303771745002	1	1.1837	1.0833	0.7798
591	1303771745058	1	1.1837	1.0833	0.7798
592	1303771745116	1	1.1837	1.0833	0.7798
593	1303771745174	1	1.1837	1.0833	0.7798
594	1303771745232	1	1.1837	1.0833	0.7798
595	1303771745290	1	1.1837	1.0833	0.7798
596	1303771745350	1	1.1837	1.0833	0.7798
597	1303771745407	1	1.1837	1.0833	0.7798
598	1303771745465	1	1.1728	1.0833	0.7871
599	1303771745525	1	1.1718	1.0833	0.7877
600	1303771745587	1	1.1718	1.0833	0.7877
601	1303771745646	1	1.1718	1.0833	0.7877
602	1303771745705	1	1.1718	1.0833	0.7877
603	1303771745765	1	1.1718	1.0833	0.7877
604	1303771745825	1	1.1718	1.0833	0.7877
605	1303771745883	1	1.1718	1.0833	0.7877
606	1303771745941	1	1.1718	1.0833	0.7877
607	1303771745999	1	1.1718	1.0833	0.7877
608	1303771746058	1	1.1718	1.0833	0.7877
609	1303771746157	1	1.1718	1.0833	0.7877
610	1303771746215	1	1.1718	1.0833	0.7877
611	1303771746274	1	1.1718	1.0833	0.7877
612	1303771746333	1	1.1718	1.0833	0.7877
613	1303771746392	1	1.1718	1.0833	0.7877
614	1303771746450	1	1.1718	1.0833	0.7877
615	1303771746510	1	1.1718	1.0833	0.7877
616	1303771746570	1	1.1718	1.0833	0.7877
617	1303771746627	1	1.1718	1.0833	0.7877
618	1303771746683	1	1.1718	1.0833	0.7877
619	1303771746741	1	1.1718	1.0833	0.7877
620	1303771746799	1	1.1718	1.0833	0.7877
621	1303771746898	1	1.1718	1.0833	0.7877
622	1303771746959	1	1.1718	1.0833	0.7877
623	1303771747020	1	1.179	1.0833	0.783
624	1303771747079	1	1.1781	1.1111	0.764
625	1303771747137	1	1.178	1.1389	0.7454
626	1303771747195	1	1.178	1.1389	0.7454
627	1303771747254	1	1.178	1.1579	0.7331
628	1303771747313	1	1.178	1.1579	0.7331
629	1303771747412	1	1.178	1.1111	0.764
630	1303771747470	1	1.178	1.0833	0.7836
631	1303771747530	1	1.178	1.0789	0.7868
632	1303771747588	1	1.178	1.0789	0.7868
633	1303771747646	1	1.178	1.0789	0.7868
634	1303771747707	1	1.178	1.0789	0.7868
635	1303771747765	1	1.178	1.0789	0.7868
636	1303771747823	1	1.178	1.0789	0.7868
637	1303771747880	1	1.178	1.0789	0.7868
638	1303771747937	1	1.178	1.0789	0.7868
639	1303771747995	1	1.178	1.0789	0.7868
640	1303771748055	1	1.178	1.0789	0.7868
641	1303771748113	1	1.178	1.0789	0.7868
642	1303771748173	1	1.178	1.0789	0.7868
643	1303771748233	1	1.178	1.0789	0.7868
644	1303771748289	1	1.178	1.0789	0.7868
645	1303771748347	1	1.178	1.0789	0.7868
646	1303771748446	1	1.178	1.0789	0.7868
647	1303771748504	1	1.178	1.0789	0.7868
648	1303771748565	1	1.178	1.0789	0.7868
649	1303771748625	1	1.178	1.0789	0.7868
650	1303771748730	1	1.178	1.0789	0.7868
651	1303771748787	1	1.178	1.0789	0.7868
652	1303771748846	1	1.178	1.0789	0.7868
653	1303771748904	1	1.178	1.0789	0.7868
654	1303771748962	1	1.178	1.0789	0.7868
655	1303771749020	1	1.178	1.0789	0.7868
656	1303771749086	1	1.178	1.0789	0.7868
657	1303771749181	1	1.178	1.0789	0.7868
658	1303771749265	1	1.178	1.0789	0.7868
659	1303771749340	1	1.178	1.0789	0.7868
660	1303771749399	1	1.178	1.0789	0.7868
661	1303771749458	1	1.178	1.0789	0.7868
662	1303771749517	1	1.1837	1.0789	0.783
663	1303771749575	1	1.1837	1.0526	0.8026
664	1303771749632	1	1.1837	1.0526	0.8026
665	1303771749729	1	1.1837	1.0526	0.8026
666	1303771749787	1	1.1837	1.0526	0.8026
667	1303771749845	1	1.1837	1.0526	0.8026
668	1303771749904	1	1.1837	1.0526	0.8026
669	1303771750002	1	1.1837	1.0526	0.8026
670	1303771750061	1	1.1837	1.0526	0.8026
671	1303771750121	1	1.1837	1.0526	0.8026
672	1303771750179	1	1.1837	1.0526	0.8026
673	1303771750237	1	1.1837	1.0526	0.8026
674	1303771750294	1	1.1837	1.0526	0.8026
675	1303771750353	1	1.1837	1.0526	0.8026
676	1303771750410	1	1.1837	1.0526	0.8026
677	1303771750468	1	1.1837	1.0526	0.8026
678	1303771750525	1	1.1837	1.0526	0.8026
679	1303771750583	1	1.1837	1.0526	0.8026
680	1303771750641	1	1.1837	1.0526	0.8026
681	1303771750699	1	1.1837	1.0526	0.8026
682	1303771750757	1	1.1837	1.0526	0.8026
683	1303771750817	1	1.1837	1.0526	0.8026
684	1303771750874	1	1.1793	1.0526	0.8055
685	1303771750933	1	1.1793	1.0526	0.8055
686	1303771750991	1	1.1793	1.0526	0.8055
687	1303771751049	1	1.1793	1.0526	0.8055
688	1303771751108	1	1.1793	1.0526	0.8055
689	1303771751167	1	1.1793	1.0526	0.8055
690	1303771751224	1	1.1793	1.0526	0.8055
691	1303771751281	1	1.1793	1.0526	0.8055
692	1303771751339	1	1.1793	1.0526	0.8055
693	1303771751397	1	1.1793	1.0526	0.8055
694	1303771751455	1	1.1793	1.0526	0.8055
695	1303771751513	1	1.1793	1.0526	0.8055
696	1303771751571	1	1.1793	1.0526	0.8055
697	1303771751626	1	1.1793	1.0526	0.8055
698	1303771751684	1	1.1793	1.0526	0.8055
699	1303771751741	1	1.1793	1.0526	0.8055
700	1303771751839	1	1.1793	1.0526	0.8055
701	1303771751943	1	1.1793	1.0526	0.8055
702	1303771752026	1	1.1793	1.0526	0.8055
703	1303771752082	1	1.1793	1.0526	0.8055
704	1303771752142	1	1.1793	1.0526	0.8055
705	1303771752201	1	1.1793	1.0526	0.8055
706	1303771752276	1	1.1793	1.0526	0.8055
707	1303771752334	1	1.1793	1.0526	0.8055
708	1303771752390	1	1.1793	1.0526	0.8055
709	1303771752538	1	1.1793	1.0526	0.8055
710	1303771752677	1	1.1793	1.0526	0.8055
711	1303771752734	1	1.1793	1.0526	0.8055
712	1303771752794	1	1.1793	1.0526	0.8055
713	1303771752854	1	1.1793	1.0526	0.8055
714	1303771752910	1	1.1793	1.0526	0.8055
715	1303771752967	1	1.1793	1.0526	0.8055
716	1303771753065	1	1.1793	1.0526	0.8055
717	1303771753123	1	1.1793	1.0526	0.8055
718	1303771753181	1	1.1793	1.0526	0.8055
719	1303771753239	1	1.1793	1.0526	0.8055
720	1303771753296	1	1.1763	1.0526	0.8076
721	1303771753354	1	1.1763	1.0526	0.8076
722	1303771753413	1	1.1763	1.0526	0.8076
723	1303771753470	1	1.1763	1.0526	0.8076
724	1303771753530	1	1.1763	1.0789	0.7879
725	1303771753587	1	1.1763	1.0789	0.7879
726	1303771753644	1	1.1763	1.0789	0.7879
727	1303771753701	1	1.1763	1.0526	0.8076
728	1303771753759	1	1.1763	1.0526	0.8076
729	1303771753816	1	1.1763	1.0526	0.8076
730	1303771753874	1	1.1763	1.0526	0.8076
731	1303771753931	1	1.1763	1.0526	0.8076
732	1303771753988	1	1.1763	1.0526	0.8076
733	1303771754045	1	1.1763	1.0526	0.8076
734	1303771754102	1	1.1763	1.0526	0.8076
735	1303771754159	1	1.1763	1.0526	0.8076
736	1303771754218	1	1.1763	1.0526	0.8076
737	1303771754276	1	1.1763	1.0526	0.8076
738	1303771754332	1	1.1763	1.0526	0.8076
739	1303771754431	1	1.1763	1.0526	0.8076
740	1303771754488	1	1.1763	1.0526	0.8076
741	1303771754547	1	1.1763	1.0526	0.8076
742	1303771754606	1	1.1763	1.0526	0.8076
743	1303771754663	1	1.1763	1.0526	0.8076
744	1303771754725	1	1.1763	1.0526	0.8076
745	1303771754786	1	1.1758	1.0526	0.808
746	1303771754848	1	1.1758	1.0526	0.808
747	1303771754910	1	1.1758	1.0526	0.808
748	1303771754968	1	1.1758	1.0526	0.808
749	1303771755027	1	1.1758	1.0526	0.808
750	1303771755085	1	1.1758	1.0526	0.808
751	1303771755141	1	1.1758	1.0526	0.808
752	1303771755199	1	1.1758	1.0526	0.808
753	1303771755257	1	1.1758	1.0526	0.808
754	1303771755315	1	1.1758	1.0526	0.808
755	1303771755374	1	1.1758	1.0526	0.808
756	1303771755432	1	1.1758	1.0526	0.808
757	1303771755488	1	1.1758	1.0526	0.808
758	1303771755547	1	1.1758	1.0526	0.808
759	1303771755605	1	1.1758	1.0526	0.808
760	1303771755665	1	1.1758	1.0526	0.808
761	1303771755722	1	1.1758	1.0526	0.808
762	1303771755782	1	1.1758	1.0526	0.808
763	1303771755837	1	1.1758	1.0526	0.808
764	1303771755895	1	1.1758	1.0526	0.808
765	1303771755957	1	1.1758	1.0526	0.808
766	1303771756017	1	1.1758	1.0526	0.808
767	1303771756074	1	1.1758	1.0526	0.808
768	1303771756132	1	1.1758	1.0526	0.808
769	1303771756189	1	1.1758	1.0526	0.808
770	1303771756293	1	1.1758	1.0526	0.808
771	1303771756350	1	1.1758	1.0526	0.808
772	1303771756410	1	1.1758	1.0526	0.808
773	1303771756468	1	1.1758	1.0526	0.808
774	1303771756529	1	1.1758	1.0526	0.808
775	1303771756586	1	1.1758	1.0526	0.808
776	1303771756645	1	1.1758	1.0526	0.808
777	1303771756744	1	1.1758	1.0526	0.808
778	1303771756802	1	1.1758	1.0526	0.808
779	1303771756861	1	1.1758	1.0526	0.808
780	1303771756919	1	1.1758	1.0526	0.808
781	1303771756977	1	1.1758	1.0526	0.808
782	1303771757036	1	1.1758	1.0526	0.808
783	1303771757094	1	1.1758	1.0526	0.808
784	1303771757152	1	1.1758	1.0526	0.808
785	1303771757210	1	1.1664	1.0526	0.8145
786	1303771757268	1	1.1664	1.0526	0.8145
787	1303771757326	1	1.1664	1.0526	0.8145
788	1303771757382	1	1.1664	1.0526	0.8145
789	1303771757440	1	1.1664	1.0526	0.8145
790	1303771757498	1	1.1664	1.0526	0.8145
791	1303771757555	1	1.1664	1.0526	0.8145
792	1303771757612	1	1.1664	1.0526	0.8145
793	1303771757670	1	1.1664	1.0526	0.8145
794	1303771757726	1	1.1664	1.0526	0.8145
795	1303771757786	1	1.1664	1.0526	0.8145
796	1303771757844	1	1.1664	1.0526	0.8145
797	1303771757901	1	1.1664	1.0526	0.8145
798	1303771757959	1	1.1664	1.0526	0.8145
799	1303771758016	1	1.1664	1.0526	0.8145
800	1303771758073	1	1.1664	1.0526	0.8145
801	1303771758130	1	1.1664	1.0526	0.8145
802	1303771758188	1	1.1664	1.0526	0.8145
803	1303771758285	1	1.1664	1.0526	0.8145
804	1303771758344	1	1.1664	1.0526	0.8145
805	1303771758402	1	1.1664	1.0526	0.8145
806	1303771758466	1	1.1668	1.0526	0.8142
807	1303771758571	1	1.1668	1.0526	0.8142
808	1303771758673	1	1.1668	1.0526	0.8142
809	1303771758731	1	1.1668	1.0526	0.8142
810	1303771758835	1	1.1668	1.0526	0.8142
811	1303771758893	1	1.1668	1.0526	0.8142
812	1303771758951	1	1.1668	1.0526	0.8142
813	1303771759011	1	1.1668	1.0526	0.8142
814	1303771759071	1	1.1668	1.0526	0.8142
815	1303771759131	1	1.1668	1.0526	0.8142
816	1303771759189	1	1.1668	1.0526	0.8142
817	1303771759247	1	1.1668	1.0526	0.8142
818	1303771759306	1	1.1668	1.0526	0.8142
819	1303771759365	1	1.1668	1.0526	0.8142
820	1303771759422	1	1.1668	1.0526	0.8142
821	1303771759482	1	1.1668	1.0526	0.8142
822	1303771759545	1	1.1668	1.0526	0.8142
823	1303771759604	1	1.1668	1.0526	0.8142
824	1303771759663	1	1.1668	1.0526	0.8142
825	1303771759721	1	1.1668	1.0526	0.8142
826	1303771759779	1	1.1668	1.0526	0.8142
827	1303771759835	1	1.1668	1.0526	0.8142
828	1303771759893	1	1.1668	1.0526	0.8142
829	1303771759953	1	1.1668	1.0526	0.8142
830	1303771760011	1	1.1668	1.0526	0.8142
831	1303771760069	1	1.1668	1.0526	0.8142
832	1303771760128	1	1.1668	1.0526	0.8142
833	1303771760185	1	1.1668	1.0526	0.8142
834	1303771760242	1	1.1668	1.0526	0.8142
835	1303771760302	1	1.1668	1.0526	0.8142
836	1303771760362	1	1.1668	1.0526	0.8142
837	1303771760419	1	1.1668	1.0526	0.8142
838	1303771760478	1	1.1668	1.0526	0.8142
839	1303771760578	1	1.1668	1.0526	0.8142
840	1303771760810	1	1.1668	1.0526	0.8142
841	1303771760869	1	1.1668	1.0526	0.8142
842	1303771760927	1	1.1668	1.0526	0.8142
843	1303771760986	1	1.1627	1.0526	0.817
844	1303771761044	1	1.1627	1.0526	0.817
845	1303771761105	1	1.1627	1.0526	0.817
846	1303771761163	1	1.1627	1.0526	0.817
847	1303771761222	1	1.1627	1.0526	0.817
848	1303771761282	1	1.1627	1.0526	0.817
849	1303771761341	1	1.1627	1.0526	0.817
850	1303771761399	1	1.1627	1.0526	0.817
851	1303771761457	1	1.1627	1.0526	0.817
852	1303771761515	1	1.1627	1.0526	0.817
853	1303771761573	1	1.1627	1.0526	0.817
854	1303771761629	1	1.1627	1.0526	0.817
855	1303771761686	1	1.1627	1.0526	0.817
856	1303771761745	1	1.1627	1.0526	0.817
857	1303771761802	1	1.1627	1.0526	0.817
858	1303771761861	1	1.1627	1.0526	0.817
859	1303771761919	1	1.1627	1.0526	0.817
860	1303771761977	1	1.1627	1.0526	0.817
861	1303771762034	1	1.1627	1.0526	0.817
862	1303771762092	1	1.1627	1.0526	0.817
863	1303771762150	1	1.1627	1.0526	0.817
864	1303771762208	1	1.1627	1.0526	0.817
865	1303771762266	1	1.1627	1.0526	0.817
866	1303771762328	1	1.1627	1.0526	0.817
867	1303771762396	1	1.1627	1.0526	0.8171
868	1303771762461	1	1.1627	1.0526	0.8171
869	1303771762520	1	1.1627	1.0526	0.8171
870	1303771762578	1	1.1627	1.0526	0.8171
871	1303771762637	1	1.1627	1.0526	0.8171
872	1303771762695	1	1.1627	1.0526	0.8171
873	1303771762755	1	1.1627	1.0526	0.8171
874	1303771762814	1	1.1627	1.0526	0.8171
875	1303771762870	1	1.1627	1.0526	0.8171
876	1303771762928	1	1.1627	1.0526	0.8171
877	1303771762986	1	1.1627	1.0526	0.8171
878	1303771763044	1	1.1627	1.0526	0.8171
879	1303771763103	1	1.1627	1.0526	0.8171
880	1303771763160	1	1.1627	1.0526	0.8171
881	1303771763261	1	1.1627	1.0526	0.8171
882	1303771763318	1	1.1627	1.0526	0.8171
883	1303771763378	1	1.1627	1.0526	0.8171
884	1303771763437	1	1.1627	1.0526	0.8171
885	1303771763496	1	1.1627	1.0526	0.8171
886	1303771763554	1	1.1627	1.0526	0.8171
887	1303771763614	1	1.1627	1.0526	0.8171
888	1303771763671	1	1.1627	1.0526	0.8171
889	1303771763729	1	1.1627	1.0526	0.8171
890	1303771763830	1	1.1627	1.0526	0.8171
891	1303771763889	1	1.1627	1.0526	0.8171
892	1303771763947	1	1.1627	1.0526	0.8171
893	1303771764006	1	1.1627	1.0526	0.8171
894	1303771764064	1	1.1627	1.0526	0.8171
895	1303771764120	1	1.1627	1.0526	0.8171
896	1303771764178	1	1.1627	1.0526	0.8171
897	1303771764236	1	1.1627	1.0526	0.8171
898	1303771764294	1	1.1627	1.0526	0.8171
899	1303771764352	1	1.1627	1.0526	0.8171
900	1303771764411	1	1.1627	1.0526	0.8171
901	1303771764467	1	1.1627	1.0526	0.8171
902	1303771764570	1	1.1627	1.0526	0.8171
903	1303771764628	1	1.1627	1.0526	0.8171
904	1303771764687	1	1.1569	1.0526	0.8211
905	1303771764745	1	1.1569	1.0526	0.8211
906	1303771764803	1	1.1569	1.0526	0.8211
907	1303771764866	1	1.1569	1.0526	0.8211
908	1303771764929	1	1.1569	1.0526	0.8211
909	1303771765032	1	1.1867	1.0526	0.8005
910	1303771765090	1	1.1867	1.0526	0.8005
911	1303771765148	1	1.1867	1.0526	0.8005
912	1303771765207	1	1.1867	1.0526	0.8005
913	1303771765264	1	1.1867	1.0526	0.8005
914	1303771765325	1	1.1867	1.0526	0.8005
915	1303771765381	1	1.1867	1.0526	0.8005
916	1303771765441	1	1.1867	1.0526	0.8005
917	1303771765498	1	1.1867	1.0526	0.8005
918	1303771765557	1	1.1867	1.0526	0.8005
919	1303771765614	1	1.1867	1.0526	0.8005
920	1303771765673	1	1.1867	1.0526	0.8005
921	1303771765775	1	1.2256	1.0526	0.7751
922	1303771765832	1	1.2256	1.0526	0.7751
923	1303771765890	1	1.2256	1.0526	0.7751
924	1303771765950	1	1.2256	1.0526	0.7751
925	1303771766008	1	1.2256	1.0526	0.7751
926	1303771766067	1	1.2256	1.0526	0.7751
927	1303771766125	1	1.2256	1.0526	0.7751
928	1303771766189	1	1.2256	1.0526	0.7751
929	1303771766256	1	1.2256	1.0526	0.7751
930	1303771766317	1	1.2275	1.0526	0.7739
931	1303771766378	1	1.2275	1.0526	0.7739
932	1303771766439	1	1.2275	1.0526	0.7739
933	1303771766497	1	1.2275	1.0526	0.7739
934	1303771766558	1	1.2275	1.0526	0.7739
935	1303771766618	1	1.2275	1.0526	0.7739
936	1303771766677	1	1.2275	1.0526	0.7739
937	1303771766736	1	1.2275	1.0526	0.7739
938	1303771766794	1	1.2275	1.0526	0.7739
939	1303771766852	1	1.2275	1.0526	0.7739
940	1303771766951	1	1.2275	1.0526	0.7739
941	1303771767051	1	1.2275	1.0526	0.7739
942	1303771767111	1	1.2275	1.0526	0.7739
943	1303771767170	1	1.2275	1.0526	0.7739
944	1303771767230	1	1.2275	1.0526	0.7739
945	1303771767289	1	1.2275	1.0526	0.7739
946	1303771767351	1	1.2275	1.0526	0.7739
947	1303771767410	1	1.2275	1.0526	0.7739
948	1303771767510	1	1.2275	1.0526	0.7739
949	1303771767569	1	1.2275	1.0526	0.7739
950	1303771767628	1	1.2275	1.0526	0.7739
951	1303771767687	1	1.2275	1.0526	0.7739
952	1303771767746	1	1.2275	1.0526	0.7739
953	1303771767804	1	1.2275	1.0526	0.7739
954	1303771767904	1	1.2275	1.0526	0.7739
955	1303771767961	1	1.2275	1.0526	0.7739
956	1303771768021	1	1.2275	1.0526	0.7739
957	1303771768079	1	1.2275	1.05	0.7759
958	1303771768178	1	1.2275	1.0526	0.7739
959	1303771768237	1	1.2275	1.05	0.7759
960	1303771768297	1	1.2275	1.05	0.7759
961	1303771768355	1	1.2275	1.0526	0.7739
962	1303771768417	1	1.2275	1.05	0.7759
963	1303771768477	1	1.2275	1.05	0.7759
964	1303771768534	1	1.2275	1.05	0.7759
965	1303771768595	1	1.222	1.05	0.7794
966	1303771768655	1	1.222	1.05	0.7794
967	1303771768715	1	1.222	1.05	0.7794
968	1303771768775	1	1.222	1.05	0.7794
969	1303771768833	1	1.222	1.05	0.7794
970	1303771768892	1	1.222	1.05	0.7794
971	1303771768951	1	1.222	1.05	0.7794
972	1303771769009	1	1.222	1.05	0.7794
973	1303771769067	1	1.222	1.05	0.7794
974	1303771769126	1	1.222	1.05	0.7794
975	1303771769185	1	1.222	1.05	0.7794
976	1303771769246	1	1.222	1.05	0.7794
977	1303771769305	1	1.222	1.05	0.7794
978	1303771769366	1	1.222	1.05	0.7794
979	1303771769424	1	1.222	1.05	0.7794
980	1303771769482	1	1.222	1.05	0.7794
981	1303771769541	1	1.222	1.05	0.7794
982	1303771769602	1	1.222	1.05	0.7794
983	1303771769663	1	1.222	1.05	0.7794
984	1303771769721	1	1.222	1.05	0.7794
985	1303771769780	1	1.222	1.05	0.7794
986	1303771769841	1	1.222	1.05	0.7794
987	1303771769899	1	1.222	1.05	0.7794
988	1303771769957	1	1.222	1.05	0.7794
989	1303771770058	1	1.263	1.05	0.754
990	1303771770120	1	1.2416	1.05	0.767
991	1303771770179	1	1.2416	1.05	0.767
992	1303771770240	1	1.2416	1.05	0.767
993	1303771770299	1	1.2416	1.05	0.767
994	1303771770400	1	1.2416	1.05	0.767
995	1303771770459	1	1.2416	1.05	0.767
996	1303771770522	1	1.2416	1.05	0.767
997	1303771770580	1	1.2416	1.05	0.767
998	1303771770639	1	1.2416	1.05	0.767
999	1303771770739	1	1.2416	1.05	0.767
1000	1303771770798	1	1.2416	1.05	0.767
1001	1303771770858	1	1.2416	1.05	0.767
1002	1303771770917	1	1.2416	1.05	0.767
1003	1303771770976	1	1.2416	1.05	0.767
1004	1303771771037	1	1.2416	1.05	0.767
1005	1303771771096	1	1.2416	1.05	0.767
1006	1303771771156	1	1.2416	1.05	0.767
1007	1303771771216	1	1.2416	1.05	0.767
1008	1303771771276	1	1.2416	1.05	0.767
1009	1303771771338	1	1.2416	1.05	0.767
1010	1303771771398	1	1.2416	1.05	0.767
1011	1303771771458	1	1.2416	1.05	0.767
1012	1303771771516	1	1.2416	1.05	0.767
1013	1303771771576	1	1.2416	1.05	0.767
1014	1303771771634	1	1.2416	1.05	0.767
1015	1303771771692	1	1.2416	1.05	0.767
1016	1303771771751	1	1.2416	1.05	0.767
1017	1303771771851	1	1.2416	1.05	0.767
1018	1303771771911	1	1.2416	1.05	0.767
1019	1303771771970	1	1.2416	1.05	0.767
1020	1303771772029	1	1.2416	1.05	0.767
1021	1303771772087	1	1.2416	1.05	0.767
1022	1303771772146	1	1.2416	1.05	0.767
1023	1303771772203	1	1.2416	1.05	0.767
1024	1303771772263	1	1.2416	1.05	0.767
1025	1303771772321	1	1.2413	1.05	0.7672
1026	1303771772381	1	1.2395	1.05	0.7683
1027	1303771772440	1	1.2395	1.05	0.7683
1028	1303771772500	1	1.2395	1.05	0.7683
1029	1303771772560	1	1.2395	1.05	0.7683
1030	1303771772622	1	1.2395	1.05	0.7683
1031	1303771772679	1	1.2395	1.05	0.7683
1032	1303771772740	1	1.2395	1.05	0.7683
1033	1303771772800	1	1.2395	1.05	0.7683
1034	1303771772859	1	1.2395	1.05	0.7683
1035	1303771772919	1	1.2395	1.05	0.7683
1036	1303771772978	1	1.2395	1.05	0.7683
1037	1303771773036	1	1.2395	1.05	0.7683
1038	1303771773096	1	1.2395	1.05	0.7683
1039	1303771773153	1	1.2395	1.05	0.7683
1040	1303771773212	1	1.2395	1.05	0.7683
1041	1303771773271	1	1.2395	1.05	0.7683
1042	1303771773331	1	1.2395	1.05	0.7683
1043	1303771773392	1	1.2395	1.05	0.7683
1044	1303771773451	1	1.2395	1.05	0.7683
1045	1303771773513	1	1.2395	1.05	0.7683
1046	1303771773575	1	1.2395	1.05	0.7683
1047	1303771773633	1	1.2395	1.05	0.7683
1048	1303771773695	1	1.2395	1.05	0.7683
1049	1303771773753	1	1.2395	1.05	0.7683
1050	1303771773813	1	1.2389	1.05	0.7687
1051	1303771773872	1	1.2389	1.05	0.7687
1052	1303771773972	1	1.2389	1.05	0.7687
1053	1303771774031	1	1.2389	1.05	0.7687
1054	1303771774093	1	1.2389	1.05	0.7687
1055	1303771774153	1	1.2389	1.05	0.7687
1056	1303771774212	1	1.2389	1.05	0.7687
1057	1303771774271	1	1.2389	1.05	0.7687
1058	1303771774374	1	1.2389	1.05	0.7687
1059	1303771774434	1	1.2389	1.05	0.7687
1060	1303771774492	1	1.2389	1.05	0.7687
1061	1303771774552	1	1.2389	1.05	0.7687
1062	1303771774610	1	1.2389	1.05	0.7687
1063	1303771774669	1	1.2389	1.05	0.7687
1064	1303771774728	1	1.2389	1.05	0.7687
1065	1303771774788	1	1.2389	1.05	0.7687
1066	1303771774847	1	1.2389	1.05	0.7687
1067	1303771774906	1	1.2389	1.05	0.7687
1068	1303771774964	1	1.2389	1.05	0.7687
1069	1303771775023	1	1.2389	1.05	0.7687
1070	1303771775084	1	1.2389	1.05	0.7687
1071	1303771775144	1	1.2389	1.05	0.7687
1072	1303771775205	1	1.2389	1.05	0.7687
1073	1303771775263	1	1.2389	1.05	0.7687
1074	1303771775321	1	1.2389	1.05	0.7687
1075	1303771775381	1	1.2389	1.05	0.7687
1076	1303771775440	1	1.2389	1.05	0.7687
1077	1303771775500	1	1.2389	1.05	0.7687
1078	1303771775559	1	1.2389	1.05	0.7687
1079	1303771775618	1	1.2389	1.05	0.7687
1080	1303771775676	1	1.2389	1.05	0.7687
1081	1303771775734	1	1.2389	1.05	0.7687
1082	1303771775834	1	1.2389	1.05	0.7687
1083	1303771775893	1	1.2389	1.05	0.7687
1084	1303771775993	1	1.2389	1.05	0.7687
1085	1303771776052	1	1.2389	1.05	0.7687
1086	1303771776112	1	1.2388	1.05	0.7688
1087	1303771776171	1	1.2371	1.05	0.7698
1088	1303771776232	1	1.2313	1.05	0.7735
1089	1303771776293	1	1.2305	1.05	0.774
1090	1303771776392	1	1.2305	1.05	0.774
1091	1303771776451	1	1.2305	1.05	0.774
1092	1303771776512	1	1.2305	1.05	0.774
1093	1303771776573	1	1.2305	1.05	0.774
1094	1303771776631	1	1.2305	1.05	0.774
1095	1303771776692	1	1.2305	1.05	0.774
1096	1303771776750	1	1.2305	1.05	0.774
1097	1303771776814	1	1.2305	1.05	0.774
1098	1303771776871	1	1.2305	1.05	0.774
1099	1303771776930	1	1.2305	1.05	0.774
1100	1303771776989	1	1.2305	1.05	0.774
1101	1303771777048	1	1.2305	1.05	0.774
1102	1303771777107	1	1.2305	1.05	0.774
1103	1303771777167	1	1.2305	1.05	0.774
1104	1303771777228	1	1.2305	1.05	0.774
1105	1303771777288	1	1.2305	1.05	0.774
1106	1303771777346	1	1.2305	1.05	0.774
1107	1303771777407	1	1.2305	1.05	0.774
1108	1303771777466	1	1.2305	1.05	0.774
1109	1303771777525	1	1.2305	1.05	0.774
1110	1303771777584	1	1.2305	1.05	0.774
1111	1303771777645	1	1.2305	1.05	0.774
1112	1303771777706	1	1.2305	1.05	0.774
1113	1303771777765	1	1.2305	1.05	0.774
1114	1303771777822	1	1.2305	1.05	0.774
1115	1303771777882	1	1.2305	1.05	0.774
1116	1303771777941	1	1.2305	1.05	0.774
1117	1303771778000	1	1.2305	1.05	0.774
1118	1303771778060	1	1.2305	1.05	0.774
1119	1303771778121	1	1.2305	1.05	0.774
1120	1303771778181	1	1.2305	1.05	0.774
1121	1303771778242	1	1.2305	1.05	0.774
1122	1303771778301	1	1.2305	1.05	0.774
1123	1303771778358	1	1.2305	1.05	0.774
1124	1303771778417	1	1.2305	1.05	0.774
1125	1303771778476	1	1.2305	1.05	0.774
1126	1303771778575	1	1.2305	1.05	0.774
1127	1303771778637	1	1.2305	1.05	0.774
1128	1303771778697	1	1.2305	1.05	0.774
1129	1303771778801	1	1.2305	1.05	0.774
1130	1303771778861	1	1.2305	1.05	0.774
1131	1303771778921	1	1.2305	1.05	0.774
1132	1303771778978	1	1.2305	1.05	0.774
1133	1303771779038	1	1.2305	1.05	0.774
1134	1303771779097	1	1.2305	1.05	0.774
1135	1303771779156	1	1.2305	1.05	0.774
1136	1303771779214	1	1.2305	1.05	0.774
1137	1303771779274	1	1.2305	1.05	0.774
1138	1303771779333	1	1.2305	1.05	0.774
1139	1303771779395	1	1.2305	1.05	0.774
1140	1303771779455	1	1.2305	1.05	0.774
1141	1303771779517	1	1.2305	1.05	0.774
1142	1303771779575	1	1.2305	1.05	0.774
1143	1303771779635	1	1.2305	1.05	0.774
1144	1303771779734	1	1.2305	1.05	0.774
1145	1303771779794	1	1.2305	1.05	0.774
1146	1303771779854	1	1.2305	1.05	0.774
1147	1303771779914	1	1.2267	1.05	0.7764
1148	1303771779971	1	1.2258	1.05	0.777
1149	1303771780033	1	1.2258	1.05	0.777
1150	1303771780092	1	1.2258	1.05	0.777
1151	1303771780153	1	1.2258	1.05	0.777
1152	1303771780253	1	1.2258	1.05	0.777
1153	1303771780312	1	1.2258	1.05	0.777
1154	1303771780372	1	1.2258	1.05	0.777
1155	1303771780435	1	1.2258	1.05	0.777
1156	1303771780494	1	1.2258	1.05	0.777
1157	1303771780551	1	1.2258	1.05	0.777
1158	1303771780610	1	1.2258	1.05	0.777
1159	1303771780712	1	1.2258	1.05	0.777
1160	1303771780772	1	1.2258	1.05	0.777
1161	1303771780833	1	1.2258	1.05	0.777
1162	1303771780892	1	1.2258	1.05	0.777
1163	1303771780952	1	1.2258	1.05	0.777
1164	1303771781010	1	1.2258	1.05	0.777
1165	1303771781111	1	1.2258	1.05	0.777
1166	1303771781169	1	1.2258	1.05	0.777
1167	1303771781270	1	1.2258	1.05	0.777
1168	1303771781333	1	1.2258	1.05	0.777
1169	1303771781399	1	1.2258	1.05	0.777
1170	1303771781457	1	1.2258	1.05	0.777
1171	1303771781517	1	1.2258	1.05	0.777
1172	1303771781578	1	1.2258	1.05	0.777
1173	1303771781638	1	1.2258	1.05	0.777
1174	1303771781742	1	1.2258	1.05	0.777
1175	1303771781849	1	1.2258	1.05	0.777
1176	1303771781908	1	1.2258	1.05	0.777
1177	1303771781970	1	1.2257	1.05	0.777
1178	1303771782029	1	1.2257	1.05	0.777
1179	1303771782090	1	1.2257	1.05	0.777
1180	1303771782149	1	1.2257	1.05	0.777
1181	1303771782211	1	1.2257	1.05	0.777
1182	1303771782271	1	1.2257	1.05	0.777
1183	1303771782329	1	1.2257	1.05	0.777
1184	1303771782388	1	1.2257	1.05	0.777
1185	1303771782447	1	1.2257	1.05	0.777
1186	1303771782505	1	1.2257	1.05	0.777
1187	1303771782564	1	1.2257	1.05	0.777
1188	1303771782623	1	1.2257	1.05	0.777
1189	1303771782682	1	1.2257	1.05	0.777
1190	1303771782741	1	1.2257	1.05	0.777
1191	1303771782800	1	1.2257	1.05	0.777
1192	1303771782859	1	1.2257	1.05	0.777
1193	1303771782918	1	1.2257	1.05	0.777
1194	1303771782976	1	1.2257	1.05	0.777
1195	1303771783037	1	1.2257	1.05	0.777
1196	1303771783096	1	1.2257	1.05	0.777
1197	1303771783157	1	1.2257	1.05	0.777
1198	1303771783216	1	1.2257	1.05	0.777
1199	1303771783274	1	1.2257	1.05	0.777
1200	1303771783332	1	1.2257	1.05	0.777
1201	1303771783394	1	1.2257	1.05	0.777
1202	1303771783453	1	1.2257	1.05	0.777
1203	1303771783512	1	1.2257	1.05	0.777
1204	1303771783571	1	1.2257	1.05	0.777
1205	1303771783630	1	1.2257	1.05	0.777
1206	1303771783689	1	1.2257	1.05	0.777
1207	1303771783747	1	1.2257	1.05	0.777
1208	1303771783805	1	1.2243	1.05	0.7779
1209	1303771783865	1	1.2243	1.05	0.7779
1210	1303771783924	1	1.2243	1.05	0.7779
1211	1303771783984	1	1.2243	1.05	0.7779
1212	1303771784085	1	1.2243	1.05	0.7779
1213	1303771784145	1	1.2243	1.05	0.7779
1214	1303771784206	1	1.2243	1.05	0.7779
1215	1303771784265	1	1.2243	1.05	0.7779
1216	1303771784322	1	1.2243	1.05	0.7779
1217	1303771784382	1	1.2243	1.05	0.7779
1218	1303771784441	1	1.2243	1.05	0.7779
1219	1303771784500	1	1.2243	1.05	0.7779
1220	1303771784561	1	1.2243	1.05	0.7779
1221	1303771784622	1	1.2243	1.05	0.7779
1222	1303771784680	1	1.2243	1.05	0.7779
1223	1303771784739	1	1.2243	1.05	0.7779
1224	1303771784799	1	1.2243	1.05	0.7779
1225	1303771784858	1	1.2243	1.05	0.7779
1226	1303771784917	1	1.2243	1.05	0.7779
1227	1303771784976	1	1.2243	1.05	0.7779
1228	1303771785035	1	1.2243	1.05	0.7779
1229	1303771785095	1	1.2243	1.05	0.7779
1230	1303771785154	1	1.2243	1.05	0.7779
1231	1303771785213	1	1.2243	1.05	0.7779
1232	1303771785271	1	1.2243	1.05	0.7779
1233	1303771785335	1	1.2243	1.05	0.7779
1234	1303771785397	1	1.2243	1.05	0.7779
1235	1303771785457	1	1.2243	1.05	0.7779
1236	1303771785516	1	1.2243	1.05	0.7779
1237	1303771785575	1	1.2243	1.05	0.7779
1238	1303771785634	1	1.2245	1.05	0.7778
1239	1303771785696	1	1.2245	1.05	0.7778
1240	1303771785756	1	1.2245	1.05	0.7778
1241	1303771785818	1	1.2245	1.05	0.7778
1242	1303771785877	1	1.2245	1.05	0.7778
1243	1303771785938	1	1.2245	1.05	0.7778
1244	1303771785998	1	1.2245	1.05	0.7778
1245	1303771786057	1	1.2245	1.05	0.7778
1246	1303771786116	1	1.2245	1.05	0.7778
1247	1303771786175	1	1.2245	1.05	0.7778
1248	1303771786233	1	1.2245	1.05	0.7778
1249	1303771786292	1	1.2245	1.05	0.7778
1250	1303771786351	1	1.2245	1.05	0.7778
1251	1303771786411	1	1.2245	1.05	0.7778
1252	1303771786471	1	1.2245	1.05	0.7778
1253	1303771786532	1	1.2245	1.05	0.7778
1254	1303771786594	1	1.2245	1.05	0.7778
1255	1303771786695	1	1.2245	1.05	0.7778
1256	1303771786756	1	1.2245	1.05	0.7778
1257	1303771786815	1	1.2245	1.05	0.7778
1258	1303771786874	1	1.2245	1.05	0.7778
1259	1303771786933	1	1.2245	1.05	0.7778
1260	1303771786992	1	1.2245	1.05	0.7778
1261	1303771787053	1	1.2245	1.05	0.7778
1262	1303771787113	1	1.2245	1.05	0.7778
1263	1303771787172	1	1.2245	1.05	0.7778
1264	1303771787231	1	1.2245	1.05	0.7778
1265	1303771787290	1	1.2245	1.05	0.7778
1266	1303771787349	1	1.2245	1.05	0.7778
1267	1303771787409	1	1.2245	1.05	0.7778
1268	1303771787469	1	1.2245	1.05	0.7778
1269	1303771787529	1	1.2243	1.05	0.7779
1270	1303771787588	1	1.2237	1.05	0.7783
1271	1303771787649	1	1.2237	1.05	0.7783
1272	1303771787708	1	1.2237	1.05	0.7783
1273	1303771787766	1	1.2237	1.05	0.7783
1274	1303771787825	1	1.2237	1.05	0.7783
1275	1303771787886	1	1.2237	1.05	0.7783
1276	1303771787945	1	1.2237	1.05	0.7783
1277	1303771788005	1	1.2237	1.05	0.7783
1278	1303771788064	1	1.2237	1.05	0.7783
1279	1303771788123	1	1.2237	1.05	0.7783
1280	1303771788182	1	1.2237	1.05	0.7783
1281	1303771788241	1	1.2237	1.05	0.7783
1282	1303771788301	1	1.2237	1.05	0.7783
1283	1303771788361	1	1.2237	1.05	0.7783
1284	1303771788420	1	1.2237	1.05	0.7783
1285	1303771788480	1	1.2237	1.05	0.7783
1286	1303771788538	1	1.2237	1.05	0.7783
1287	1303771788598	1	1.2237	1.05	0.7783
1288	1303771788656	1	1.2237	1.05	0.7783
1289	1303771788716	1	1.2237	1.05	0.7783
1290	1303771788773	1	1.2237	1.05	0.7783
1291	1303771788832	1	1.2237	1.05	0.7783
1292	1303771788895	1	1.2237	1.05	0.7783
1293	1303771788959	1	1.2237	1.05	0.7783
1294	1303771789019	1	1.224	1.05	0.7781
1295	1303771789079	1	1.224	1.05	0.7781
1296	1303771789139	1	1.224	1.05	0.7781
1297	1303771789199	1	1.224	1.05	0.7781
1298	1303771789256	1	1.224	1.05	0.7781
1299	1303771789316	1	1.224	1.05	0.7781
1300	1303771789421	1	1.224	1.05	0.7781
1301	1303771789481	1	1.224	1.05	0.7781
1302	1303771789541	1	1.224	1.05	0.7781
1303	1303771789602	1	1.224	1.05	0.7781
1304	1303771789662	1	1.224	1.05	0.7781
1305	1303771789723	1	1.224	1.05	0.7781
1306	1303771789783	1	1.224	1.05	0.7781
1307	1303771789843	1	1.224	1.05	0.7781
1308	1303771789902	1	1.224	1.05	0.7781
1309	1303771789962	1	1.224	1.05	0.7781
1310	1303771790022	1	1.224	1.05	0.7781
1311	1303771790082	1	1.224	1.05	0.7781
1312	1303771790141	1	1.224	1.05	0.7781
1313	1303771790242	1	1.224	1.05	0.7781
1314	1303771790301	1	1.224	1.05	0.7781
1315	1303771790360	1	1.224	1.05	0.7781
1316	1303771790419	1	1.224	1.05	0.7781
1317	1303771790478	1	1.224	1.05	0.7781
1318	1303771790537	1	1.224	1.05	0.7781
1319	1303771790597	1	1.224	1.05	0.7781
1320	1303771790660	1	1.224	1.05	0.7781
1321	1303771790719	1	1.224	1.05	0.7781
1322	1303771790781	1	1.224	1.05	0.7781
1323	1303771790839	1	1.224	1.05	0.7781
1324	1303771790939	1	1.224	1.05	0.7781
1325	1303771791112	1	1.224	1.05	0.7781
1326	1303771791173	1	1.224	1.05	0.7781
1327	1303771791233	1	1.224	1.05	0.7781
1328	1303771791292	1	1.224	1.05	0.7781
1329	1303771791352	1	1.224	1.05	0.7781
1330	1303771791412	1	1.224	1.05	0.7781
1331	1303771791472	1	1.2239	1.05	0.7782
1332	1303771791529	1	1.2239	1.05	0.7782
1333	1303771791589	1	1.2239	1.05	0.7782
1334	1303771791647	1	1.2239	1.05	0.7782
1335	1303771791707	1	1.2239	1.05	0.7782
1336	1303771791766	1	1.2239	1.05	0.7782
1337	1303771791826	1	1.2239	1.05	0.7782
1338	1303771791885	1	1.2239	1.05	0.7782
1339	1303771791945	1	1.2239	1.05	0.7782
1340	1303771792002	1	1.2239	1.05	0.7782
1341	1303771792062	1	1.2239	1.05	0.7782
1342	1303771792121	1	1.2239	1.05	0.7782
1343	1303771792180	1	1.2239	1.05	0.7782
1344	1303771792239	1	1.2239	1.05	0.7782
1345	1303771792298	1	1.2239	1.05	0.7782
1346	1303771792358	1	1.2239	1.05	0.7782
1347	1303771792417	1	1.2239	1.05	0.7782
1348	1303771792477	1	1.2239	1.05	0.7782
1349	1303771792537	1	1.2239	1.05	0.7782
1350	1303771792596	1	1.2239	1.05	0.7782
1351	1303771792655	1	1.2239	1.05	0.7782
1352	1303771792713	1	1.2239	1.05	0.7782
1353	1303771792773	1	1.2239	1.05	0.7782
1354	1303771792832	1	1.2239	1.05	0.7782
1355	1303771792892	1	1.2239	1.05	0.7782
1356	1303771792950	1	1.2239	1.05	0.7782
1357	1303771793010	1	1.2239	1.05	0.7782
1358	1303771793069	1	1.2239	1.05	0.7782
1359	1303771793129	1	1.2239	1.05	0.7782
1360	1303771793188	1	1.2242	1.05	0.778
1361	1303771793289	1	1.2242	1.05	0.778
1362	1303771793348	1	1.2242	1.05	0.778
1363	1303771793453	1	1.2242	1.05	0.778
1364	1303771793515	1	1.2242	1.05	0.778
1365	1303771793573	1	1.2242	1.05	0.778
1366	1303771793634	1	1.2242	1.05	0.778
1367	1303771793694	1	1.2242	1.05	0.778
1368	1303771793753	1	1.2242	1.05	0.778
1369	1303771793812	1	1.2242	1.05	0.778
1370	1303771793871	1	1.2242	1.05	0.778
1371	1303771793930	1	1.2242	1.05	0.778
1372	1303771793990	1	1.2242	1.05	0.778
1373	1303771794048	1	1.2242	1.05	0.778
1374	1303771794107	1	1.2242	1.05	0.778
1375	1303771794166	1	1.2242	1.05	0.778
1376	1303771794225	1	1.2242	1.05	0.778
1377	1303771794287	1	1.2242	1.05	0.778
1378	1303771794346	1	1.2242	1.05	0.778
1379	1303771794405	1	1.2242	1.05	0.778
1380	1303771794467	1	1.2242	1.05	0.778
1381	1303771794528	1	1.2242	1.05	0.778
1382	1303771794587	1	1.2242	1.05	0.778
1383	1303771794646	1	1.2242	1.05	0.778
1384	1303771794707	1	1.2242	1.05	0.778
1385	1303771794768	1	1.2242	1.05	0.778
1386	1303771794827	1	1.2242	1.05	0.778
1387	1303771794887	1	1.2242	1.05	0.778
1388	1303771794945	1	1.2242	1.05	0.778
1389	1303771795004	1	1.2242	1.05	0.778
1390	1303771795062	1	1.2242	1.05	0.778
1391	1303771795122	1	1.2242	1.05	0.778
1392	1303771795181	1	1.2241	1.05	0.778
1393	1303771795241	1	1.2241	1.05	0.778
1394	1303771795300	1	1.2241	1.05	0.778
1395	1303771795359	1	1.2241	1.05	0.778
1396	1303771795418	1	1.2241	1.05	0.778
1397	1303771795476	1	1.2241	1.05	0.778
1398	1303771795535	1	1.2241	1.05	0.778
1399	1303771795595	1	1.2241	1.05	0.778
1400	1303771795654	1	1.2241	1.05	0.778
1401	1303771795754	1	1.2241	1.05	0.778
1402	1303771795814	1	1.2241	1.05	0.778
1403	1303771795874	1	1.2241	1.05	0.778
1404	1303771795933	1	1.2241	1.05	0.778
1405	1303771795993	1	1.2241	1.05	0.778
1406	1303771796053	1	1.2241	1.05	0.778
1407	1303771796114	1	1.2241	1.05	0.778
1408	1303771796172	1	1.2241	1.05	0.778
1409	1303771796232	1	1.2241	1.05	0.778
1410	1303771796290	1	1.2241	1.05	0.778
1411	1303771796350	1	1.2241	1.05	0.778
1412	1303771796409	1	1.2241	1.05	0.778
1413	1303771796467	1	1.2241	1.05	0.778
1414	1303771796526	1	1.2241	1.05	0.778
1415	1303771796586	1	1.2241	1.05	0.778
1416	1303771796645	1	1.2241	1.05	0.778
1417	1303771796705	1	1.2241	1.05	0.778
1418	1303771796765	1	1.2241	1.05	0.778
1419	1303771796825	1	1.2241	1.05	0.778
1420	1303771796884	1	1.2241	1.05	0.778
1421	1303771796944	1	1.2244	1.05	0.7778
1422	1303771797001	1	1.2244	1.05	0.7778
1423	1303771797061	1	1.2244	1.05	0.7778
1424	1303771797120	1	1.2244	1.05	0.7778
1425	1303771797179	1	1.2244	1.05	0.7778
1426	1303771797241	1	1.2244	1.05	0.7778
1427	1303771797303	1	1.2244	1.05	0.7778
1428	1303771797364	1	1.2244	1.05	0.7778
1429	1303771797426	1	1.2244	1.05	0.7778
1430	1303771797486	1	1.2244	1.05	0.7778
1431	1303771797546	1	1.2244	1.05	0.7778
1432	1303771797605	1	1.2244	1.05	0.7778
1433	1303771797706	1	1.2244	1.05	0.7778
1434	1303771797765	1	1.2244	1.05	0.7778
1435	1303771797825	1	1.2244	1.05	0.7778
1436	1303771797884	1	1.2244	1.05	0.7778
1437	1303771797944	1	1.2244	1.05	0.7778
1438	1303771798003	1	1.2244	1.05	0.7778
1439	1303771798064	1	1.2244	1.05	0.7778
1440	1303771798122	1	1.2244	1.05	0.7778
1441	1303771798223	1	1.2244	1.05	0.7778
1442	1303771798282	1	1.2244	1.05	0.7778
1443	1303771798343	1	1.2244	1.05	0.7778
1444	1303771798404	1	1.2244	1.05	0.7778
1445	1303771798465	1	1.2244	1.05	0.7778
1446	1303771798526	1	1.2244	1.05	0.7778
1447	1303771798587	1	1.2244	1.05	0.7778
1448	1303771798646	1	1.2244	1.05	0.7778
1449	1303771798705	1	1.2244	1.05	0.7778
1450	1303771798764	1	1.2244	1.05	0.7778
1451	1303771798868	1	1.2244	1.05	0.7778
1452	1303771798927	1	1.2244	1.05	0.7778
1453	1303771799028	1	1.2244	1.05	0.7779
1454	1303771799087	1	1.2244	1.05	0.7779
1455	1303771799146	1	1.2244	1.05	0.7779
1456	1303771799246	1	1.2244	1.05	0.7779
1457	1303771799306	1	1.2244	1.05	0.7779
1458	1303771799366	1	1.2244	1.05	0.7779
1459	1303771799425	1	1.2244	1.05	0.7779
1460	1303771799484	1	1.2244	1.05	0.7779
1461	1303771799545	1	1.2244	1.05	0.7779
1462	1303771799604	1	1.2244	1.05	0.7779
1463	1303771799664	1	1.2244	1.05	0.7779
1464	1303771799724	1	1.2244	1.05	0.7779
1465	1303771799784	1	1.2244	1.05	0.7779
1466	1303771799845	1	1.2244	1.05	0.7779
1467	1303771799905	1	1.2244	1.05	0.7779
1468	1303771800008	1	1.2244	1.05	0.7779
1469	1303771800067	1	1.2244	1.05	0.7779
1470	1303771800128	1	1.2244	1.05	0.7779
1471	1303771800189	1	1.2244	1.05	0.7779
1472	1303771800251	1	1.2244	1.05	0.7779
1473	1303771800311	1	1.2244	1.05	0.7779
1474	1303771800373	1	1.2244	1.05	0.7779
1475	1303771800433	1	1.2244	1.05	0.7779
1476	1303771800492	1	1.2244	1.05	0.7779
1477	1303771800593	1	1.2244	1.05	0.7779
1478	1303771800654	1	1.2244	1.05	0.7779
1479	1303771800715	1	1.2244	1.05	0.7779
1480	1303771800775	1	1.2244	1.05	0.7779
1481	1303771800834	1	1.2244	1.05	0.7779
1482	1303771800893	1	1.2245	1.05	0.7778
1483	1303771800953	1	1.2245	1.05	0.7778
1484	1303771801014	1	1.2245	1.05	0.7778
1485	1303771801076	1	1.2245	1.05	0.7778
1486	1303771801140	1	1.2245	1.05	0.7778
1487	1303771801241	1	1.2245	1.05	0.7778
1488	1303771801342	1	1.2245	1.05	0.7778
1489	1303771801403	1	1.2245	1.05	0.7778
1490	1303771801465	1	1.2245	1.05	0.7778
1491	1303771801526	1	1.2245	1.05	0.7778
1492	1303771801586	1	1.2245	1.05	0.7778
1493	1303771801687	1	1.2245	1.05	0.7778
1494	1303771801747	1	1.2245	1.05	0.7778
1495	1303771801807	1	1.2245	1.05	0.7778
1496	1303771801867	1	1.2245	1.05	0.7778
1497	1303771801927	1	1.2245	1.05	0.7778
1498	1303771801987	1	1.2245	1.05	0.7778
1499	1303771802048	1	1.2245	1.05	0.7778
1500	1303771802108	1	1.2245	1.05	0.7778
1501	1303771802167	1	1.2245	1.05	0.7778
1502	1303771802227	1	1.2245	1.05	0.7778
1503	1303771802287	1	1.2245	1.05	0.7778
1504	1303771802348	1	1.2245	1.05	0.7778
1505	1303771802408	1	1.2245	1.05	0.7778
1506	1303771802469	1	1.2245	1.05	0.7778
1507	1303771802529	1	1.2245	1.05	0.7778
1508	1303771802591	1	1.2245	1.05	0.7778
1509	1303771802651	1	1.2245	1.05	0.7778
1510	1303771802712	1	1.2245	1.05	0.7778
1511	1303771802772	1	1.2245	1.05	0.7778
1512	1303771802831	1	1.2245	1.05	0.7778
1513	1303771802894	1	1.2245	1.05	0.7778
1514	1303771802955	1	1.2245	1.05	0.7778
1515	1303771803015	1	1.2245	1.05	0.7778
1516	1303771803075	1	1.2245	1.05	0.7778
1517	1303771803135	1	1.2245	1.05	0.7778
1518	1303771803195	1	1.2245	1.05	0.7778
1519	1303771803254	1	1.2245	1.05	0.7778
1520	1303771803314	1	1.2245	1.05	0.7778
1521	1303771803374	1	1.2245	1.05	0.7778
1522	1303771803434	1	1.2245	1.05	0.7778
1523	1303771803494	1	1.2245	1.05	0.7778
1524	1303771803594	1	1.2245	1.05	0.7778
1525	1303771803653	1	1.2245	1.05	0.7778
1526	1303771803715	1	1.2245	1.05	0.7778
1527	1303771803777	1	1.2245	1.05	0.7778
1528	1303771803835	1	1.2245	1.05	0.7778
1529	1303771803894	1	1.2245	1.05	0.7778
1530	1303771803953	1	1.2245	1.05	0.7778
1531	1303771804013	1	1.2245	1.05	0.7778
1532	1303771804073	1	1.2245	1.05	0.7778
1533	1303771804133	1	1.2245	1.05	0.7778
1534	1303771804193	1	1.2245	1.05	0.7778
1535	1303771804253	1	1.2245	1.05	0.7778
1536	1303771804311	1	1.2245	1.05	0.7778
1537	1303771804371	1	1.2245	1.05	0.7778
1538	1303771804431	1	1.2245	1.05	0.7778
1539	1303771804491	1	1.2245	1.05	0.7778
1540	1303771804551	1	1.2245	1.05	0.7778
1541	1303771804652	1	1.2911	1.05	0.7376
1542	1303771804713	1	1.2911	1.05	0.7376
1543	1303771804774	1	1.2914	1.05	0.7375
1544	1303771804834	1	1.2914	1.05	0.7375
1545	1303771804896	1	1.2914	1.05	0.7375
1546	1303771804954	1	1.2914	1.05	0.7375
1547	1303771805013	1	1.2914	1.05	0.7375
1548	1303771805073	1	1.2914	1.05	0.7375
1549	1303771805133	1	1.2914	1.05	0.7375
1550	1303771805193	1	1.2914	1.05	0.7375
1551	1303771805253	1	1.2914	1.05	0.7375
1552	1303771805316	1	1.2914	1.05	0.7375
1553	1303771805378	1	1.2914	1.05	0.7375
1554	1303771805439	1	1.2914	1.05	0.7375
1555	1303771805497	1	1.2914	1.05	0.7375
1556	1303771805557	1	1.2914	1.05	0.7375
1557	1303771805617	1	1.2914	1.05	0.7375
1558	1303771805676	1	1.2914	1.05	0.7375
1559	1303771805735	1	1.2914	1.05	0.7375
1560	1303771805795	1	1.2914	1.05	0.7375
1561	1303771805855	1	1.2914	1.05	0.7375
1562	1303771805915	1	1.2914	1.05	0.7375
1563	1303771805974	1	1.2914	1.05	0.7375
1564	1303771806032	1	1.2914	1.05	0.7375
1565	1303771806092	1	1.2914	1.05	0.7375
1566	1303771806151	1	1.2914	1.05	0.7375
1567	1303771806211	1	1.2914	1.05	0.7375
1568	1303771806271	1	1.2914	1.05	0.7375
1569	1303771806331	1	1.2914	1.05	0.7375
1570	1303771806393	1	1.2914	1.05	0.7375
1571	1303771806454	1	1.2914	1.05	0.7375
1572	1303771806513	1	1.2914	1.05	0.7375
1573	1303771806572	1	1.2914	1.05	0.7375
1574	1303771806634	1	1.2914	1.05	0.7375
1575	1303771806694	1	1.2914	1.05	0.7375
1576	1303771806755	1	1.2914	1.05	0.7375
1577	1303771806815	1	1.2914	1.05	0.7375
1578	1303771806875	1	1.2914	1.05	0.7375
1579	1303771806935	1	1.2914	1.05	0.7375
1580	1303771807035	1	1.2914	1.05	0.7375
1581	1303771807095	1	1.2914	1.05	0.7375
1582	1303771807156	1	1.2914	1.05	0.7375
1583	1303771807215	1	1.2914	1.05	0.7375
1584	1303771807275	1	1.2914	1.05	0.7375
1585	1303771807336	1	1.2914	1.05	0.7375
1586	1303771807400	1	1.2914	1.05	0.7375
1587	1303771807462	1	1.2914	1.05	0.7375
1588	1303771807522	1	1.2914	1.05	0.7375
1589	1303771807585	1	1.2914	1.05	0.7375
1590	1303771807646	1	1.2914	1.05	0.7375
1591	1303771807708	1	1.2914	1.05	0.7375
1592	1303771807765	1	1.2914	1.05	0.7375
1593	1303771807825	1	1.2914	1.05	0.7375
1594	1303771807884	1	1.2914	1.05	0.7375
1595	1303771807984	1	1.2914	1.05	0.7375
1596	1303771808044	1	1.2914	1.05	0.7375
1597	1303771808105	1	1.2914	1.05	0.7375
1598	1303771808165	1	1.2914	1.05	0.7375
1599	1303771808226	1	1.2914	1.05	0.7375
1600	1303771808285	1	1.2914	1.05	0.7375
1601	1303771808345	1	1.2914	1.05	0.7375
1602	1303771808406	1	1.2914	1.05	0.7375
1603	1303771808466	1	1.2914	1.05	0.7375
1604	1303771808525	1	1.2919	1.05	0.7372
1605	1303771808585	1	1.2919	1.05	0.7372
1606	1303771808645	1	1.2919	1.05	0.7372
1607	1303771808706	1	1.2919	1.05	0.7372
1608	1303771808766	1	1.2919	1.05	0.7372
1609	1303771808825	1	1.2919	1.05	0.7372
1610	1303771808885	1	1.2919	1.05	0.7372
1611	1303771808986	1	1.2919	1.05	0.7372
1612	1303771809047	1	1.2919	1.05	0.7372
1613	1303771809108	1	1.2919	1.05	0.7372
1614	1303771809169	1	1.2919	1.05	0.7372
1615	1303771809229	1	1.2919	1.05	0.7372
1616	1303771809289	1	1.2919	1.05	0.7372
1617	1303771809393	1	1.2919	1.05	0.7372
1618	1303771809453	1	1.2919	1.05	0.7372
1619	1303771809513	1	1.2919	1.05	0.7372
1620	1303771809573	1	1.2919	1.05	0.7372
1621	1303771809633	1	1.2919	1.05	0.7372
1622	1303771809691	1	1.2919	1.05	0.7372
1623	1303771809753	1	1.2919	1.05	0.7372
1624	1303771809813	1	1.2919	1.05	0.7372
1625	1303771809873	1	1.2919	1.05	0.7372
1626	1303771809933	1	1.2919	1.05	0.7372
1627	1303771809993	1	1.2919	1.05	0.7372
1628	1303771810052	1	1.2919	1.05	0.7372
1629	1303771810114	1	1.2919	1.05	0.7372
1630	1303771810174	1	1.2919	1.05	0.7372
1631	1303771810233	1	1.2919	1.05	0.7372
1632	1303771810293	1	1.2919	1.05	0.7372
1633	1303771810353	1	1.2919	1.05	0.7372
1634	1303771810413	1	1.2919	1.05	0.7372
1635	1303771810472	1	1.2919	1.05	0.7372
1636	1303771810533	1	1.2919	1.05	0.7372
1637	1303771810594	1	1.2873	1.05	0.7398
1638	1303771810655	1	1.287	1.05	0.74
1639	1303771810716	1	1.287	1.05	0.74
1640	1303771810777	1	1.287	1.05	0.74
1641	1303771810837	1	1.287	1.05	0.74
1642	1303771810899	1	1.287	1.05	0.74
1643	1303771810959	1	1.287	1.05	0.74
1644	1303771811019	1	1.287	1.05	0.74
1645	1303771811080	1	1.287	1.05	0.74
1646	1303771811142	1	1.287	1.05	0.74
1647	1303771811244	1	1.287	1.05	0.74
1648	1303771811304	1	1.287	1.05	0.74
1649	1303771811365	1	1.287	1.05	0.74
1650	1303771811426	1	1.287	1.05	0.74
1651	1303771811489	1	1.287	1.05	0.74
1652	1303771811549	1	1.287	1.05	0.74
1653	1303771811609	1	1.287	1.05	0.74
1654	1303771811669	1	1.287	1.05	0.74
1655	1303771811731	1	1.287	1.05	0.74
1656	1303771811794	1	1.287	1.05	0.74
1657	1303771811857	1	1.287	1.05	0.74
1658	1303771811917	1	1.287	1.05	0.74
1659	1303771811978	1	1.287	1.05	0.74
1660	1303771812037	1	1.287	1.05	0.74
1661	1303771812097	1	1.287	1.05	0.74
1662	1303771812157	1	1.287	1.05	0.74
1663	1303771812218	1	1.287	1.05	0.74
1664	1303771812278	1	1.287	1.05	0.74
1665	1303771812339	1	1.2873	1.05	0.7398
1666	1303771812399	1	1.2873	1.05	0.7398
1667	1303771812459	1	1.2873	1.05	0.7398
1668	1303771812560	1	1.2873	1.05	0.7398
1669	1303771812621	1	1.2873	1.05	0.7398
1670	1303771812720	1	1.2873	1.05	0.7398
1671	1303771812780	1	1.2873	1.05	0.7398
1672	1303771812840	1	1.2873	1.05	0.7398
1673	1303771812901	1	1.2873	1.05	0.7398
1674	1303771812962	1	1.2873	1.05	0.7398
1675	1303771813023	1	1.2873	1.05	0.7398
1676	1303771813084	1	1.2873	1.05	0.7398
1677	1303771813145	1	1.2873	1.05	0.7398
1678	1303771813204	1	1.2873	1.05	0.7398
1679	1303771813264	1	1.2873	1.05	0.7398
1680	1303771813324	1	1.2873	1.05	0.7398
1681	1303771813428	1	1.2873	1.05	0.7398
1682	1303771813490	1	1.2873	1.05	0.7398
1683	1303771813550	1	1.2873	1.05	0.7398
1684	1303771813610	1	1.2873	1.05	0.7398
1685	1303771813669	1	1.2873	1.05	0.7398
1686	1303771813730	1	1.2873	1.05	0.7398
1687	1303771813790	1	1.2873	1.05	0.7398
1688	1303771813850	1	1.2873	1.05	0.7398
1689	1303771813910	1	1.2873	1.05	0.7398
1690	1303771813968	1	1.2873	1.05	0.7398
1691	1303771814028	1	1.2873	1.05	0.7398
1692	1303771814088	1	1.2873	1.05	0.7398
1693	1303771814147	1	1.2873	1.05	0.7398
1694	1303771814207	1	1.2873	1.05	0.7398
1695	1303771814267	1	1.2873	1.05	0.7398
1696	1303771814329	1	1.2843	1.05	0.7416
1697	1303771814393	1	1.2839	1.05	0.7418
1698	1303771814454	1	1.2839	1.05	0.7418
1699	1303771814513	1	1.2839	1.05	0.7418
1700	1303771814573	1	1.2839	1.05	0.7418
1701	1303771814633	1	1.2839	1.05	0.7418
1702	1303771814693	1	1.2839	1.05	0.7418
1703	1303771814752	1	1.2839	1.05	0.7418
1704	1303771814812	1	1.2839	1.05	0.7418
1705	1303771814872	1	1.2839	1.05	0.7418
1706	1303771814935	1	1.2839	1.05	0.7418
1707	1303771814995	1	1.2839	1.05	0.7418
1708	1303771815054	1	1.2839	1.05	0.7418
1709	1303771815114	1	1.2839	1.05	0.7418
1710	1303771815174	1	1.2839	1.05	0.7418
1711	1303771815236	1	1.2839	1.05	0.7418
1712	1303771815295	1	1.2839	1.05	0.7418
1713	1303771815355	1	1.2839	1.05	0.7418
1714	1303771815417	1	1.2839	1.05	0.7418
1715	1303771815476	1	1.2839	1.05	0.7418
1716	1303771815536	1	1.2839	1.05	0.7418
1717	1303771815595	1	1.2839	1.05	0.7418
1718	1303771815655	1	1.2839	1.05	0.7418
1719	1303771815715	1	1.2839	1.05	0.7418
1720	1303771815775	1	1.2839	1.05	0.7418
1721	1303771815837	1	1.2839	1.05	0.7418
1722	1303771815939	1	1.2839	1.05	0.7418
1723	1303771816001	1	1.2839	1.05	0.7418
1724	1303771816062	1	1.2839	1.05	0.7418
1725	1303771816124	1	1.2839	1.05	0.7418
1726	1303771816184	1	1.2844	1.05	0.7415
1727	1303771816243	1	1.2844	1.05	0.7415
1728	1303771816303	1	1.2844	1.05	0.7415
1729	1303771816364	1	1.2844	1.05	0.7415
1730	1303771816424	1	1.2844	1.05	0.7415
1731	1303771816487	1	1.2844	1.05	0.7415
1732	1303771816547	1	1.2844	1.05	0.7415
1733	1303771816607	1	1.2844	1.05	0.7415
1734	1303771816671	1	1.2844	1.05	0.7415
1735	1303771816732	1	1.2844	1.05	0.7415
1736	1303771816793	1	1.2844	1.05	0.7415
1737	1303771816851	1	1.2844	1.05	0.7415
1738	1303771816912	1	1.2844	1.05	0.7415
1739	1303771817012	1	1.2844	1.05	0.7415
1740	1303771817073	1	1.2844	1.05	0.7415
1741	1303771817133	1	1.2844	1.05	0.7415
1742	1303771817193	1	1.2844	1.05	0.7415
1743	1303771817252	1	1.2844	1.05	0.7415
1744	1303771817313	1	1.2844	1.05	0.7415
1745	1303771817373	1	1.2844	1.05	0.7415
1746	1303771817432	1	1.2844	1.05	0.7415
1747	1303771817492	1	1.2844	1.05	0.7415
1748	1303771817552	1	1.2844	1.05	0.7415
1749	1303771817612	1	1.2844	1.05	0.7415
1750	1303771817672	1	1.2844	1.05	0.7415
1751	1303771817733	1	1.2844	1.05	0.7415
1752	1303771817795	1	1.2844	1.05	0.7415
1753	1303771817855	1	1.2844	1.05	0.7415
1754	1303771817919	1	1.2844	1.05	0.7415
1755	1303771817977	1	1.2844	1.05	0.7415
1756	1303771818037	1	1.2844	1.05	0.7415
1757	1303771818098	1	1.2824	1.05	0.7426
1758	1303771818158	1	1.2821	1.05	0.7428
1759	1303771818219	1	1.2821	1.05	0.7428
1760	1303771818279	1	1.2821	1.05	0.7428
1761	1303771818339	1	1.2821	1.05	0.7428
1762	1303771818399	1	1.2821	1.05	0.7428
1763	1303771818460	1	1.2821	1.05	0.7428
1764	1303771818520	1	1.2821	1.05	0.7428
1765	1303771818578	1	1.2821	1.05	0.7428
1766	1303771818638	1	1.2821	1.05	0.7428
1767	1303771818698	1	1.2821	1.05	0.7428
1768	1303771818759	1	1.2821	1.05	0.7428
1769	1303771818819	1	1.2821	1.05	0.7428
1770	1303771818880	1	1.2821	1.05	0.7428
1771	1303771818940	1	1.2821	1.05	0.7428
1772	1303771819000	1	1.2821	1.05	0.7428
1773	1303771819061	1	1.2821	1.05	0.7428
1774	1303771819120	1	1.2821	1.05	0.7428
1775	1303771819180	1	1.2821	1.05	0.7428
1776	1303771819240	1	1.2821	1.05	0.7428
1777	1303771819301	1	1.2821	1.05	0.7428
1778	1303771819361	1	1.2821	1.05	0.7428
1779	1303771819422	1	1.2821	1.05	0.7428
1780	1303771819484	1	1.2821	1.05	0.7428
1781	1303771819545	1	1.2821	1.05	0.7428
1782	1303771819606	1	1.2821	1.05	0.7428
1783	1303771819667	1	1.2821	1.05	0.7428
1784	1303771819725	1	1.2821	1.05	0.7428
1785	1303771819786	1	1.2821	1.05	0.7428
1786	1303771819846	1	1.2821	1.05	0.7428
1787	1303771819906	1	1.2828	1.05	0.7424
1788	1303771819966	1	1.2828	1.05	0.7424
1789	1303771820030	1	1.2828	1.05	0.7424
1790	1303771820132	1	1.3125	1.05	0.7256
1791	1303771820193	1	1.3125	1.05	0.7256
1792	1303771820254	1	1.3125	1.05	0.7256
1793	1303771820313	1	1.3125	1.05	0.7256
1794	1303771820373	1	1.3125	1.05	0.7256
1795	1303771820433	1	1.3125	1.05	0.7256
1796	1303771820494	1	1.3125	1.05	0.7256
1797	1303771820555	1	1.3125	1.05	0.7256
1798	1303771820615	1	1.3125	1.05	0.7256
1799	1303771820676	1	1.3125	1.05	0.7256
1800	1303771820736	1	1.3125	1.05	0.7256
