0	1303772014488	0	0	0	0
1	1303772014539	0	0	0	0
2	1303772014548	0	0	0	0
3	1303772014566	0	0	0	0
4	1303772014575	0	0	0	0
5	1303772014584	0	0	0	0
6	1303772014594	0	0	0	0
7	1303772014604	0	0	0	0
8	1303772014615	0	0	0	0
9	1303772014626	0	0	0	0
10	1303772014641	0	0	0	0
11	1303772014652	0	0	0	0
12	1303772014664	0	0	0	0
13	1303772014676	0	0	0	0
14	1303772014688	0	0	0	0
15	1303772014700	0	0	0	0
16	1303772014753	0	0	0	0
17	1303772014765	0	0	0	0
18	1303772014783	0.5	0	0	0
19	1303772014818	0.5	0	0	0
20	1303772014845	0.5	0	0	0
21	1303772014858	0.5	1.0431	0	0
22	1303772014879	0.5	1.0431	0	0
23	1303772014893	0.5	1.0431	0	0
24	1303772014907	0.5	1.0431	0	0
25	1303772014963	0.5	1.0431	0	0
26	1303772014976	0.5	1.0431	1.5	0.3195
27	1303772014990	0.5	1.0431	1.5	0.3195
28	1303772015004	0.5	1.0431	1.5	0.3195
29	1303772015019	0.5	1.0431	1	0.4793
30	1303772015073	0.5	1.0431	1	0.4793
31	1303772015087	0.5	1.0431	1.25	0.3835
32	1303772015102	0.5	1.0431	1	0.4793
33	1303772015118	0.5	1.0431	1	0.4793
34	1303772015132	0.5	1.0431	1	0.4793
35	1303772015147	0.5	1.0431	1	0.4793
36	1303772015161	0.5	1.0431	1.3333	0.3595
37	1303772015177	0.5	1.0431	1.1667	0.4108
38	1303772015191	0.5	1.0431	1.3333	0.3595
39	1303772015206	0.5	1.0431	1.3333	0.3595
40	1303772015220	0.5	1.0431	1.25	0.3835
41	1303772015237	0.5	1.0431	1.1667	0.4108
42	1303772015251	0.5	1.0431	1.2	0.3994
43	1303772015266	0.5	1.0431	1.1	0.4357
44	1303772015324	0.5	1.0431	1	0.4793
45	1303772015338	0.5	1.0431	1.1	0.4357
46	1303772015354	0.5	1.0431	1	0.4793
47	1303772015369	0.5	1.0431	1	0.4793
48	1303772015385	0.5	1.0431	1.1	0.4357
49	1303772015444	0.5	1.0431	1.2	0.3994
50	1303772015459	0.5	1.0431	1.2	0.3994
51	1303772015475	0.5	1.0431	1.2	0.3994
52	1303772015493	0.5	1.0431	1.2	0.3994
53	1303772015508	0.5	1.0431	1.2	0.3994
54	1303772015523	0.5	1.0431	1.2	0.3994
55	1303772015537	0.5	1.0431	1.2	0.3994
56	1303772015554	0.5	1.0431	1.2	0.3994
57	1303772015568	0.5	1.0431	1.2	0.3994
58	1303772015583	0.5	1.0431	1.2	0.3994
59	1303772015599	0.5	1.0431	1.2	0.3994
60	1303772015656	0.5	1.0431	1.2	0.3994
61	1303772015671	0.5	1.0431	1.2	0.3994
62	1303772015686	0.5	1.0431	1.2	0.3994
63	1303772015700	0.5	1.0431	1.2	0.3994
64	1303772015718	0.5	1.0431	1.2	0.3994
65	1303772015734	0.5	1.0431	1.2	0.3994
66	1303772015750	0.5	1.0431	1.2	0.3994
67	1303772015768	0.5	1.0431	1.2	0.3994
68	1303772015783	0.5	1.0431	1.2	0.3994
69	1303772015800	0.5	1.0431	1.2	0.3994
70	1303772015816	0.5	1.0431	1.2	0.3994
71	1303772015874	0.5	1.0431	1.2	0.3994
72	1303772015890	0.5	1.0431	1.1667	0.4108
73	1303772015906	0.5	1.0431	1.1667	0.4108
74	1303772015924	0.5	1.0431	1.1429	0.4194
75	1303772015940	0.5	1.0431	1.2	0.3994
76	1303772016000	0.5	1.0431	1.0714	0.4474
77	1303772016016	0.5	1.0431	1.1429	0.4194
78	1303772016034	0.5	1.0431	1.0714	0.4474
79	1303772016050	0.5	1.0431	1.0714	0.4474
80	1303772016066	0.5	1.0431	1.0714	0.4474
81	1303772016083	0.5	1.0431	1.0714	0.4474
82	1303772016100	0.5	1.0114	1.0714	0.4614
83	1303772016119	0.5	1.0069	1.0714	0.4634
84	1303772016139	0.5	1.0069	1.0714	0.4634
85	1303772016156	0.5	1.0069	1.0714	0.4634
86	1303772016172	0.5	1.0069	1.0714	0.4634
87	1303772016190	0.5	1.0069	1.0714	0.4634
88	1303772016206	0.5	1.0069	1.0714	0.4634
89	1303772016222	0.5	1.0069	1.0714	0.4634
90	1303772016281	0.5	1.0069	1.0714	0.4634
91	1303772016340	0.5	1.0069	1.0714	0.4634
92	1303772016356	0.5	1.0069	1.0714	0.4634
93	1303772016373	0.5	1.0069	1.0714	0.4634
94	1303772016391	0.5	1.0069	1.0714	0.4634
95	1303772016407	0.5	1.0069	1.0714	0.4634
96	1303772016463	0.5	1.0069	1.0714	0.4634
97	1303772016525	0.5	1.0069	1.0714	0.4634
98	1303772016541	0.5	1.0069	1.0714	0.4634
99	1303772016557	0.5	1.0069	1.0714	0.4634
100	1303772016573	0.5	1.0069	1	0.4966
101	1303772016591	0.5	1.0069	1.0714	0.4634
102	1303772016647	0.5	1.0069	1.0714	0.4634
103	1303772016663	0.5	1.0069	1.0714	0.4634
104	1303772016680	0.5	1.0069	1	0.4966
105	1303772016696	0.5	1.0069	1.0714	0.4634
106	1303772016712	0.5	1.0069	1.0714	0.4634
107	1303772016769	0.5	1.0069	1.0714	0.4634
108	1303772016826	0.5	1.0069	1	0.4966
109	1303772016842	0.5	1.0069	1.0714	0.4634
110	1303772016857	0.5	1.0069	1.0714	0.4634
111	1303772016875	0.5	1.0069	1.0714	0.4634
112	1303772016891	0.5	1.0069	1	0.4966
113	1303772016906	0.5	1.0069	1	0.4966
114	1303772016923	0.5	1.0069	1.0714	0.4634
115	1303772016981	0.5	1.0069	1.0714	0.4634
116	1303772017037	0.5	1.0069	1	0.4966
117	1303772017053	0.5	1.0069	1	0.4966
118	1303772017071	0.5	1.0069	1.0714	0.4634
119	1303772017087	0.5	1.0069	1.0714	0.4634
120	1303772017104	0.5	1.0069	1	0.4966
121	1303772017120	0.5	1.0069	1	0.4966
122	1303772017138	0.5	1.0069	1.0714	0.4634
123	1303772017154	0.5	1.0069	1	0.4966
124	1303772017170	0.5	1.0069	1	0.4966
125	1303772017228	0.5	1.0069	1.0714	0.4634
126	1303772017245	0.5	1.0069	1.0714	0.4634
127	1303772017262	0.5	1.0069	1	0.4966
128	1303772017279	0.5	1.0069	1	0.4966
129	1303772017297	0.5	1.0069	1.0714	0.4634
130	1303772017313	0.5	1.0069	1.0714	0.4634
131	1303772017329	0.5	1.0069	1	0.4966
132	1303772017346	0.5	1.0069	1.0714	0.4634
133	1303772017364	0.5	1.0069	1.0714	0.4634
134	1303772017380	0.5	1.0069	1	0.4966
135	1303772017396	0.5	1.0069	1.0714	0.4634
136	1303772017414	0.5	1.0069	1.0714	0.4634
137	1303772017430	0.5	1.0069	1	0.4966
138	1303772017446	0.5	1.0069	1.0714	0.4634
139	1303772017463	0.5	1.0069	1.0714	0.4634
140	1303772017481	0.5	1.0069	1	0.4966
141	1303772017498	0.5	1.0069	1.0714	0.4634
142	1303772017559	0.5	1.0069	1.0714	0.4634
143	1303772017577	0.5	1	1	0.5
144	1303772017595	0.5	1	1.0714	0.4667
145	1303772017613	0.5	1	1.0714	0.4667
146	1303772017632	0.5	1	1	0.5
147	1303772017690	0.5	1	1.0714	0.4667
148	1303772017707	0.5	1	1.0714	0.4667
149	1303772017725	0.5	1	1	0.5
150	1303772017742	0.5	1	1.0714	0.4667
151	1303772017758	0.5	1	1.0714	0.4667
152	1303772017777	0.5	1	1	0.5
153	1303772017793	0.5	1	1.0714	0.4667
154	1303772017809	0.5	1	1.0714	0.4667
155	1303772017826	0.5	1	1	0.5
156	1303772017885	0.5	1	1.0714	0.4667
157	1303772017901	0.5	1	1.0714	0.4667
158	1303772017917	0.5	1	1	0.5
159	1303772017936	0.5	1	1.0714	0.4667
160	1303772017952	0.5	1	1.0714	0.4667
161	1303772017968	0.5	1	1	0.5
162	1303772017986	0.5	1	1.0714	0.4667
163	1303772018003	0.5	1	1.0714	0.4667
164	1303772018019	0.5	1	1	0.5
165	1303772018078	0.5	1	1.0714	0.4667
166	1303772018095	0.5	1	1.0714	0.4667
167	1303772018156	0.5	1	1	0.5
168	1303772018174	0.5	1	1.0714	0.4667
169	1303772018191	0.5	1	1.0714	0.4667
170	1303772018208	0.5	1	1	0.5
171	1303772018284	0.5	1	1.0714	0.4667
172	1303772018303	0.5	1	1.0714	0.4667
173	1303772018319	0.5	1	1	0.5
174	1303772018336	0.5	1	1.0714	0.4667
175	1303772018354	0.5	1	1.0714	0.4667
176	1303772018411	0.5	1	1	0.5
177	1303772018427	0.5	1	1.0714	0.4667
178	1303772018446	0.5	1	1.0714	0.4667
179	1303772018462	0.5	1	1	0.5
180	1303772018479	0.5	1	1.0714	0.4667
181	1303772018496	0.5	1	1.0714	0.4667
182	1303772018515	0.5	1	1	0.5
183	1303772018532	0.5	1	1.0714	0.4667
184	1303772018548	0.5	1	1.0714	0.4667
185	1303772018607	0.5	1	1	0.5
186	1303772018623	0.5	1	1.0714	0.4667
187	1303772018640	0.5	1	1.0714	0.4667
188	1303772018658	0.5	1	1	0.5
189	1303772018674	0.5	1	1.0714	0.4667
190	1303772018691	0.5	1	1.0714	0.4667
191	1303772018709	0.5	1	1	0.5
192	1303772018726	0.5	1	1.0714	0.4667
193	1303772018743	0.5	1	1.0714	0.4667
194	1303772018759	0.5	1	1	0.5
195	1303772018777	0.5	1	1.0714	0.4667
196	1303772018795	0.5	1	1.0714	0.4667
197	1303772018812	0.5	1	1	0.5
198	1303772018830	0.5	1	1.0714	0.4667
199	1303772018847	0.5	1	1.0714	0.4667
200	1303772018864	0.5	1	1	0.5
201	1303772018882	0.5	1	1.0714	0.4667
202	1303772018899	0.5	1	1.0714	0.4667
203	1303772018916	0.5	1	1	0.5
204	1303772018933	0.5	1	1.0714	0.4667
205	1303772018952	0.5	1	1.0714	0.4667
206	1303772018970	0.5	1	1	0.5
207	1303772019027	0.5	1	1.0714	0.4667
208	1303772019046	0.5	1	1.0714	0.4667
209	1303772019063	0.5	1	1	0.5
210	1303772019081	0.5	1	1.0714	0.4667
211	1303772019100	0.5	1	1.0714	0.4667
212	1303772019119	0.5	1	1	0.5
213	1303772019136	0.5	1	1.0714	0.4667
214	1303772019155	0.5	1	1.0714	0.4667
215	1303772019173	0.5	1	1	0.5
216	1303772019190	0.5	1	1.0714	0.4667
217	1303772019209	0.5	1	1.0714	0.4667
218	1303772019226	0.5	1	1	0.5
219	1303772019243	0.5	1	1.0714	0.4667
220	1303772019262	0.5	1	1.0714	0.4667
221	1303772019279	0.5	1	1	0.5
222	1303772019296	0.5	1	1.0714	0.4667
223	1303772019315	0.5	1	1.0714	0.4667
224	1303772019371	0.5	1	1	0.5
225	1303772019388	0.5	1	1.0714	0.4667
226	1303772019408	0.5	1	1.0714	0.4667
227	1303772019424	0.5	1	1	0.5
228	1303772019441	0.5	1	1.0714	0.4667
229	1303772019459	0.5	1	1.0714	0.4667
230	1303772019476	0.5	1	1	0.5
231	1303772019493	0.5	1	1.0714	0.4667
232	1303772019510	0.5	1	1.0714	0.4667
233	1303772019529	0.5	1	1	0.5
234	1303772019546	0.5	1	1.0714	0.4667
235	1303772019563	0.5	1	1.0714	0.4667
236	1303772019581	0.5	1	1	0.5
237	1303772019599	0.5	1	1.0714	0.4667
238	1303772019656	0.5	1	1.0714	0.4667
239	1303772019675	0.5	1	1	0.5
240	1303772019692	0.5	1	1.0714	0.4667
241	1303772019709	0.5	1	1.0714	0.4667
242	1303772019726	0.5	1	1	0.5
243	1303772019744	0.5	1	1.0714	0.4667
244	1303772019760	0.5	1	1.0714	0.4667
245	1303772019777	0.5	1	1	0.5
246	1303772019795	0.5	1	1.0714	0.4667
247	1303772019812	0.5	1	1.0714	0.4667
248	1303772019829	0.5	1	1	0.5
249	1303772019845	0.5	1	1.0714	0.4667
250	1303772019863	0.5	1	1.0714	0.4667
251	1303772019880	0.5	1	1	0.5
252	1303772019897	0.5	1	1.0714	0.4667
253	1303772019915	0.5	1	1.0714	0.4667
254	1303772019932	0.5	1	1	0.5
255	1303772019948	0.5	1	1.0714	0.4667
256	1303772019964	0.5	1	1.0714	0.4667
257	1303772019983	0.5	1	1	0.5
258	1303772020000	0.5	1	1.0714	0.4667
259	1303772020017	0.5	1	1.0714	0.4667
260	1303772020036	0.5	1	1	0.5
261	1303772020052	0.5	1	1.0714	0.4667
262	1303772020069	0.5	1	1.0714	0.4667
263	1303772020088	0.5	1	1	0.5
264	1303772020105	0.5	1	1.0714	0.4667
265	1303772020122	0.5	1	1.0714	0.4667
266	1303772020140	0.5	1	1	0.5
267	1303772020159	0.5	1	1.0714	0.4667
268	1303772020217	0.5	1	1.0714	0.4667
269	1303772020235	0.5	1.0002	1	0.4999
270	1303772020294	0.5	1.0002	1.0714	0.4666
271	1303772020352	0.5	1.0002	1.0714	0.4666
272	1303772020371	0.5	1.0002	1	0.4999
273	1303772020388	0.5	1.0002	1.0714	0.4666
274	1303772020405	0.5	1.0002	1.0714	0.4666
275	1303772020424	0.5	1.0002	1	0.4999
276	1303772020441	0.5	1.0002	1.0714	0.4666
277	1303772020459	0.5	1.0002	1.0714	0.4666
278	1303772020478	0.5	1.0002	1	0.4999
279	1303772020495	0.5	1.0002	1.0714	0.4666
280	1303772020513	0.5	1.0002	1.0714	0.4666
281	1303772020530	0.5	1.0002	1	0.4999
282	1303772020549	0.5	1.0002	1.0714	0.4666
283	1303772020606	0.5	1.0002	1.0714	0.4666
284	1303772020665	0.5	1.0002	1	0.4999
285	1303772020683	0.5	1.0002	1.0714	0.4666
286	1303772020701	0.5	1.0002	1.0714	0.4666
287	1303772020721	0.5	1.0002	1	0.4999
288	1303772020740	0.5	1.0002	1.0714	0.4666
289	1303772020758	0.5	1.0002	1.0714	0.4666
290	1303772020778	0.5	1.0002	1	0.4999
291	1303772020795	0.5	1.0002	1.0714	0.4666
292	1303772020812	0.5	1.0002	1.0714	0.4666
293	1303772020830	0.5	1.0002	1	0.4999
294	1303772020889	0.5	1.0002	1.0714	0.4666
295	1303772020907	0.5	1.0002	1.0714	0.4666
296	1303772020927	0.5	1.0002	1	0.4999
297	1303772020945	0.5	1.0002	1.0714	0.4666
298	1303772020963	0.5	1.0002	1.0714	0.4666
299	1303772020981	0.5	1.0002	1	0.4999
300	1303772021000	0.5	1.0002	1.0714	0.4666
301	1303772021017	0.5	1.0002	1.0714	0.4666
302	1303772021034	0.5	1.0002	1	0.4999
303	1303772021053	0.5	1.0002	1.0714	0.4666
304	1303772021111	0.5	1.0002	1.0714	0.4666
305	1303772021171	0.5	1.0002	1	0.4999
306	1303772021189	0.5	1.0002	1.0714	0.4666
307	1303772021208	0.5	1.0002	1.0714	0.4666
308	1303772021228	0.5	1.0002	1	0.4999
309	1303772021245	0.5	1.0002	1.0714	0.4666
310	1303772021263	0.5	1.0002	1.0714	0.4666
311	1303772021281	0.5	1.0002	1	0.4999
312	1303772021301	0.5	1.0002	1.0714	0.4666
313	1303772021319	0.5	1.0002	1.0714	0.4666
314	1303772021337	0.5	1.0002	1	0.4999
315	1303772021358	0.5	1.0002	1.0714	0.4666
316	1303772021376	0.5	1.0002	1.0714	0.4666
317	1303772021393	0.5	1.0002	1	0.4999
318	1303772021413	0.5	1.0002	1.0714	0.4666
319	1303772021431	0.5	1.0002	1.0714	0.4666
320	1303772021449	0.5	1.0002	1	0.4999
321	1303772021468	0.5	1.0002	1.0714	0.4666
322	1303772021485	0.5	1.0002	1.0714	0.4666
323	1303772021502	0.5	1.0002	1	0.4999
324	1303772021521	0.5	1.0002	1.0714	0.4666
325	1303772021539	0.5	1.0002	1.0714	0.4666
326	1303772021557	0.5	1	1	0.5
327	1303772021616	0.5	1	1.0714	0.4667
328	1303772021634	0.5	1	1.0714	0.4667
329	1303772021653	0.5	1	1	0.5
330	1303772021673	0.5	1	1.0714	0.4667
331	1303772021691	0.5	1	1.0714	0.4667
332	1303772021709	0.5	1	1	0.5
333	1303772021728	0.5	1	1.0714	0.4667
334	1303772021746	0.5	1	1.0714	0.4667
335	1303772021763	0.5	1	1	0.5
336	1303772021823	0.5	1	1.0714	0.4667
337	1303772021841	0.5	1	1.0714	0.4667
338	1303772021899	0.5	1	1	0.5
339	1303772021918	0.5	1	1.0714	0.4667
340	1303772021936	0.5	1	1.0714	0.4667
341	1303772021953	0.5	1	1	0.5
342	1303772021973	0.5	1	1.0714	0.4667
343	1303772021990	0.5	1	1.0714	0.4667
344	1303772022008	0.5	1	1	0.5
345	1303772022027	0.5	1	1.0714	0.4667
346	1303772022048	0.5	1	1.0714	0.4667
347	1303772022066	0.5	1	1	0.5
348	1303772022085	0.5	1	1.0714	0.4667
349	1303772022102	0.5	1	1.0714	0.4667
350	1303772022120	0.5	1	1	0.5
351	1303772022140	0.5	1	1.0714	0.4667
352	1303772022157	0.5	1	1.0714	0.4667
353	1303772022174	0.5	1	1	0.5
354	1303772022194	0.5	1	1.0714	0.4667
355	1303772022251	0.5	1	1.0714	0.4667
356	1303772022269	0.5	1	1	0.5
357	1303772022288	0.5	1	1.0714	0.4667
358	1303772022306	0.5	1	1.0714	0.4667
359	1303772022323	0.5	1	1	0.5
360	1303772022383	0.5	1	1.0714	0.4667
361	1303772022401	0.5	1	1.0714	0.4667
362	1303772022419	0.5	1	1	0.5
363	1303772022438	0.5	1	1.0714	0.4667
364	1303772022456	0.5	1	1.0714	0.4667
365	1303772022474	0.5	1	1	0.5
366	1303772022492	0.5	1	1.0714	0.4667
367	1303772022512	0.5	1	1.0714	0.4667
368	1303772022530	0.5	1	1	0.5
369	1303772022548	0.5	1	1.0714	0.4667
370	1303772022567	0.5	1	1.0714	0.4667
371	1303772022585	0.5	1	1	0.5
372	1303772022602	0.5	1	1.0714	0.4667
373	1303772022621	0.5	1	1.0714	0.4667
374	1303772022638	0.5	1	1	0.5
375	1303772022655	0.5	1	1.0714	0.4667
376	1303772022674	0.5	1	1.0714	0.4667
377	1303772022731	0.5	1	1	0.5
378	1303772022748	0.5	1	1.0714	0.4667
379	1303772022768	0.5	1	1.0714	0.4667
380	1303772022785	0.5	1	1	0.5
381	1303772022803	0.5	1	1.0714	0.4667
382	1303772022822	0.5	1	1.0714	0.4667
383	1303772022839	0.5	1	1	0.5
384	1303772022857	0.5	1	1.0714	0.4667
385	1303772022876	0.5	1	1.0714	0.4667
386	1303772022894	0.5	1	1	0.5
387	1303772022912	0.5	1	1.0714	0.4667
388	1303772022931	0.5	1	1.0714	0.4667
389	1303772022949	0.5	1	1	0.5
390	1303772022967	0.5	1.0005	1.0714	0.4664
391	1303772022987	0.5	1.0005	1.0714	0.4664
392	1303772023005	0.5	1.0005	1	0.4997
393	1303772023024	0.5	1.0005	1.0714	0.4664
394	1303772023044	0.5	1.0005	1.0714	0.4664
395	1303772023062	0.5	1.0005	1	0.4997
396	1303772023079	0.5	1.0005	1.0714	0.4664
397	1303772023097	0.5	1.0005	1.0714	0.4664
398	1303772023115	0.5	1.0005	1	0.4997
399	1303772023132	0.5	1.0005	1.0714	0.4664
400	1303772023192	0.5	1.0005	1.0714	0.4664
401	1303772023209	0.5	1.0005	1	0.4997
402	1303772023227	0.5	1.0005	1.0714	0.4664
403	1303772023246	0.5	1.0005	1.0714	0.4664
404	1303772023263	0.5	1.0005	1	0.4997
405	1303772023281	0.5	1.0005	1.0714	0.4664
406	1303772023300	0.5	1.0005	1.0714	0.4664
407	1303772023318	0.5	1.0005	1	0.4997
408	1303772023335	0.5	1.0005	1.0714	0.4664
409	1303772023354	0.5	1.0005	1.0714	0.4664
410	1303772023372	0.5	1.0005	1	0.4997
411	1303772023390	0.5	1.0005	1.0714	0.4664
412	1303772023409	0.5	1.0005	1.0714	0.4664
413	1303772023426	0.5	1.0005	1	0.4997
414	1303772023444	0.5	1.0005	1.0714	0.4664
415	1303772023461	0.5	1.0005	1.0714	0.4664
416	1303772023481	0.5	1.0005	1	0.4997
417	1303772023498	0.5	1.0005	1.0714	0.4664
418	1303772023517	0.5	1.0005	1.0714	0.4664
419	1303772023536	0.5	1.0005	1	0.4997
420	1303772023599	0.5	1.0005	1.0714	0.4664
421	1303772023619	0.5	1.0005	1.0714	0.4664
422	1303772023638	0.5	1.0005	1	0.4997
423	1303772023655	0.5	1.0005	1.0714	0.4664
424	1303772023673	0.5	1.0005	1.0714	0.4664
425	1303772023737	0.5	1.0005	1	0.4997
426	1303772023755	0.5	1.0005	1.0714	0.4664
427	1303772023819	0.5	1.0005	1.0714	0.4664
428	1303772023838	0.5	1.0005	1	0.4997
429	1303772023856	0.5	1.0005	1.0714	0.4664
430	1303772023875	0.5	1.0005	1.0714	0.4664
431	1303772023892	0.5	1.0005	1	0.4997
432	1303772023911	0.5	1.0005	1.0714	0.4664
433	1303772023929	0.5	1.0005	1.0714	0.4664
434	1303772023948	0.5	1.0005	1	0.4997
435	1303772023966	0.5	1.0005	1.0714	0.4664
436	1303772023984	0.5	1.0005	1.0714	0.4664
437	1303772024004	0.5	1.0005	1	0.4997
438	1303772024022	0.5	1.0005	1.0714	0.4664
439	1303772024040	0.5	1.0005	1.0714	0.4664
440	1303772024059	0.5	1.0005	1	0.4997
441	1303772024077	0.5	1.0005	1.0714	0.4664
442	1303772024095	0.5	1.0005	1.0714	0.4664
443	1303772024116	0.5	1.0005	1	0.4997
444	1303772024134	0.5	1.0005	1.0714	0.4664
445	1303772024152	0.5	1.0005	1.0714	0.4664
446	1303772024211	0.5	1.0005	1	0.4997
447	1303772024229	0.5	1.0005	1.0714	0.4664
448	1303772024246	0.5	1.0005	1.0714	0.4664
449	1303772024266	0.5	1.0002	1	0.4999
450	1303772024283	0.5	1.0002	1.0714	0.4666
451	1303772024300	0.5	1.0002	1.0714	0.4666
452	1303772024319	0.5	1.0002	1	0.4999
453	1303772024337	0.5	1.0002	1.0714	0.4666
454	1303772024354	0.5	1.0002	1.0714	0.4666
455	1303772024414	0.5	1.0002	1	0.4999
456	1303772024431	0.5	1.0002	1.0714	0.4666
457	1303772024448	0.5	1.0002	1.0714	0.4666
458	1303772024467	0.5	1.0002	1	0.4999
459	1303772024484	0.5	1.0002	1.0714	0.4666
460	1303772024501	0.5	1.0002	1.0714	0.4666
461	1303772024560	0.5	1.0002	1	0.4999
462	1303772024578	0.5	1.0002	1.0714	0.4666
463	1303772024595	0.5	1.0002	1.0714	0.4666
464	1303772024654	0.5	1.0002	1	0.4999
465	1303772024672	0.5	1.0002	1.0714	0.4666
466	1303772024689	0.5	1.0002	1.0714	0.4666
467	1303772024708	0.5	1.0002	1	0.4999
468	1303772024765	0.5	1.0002	1.0714	0.4666
469	1303772024783	0.5	1.0002	1.0714	0.4666
470	1303772024802	0.5	1.0002	1	0.4999
471	1303772024819	0.5	1.0002	1.0714	0.4666
472	1303772024836	0.5	1.0002	1.0714	0.4666
473	1303772024855	0.5	1.0002	1	0.4999
474	1303772024872	0.5	1.0002	1.0714	0.4666
475	1303772024889	0.5	1.0002	1.0714	0.4666
476	1303772024908	0.5	1.0002	1	0.4999
477	1303772024925	0.5	1.0002	1.0714	0.4666
478	1303772024942	0.5	1.0002	1.0714	0.4666
479	1303772024961	0.5	1.0002	1	0.4999
480	1303772024980	0.5	1.0002	1.0714	0.4666
481	1303772024997	0.5	1.0002	1.0714	0.4666
482	1303772025062	0.5	1.0002	1	0.4999
483	1303772025080	0.5	1.0002	1.0714	0.4666
484	1303772025099	0.5	1.0002	1.0714	0.4666
485	1303772025119	0.5	1.0002	1	0.4999
486	1303772025136	0.5	1.0002	1.0714	0.4666
487	1303772025154	0.5	1.0002	1.0714	0.4666
488	1303772025170	0.5	1.0002	1	0.4999
489	1303772025190	0.5	1.0002	1.0714	0.4666
490	1303772025208	0.5	1.0002	1.0714	0.4666
491	1303772025271	0.5	1.0002	1	0.4999
492	1303772025292	0.5	1.0002	1.0714	0.4666
493	1303772025310	0.5	1.0002	1.0714	0.4666
494	1303772025329	0.5	1.0002	1	0.4999
495	1303772025349	0.5	1.0002	1.0714	0.4666
496	1303772025367	0.5	1.0002	1.0714	0.4666
497	1303772025384	0.5	1.0002	1	0.4999
498	1303772025403	0.5	1.0002	1.0714	0.4666
499	1303772025421	0.5	1.0002	1.0714	0.4666
500	1303772025438	0.5	1.0002	1	0.4999
501	1303772025457	0.5	1.0002	1.0714	0.4666
502	1303772025475	0.5	1.0002	1.0714	0.4666
503	1303772025493	0.5	1.0002	1	0.4999
504	1303772025512	0.5	1.0002	1.0714	0.4666
505	1303772025530	0.5	1.0002	1.0714	0.4666
506	1303772025549	0.5	1.0002	1	0.4999
507	1303772025567	0.5	1.0002	1.0714	0.4666
508	1303772025585	0.5	1.0002	1.0714	0.4666
509	1303772025603	0.5	1	1	0.5
510	1303772025624	0.5	1	1.0714	0.4667
511	1303772025642	0.5	1	1.0714	0.4667
512	1303772025661	0.5	1	1	0.5
513	1303772025680	0.5	1	1.0714	0.4667
514	1303772025739	0.5	1	1.0714	0.4667
515	1303772025756	0.5	1	1	0.5
516	1303772025816	0.5	1	1.0714	0.4667
517	1303772025834	0.5	1	1.0714	0.4667
518	1303772025851	0.5	1	1	0.5
519	1303772025871	0.5	1	1.0714	0.4667
520	1303772025888	0.5	1	1.0714	0.4667
521	1303772025906	0.5	1	1	0.5
522	1303772025925	0.5	1	1.0714	0.4667
523	1303772025942	0.5	1	1.0714	0.4667
524	1303772025960	0.5	1	1	0.5
525	1303772025979	0.5	1	1.0714	0.4667
526	1303772025997	0.5	1	1.0714	0.4667
527	1303772026055	0.5	1	1	0.5
528	1303772026075	0.5	1	1.0714	0.4667
529	1303772026133	0.5	1	1.0714	0.4667
530	1303772026151	0.5	1	1	0.5
531	1303772026171	0.5	1	1.0714	0.4667
532	1303772026188	0.5	1	1.0714	0.4667
533	1303772026205	0.5	1	1	0.5
534	1303772026225	0.5	1	1.0714	0.4667
535	1303772026242	0.5	1	1.0714	0.4667
536	1303772026260	0.5	1	1	0.5
537	1303772026279	0.5	1	1.0714	0.4667
538	1303772026297	0.5	1	1.0714	0.4667
539	1303772026314	0.5	1	1	0.5
540	1303772026375	0.5	1	1.0714	0.4667
541	1303772026392	0.5	1	1.0714	0.4667
542	1303772026410	0.5	1	1	0.5
543	1303772026430	0.5	1	1.0714	0.4667
544	1303772026447	0.5	1	1.0714	0.4667
545	1303772026465	0.5	1	1	0.5
546	1303772026484	0.5	1	1.0714	0.4667
547	1303772026501	0.5	1	1.0714	0.4667
548	1303772026519	0.5	1	1	0.5
549	1303772026537	0.5	1	1.0714	0.4667
550	1303772026556	0.5	1	1.0714	0.4667
551	1303772026575	0.5	1	1	0.5
552	1303772026593	0.5	1	1.0714	0.4667
553	1303772026613	0.5	1	1.0714	0.4667
554	1303772026631	0.5	1	1	0.5
555	1303772026649	0.5	1	1.0714	0.4667
556	1303772026668	0.5	1	1.0714	0.4667
557	1303772026726	0.5	1	1	0.5
558	1303772026743	0.5	1	1.0714	0.4667
559	1303772026763	0.5	1	1.0714	0.4667
560	1303772026781	0.5	1	1	0.5
561	1303772026798	0.5	1	1.0714	0.4667
562	1303772026818	0.5	1	1.0714	0.4667
563	1303772026835	0.5	1	1	0.5
564	1303772026853	0.5	1	1.0714	0.4667
565	1303772026873	0.5	1	1.0714	0.4667
566	1303772026891	0.5	1	1	0.5
567	1303772026909	0.5	1	1.0714	0.4667
568	1303772026928	0.5	1	1.0714	0.4667
569	1303772026947	0.5	1	1	0.5
570	1303772026966	0.5	1.0006	1.0714	0.4664
571	1303772026987	0.5	1.0006	1.0714	0.4664
572	1303772027005	0.5	1.0006	1	0.4997
573	1303772027023	0.5	1.0006	1.0714	0.4664
574	1303772027043	0.5	1.0006	1.0714	0.4664
575	1303772027061	0.5	1.0006	1	0.4997
576	1303772027081	0.5	1.0006	1.0714	0.4664
577	1303772027101	0.5	1.0006	1.0714	0.4664
578	1303772027118	0.5	1.0006	1	0.4997
579	1303772027135	0.5	1.0006	1.0714	0.4664
580	1303772027155	0.5	1.0006	1.0714	0.4664
581	1303772027174	0.5	1.0006	1	0.4997
582	1303772027192	0.5	1.0006	1.0714	0.4664
583	1303772027253	0.5	1.0006	1.0714	0.4664
584	1303772027270	0.5	1.0006	1	0.4997
585	1303772027288	0.5	1.0006	1.0714	0.4664
586	1303772027308	0.5	1.0006	1.0714	0.4664
587	1303772027327	0.5	1.0006	1	0.4997
588	1303772027344	0.5	1.0006	1.0714	0.4664
589	1303772027364	0.5	1.0006	1.0714	0.4664
590	1303772027381	0.5	1.0006	1	0.4997
591	1303772027398	0.5	1.0006	1.0714	0.4664
592	1303772027460	0.5	1.0006	1.0714	0.4664
593	1303772027479	0.5	1.0006	1	0.4997
594	1303772027497	0.5	1.0006	1.0714	0.4664
595	1303772027515	0.5	1.0006	1.0714	0.4664
596	1303772027535	0.5	1.0006	1	0.4997
597	1303772027593	0.5	1.0006	1.0714	0.4664
598	1303772027610	0.5	1.0006	1.0714	0.4664
599	1303772027630	0.5	1.0006	1	0.4997
600	1303772027647	0.5	1.0006	1.0714	0.4664
601	1303772027664	0.5	1.0006	1.0714	0.4664
602	1303772027689	0.5	1.0006	1	0.4997
603	1303772027707	0.5	1.0006	1.0714	0.4664
604	1303772027766	0.5	1.0006	1.0714	0.4664
605	1303772027786	0.5	1.0006	1	0.4997
606	1303772027848	0.5	1.0006	1.0714	0.4664
607	1303772027867	0.5	1.0006	1.0714	0.4664
608	1303772027886	0.5	1.0006	1	0.4997
609	1303772027904	0.5	1.0006	1.0714	0.4664
610	1303772027922	0.5	1.0006	1.0714	0.4664
611	1303772027943	0.5	1.0006	1	0.4997
612	1303772027961	0.5	1.0006	1.0714	0.4664
613	1303772027979	0.5	1.0006	1.0714	0.4664
614	1303772028038	0.5	1.0006	1	0.4997
615	1303772028056	0.5	1.0006	1.0714	0.4664
616	1303772028075	0.5	1.0006	1.0714	0.4664
617	1303772028134	0.5	1.0006	1	0.4997
618	1303772028152	0.5	1.0006	1.0714	0.4664
619	1303772028170	0.5	1.0006	1.0714	0.4664
620	1303772028189	0.5	1.0006	1	0.4997
621	1303772028207	0.5	1.0006	1.0714	0.4664
622	1303772028264	0.5	1.0006	1.0714	0.4664
623	1303772028284	0.5	1.0006	1	0.4997
624	1303772028302	0.5	1.0006	1.0714	0.4664
625	1303772028320	0.5	1.0006	1.0714	0.4664
626	1303772028340	0.5	1.0006	1	0.4997
627	1303772028357	0.5	1.0006	1.0714	0.4664
628	1303772028374	0.5	1.0006	1.0714	0.4664
629	1303772028394	0.5	1.0006	1	0.4997
630	1303772028411	0.5	1.0006	1.0714	0.4664
631	1303772028470	0.5	1.0006	1.0714	0.4664
632	1303772028530	0.5	1.0002	1	0.4999
633	1303772028548	0.5	1.0002	1.0714	0.4666
634	1303772028565	0.5	1.0002	1.0714	0.4666
635	1303772028625	0.5	1.0002	1	0.4999
636	1303772028643	0.5	1.0002	1.0714	0.4666
637	1303772028660	0.5	1.0002	1.0714	0.4666
638	1303772028679	0.5	1.0002	1	0.4999
639	1303772028697	0.5	1.0002	1.0714	0.4666
640	1303772028714	0.5	1.0002	1.0714	0.4666
641	1303772028733	0.5	1.0002	1	0.4999
642	1303772028751	0.5	1.0002	1.0714	0.4666
643	1303772028768	0.5	1.0002	1.0714	0.4666
644	1303772028787	0.5	1.0002	1	0.4999
645	1303772028804	0.5	1.0002	1.0714	0.4666
646	1303772028822	0.5	1.0002	1.0714	0.4666
647	1303772028842	0.5	1.0002	1	0.4999
648	1303772028860	0.5	1.0002	1.0714	0.4666
649	1303772028877	0.5	1.0002	1.0714	0.4666
650	1303772028897	0.5	1.0002	1	0.4999
651	1303772028914	0.5	1.0002	1.0714	0.4666
652	1303772028932	0.5	1.0002	1.0714	0.4666
653	1303772028951	0.5	1.0002	1	0.4999
654	1303772028969	0.5	1.0002	1.0714	0.4666
655	1303772028988	0.5	1.0002	1.0714	0.4666
656	1303772029007	0.5	1.0002	1	0.4999
657	1303772029024	0.5	1.0002	1.0714	0.4666
658	1303772029042	0.5	1.0002	1.0714	0.4666
659	1303772029061	0.5	1.0002	1	0.4999
660	1303772029103	0.5	1.0002	1.0714	0.4666
661	1303772029122	0.5	1.0002	1.0714	0.4666
662	1303772029142	0.5	1.0002	1	0.4999
663	1303772029159	0.5	1.0002	1.0714	0.4666
664	1303772029177	0.5	1.0002	1.0714	0.4666
665	1303772029196	0.5	1.0002	1	0.4999
666	1303772029215	0.5	1.0002	1.0714	0.4666
667	1303772029232	0.5	1.0002	1.0714	0.4666
668	1303772029249	0.5	1.0002	1	0.4999
669	1303772029270	0.5	1.0002	1.0714	0.4666
670	1303772029288	0.5	1.0002	1.0714	0.4666
671	1303772029349	0.5	1.0002	1	0.4999
672	1303772029368	0.5	1.0002	1.0714	0.4666
673	1303772029386	0.5	1.0002	1.0714	0.4666
674	1303772029403	0.5	1.0002	1	0.4999
675	1303772029423	0.5	1.0002	1.0714	0.4666
676	1303772029441	0.5	1.0002	1.0714	0.4666
677	1303772029460	0.5	1.0002	1	0.4999
678	1303772029480	0.5	1.0002	1.0714	0.4666
679	1303772029498	0.5	1.0002	1.0714	0.4666
680	1303772029515	0.5	1.0002	1	0.4999
681	1303772029535	0.5	1.0002	1.0714	0.4666
682	1303772029597	0.5	1.0002	1.0714	0.4666
683	1303772029615	0.5	1.0002	1	0.4999
684	1303772029635	0.5	1.0002	1.0714	0.4666
685	1303772029653	0.5	1.0002	1.0714	0.4666
686	1303772029671	0.5	1.0002	1	0.4999
687	1303772029690	0.5	1.0002	1.0714	0.4666
688	1303772029708	0.5	1.0002	1.0714	0.4666
689	1303772029726	0.5	1.0002	1	0.4999
690	1303772029745	0.5	1.0002	1.0714	0.4666
691	1303772029762	0.5	1.0002	1.0714	0.4666
692	1303772029780	0.5	1	1	0.5
693	1303772029839	0.5	1	1.0714	0.4667
694	1303772029857	0.5	1	1.0714	0.4667
695	1303772029875	0.5	1	1	0.5
696	1303772029894	0.5	1	1.0714	0.4667
697	1303772029912	0.5	1	1.0714	0.4667
698	1303772029969	0.5	1	1	0.5
699	1303772029989	0.5	1	1.0714	0.4667
700	1303772030006	0.5	1	1.0714	0.4667
701	1303772030024	0.5	1	1	0.5
702	1303772030043	0.5	1	1.0714	0.4667
703	1303772030060	0.5	1	1.0714	0.4667
704	1303772030078	0.5	1	1	0.5
705	1303772030098	0.5	1	1.0714	0.4667
706	1303772030116	0.5	1	1.0714	0.4667
707	1303772030175	0.5	1	1	0.5
708	1303772030195	0.5	1	1.0714	0.4667
709	1303772030212	0.5	1	1.0714	0.4667
710	1303772030230	0.5	1	1	0.5
711	1303772030250	0.5	1	1.0714	0.4667
712	1303772030308	0.5	1	1.0714	0.4667
713	1303772030326	0.5	1	1	0.5
714	1303772030346	0.5	1	1.0714	0.4667
715	1303772030364	0.5	1	1.0714	0.4667
716	1303772030381	0.5	1	1	0.5
717	1303772030401	0.5	1	1.0714	0.4667
718	1303772030419	0.5	1	1.0714	0.4667
719	1303772030436	0.5	1	1	0.5
720	1303772030456	0.5	1	1.0714	0.4667
721	1303772030475	0.5	1	1.0714	0.4667
722	1303772030533	0.5	1	1	0.5
723	1303772030553	0.5	1	1.0714	0.4667
724	1303772030570	0.5	1	1.0714	0.4667
725	1303772030588	0.5	1	1	0.5
726	1303772030607	0.5	1	1.0714	0.4667
727	1303772030625	0.5	1	1.0714	0.4667
728	1303772030643	0.5	1	1	0.5
729	1303772030704	0.5	1	1.0714	0.4667
730	1303772030721	0.5	1	1.0714	0.4667
731	1303772030740	0.5	1	1	0.5
732	1303772030760	0.5	1	1.0714	0.4667
733	1303772030778	0.5	1	1.0714	0.4667
734	1303772030796	0.5	1	1	0.5
735	1303772030815	0.5	1	1.0714	0.4667
736	1303772030833	0.5	1	1.0714	0.4667
737	1303772030851	0.5	1	1	0.5
738	1303772030870	0.5	1	1.0714	0.4667
739	1303772030888	0.5	1	1.0714	0.4667
740	1303772030906	0.5	1	1	0.5
741	1303772030923	0.5	1	1.0714	0.4667
742	1303772030987	0.5	1	1.0714	0.4667
743	1303772031046	0.5	1	1	0.5
744	1303772031065	0.5	1	1.0714	0.4667
745	1303772031082	0.5	1	1.0714	0.4667
746	1303772031100	0.5	1	1	0.5
747	1303772031118	0.5	1	1.0714	0.4667
748	1303772031138	0.5	1	1.0714	0.4667
749	1303772031156	0.5	1	1	0.5
750	1303772031174	0.5	1	1.0714	0.4667
751	1303772031193	0.5	1	1.0714	0.4667
752	1303772031251	0.5	1	1	0.5
753	1303772031269	0.5	1.0007	1.0714	0.4664
754	1303772031289	0.5	1.0007	1.0714	0.4664
755	1303772031307	0.5	1.0007	1	0.4997
756	1303772031325	0.5	1.0007	1.0714	0.4663
757	1303772031345	0.5	1.0007	1.0714	0.4663
758	1303772031362	0.5	1.0007	1	0.4996
759	1303772031380	0.5	1.0007	1.0714	0.4663
760	1303772031399	0.5	1.0007	1.0714	0.4663
761	1303772031417	0.5	1.0007	1	0.4996
762	1303772031435	0.5	1.0007	1.0714	0.4663
763	1303772031454	0.5	1.0007	1.0714	0.4663
764	1303772031472	0.5	1.0007	1	0.4996
765	1303772031489	0.5	1.0007	1.0714	0.4663
766	1303772031509	0.5	1.0007	1.0714	0.4663
767	1303772031527	0.5	1.0007	1	0.4996
768	1303772031586	0.5	1.0007	1.0714	0.4663
769	1303772031606	0.5	1.0007	1.0714	0.4663
770	1303772031625	0.5	1.0007	1	0.4996
771	1303772031643	0.5	1.0007	1.0714	0.4663
772	1303772031703	0.5	1.0007	1.0714	0.4663
773	1303772031765	0.5	1.0007	1	0.4996
774	1303772031784	0.5	1.0007	1.0714	0.4663
775	1303772031803	0.5	1.0007	1.0714	0.4663
776	1303772031821	0.5	1.0007	1	0.4996
777	1303772031838	0.5	1.0007	1.0714	0.4663
778	1303772031858	0.5	1.0007	1.0714	0.4663
779	1303772031876	0.5	1.0007	1	0.4996
780	1303772031895	0.5	1.0007	1.0714	0.4663
781	1303772031915	0.5	1.0007	1.0714	0.4663
782	1303772031933	0.5	1.0007	1	0.4996
783	1303772031951	0.5	1.0007	1.0714	0.4663
784	1303772031970	0.5	1.0007	1.0714	0.4663
785	1303772031988	0.5	1.0007	1	0.4996
786	1303772032007	0.5	1.0007	1.0714	0.4663
787	1303772032027	0.5	1.0007	1.0714	0.4663
788	1303772032045	0.5	1.0007	1	0.4996
789	1303772032062	0.5	1.0007	1.0714	0.4663
790	1303772032081	0.5	1.0007	1.0714	0.4663
791	1303772032098	0.5	1.0007	1	0.4996
792	1303772032116	0.5	1.0007	1.0714	0.4663
793	1303772032135	0.5	1.0007	1.0714	0.4663
794	1303772032153	0.5	1.0007	1	0.4996
795	1303772032171	0.5	1.0007	1.0714	0.4663
796	1303772032191	0.5	1.0007	1.0714	0.4663
797	1303772032208	0.5	1.0007	1	0.4996
798	1303772032226	0.5	1.0007	1.0714	0.4663
799	1303772032246	0.5	1.0007	1.0714	0.4663
800	1303772032264	0.5	1.0007	1	0.4996
801	1303772032282	0.5	1.0007	1.0714	0.4663
802	1303772032302	0.5	1.0007	1.0714	0.4663
803	1303772032320	0.5	1.0007	1	0.4996
804	1303772032338	0.5	1.0007	1.0714	0.4663
805	1303772032355	0.5	1.0007	1.0714	0.4663
806	1303772032375	0.5	1.0007	1	0.4996
807	1303772032393	0.5	1.0007	1.0714	0.4663
808	1303772032411	0.5	1.0007	1.0714	0.4663
809	1303772032433	0.5	1.0007	1	0.4996
810	1303772032451	0.5	1.0007	1.0714	0.4663
811	1303772032469	0.5	1.0007	1.0714	0.4663
812	1303772032489	0.5	1.0007	1	0.4996
813	1303772032507	0.5	1.0007	1.0714	0.4663
814	1303772032524	0.5	1.0007	1.0714	0.4663
815	1303772032544	0.5	1.0002	1	0.4999
816	1303772032562	0.5	1.0002	1.0714	0.4666
817	1303772032579	0.5	1.0002	1.0714	0.4666
818	1303772032599	0.5	1.0002	1	0.4999
819	1303772032617	0.5	1.0002	1.0714	0.4666
820	1303772032636	0.5	1.0002	1.0714	0.4666
821	1303772032655	0.5	1.0002	1	0.4999
822	1303772032674	0.5	1.0002	1.0714	0.4666
823	1303772032692	0.5	1.0002	1.0714	0.4666
824	1303772032711	0.5	1.0002	1	0.4999
825	1303772032730	0.5	1.0002	1.0714	0.4666
826	1303772032749	0.5	1.0002	1.0714	0.4666
827	1303772032768	0.5	1.0002	1	0.4999
828	1303772032785	0.5	1.0002	1.0714	0.4666
829	1303772032803	0.5	1.0002	1.0714	0.4666
830	1303772032822	0.5	1.0002	1	0.4999
831	1303772032839	0.5	1.0002	1.0714	0.4666
832	1303772032857	0.5	1.0002	1.0714	0.4666
833	1303772032877	0.5	1.0002	1	0.4999
834	1303772032895	0.5	1.0002	1.0714	0.4666
835	1303772032912	0.5	1.0002	1.0714	0.4666
836	1303772032931	0.5	1.0002	1	0.4999
837	1303772032949	0.5	1.0002	1.0714	0.4666
838	1303772032967	0.5	1.0002	1.0714	0.4666
839	1303772032986	0.5	1.0002	1	0.4999
840	1303772033004	0.5	1.0002	1.0714	0.4666
841	1303772033022	0.5	1.0002	1.0714	0.4666
842	1303772033042	0.5	1.0002	1	0.4999
843	1303772033059	0.5	1.0002	1.0714	0.4666
844	1303772033077	0.5	1.0002	1.0714	0.4666
845	1303772033094	0.5	1.0002	1	0.4999
846	1303772033114	0.5	1.0002	1.0714	0.4666
847	1303772033132	0.5	1.0002	1.0714	0.4666
848	1303772033151	0.5	1.0002	1	0.4999
849	1303772033170	0.5	1.0002	1.0714	0.4666
850	1303772033189	0.5	1.0002	1.0714	0.4666
851	1303772033208	0.5	1.0002	1	0.4999
852	1303772033268	0.5	1.0002	1.0714	0.4666
853	1303772033286	0.5	1.0002	1.0714	0.4666
854	1303772033306	0.5	1.0002	1	0.4999
855	1303772033327	0.5	1.0002	1.0714	0.4666
856	1303772033346	0.5	1.0002	1.0714	0.4666
857	1303772033364	0.5	1.0002	1	0.4999
858	1303772033384	0.5	1.0002	1.0714	0.4666
859	1303772033403	0.5	1.0002	1.0714	0.4666
860	1303772033421	0.5	1.0002	1	0.4999
861	1303772033441	0.5	1.0002	1.0714	0.4666
862	1303772033458	0.5	1.0002	1.0714	0.4666
863	1303772033476	0.5	1.0002	1	0.4999
864	1303772033496	0.5	1.0002	1.0714	0.4666
865	1303772033514	0.5	1.0002	1.0714	0.4666
866	1303772033533	0.5	1.0002	1	0.4999
867	1303772033553	0.5	1.0002	1.0714	0.4666
868	1303772033572	0.5	1.0002	1.0714	0.4666
869	1303772033589	0.5	1.0002	1	0.4999
870	1303772033608	0.5	1.0002	1.0714	0.4666
871	1303772033626	0.5	1.0002	1.0714	0.4666
872	1303772033643	0.5	1.0002	1	0.4999
873	1303772033663	0.5	1.0002	1.0714	0.4666
874	1303772033681	0.5	1.0002	1.0714	0.4666
875	1303772033699	0.5	1	1	0.5
876	1303772033718	0.5	1	1.0714	0.4667
877	1303772033736	0.5	1	1.0714	0.4667
878	1303772033770	0.5	1	1	0.5
879	1303772033888	0.5	1	1.0714	0.4667
880	1303772033906	0.5	1	1.0714	0.4667
881	1303772033924	0.5	1	1	0.5
882	1303772033943	0.5	1	1.0714	0.4667
883	1303772033961	0.5	1	1.0714	0.4667
884	1303772033978	0.5	1	1	0.5
885	1303772034038	0.5	1	1.0714	0.4667
886	1303772034056	0.5	1	1.0714	0.4667
887	1303772034073	0.5	1	1	0.5
888	1303772034093	0.5	1	1.0714	0.4667
889	1303772034151	0.5	1	1.0714	0.4667
890	1303772034168	0.5	1	1	0.5
891	1303772034187	0.5	1	1.0714	0.4667
892	1303772034217	0.5	1	1.0714	0.4667
893	1303772034235	0.5	1	1	0.5
894	1303772034256	0.5	1	1.0714	0.4667
895	1303772034274	0.5	1	1.0714	0.4667
896	1303772034292	0.5	1	1	0.5
897	1303772034312	0.5	1	1.0714	0.4667
898	1303772034330	0.5	1	1.0714	0.4667
899	1303772034348	0.5	1	1	0.5
900	1303772034369	0.5	1	1.0714	0.4667
901	1303772034387	0.5	1	1.0714	0.4667
902	1303772034405	0.5	1	1	0.5
903	1303772034425	0.5	1	1.0714	0.4667
904	1303772034443	0.5	1	1.0714	0.4667
905	1303772034461	0.5	1	1	0.5
906	1303772034479	0.5	1	1.0714	0.4667
907	1303772034499	0.5	1	1.0714	0.4667
908	1303772034558	0.5	1	1	0.5
909	1303772034618	0.5	1	1.0714	0.4667
910	1303772034636	0.5	1	1.0714	0.4667
911	1303772034654	0.5	1	1	0.5
912	1303772034674	0.5	1	1.0714	0.4667
913	1303772034691	0.5	1	1.0714	0.4667
914	1303772034709	0.5	1	1	0.5
915	1303772034729	0.5	1	1.0714	0.4667
916	1303772034746	0.5	1	1.0714	0.4667
917	1303772034805	0.5	1	1	0.5
918	1303772034824	0.5	1	1.0714	0.4667
919	1303772034842	0.5	1	1.0714	0.4667
920	1303772034860	0.5	1	1	0.5
921	1303772034880	0.5	1	1.0714	0.4667
922	1303772034898	0.5	1	1.0714	0.4667
923	1303772034915	0.5	1	1	0.5
924	1303772034935	0.5	1	1.0714	0.4667
925	1303772034954	0.5	1	1.0714	0.4667
926	1303772034973	0.5	1	1	0.5
927	1303772035038	0.5	1	1.0714	0.4667
928	1303772035055	0.5	1	1.0714	0.4667
929	1303772035073	0.5	1	1	0.5
930	1303772035092	0.5	1	1.0714	0.4667
931	1303772035151	0.5	1	1.0714	0.4667
932	1303772035169	0.5	1	1	0.5
933	1303772035189	0.5	1	1.0714	0.4667
934	1303772035207	0.5	1	1.0714	0.4667
935	1303772035225	0.5	1	1	0.5
936	1303772035244	0.5	1.0008	1.0714	0.4663
937	1303772035262	0.5	1.0008	1.0714	0.4663
938	1303772035280	0.5	1.0008	1	0.4996
939	1303772035341	0.5	1.0008	1.0714	0.4663
940	1303772035400	0.5	1.0008	1.0714	0.4663
941	1303772035458	0.5	1.0008	1	0.4996
942	1303772035478	0.5	1.0008	1.0714	0.4663
943	1303772035496	0.5	1.0008	1.0714	0.4663
944	1303772035514	0.5	1.0008	1	0.4996
945	1303772035533	0.5	1.0008	1.0714	0.4663
946	1303772035552	0.5	1.0008	1.0714	0.4663
947	1303772035573	0.5	1.0008	1	0.4996
948	1303772035593	0.5	1.0008	1.0714	0.4663
949	1303772035611	0.5	1.0008	1.0714	0.4663
950	1303772035629	0.5	1.0008	1	0.4996
951	1303772035689	0.5	1.0008	1.0714	0.4663
952	1303772035707	0.5	1.0008	1.0714	0.4663
953	1303772035765	0.5	1.0008	1	0.4996
954	1303772035785	0.5	1.0008	1.0714	0.4663
955	1303772035803	0.5	1.0008	1.0714	0.4663
956	1303772035821	0.5	1.0008	1	0.4996
957	1303772035840	0.5	1.0008	1.0714	0.4663
958	1303772035858	0.5	1.0008	1.0714	0.4663
959	1303772035876	0.5	1.0008	1	0.4996
960	1303772035896	0.5	1.0008	1.0714	0.4663
961	1303772035914	0.5	1.0008	1.0714	0.4663
962	1303772035931	0.5	1.0008	1	0.4996
963	1303772035993	0.5	1.0008	1.0714	0.4663
964	1303772036011	0.5	1.0008	1.0714	0.4663
965	1303772036030	0.5	1.0008	1	0.4996
966	1303772036050	0.5	1.0008	1.0714	0.4663
967	1303772036108	0.5	1.0008	1.0714	0.4663
968	1303772036126	0.5	1.0008	1	0.4996
969	1303772036146	0.5	1.0008	1.0714	0.4663
970	1303772036164	0.5	1.0008	1.0714	0.4663
971	1303772036182	0.5	1.0008	1	0.4996
972	1303772036201	0.5	1.0008	1.0714	0.4663
973	1303772036259	0.5	1.0008	1.0714	0.4663
974	1303772036278	0.5	1.0008	1	0.4996
975	1303772036297	0.5	1.0008	1.0714	0.4663
976	1303772036316	0.5	1.0008	1.0714	0.4663
977	1303772036334	0.5	1.0008	1	0.4996
978	1303772036354	0.5	1.0008	1.0714	0.4663
979	1303772036371	0.5	1.0008	1.0714	0.4663
980	1303772036389	0.5	1.0008	1	0.4996
981	1303772036409	0.5	1.0008	1.0714	0.4663
982	1303772036485	0.5	1.0008	1.0714	0.4663
983	1303772036584	0.5	1.0008	1	0.4996
984	1303772036604	0.5	1.0008	1.0714	0.4663
985	1303772036622	0.5	1.0008	1.0714	0.4663
986	1303772036640	0.5	1.0008	1	0.4996
987	1303772036660	0.5	1.0008	1.0714	0.4663
988	1303772036678	0.5	1.0008	1.0714	0.4663
989	1303772036697	0.5	1.0008	1	0.4996
990	1303772036717	0.5	1.0008	1.0714	0.4663
991	1303772036780	0.5	1.0008	1.0714	0.4663
992	1303772036799	0.5	1.0008	1	0.4996
993	1303772036818	0.5	1.0008	1.0714	0.4663
994	1303772036837	0.5	1.0008	1.0714	0.4663
995	1303772036856	0.5	1.0008	1	0.4996
996	1303772036875	0.5	1.0008	1.0714	0.4663
997	1303772036893	0.5	1.0008	1.0714	0.4663
998	1303772036911	0.5	1.0002	1	0.4999
999	1303772036931	0.5	1.0008	1.0714	0.4663
1000	1303772036949	0.5	1.0008	1.0714	0.4663
1001	1303772037007	0.5	1.0012	1	0.4994
1002	1303772037067	0.5	1.0012	1.0714	0.4661
1003	1303772037085	0.5	1.0012	1.0714	0.4661
1004	1303772037103	0.5	1.0012	1	0.4994
1005	1303772037122	0.5	1.0012	1.0714	0.4661
1006	1303772037141	0.5	1.0012	1.0714	0.4661
1007	1303772037159	0.5	1.0012	1	0.4994
1008	1303772037219	0.5	1.0012	1.0714	0.4661
1009	1303772037237	0.5	1.0012	1.0714	0.4661
1010	1303772037255	0.5	1.0012	1	0.4994
1011	1303772037275	0.5	1.0012	1.0714	0.4661
1012	1303772037293	0.5	1.0012	1.0714	0.4661
1013	1303772037312	0.5	1.0012	1	0.4994
1014	1303772037332	0.5	1.0012	1.0714	0.4661
1015	1303772037350	0.5	1.0012	1.0714	0.4661
1016	1303772037368	0.5	1.0012	1	0.4994
1017	1303772037429	0.5	1.0012	1.0714	0.4661
1018	1303772037492	0.5	1.0012	1.0714	0.4661
1019	1303772037510	0.5	1.0012	1	0.4994
1020	1303772037530	0.5	1.0012	1.0714	0.4661
1021	1303772037548	0.5	1.0012	1.0714	0.4661
1022	1303772037567	0.5	1.0012	1	0.4994
1023	1303772037586	0.5	1.0012	1.0714	0.4661
1024	1303772037605	0.5	1.0012	1.0714	0.4661
1025	1303772037624	0.5	1.0012	1	0.4994
1026	1303772037643	0.5	1.0012	1.0714	0.4661
1027	1303772037662	0.5	1.0012	1.0714	0.4661
1028	1303772037681	0.5	1.0012	1	0.4994
1029	1303772037701	0.5	1.0012	1.0714	0.4661
1030	1303772037719	0.5	1.0012	1.0714	0.4661
1031	1303772037737	0.5	1.0012	1	0.4994
1032	1303772037758	0.5	1.0012	1.0714	0.4661
1033	1303772037777	0.5	1.0012	1.0714	0.4661
1034	1303772037795	0.5	1.0012	1	0.4994
1035	1303772037815	0.5	1.0012	1.0714	0.4661
1036	1303772037834	0.5	1.0012	1.0714	0.4661
1037	1303772037852	0.5	1.0012	1	0.4994
1038	1303772037872	0.5	1.0012	1.0714	0.4661
1039	1303772037891	0.5	1.0012	1.0714	0.4661
1040	1303772037910	0.5	1.0012	1	0.4994
1041	1303772037928	0.5	1.0012	1.0714	0.4661
1042	1303772037949	0.5	1.0012	1.0714	0.4661
1043	1303772037968	0.5	1.0012	1	0.4994
1044	1303772037986	0.5	1.0012	1.0714	0.4661
1045	1303772038006	0.5	1.0012	1.0714	0.4661
1046	1303772038024	0.5	1.0012	1	0.4994
1047	1303772038042	0.5	1.0012	1.0714	0.4661
1048	1303772038061	0.5	1.0012	1.0714	0.4661
1049	1303772038080	0.5	1.0012	1	0.4994
1050	1303772038099	0.5	1.0012	1.0714	0.4661
1051	1303772038119	0.5	1.0012	1.0714	0.4661
1052	1303772038138	0.5	1.0012	1	0.4994
1053	1303772038155	0.5	1.0012	1.0714	0.4661
1054	1303772038175	0.5	1.0012	1.0714	0.4661
1055	1303772038193	0.5	1.0012	1	0.4994
1056	1303772038251	0.5	1.0012	1.0714	0.4661
1057	1303772038310	0.5	1.0012	1.0714	0.4661
1058	1303772038328	0.5	1	1	0.5
1059	1303772038346	0.5	1	1.0714	0.4667
1060	1303772038366	0.5	1	1.0714	0.4667
1061	1303772038384	0.5	1	1	0.5
1062	1303772038402	0.5	1	1.0714	0.4667
1063	1303772038423	0.5	1	1.0714	0.4667
1064	1303772038444	0.5	1	1	0.5
1065	1303772038464	0.5	1	1.0714	0.4667
1066	1303772038484	0.5	1	1.0714	0.4667
1067	1303772038502	0.5	1	1	0.5
1068	1303772038520	0.5	1	1.0714	0.4667
1069	1303772038541	0.5	1	1.0714	0.4667
1070	1303772038560	0.5	1	1	0.5
1071	1303772038578	0.5	1	1.0714	0.4667
1072	1303772038598	0.5	1	1.0714	0.4667
1073	1303772038616	0.5	1	1	0.5
1074	1303772038634	0.5	1	1.0714	0.4667
1075	1303772038654	0.5	1	1.0714	0.4667
1076	1303772038673	0.5	1	1	0.5
1077	1303772038691	0.5	1	1.0714	0.4667
1078	1303772038712	0.5	1	1.0714	0.4667
1079	1303772038734	0.5	1	1	0.5
1080	1303772038752	0.5	1	1.0714	0.4667
1081	1303772038814	0.5	1	1.0714	0.4667
1082	1303772038831	0.5	1	1	0.5
1083	1303772038849	0.5	1	1.0714	0.4667
1084	1303772038869	0.5	1	1.0714	0.4667
1085	1303772038887	0.5	1	1	0.5
1086	1303772038905	0.5	1	1.0714	0.4667
1087	1303772038926	0.5	1	1.0714	0.4667
1088	1303772038943	0.5	1	1	0.5
1089	1303772038962	0.5	1	1.0714	0.4667
1090	1303772038981	0.5	1	1.0714	0.4667
1091	1303772039000	0.5	1	1	0.5
1092	1303772039019	0.5	1	1.0714	0.4667
1093	1303772039039	0.5	1	1.0714	0.4667
1094	1303772039057	0.5	1	1	0.5
1095	1303772039097	0.5	1	1.0714	0.4667
1096	1303772039158	0.5	1	1.0714	0.4667
1097	1303772039177	0.5	1	1	0.5
1098	1303772039195	0.5	1	1.0714	0.4667
1099	1303772039215	0.5	1	1.0714	0.4667
1100	1303772039233	0.5	1	1	0.5
1101	1303772039251	0.5	1	1.0714	0.4667
1102	1303772039271	0.5	1	1.0714	0.4667
1103	1303772039289	0.5	1	1	0.5
1104	1303772039307	0.5	1	1.0714	0.4667
1105	1303772039327	0.5	1	1.0714	0.4667
1106	1303772039345	0.5	1	1	0.5
1107	1303772039363	0.5	1	1.0714	0.4667
1108	1303772039383	0.5	1	1.0714	0.4667
1109	1303772039401	0.5	1	1	0.5
1110	1303772039420	0.5	1	1.0714	0.4667
1111	1303772039439	0.5	1	1.0714	0.4667
1112	1303772039499	0.5	1	1	0.5
1113	1303772039517	0.5	1	1.0714	0.4667
1114	1303772039538	0.5	1	1.0714	0.4667
1115	1303772039556	0.5	1	1	0.5
1116	1303772039574	0.5	1	1.0714	0.4667
1117	1303772039592	0.5	1	1.0714	0.4667
1118	1303772039612	0.5	1	1	0.5
1119	1303772039630	0.5	1.0008	1.0714	0.4663
1120	1303772039648	0.5	1.0008	1.0714	0.4663
1121	1303772039668	0.5	1.0008	1	0.4996
1122	1303772039687	0.5	1.0009	1.0714	0.4662
1123	1303772039705	0.5	1.0009	1.0714	0.4662
1124	1303772039725	0.5	1.0009	1	0.4995
1125	1303772039783	0.5	1.0009	1.0714	0.4662
1126	1303772039802	0.5	1.0009	1.0714	0.4662
1127	1303772039822	0.5	1.0009	1	0.4995
1128	1303772039840	0.5	1.0009	1.0714	0.4662
1129	1303772039858	0.5	1.0009	1.0714	0.4662
1130	1303772039878	0.5	1.0009	1	0.4995
1131	1303772039896	0.5	1.0009	1.0714	0.4662
1132	1303772039914	0.5	1.0009	1.0714	0.4662
1133	1303772039934	0.5	1.0009	1	0.4995
1134	1303772039992	0.5	1.0009	1.0714	0.4662
1135	1303772040010	0.5	1.0009	1.0714	0.4662
1136	1303772040031	0.5	1.0009	1	0.4995
1137	1303772040049	0.5	1.0009	1.0714	0.4662
1138	1303772040068	0.5	1.0009	1.0714	0.4662
1139	1303772040088	0.5	1.0009	1	0.4995
1140	1303772040106	0.5	1.0009	1.0714	0.4662
1141	1303772040124	0.5	1.0009	1.0714	0.4662
1142	1303772040184	0.5	1.0009	1	0.4995
1143	1303772040202	0.5	1.0009	1.0714	0.4662
1144	1303772040220	0.5	1.0009	1.0714	0.4662
1145	1303772040240	0.5	1.0009	1	0.4995
1146	1303772040258	0.5	1.0009	1.0714	0.4662
1147	1303772040277	0.5	1.0009	1.0714	0.4662
1148	1303772040297	0.5	1.0009	1	0.4995
1149	1303772040315	0.5	1.0009	1.0714	0.4662
1150	1303772040333	0.5	1.0009	1.0714	0.4662
1151	1303772040353	0.5	1.0009	1	0.4995
1152	1303772040414	0.5	1.0009	1.0714	0.4662
1153	1303772040432	0.5	1.0009	1.0714	0.4662
1154	1303772040453	0.5	1.0009	1	0.4995
1155	1303772040471	0.5	1.0009	1.0714	0.4662
1156	1303772040489	0.5	1.0009	1.0714	0.4662
1157	1303772040510	0.5	1.0009	1	0.4995
1158	1303772040529	0.5	1.0009	1.0714	0.4662
1159	1303772040547	0.5	1.0009	1.0714	0.4662
1160	1303772040568	0.5	1.0009	1	0.4995
1161	1303772040587	0.5	1.0009	1.0714	0.4662
1162	1303772040605	0.5	1.0009	1.0714	0.4662
1163	1303772040626	0.5	1.0009	1	0.4995
1164	1303772040644	0.5	1.0009	1.0714	0.4662
1165	1303772040661	0.5	1.0009	1.0714	0.4662
1166	1303772040681	0.5	1.0009	1	0.4995
1167	1303772040700	0.5	1.0009	1.0714	0.4662
1168	1303772040719	0.5	1.0009	1.0714	0.4662
1169	1303772040779	0.5	1.0009	1	0.4995
1170	1303772040797	0.5	1.0009	1.0714	0.4662
1171	1303772040815	0.5	1.0009	1.0714	0.4662
1172	1303772040835	0.5	1.0009	1	0.4995
1173	1303772040853	0.5	1.0009	1.0714	0.4662
1174	1303772040871	0.5	1.0009	1.0714	0.4662
1175	1303772040890	0.5	1.0009	1	0.4995
1176	1303772040907	0.5	1.0009	1.0714	0.4662
1177	1303772040925	0.5	1.0009	1.0714	0.4662
1178	1303772040944	0.5	1.0009	1	0.4995
1179	1303772040965	0.5	1.0009	1.0714	0.4662
1180	1303772040983	0.5	1.0009	1.0714	0.4662
1181	1303772041002	0.5	1.0002	1	0.4999
1182	1303772041062	0.5	1.0009	1.0714	0.4662
1183	1303772041080	0.5	1.001	1.0714	0.4662
1184	1303772041140	0.5	1.001	1	0.4995
1185	1303772041158	0.5	1.001	1.0714	0.4662
1186	1303772041177	0.5	1.001	1.0714	0.4662
1187	1303772041194	0.5	1.001	1	0.4995
1188	1303772041214	0.5	1.001	1.0714	0.4662
1189	1303772041232	0.5	1.001	1.0714	0.4662
1190	1303772041250	0.5	1.001	1	0.4995
1191	1303772041270	0.5	1.001	1.0714	0.4662
1192	1303772041288	0.5	1.001	1.0714	0.4662
1193	1303772041306	0.5	1.001	1	0.4995
1194	1303772041326	0.5	1.001	1.0714	0.4662
1195	1303772041345	0.5	1.001	1.0714	0.4662
1196	1303772041363	0.5	1.001	1	0.4995
1197	1303772041383	0.5	1.001	1.0714	0.4662
1198	1303772041401	0.5	1.001	1.0714	0.4662
1199	1303772041419	0.5	1.001	1	0.4995
1200	1303772041439	0.5	1.001	1.0714	0.4662
1201	1303772041457	0.5	1.001	1.0714	0.4662
1202	1303772041475	0.5	1.001	1	0.4995
1203	1303772041495	0.5	1.001	1.0714	0.4662
1204	1303772041513	0.5	1.001	1.0714	0.4662
1205	1303772041531	0.5	1.001	1	0.4995
1206	1303772041551	0.5	1.001	1.0714	0.4662
1207	1303772041569	0.5	1.001	1.0714	0.4662
1208	1303772041588	0.5	1.001	1	0.4995
1209	1303772041608	0.5	1.001	1.0714	0.4662
1210	1303772041626	0.5	1.001	1.0714	0.4662
1211	1303772041644	0.5	1.001	1	0.4995
1212	1303772041664	0.5	1.001	1.0714	0.4662
1213	1303772041681	0.5	1.001	1.0714	0.4662
1214	1303772041700	0.5	1.001	1	0.4995
1215	1303772041765	0.5	1.001	1.0714	0.4662
1216	1303772041783	0.5	1.001	1.0714	0.4662
1217	1303772041801	0.5	1.001	1	0.4995
1218	1303772041822	0.5	1.001	1.0714	0.4662
1219	1303772041840	0.5	1.001	1.0714	0.4662
1220	1303772041858	0.5	1.001	1	0.4995
1221	1303772041878	0.5	1.001	1.0714	0.4662
1222	1303772041897	0.5	1.001	1.0714	0.4662
1223	1303772041916	0.5	1.001	1	0.4995
1224	1303772041934	0.5	1.001	1.0714	0.4662
1225	1303772041954	0.5	1.001	1.0714	0.4662
1226	1303772041972	0.5	1.001	1	0.4995
1227	1303772041990	0.5	1.001	1.0714	0.4662
1228	1303772042011	0.5	1.001	1.0714	0.4662
1229	1303772042029	0.5	1.001	1	0.4995
1230	1303772042047	0.5	1.001	1.0714	0.4662
1231	1303772042067	0.5	1.001	1.0714	0.4662
1232	1303772042085	0.5	1.001	1	0.4995
1233	1303772042104	0.5	1.001	1.0714	0.4662
1234	1303772042124	0.5	1.001	1.0714	0.4662
1235	1303772042142	0.5	1.001	1	0.4995
1236	1303772042161	0.5	1.001	1.0714	0.4662
1237	1303772042181	0.5	1.001	1.0714	0.4662
1238	1303772042243	0.5	1.001	1	0.4995
1239	1303772042262	0.5	1.001	1.0714	0.4662
1240	1303772042282	0.5	1.001	1.0714	0.4662
1241	1303772042301	0.5	1	1	0.5
1242	1303772042319	0.5	1	1.0714	0.4667
1243	1303772042339	0.5	1	1.0714	0.4667
1244	1303772042398	0.5	1	1	0.5
1245	1303772042418	0.5	1	1.0714	0.4667
1246	1303772042478	0.5	1	1.0714	0.4667
1247	1303772042496	0.5	1	1	0.5
1248	1303772042515	0.5	1	1.0714	0.4667
1249	1303772042577	0.5	1	1.0714	0.4667
1250	1303772042596	0.5	1	1	0.5
1251	1303772042614	0.5	1	1.0714	0.4667
1252	1303772042634	0.5	1	1.0714	0.4667
1253	1303772042653	0.5	1	1	0.5
1254	1303772042711	0.5	1	1.0714	0.4667
1255	1303772042731	0.5	1	1.0714	0.4667
1256	1303772042750	0.5	1	1	0.5
1257	1303772042768	0.5	1	1.0714	0.4667
1258	1303772042788	0.5	1	1.0714	0.4667
1259	1303772042806	0.5	1	1	0.5
1260	1303772042825	0.5	1	1.0714	0.4667
1261	1303772042844	0.5	1	1.0714	0.4667
1262	1303772042862	0.5	1	1	0.5
1263	1303772042881	0.5	1	1.0714	0.4667
1264	1303772042901	0.5	1	1.0714	0.4667
1265	1303772042919	0.5	1	1	0.5
1266	1303772042937	0.5	1	1.0714	0.4667
1267	1303772042998	0.5	1	1.0714	0.4667
1268	1303772043016	0.5	1	1	0.5
1269	1303772043034	0.5	1	1.0714	0.4667
1270	1303772043054	0.5	1	1.0714	0.4667
1271	1303772043073	0.5	1	1	0.5
1272	1303772043092	0.5	1	1.0714	0.4667
1273	1303772043113	0.5	1	1.0714	0.4667
1274	1303772043132	0.5	1	1	0.5
1275	1303772043151	0.5	1	1.0714	0.4667
1276	1303772043172	0.5	1	1.0714	0.4667
1277	1303772043191	0.5	1	1	0.5
1278	1303772043210	0.5	1	1.0714	0.4667
1279	1303772043272	0.5	1	1.0714	0.4667
1280	1303772043290	0.5	1	1	0.5
1281	1303772043309	0.5	1	1.0714	0.4667
1282	1303772043330	0.5	1	1.0714	0.4667
1283	1303772043348	0.5	1	1	0.5
1284	1303772043407	0.5	1	1.0714	0.4667
1285	1303772043427	0.5	1	1.0714	0.4667
1286	1303772043446	0.5	1	1	0.5
1287	1303772043466	0.5	1	1.0714	0.4667
1288	1303772043487	0.5	1	1.0714	0.4667
1289	1303772043505	0.5	1	1	0.5
1290	1303772043523	0.5	1	1.0714	0.4667
1291	1303772043543	0.5	1	1.0714	0.4667
1292	1303772043561	0.5	1	1	0.5
1293	1303772043579	0.5	1	1.0714	0.4667
1294	1303772043597	0.5	1	1.0714	0.4667
1295	1303772043617	0.5	1	1	0.5
1296	1303772043636	0.5	1	1.0714	0.4667
1297	1303772043653	0.5	1	1.0714	0.4667
1298	1303772043674	0.5	1	1	0.5
1299	1303772043693	0.5	1	1.0714	0.4667
1300	1303772043753	0.5	1	1.0714	0.4667
1301	1303772043773	0.5	1	1	0.5
1302	1303772043791	0.5	1.0001	1.0714	0.4666
1303	1303772043809	0.5	1.0001	1.0714	0.4666
1304	1303772043828	0.5	1.0001	1	0.5
1305	1303772043845	0.5	1.0001	1.0714	0.4666
1306	1303772043863	0.5	1.0001	1.0714	0.4666
1307	1303772043924	0.5	1.0001	1	0.5
1308	1303772043941	0.5	1.0001	1.0714	0.4666
1309	1303772043958	0.5	1.0001	1.0714	0.4666
1310	1303772044018	0.5	1.0001	1	0.5
1311	1303772044036	0.5	1.0001	1.0714	0.4666
1312	1303772044053	0.5	1.0001	1.0714	0.4666
1313	1303772044071	0.5	1.0001	1	0.5
1314	1303772044088	0.5	1.0001	1.0714	0.4666
1315	1303772044150	0.5	1.0001	1.0714	0.4666
1316	1303772044170	0.5	1.0001	1	0.5
1317	1303772044188	0.5	1.0001	1.0714	0.4666
1318	1303772044206	0.5	1.0001	1.0714	0.4666
1319	1303772044225	0.5	1.0001	1	0.5
1320	1303772044243	0.5	1.0001	1.0714	0.4666
1321	1303772044300	0.5	1.0001	1.0714	0.4666
1322	1303772044319	0.5	1.0001	1	0.5
1323	1303772044336	0.5	1.0001	1.0714	0.4666
1324	1303772044354	0.5	1.0001	1.0714	0.4666
1325	1303772044373	0.5	1.0001	1	0.5
1326	1303772044391	0.5	1.0001	1.0714	0.4666
1327	1303772044409	0.5	1.0001	1.0714	0.4666
1328	1303772044428	0.5	1.0001	1	0.5
1329	1303772044445	0.5	1.0001	1.0714	0.4666
1330	1303772044461	0.5	1.0001	1.0714	0.4666
1331	1303772044479	0.5	1.0001	1	0.5
1332	1303772044499	0.5	1.0001	1.0714	0.4666
1333	1303772044517	0.5	1.0001	1.0714	0.4666
1334	1303772044534	0.5	1.0001	1	0.5
1335	1303772044553	0.5	1.0001	1.0714	0.4666
1336	1303772044570	0.5	1.0001	1.0714	0.4666
1337	1303772044588	0.5	1.0001	1	0.5
1338	1303772044607	0.5	1.0001	1.0714	0.4666
1339	1303772044624	0.5	1.0001	1.0714	0.4666
1340	1303772044641	0.5	1.0001	1	0.5
1341	1303772044660	0.5	1.0001	1.0714	0.4666
1342	1303772044678	0.5	1.0001	1.0714	0.4666
1343	1303772044695	0.5	1.0001	1	0.5
1344	1303772044715	0.5	1.0001	1.0714	0.4666
1345	1303772044732	0.5	1.0001	1.0714	0.4666
1346	1303772044749	0.5	1.0001	1	0.5
1347	1303772044767	0.5	1.0001	1.0714	0.4666
1348	1303772044784	0.5	1.0001	1.0714	0.4666
1349	1303772044802	0.5	1.0001	1	0.5
1350	1303772044820	0.5	1.0001	1.0714	0.4666
1351	1303772044839	0.5	1.0001	1.0714	0.4666
1352	1303772044897	0.5	1.0001	1	0.5
1353	1303772044914	0.5	1.0001	1.0714	0.4666
1354	1303772044934	0.5	1.0001	1.0714	0.4666
1355	1303772044953	0.5	1.0001	1	0.5
1356	1303772044969	0.5	1.0001	1.0714	0.4666
1357	1303772044989	0.5	1.0001	1.0714	0.4666
1358	1303772045006	0.5	1.0001	1	0.5
1359	1303772045023	0.5	1.0001	1.0714	0.4666
1360	1303772045042	0.5	1.0001	1.0714	0.4666
1361	1303772045060	0.5	1.0001	1	0.5
1362	1303772045078	0.5	1.0001	1.0714	0.4666
1363	1303772045098	0.5	1.0001	1.0714	0.4666
1364	1303772045115	0.5	1.0001	1	0.5
1365	1303772045132	0.5	1.0001	1.0714	0.4666
1366	1303772045152	0.5	1.0001	1.0714	0.4666
1367	1303772045171	0.5	1.0001	1	0.5
1368	1303772045189	0.5	1.0001	1.0714	0.4666
1369	1303772045209	0.5	1.0001	1.0714	0.4666
1370	1303772045226	0.5	1.0001	1	0.5
1371	1303772045244	0.5	1.0001	1.0714	0.4666
1372	1303772045265	0.5	1.0001	1.0714	0.4666
1373	1303772045283	0.5	1.0001	1	0.5
1374	1303772045301	0.5	1.0001	1.0714	0.4666
1375	1303772045319	0.5	1.0001	1.0714	0.4666
1376	1303772045338	0.5	1.0001	1	0.5
1377	1303772045355	0.5	1.0001	1.0714	0.4666
1378	1303772045373	0.5	1.0001	1.0714	0.4666
1379	1303772045392	0.5	1.0001	1	0.5
1380	1303772045409	0.5	1.0001	1.0714	0.4666
1381	1303772045427	0.5	1.0001	1.0714	0.4666
1382	1303772045446	0.5	1.0001	1	0.5
1383	1303772045463	0.5	1.0001	1.0714	0.4666
1384	1303772045520	0.5	1.0001	1.0714	0.4666
1385	1303772045539	0.5	1.0001	1	0.5
1386	1303772045557	0.5	1.0001	1.0714	0.4666
1387	1303772045575	0.5	1.0953	1.0714	0.4261
1388	1303772045595	0.5	1.0953	1.0625	0.4296
1389	1303772045613	0.5	1.0953	1.15	0.397
1390	1303772045630	0.5	1.0953	1.2222	0.3735
1391	1303772045650	0.5	1.0953	1.1667	0.3913
1392	1303772045669	0.5	1.0953	1.1667	0.3913
1393	1303772045687	0.5	1.0953	1.2727	0.3587
1394	1303772045707	0.5	1.0953	1.2273	0.372
1395	1303772045726	0.5	1.0953	1.25	0.3652
1396	1303772045743	0.5	1.0953	1.2917	0.3534
1397	1303772045763	0.5	1.0953	1.2692	0.3597
1398	1303772045781	0.5	1.0953	1.2083	0.3778
1399	1303772045799	0.5	1.0953	1.3077	0.3491
1400	1303772045819	0.5	1.0953	1.2308	0.3709
1401	1303772045836	0.5	1.0953	1.2308	0.3709
1402	1303772045854	0.5	1.0953	1.2692	0.3597
1403	1303772045874	0.5	1.0953	1.2308	0.3709
1404	1303772045891	0.5	1.0953	1.2308	0.3709
1405	1303772045909	0.5	1.0953	1.2692	0.3597
1406	1303772045927	0.5	1.0953	1.2308	0.3709
1407	1303772045991	0.5	1.0953	1.2308	0.3709
1408	1303772046009	0.5	1.0953	1.2692	0.3597
1409	1303772046028	0.5	1.0953	1.2692	0.3597
1410	1303772046046	0.5	1.0953	1.2308	0.3709
1411	1303772046064	0.5	1.0953	1.2308	0.3709
1412	1303772046124	0.5	1.0953	1.2692	0.3597
1413	1303772046181	0.5	1.0953	1.2692	0.3597
1414	1303772046199	0.5	1.0953	1.2308	0.3709
1415	1303772046219	0.5	1.0953	1.2308	0.3709
1416	1303772046236	0.5	1.0953	1.2692	0.3597
1417	1303772046254	0.5	1.0953	1.2692	0.3597
1418	1303772046273	0.5	1.0953	1.2308	0.3709
1419	1303772046292	0.5	1.0953	1.2692	0.3597
1420	1303772046309	0.5	1.0953	1.2692	0.3597
1421	1303772046327	0.5	1.0953	1.2692	0.3597
1422	1303772046346	0.5	1.0953	1.2308	0.3709
1423	1303772046364	0.5	1.0953	1.2692	0.3597
1424	1303772046421	0.5	1.0953	1.2692	0.3597
1425	1303772046441	0.5	1.0953	1.2692	0.3597
1426	1303772046458	0.5	1.0953	1.2308	0.3709
1427	1303772046476	0.5	1.0953	1.2692	0.3597
1428	1303772046496	0.5	1.0953	1.2692	0.3596
1429	1303772046514	0.5	1.0953	1.2692	0.3596
1430	1303772046531	0.5	1.0953	1.2308	0.3709
1431	1303772046550	0.5	1.0953	1.2692	0.3596
1432	1303772046567	0.5	1.0953	1.2857	0.355
1433	1303772046585	0.5	1.0953	1.2857	0.355
1434	1303772046603	0.5	1.0953	1.25	0.3652
1435	1303772046621	0.5	1.0953	1.2857	0.355
1436	1303772046638	0.5	1.0953	1.2857	0.355
1437	1303772046658	0.5	1.0953	1.2857	0.355
1438	1303772046675	0.5	1.0953	1.25	0.3652
1439	1303772046692	0.5	1.0953	1.2857	0.355
1440	1303772046711	0.5	1.0953	1.2857	0.355
1441	1303772046729	0.5	1.0953	1.2857	0.355
1442	1303772046746	0.5	1.0953	1.2857	0.355
1443	1303772046765	0.5	1.0953	1.2857	0.355
1444	1303772046782	0.5	1.0953	1.2857	0.355
1445	1303772046800	0.5	1.0953	1.2857	0.355
1446	1303772046819	0.5	1.0953	1.2857	0.355
1447	1303772046837	0.5	1.0852	1.2857	0.3584
1448	1303772046895	0.5	1.0817	1.2857	0.3595
1449	1303772046914	0.5	1.0817	1.2857	0.3595
1450	1303772046932	0.5	1.0817	1.2857	0.3595
1451	1303772046950	0.5	1.0817	1.2857	0.3595
1452	1303772046969	0.5	1.0817	1.2857	0.3595
1453	1303772046986	0.5	1.0817	1.2857	0.3595
1454	1303772047004	0.5	1.0817	1.2857	0.3595
1455	1303772047021	0.5	1.0817	1.2857	0.3595
1456	1303772047041	0.5	1.0817	1.2857	0.3595
1457	1303772047058	0.5	1.0817	1.2857	0.3595
1458	1303772047090	0.5	1.0817	1.2857	0.3595
1459	1303772047109	0.5	1.0817	1.2857	0.3595
1460	1303772047126	0.5	1.0817	1.2857	0.3595
1461	1303772047144	0.5	1.0817	1.2857	0.3595
1462	1303772047163	0.5	1.0817	1.2857	0.3595
1463	1303772047181	0.5	1.0817	1.2857	0.3595
1464	1303772047199	0.5	1.0817	1.2857	0.3595
1465	1303772047260	0.5	1.0817	1.2857	0.3595
1466	1303772047278	0.5	1.0817	1.2857	0.3595
1467	1303772047295	0.5	1.0817	1.2857	0.3595
1468	1303772047314	0.5	1.0817	1.2857	0.3595
1469	1303772047333	0.5	1.0817	1.2857	0.3595
1470	1303772047392	0.5	1.0817	1.2857	0.3595
1471	1303772047412	0.5	1.0817	1.2857	0.3595
1472	1303772047430	0.5	1.0817	1.2857	0.3595
1473	1303772047448	0.5	1.0817	1.2857	0.3595
1474	1303772047467	0.5	1.0817	1.2857	0.3595
1475	1303772047525	0.5	1.0817	1.2857	0.3595
1476	1303772047544	0.5	1.0817	1.2857	0.3595
1477	1303772047604	0.5	1.0817	1.2857	0.3595
1478	1303772047622	0.5	1.0817	1.2857	0.3595
1479	1303772047640	0.5	1.0817	1.2857	0.3595
1480	1303772047660	0.5	1.0817	1.2857	0.3595
1481	1303772047678	0.5	1.0817	1.2857	0.3595
1482	1303772047695	0.5	1.0817	1.2857	0.3595
1483	1303772047715	0.5	1.0817	1.2857	0.3595
1484	1303772047732	0.5	1.0817	1.2857	0.3595
1485	1303772047750	0.5	1.0816	1.2857	0.3596
1486	1303772047769	0.5	1.0816	1.2857	0.3596
1487	1303772047786	0.5	1.0816	1.2857	0.3596
1488	1303772047804	0.5	1.0816	1.2857	0.3596
1489	1303772047823	0.5	1.0816	1.2857	0.3596
1490	1303772047840	0.5	1.0816	1.2857	0.3596
1491	1303772047857	0.5	1.0816	1.2857	0.3596
1492	1303772047874	0.5	1.0816	1.2857	0.3596
1493	1303772047892	0.5	1.0816	1.2857	0.3596
1494	1303772047908	0.5	1.0816	1.2857	0.3596
1495	1303772047925	0.5	1.0816	1.2857	0.3596
1496	1303772047943	0.5	1.0816	1.2857	0.3596
1497	1303772047960	0.5	1.0816	1.2857	0.3596
1498	1303772047979	0.5	1.0816	1.2857	0.3596
1499	1303772047995	0.5	1.0816	1.2857	0.3596
1500	1303772048014	0.5	1.0816	1.2857	0.3596
1501	1303772048030	0.5	1.0816	1.2857	0.3596
1502	1303772048047	0.5	1.0816	1.2857	0.3596
1503	1303772048065	0.5	1.0816	1.2857	0.3596
1504	1303772048081	0.5	1.0816	1.2857	0.3596
1505	1303772048097	0.5	1.0816	1.2857	0.3596
1506	1303772048115	0.5	1.0816	1.2857	0.3596
1507	1303772048132	0.5	1.0816	1.2857	0.3596
1508	1303772048190	0.5	1.0816	1.2857	0.3596
1509	1303772048211	0.5	1.0735	1.2857	0.3623
1510	1303772048244	0.5	1.0735	1.2857	0.3623
1511	1303772048264	0.5	1.0735	1.2857	0.3623
1512	1303772048281	0.5	1.0735	1.2857	0.3623
1513	1303772048300	0.5	1.0735	1.25	0.3726
1514	1303772048317	0.5	1.0735	1.25	0.3726
1515	1303772048333	0.5	1.0735	1.25	0.3726
1516	1303772048351	0.5	1.0735	1.25	0.3726
1517	1303772048368	0.5	1.0735	1.25	0.3726
1518	1303772048386	0.5	1.0735	1.25	0.3726
1519	1303772048402	0.5	1.0735	1.25	0.3726
1520	1303772048421	0.5	1.0735	1.25	0.3726
1521	1303772048437	0.5	1.0735	1.25	0.3726
1522	1303772048454	0.5	1.0735	1.25	0.3726
1523	1303772048513	0.5	1.0735	1.25	0.3726
1524	1303772048530	0.5	1.0735	1.25	0.3726
1525	1303772048547	0.5	1.0735	1.25	0.3726
1526	1303772048564	0.5	1.0735	1.25	0.3726
1527	1303772048582	0.5	1.0735	1.25	0.3726
1528	1303772048640	0.5	1.0735	1.25	0.3726
1529	1303772048657	0.5	1.0735	1.25	0.3726
1530	1303772048676	0.5	1.0735	1.25	0.3726
1531	1303772048693	0.5	1.0735	1.25	0.3726
1532	1303772048710	0.5	1.0735	1.25	0.3726
1533	1303772048727	0.5	1.0735	1.25	0.3726
1534	1303772048746	0.5	1.0735	1.25	0.3726
1535	1303772048762	0.5	1.0735	1.25	0.3726
1536	1303772048819	0.5	1.0735	1.25	0.3726
1537	1303772048837	0.5	1.0735	1.25	0.3726
1538	1303772048853	0.5	1.0735	1.25	0.3726
1539	1303772048869	0.5	1.0735	1.25	0.3726
1540	1303772048886	0.5	1.0735	1.25	0.3726
1541	1303772048904	0.5	1.0735	1.25	0.3726
1542	1303772048921	0.5	1.0735	1.25	0.3726
1543	1303772048937	0.5	1.0735	1.25	0.3726
1544	1303772048955	0.5	1.0735	1.25	0.3726
1545	1303772048973	0.5	1.0735	1.2143	0.3836
1546	1303772048990	0.5	1.0735	1.2143	0.3836
1547	1303772049052	0.5	1.0735	1.2143	0.3836
1548	1303772049072	0.5	1.0735	1.2143	0.3836
1549	1303772049088	0.5	1.0735	1.2143	0.3836
1550	1303772049104	0.5	1.0735	1.2143	0.3836
1551	1303772049123	0.5	1.0735	1.1786	0.3952
1552	1303772049139	0.5	1.0735	1.1786	0.3952
1553	1303772049156	0.5	1.0735	1.1786	0.3952
1554	1303772049172	0.5	1.0735	1.1786	0.3952
1555	1303772049259	0.5	1.0735	1.1786	0.3952
1556	1303772049276	0.5	1.0735	1.1786	0.3952
1557	1303772049293	0.5	1.0735	1.1786	0.3952
1558	1303772049311	0.5	1.0735	1.1786	0.3952
1559	1303772049329	0.5	1.0735	1.1786	0.3952
1560	1303772049346	0.5	1.0735	1.1786	0.3952
1561	1303772049362	0.5	1.0735	1.1786	0.3952
1562	1303772049381	0.5	1.0735	1.1786	0.3952
1563	1303772049399	0.5	1.0735	1.1786	0.3952
1564	1303772049416	0.5	1.0735	1.1786	0.3952
1565	1303772049435	0.5	1.0735	1.1786	0.3952
1566	1303772049452	0.5	1.0735	1.1786	0.3952
1567	1303772049471	0.5	1.0735	1.1786	0.3952
1568	1303772049488	0.5	1.0735	1.1786	0.3952
1569	1303772049506	0.5	1.0735	1.1786	0.3952
1570	1303772049523	0.5	1.2047	1.1786	0.3522
1571	1303772049541	0.5	1.2047	1.25	0.332
1572	1303772049601	0.5	1.2047	1.25	0.332
1573	1303772049617	0.5	1.2047	1.2667	0.3277
1574	1303772049634	0.5	1.2047	1.25	0.332
1575	1303772049650	0.5	1.2047	1.2143	0.3418
1576	1303772049668	0.5	1.2047	1.2667	0.3277
1577	1303772049685	0.5	1.2047	1.2	0.3459
1578	1303772049701	0.5	1.2047	1.1667	0.3558
1579	1303772049719	0.5	1.2047	1.1667	0.3558
1580	1303772049736	0.5	1.2047	1.1667	0.3558
1581	1303772049754	0.5	1.2047	1.1667	0.3558
1582	1303772049770	0.5	1.2047	1.1667	0.3558
1583	1303772049788	0.5	1.2047	1.1667	0.3558
1584	1303772049805	0.5	1.2047	1.1667	0.3558
1585	1303772049821	0.5	1.2047	1.1667	0.3558
1586	1303772049839	0.5	1.2047	1.1667	0.3558
1587	1303772049857	0.5	1.2047	1.1667	0.3558
1588	1303772049874	0.5	1.2047	1.1667	0.3558
1589	1303772049891	0.5	1.2047	1.1667	0.3558
1590	1303772049911	0.5	1.2047	1.1667	0.3558
1591	1303772049928	0.5	1.2047	1.1667	0.3558
1592	1303772049944	0.5	1.2047	1.1667	0.3558
1593	1303772049962	0.5	1.2047	1.1667	0.3558
1594	1303772049979	0.5	1.2047	1.1667	0.3558
1595	1303772049995	0.5	1.2047	1.1667	0.3558
1596	1303772050012	0.5	1.2047	1.1667	0.3558
1597	1303772050031	0.5	1.2047	1.1667	0.3558
1598	1303772050047	0.5	1.2047	1.1667	0.3558
1599	1303772050064	0.5	1.2047	1.1667	0.3558
1600	1303772050082	0.5	1.2047	1.1667	0.3558
1601	1303772050099	0.5	1.2047	1.1667	0.3558
1602	1303772050116	0.5	1.2047	1.1667	0.3558
1603	1303772050133	0.5	1.2047	1.1667	0.3558
1604	1303772050152	0.5	1.2047	1.1667	0.3558
1605	1303772050169	0.5	1.2047	1.1667	0.3558
1606	1303772050186	0.5	1.2047	1.1667	0.3558
1607	1303772050203	0.5	1.2047	1.1667	0.3558
1608	1303772050222	0.5	1.2047	1.1667	0.3558
1609	1303772050240	0.5	1.2047	1.1667	0.3558
1610	1303772050257	0.5	1.2047	1.1667	0.3558
1611	1303772050275	0.5	1.2047	1.1667	0.3558
1612	1303772050292	0.5	1.2047	1.1667	0.3558
1613	1303772050310	0.5	1.2047	1.1667	0.3558
1614	1303772050327	0.5	1.2047	1.1667	0.3558
1615	1303772050345	0.5	1.2047	1.1667	0.3558
1616	1303772050362	0.5	1.2047	1.1667	0.3558
1617	1303772050378	0.5	1.2047	1.1667	0.3558
1618	1303772050396	0.5	1.2047	1.1667	0.3558
1619	1303772050413	0.5	1.2047	1.1667	0.3558
1620	1303772050429	0.5	1.2047	1.1667	0.3558
1621	1303772050446	0.5	1.2047	1.1667	0.3558
1622	1303772050465	0.5	1.2047	1.1667	0.3558
1623	1303772050523	0.5	1.2047	1.1667	0.3558
1624	1303772050540	0.5	1.2047	1.1667	0.3558
1625	1303772050559	0.5	1.2047	1.1667	0.3558
1626	1303772050616	0.5	1.2047	1.1667	0.3558
1627	1303772050633	0.5	1.2047	1.1667	0.3558
1628	1303772050692	0.5	1.0724	1.1667	0.3996
1629	1303772050708	0.5	1.0724	1.1667	0.3996
1630	1303772050726	0.5	1.0627	1.1667	0.4033
1631	1303772050744	0.5	1.0627	1.1562	0.4069
1632	1303772050763	0.5	1.0627	1.1667	0.4033
1633	1303772050781	0.5	1.0627	1.1667	0.4033
1634	1303772050798	0.5	1.0627	1.1667	0.4033
1635	1303772050822	0.5	1.0627	1.1562	0.4069
1636	1303772050839	0.5	1.0627	1.1562	0.4069
1637	1303772050855	0.5	1.0627	1.1667	0.4033
1638	1303772050871	0.5	1.0627	1.1562	0.4069
1639	1303772050889	0.5	1.0627	1.1562	0.4069
1640	1303772050905	0.5	1.0627	1.1562	0.4069
1641	1303772050921	0.5	1.0627	1.1562	0.4069
1642	1303772050940	0.5	1.0627	1.1562	0.4069
1643	1303772050956	0.5	1.0627	1.1562	0.4069
1644	1303772050972	0.5	1.0627	1.1562	0.4069
1645	1303772051029	0.5	1.0627	1.1562	0.4069
1646	1303772051088	0.5	1.0627	1.1562	0.4069
1647	1303772051105	0.5	1.0627	1.1562	0.4069
1648	1303772051122	0.5	1.0627	1.1562	0.4069
1649	1303772051139	0.5	1.0627	1.1562	0.4069
1650	1303772051156	0.5	1.0627	1.1562	0.4069
1651	1303772051172	0.5	1.0627	1.1562	0.4069
1652	1303772051189	0.5	1.0627	1.1562	0.4069
1653	1303772051207	0.5	1.0627	1.1562	0.4069
1654	1303772051223	0.5	1.0627	1.1562	0.4069
1655	1303772051240	0.5	1.0627	1.1562	0.4069
1656	1303772051258	0.5	1.0627	1.1562	0.4069
1657	1303772051274	0.5	1.0627	1.1562	0.4069
1658	1303772051291	0.5	1.0627	1.1562	0.4069
1659	1303772051308	0.5	1.0627	1.1562	0.4069
1660	1303772051326	0.5	1.0627	1.1562	0.4069
1661	1303772051382	0.5	1.0627	1.1562	0.4069
1662	1303772051399	0.5	1.0627	1.1562	0.4069
1663	1303772051417	0.5	1.0627	1.1562	0.4069
1664	1303772051474	0.5	1.0627	1.1562	0.4069
1665	1303772051531	0.5	1.0627	1.1562	0.4069
1666	1303772051548	0.5	1.0627	1.1562	0.4069
1667	1303772051566	0.5	1.0627	1.1562	0.4069
1668	1303772051583	0.5	1.0627	1.1562	0.4069
1669	1303772051641	0.5	1.0627	1.1562	0.4069
1670	1303772051660	0.5	1.0627	1.1562	0.4069
1671	1303772051677	0.5	1.0627	1.1562	0.4069
1672	1303772051693	0.5	1.0627	1.1562	0.4069
1673	1303772051710	0.5	1.0627	1.1562	0.4069
1674	1303772051729	0.5	1.0627	1.1562	0.4069
1675	1303772051745	0.5	1.0627	1.1562	0.4069
1676	1303772051761	0.5	1.0627	1.1562	0.4069
1677	1303772051824	0.5	1.0627	1.1562	0.4069
1678	1303772051841	0.5	1.0627	1.1562	0.4069
1679	1303772051857	0.5	1.0627	1.1562	0.4069
1680	1303772051874	0.5	1.0627	1.1562	0.4069
1681	1303772051893	0.5	1.0627	1.1562	0.4069
1682	1303772051910	0.5	1.0627	1.1562	0.4069
1683	1303772051967	0.5	1.0627	1.1562	0.4069
1684	1303772051985	0.5	1.0627	1.1562	0.4069
1685	1303772052042	0.5	1.0627	1.1562	0.4069
1686	1303772052058	0.5	1.0627	1.1562	0.4069
1687	1303772052076	0.5	1.0627	1.1562	0.4069
1688	1303772052093	0.5	1.0627	1.1562	0.4069
1689	1303772052109	0.5	1.0627	1.1562	0.4069
1690	1303772052125	0.5	1.0627	1.1562	0.4069
1691	1303772052144	0.5	1.0544	1.1562	0.4101
1692	1303772052163	0.5	1.0544	1.1562	0.4101
1693	1303772052181	0.5	1.0544	1.1562	0.4101
1694	1303772052240	0.5	1.0544	1.1562	0.4101
1695	1303772052256	0.5	1.0544	1.1562	0.4101
1696	1303772052273	0.5	1.0544	1.1562	0.4101
1697	1303772052290	0.5	1.0544	1.1562	0.4101
1698	1303772052309	0.5	1.0544	1.1562	0.4101
1699	1303772052326	0.5	1.0544	1.1562	0.4101
1700	1303772052342	0.5	1.0544	1.1562	0.4101
1701	1303772052361	0.5	1.0544	1.1562	0.4101
1702	1303772052377	0.5	1.0544	1.1562	0.4101
1703	1303772052394	0.5	1.0544	1.1562	0.4101
1704	1303772052411	0.5	1.0544	1.1562	0.4101
1705	1303772052429	0.5	1.0544	1.1562	0.4101
1706	1303772052445	0.5	1.0544	1.1562	0.4101
1707	1303772052462	0.5	1.0544	1.1562	0.4101
1708	1303772052480	0.5	1.0544	1.1562	0.4101
1709	1303772052496	0.5	1.0544	1.1562	0.4101
1710	1303772052512	0.5	1.0544	1.1562	0.4101
1711	1303772052529	0.5	1.0544	1.1562	0.4101
1712	1303772052547	0.5	1.0544	1.1562	0.4101
1713	1303772052564	0.5	1.0544	1.1562	0.4101
1714	1303772052580	0.5	1.0544	1.1562	0.4101
1715	1303772052599	0.5	1.0544	1.1562	0.4101
1716	1303772052616	0.5	1.0544	1.1562	0.4101
1717	1303772052633	0.5	1.0544	1.1562	0.4101
1718	1303772052649	0.5	1.0544	1.1562	0.4101
1719	1303772052667	0.5	1.0544	1.1562	0.4101
1720	1303772052684	0.5	1.0544	1.1562	0.4101
1721	1303772052700	0.5	1.0544	1.1562	0.4101
1722	1303772052717	0.5	1.0544	1.1562	0.4101
1723	1303772052736	0.5	1.0544	1.1562	0.4101
1724	1303772052753	0.5	1.0544	1.1562	0.4101
1725	1303772052811	0.5	1.0544	1.1562	0.4101
1726	1303772052830	0.5	1.0544	1.1562	0.4101
1727	1303772052847	0.5	1.0544	1.1562	0.4101
1728	1303772052864	0.5	1.0544	1.1562	0.4101
1729	1303772052880	0.5	1.0544	1.1562	0.4101
1730	1303772052899	0.5	1.0544	1.125	0.4215
1731	1303772052916	0.5	1.0544	1.125	0.4215
1732	1303772052932	0.5	1.0544	1.125	0.4215
1733	1303772052950	0.5	1.0544	1.125	0.4215
1734	1303772052967	0.5	1.0544	1.125	0.4215
1735	1303772052985	0.5	1.0544	1.125	0.4215
1736	1303772053003	0.5	1.0544	1.125	0.4215
1737	1303772053021	0.5	1.0544	1.125	0.4215
1738	1303772053037	0.5	1.0544	1.125	0.4215
1739	1303772053053	0.5	1.0544	1.125	0.4215
1740	1303772053072	0.5	1.0544	1.125	0.4215
1741	1303772053088	0.5	1.0544	1.125	0.4215
1742	1303772053104	0.5	1.0544	1.125	0.4215
1743	1303772053121	0.5	1.0544	1.125	0.4215
1744	1303772053139	0.5	1.0544	1.125	0.4215
1745	1303772053155	0.5	1.0544	1.125	0.4215
1746	1303772053171	0.5	1.0544	1.125	0.4215
1747	1303772053189	0.5	1.0544	1.125	0.4215
1748	1303772053206	0.5	1.0544	1.125	0.4215
1749	1303772053222	0.5	1.0544	1.125	0.4215
1750	1303772053280	0.5	1.0544	1.125	0.4215
1751	1303772053298	0.5	1.0544	1.125	0.4215
1752	1303772053317	0.5	1.0464	1.125	0.4247
1753	1303772053337	0.5	1.0464	1.125	0.4247
1754	1303772053397	0.5	1.0464	1.125	0.4247
1755	1303772053413	0.5	1.0464	1.1471	0.4166
1756	1303772053430	0.5	1.0464	1.125	0.4247
1757	1303772053448	0.5	1.0464	1.1765	0.4061
1758	1303772053464	0.5	1.0464	1.125	0.4247
1759	1303772053480	0.5	1.0464	1.1765	0.4061
1760	1303772053497	0.5	1.0464	1.1176	0.4275
1761	1303772053515	0.5	1.0464	1.1176	0.4275
1762	1303772053531	0.5	1.0464	1.1176	0.4275
1763	1303772053547	0.5	1.0464	1.1176	0.4275
1764	1303772053563	0.5	1.0464	1.1176	0.4275
1765	1303772053582	0.5	1.0464	1.1176	0.4275
1766	1303772053598	0.5	1.0464	1.1176	0.4275
1767	1303772053614	0.5	1.0464	1.1176	0.4275
1768	1303772053632	0.5	1.0464	1.1176	0.4275
1769	1303772053649	0.5	1.0464	1.1176	0.4275
1770	1303772053665	0.5	1.0464	1.1176	0.4275
1771	1303772053682	0.5	1.0464	1.1176	0.4275
1772	1303772053700	0.5	1.0464	1.1176	0.4275
1773	1303772053716	0.5	1.0464	1.1176	0.4275
1774	1303772053732	0.5	1.0464	1.1176	0.4275
1775	1303772053796	0.5	1.0464	1.1176	0.4275
1776	1303772053813	0.5	1.0464	1.1176	0.4275
1777	1303772053829	0.5	1.0464	1.1176	0.4275
1778	1303772053891	0.5	1.0464	1.1176	0.4275
1779	1303772053910	0.5	1.0464	1.1176	0.4275
1780	1303772053926	0.5	1.0464	1.1176	0.4275
1781	1303772053943	0.5	1.0464	1.1176	0.4275
1782	1303772053962	0.5	1.0464	1.1176	0.4275
1783	1303772054023	0.5	1.0464	1.1176	0.4275
1784	1303772054040	0.5	1.0464	1.1176	0.4275
1785	1303772054056	0.5	1.0464	1.1176	0.4275
1786	1303772054074	0.5	1.0464	1.1176	0.4275
1787	1303772054091	0.5	1.0464	1.1176	0.4275
1788	1303772054147	0.5	1.0464	1.1176	0.4275
1789	1303772054166	0.5	1.0464	1.1176	0.4275
1790	1303772054183	0.5	1.0464	1.1176	0.4275
1791	1303772054200	0.5	1.0464	1.1176	0.4275
1792	1303772054217	0.5	1.0464	1.1176	0.4275
1793	1303772054235	0.5	1.0464	1.1176	0.4275
1794	1303772054253	0.5	1.0464	1.1176	0.4275
1795	1303772054270	0.5	1.0464	1.1176	0.4275
1796	1303772054288	0.5	1.0464	1.1176	0.4275
1797	1303772054305	0.5	1.0464	1.1176	0.4275
1798	1303772054322	0.5	1.0464	1.1176	0.4275
1799	1303772054379	0.5	1.0464	1.1176	0.4275
1800	1303772054398	0.5	1.0464	1.1176	0.4275
