0	1303770995575	0	0	0	0
1	1303770995584	0	0	0	0
2	1303770995593	0	0	0	0
3	1303770995602	0	0	0	0
4	1303770995666	0	0	0	0
5	1303770995678	0	0	0	0
6	1303770995689	0	0	0	0
7	1303770995743	0	0	0	0
8	1303770995754	0	0	0	0
9	1303770995767	0	0	0	0
10	1303770995779	0	0	0	0
11	1303770995791	0	0	0	0
12	1303770995803	0	0	0	0
13	1303770995857	0	0	0	0
14	1303770995868	0	0	0	0
15	1303770995881	0	0	0	0
16	1303770995893	0	0	0	0
17	1303770995904	0	0	0	0
18	1303770995918	0	0	0	0
19	1303770995931	0	0	0	0
20	1303770995944	0	0	0	0
21	1303770995958	0	0	0	0
22	1303770995972	0	0	0	0
23	1303770995986	0	0	0	0
24	1303770996000	0	0	0	0
25	1303770996014	0	0	0	0
26	1303770996028	0	0	0	0
27	1303770996084	0	0	0	0
28	1303770996097	0	0	0	0
29	1303770996112	0	0	0	0
30	1303770996125	0	0	0	0
31	1303770996139	0	0	0	0
32	1303770996195	0	0	0	0
33	1303770996208	0	0	0	0
34	1303770996263	0	0	0	0
35	1303770996277	0	0	0	0
36	1303770996292	0	0	0	0
37	1303770996346	0	0	0	0
38	1303770996361	0	0	0	0
39	1303770996379	1	0	0	0
40	1303770996415	1	0	0	0
41	1303770996448	1	0	0	0
42	1303770996466	1	1.3544	0	0
43	1303770996489	1	1.2981	0	0
44	1303770996512	1	1.2981	0	0
45	1303770996534	1	1.2981	1.5	0.5136
46	1303770996563	1	1.2981	1.5	0.5136
47	1303770996630	1	1.2981	1.5	0.5136
48	1303770996659	1	1.2981	1.5	0.5136
49	1303770996685	1	1.2981	1.5	0.5136
50	1303770996702	1	1.2981	1.5	0.5136
51	1303770996717	1	1.2981	1.5	0.5136
52	1303770996777	1	1.2981	1.5	0.5136
53	1303770996793	1	1.2981	1.5	0.5136
54	1303770996808	1	1.2981	1.5	0.5136
55	1303770996824	1	1.2981	1.5	0.5136
56	1303770996838	1	1.2981	1.5	0.5136
57	1303770996855	1	1.2981	1.4167	0.5438
58	1303770996870	1	1.2981	1.5	0.5136
59	1303770996885	1	1.2981	1.5	0.5136
60	1303770996901	1	1.2981	1.5	0.5136
61	1303770996915	1	1.2981	1.5	0.5136
62	1303770996932	1	1.2981	1.5	0.5136
63	1303770996948	1	1.2981	1.4286	0.5392
64	1303770996963	1	1.2981	1.2857	0.5992
65	1303770996979	1	1.2981	1.2857	0.5992
66	1303770996994	1	1.2981	1.25	0.6163
67	1303770997027	1	1.2981	1.1875	0.6487
68	1303770997043	1	1.2981	1.1875	0.6487
69	1303770997058	1	1.2981	1.1875	0.6487
70	1303770997075	1	1.2981	1.1875	0.6487
71	1303770997090	1	1.2981	1.1875	0.6487
72	1303770997107	1	1.2981	1.1667	0.6603
73	1303770997123	1	1.2981	1.1667	0.6603
74	1303770997138	1	1.2981	1.1667	0.6603
75	1303770997154	1	1.2981	1.1667	0.6603
76	1303770997171	1	1.2981	1.1667	0.6603
77	1303770997186	1	1.2981	1.1667	0.6603
78	1303770997244	1	1.2981	1.1667	0.6603
79	1303770997261	1	1.2981	1.1667	0.6603
80	1303770997276	1	1.2981	1.1667	0.6603
81	1303770997293	1	1.2981	1.1667	0.6603
82	1303770997309	1	1.2981	1.1667	0.6603
83	1303770997325	1	1.2981	1.1667	0.6603
84	1303770997342	1	1.2981	1.1667	0.6603
85	1303770997358	1	1.2981	1.1667	0.6603
86	1303770997374	1	1.2981	1.1667	0.6603
87	1303770997391	1	1.2981	1.1667	0.6603
88	1303770997407	1	1.2981	1.1667	0.6603
89	1303770997424	1	1.2981	1.1667	0.6603
90	1303770997441	1	1.2981	1.1667	0.6603
91	1303770997457	1	1.2981	1.1667	0.6603
92	1303770997514	1	1.2981	1.1667	0.6603
93	1303770997531	1	1.2981	1.1667	0.6603
94	1303770997589	1	3.1876	1.1667	0.2689
95	1303770997605	1	3.1876	1.1667	0.2689
96	1303770997622	1	3.1876	1.1667	0.2689
97	1303770997640	1	1.0457	1.1667	0.8197
98	1303770997659	1	1.3305	1.1667	0.6442
99	1303770997679	1	1.3305	1.1111	0.6764
100	1303770997700	1	1.3305	1.1111	0.6764
101	1303770997719	1	1.3305	1.1111	0.6764
102	1303770997739	1	1.3305	1.1111	0.6764
103	1303770997759	1	1.3305	1.1111	0.6764
104	1303770997778	1	1.3305	1.1111	0.6764
105	1303770997798	1	1.3305	1.1111	0.6764
106	1303770997816	1	1.3305	1.1111	0.6764
107	1303770997836	1	1.3305	1.1111	0.6764
108	1303770997855	1	1.3305	1.1111	0.6764
109	1303770997875	1	1.3305	1.1111	0.6764
110	1303770997894	1	1.3305	1.1111	0.6764
111	1303770997913	1	1.3305	1.1111	0.6764
112	1303770997933	1	1.3305	1.1111	0.6764
113	1303770997994	1	1.3305	1.1111	0.6764
114	1303770998014	1	1.3305	1.1111	0.6764
115	1303770998034	1	1.3305	1.0556	0.712
116	1303770998052	1	1.3305	1.1111	0.6764
117	1303770998071	1	1.3305	1.1111	0.6764
118	1303770998090	1	1.3305	1.1111	0.6764
119	1303770998109	1	1.3305	1.0556	0.712
120	1303770998128	1	1.3305	1.1111	0.6764
121	1303770998147	1	1.3305	1.1111	0.6764
122	1303770998166	1	1.3305	1.1111	0.6764
123	1303770998185	1	1.3305	1.0556	0.712
124	1303770998203	1	1.3305	1.1111	0.6764
125	1303770998222	1	1.3305	1.1111	0.6764
126	1303770998241	1	1.3305	1.1111	0.6764
127	1303770998260	1	1.3305	1.0556	0.712
128	1303770998279	1	1.3305	1.1111	0.6764
129	1303770998299	1	1.3305	1.1111	0.6764
130	1303770998318	1	1.3305	1.1111	0.6764
131	1303770998336	1	1.3305	1.0556	0.712
132	1303770998355	1	1.3305	1.1111	0.6764
133	1303770998374	1	1.3305	1.1111	0.6764
134	1303770998393	1	1.3305	1.1111	0.6764
135	1303770998412	1	1.3305	1.0556	0.712
136	1303770998472	1	1.3305	1.1111	0.6764
137	1303770998492	1	1.3305	1.1111	0.6764
138	1303770998509	1	1.3305	1.1111	0.6764
139	1303770998528	1	1.3305	1.0556	0.712
140	1303770998547	1	1.3305	1.1111	0.6764
141	1303770998566	1	1.3305	1.1111	0.6764
142	1303770998585	1	1.3305	1.1111	0.6764
143	1303770998603	1	1.3305	1.0556	0.712
144	1303770998621	1	1.3305	1.1111	0.6764
145	1303770998639	1	1.3305	1.1111	0.6764
146	1303770998658	1	1.3305	1.1111	0.6764
147	1303770998676	1	1.3305	1.0556	0.712
148	1303770998695	1	1.3305	1.1111	0.6764
149	1303770998714	1	1.3305	1.1111	0.6764
150	1303770998731	1	1.3305	1.1111	0.6764
151	1303770998750	1	1.3305	1.0556	0.712
152	1303770998769	1	1.3305	1.1111	0.6764
153	1303770998787	1	1.3305	1.1111	0.6764
154	1303770998806	1	1.3305	1.1111	0.6764
155	1303770998865	1	1.3305	1.1111	0.6764
156	1303770998884	1	1.3305	1.1111	0.6764
157	1303770998902	1	1.3305	1.1111	0.6764
158	1303770998921	1	1.3305	1.1111	0.6764
159	1303770998941	1	1.3872	1.1111	0.6488
160	1303770998961	1	1.3859	1.1111	0.6494
161	1303770998980	1	1.3859	1.1111	0.6494
162	1303770999041	1	1.3859	1.1111	0.6494
163	1303770999061	1	1.3859	1.1111	0.6494
164	1303770999080	1	1.3859	1.1111	0.6494
165	1303770999099	1	1.3859	1.1111	0.6494
166	1303770999118	1	1.3859	1.1111	0.6494
167	1303770999177	1	1.3859	1.1111	0.6494
168	1303770999196	1	1.3859	1.1111	0.6494
169	1303770999214	1	1.3859	1.1111	0.6494
170	1303770999233	1	1.3859	1.1111	0.6494
171	1303770999252	1	1.3859	1.1111	0.6494
172	1303770999271	1	1.3859	1.1111	0.6494
173	1303770999330	1	1.3859	1.1111	0.6494
174	1303770999389	1	1.3859	1.1111	0.6494
175	1303770999408	1	1.3859	1.1111	0.6494
176	1303770999427	1	1.3859	1.1111	0.6494
177	1303770999446	1	1.3859	1.1111	0.6494
178	1303770999464	1	1.3859	1.1111	0.6494
179	1303770999482	1	1.3859	1.1111	0.6494
180	1303770999500	1	1.3859	1.1111	0.6494
181	1303770999518	1	1.3859	1.1111	0.6494
182	1303770999536	1	1.3859	1.1111	0.6494
183	1303770999554	1	1.3859	1.1111	0.6494
184	1303770999573	1	1.3859	1.1111	0.6494
185	1303770999592	1	1.3859	1.1111	0.6494
186	1303770999651	1	1.3859	1.1111	0.6494
187	1303770999670	1	1.3859	1.1111	0.6494
188	1303770999689	1	1.3859	1.1111	0.6494
189	1303770999706	1	1.3859	1.1111	0.6494
190	1303770999725	1	1.3859	1.1111	0.6494
191	1303770999745	1	1.3859	1.1111	0.6494
192	1303770999765	1	1.3859	1.1111	0.6494
193	1303770999784	1	1.3859	1.1111	0.6494
194	1303770999847	1	1.3859	1.1111	0.6494
195	1303770999866	1	1.3859	1.1111	0.6494
196	1303770999885	1	1.3859	1.1111	0.6494
197	1303770999904	1	1.3859	1.1111	0.6494
198	1303770999922	1	1.3859	1.1111	0.6494
199	1303770999979	1	1.3859	1.1111	0.6494
200	1303770999998	1	1.3859	1.1111	0.6494
201	1303771000017	1	1.3859	1.1111	0.6494
202	1303771000035	1	1.3859	1.1111	0.6494
203	1303771000053	1	1.3859	1.1111	0.6494
204	1303771000072	1	1.3859	1.1111	0.6494
205	1303771000090	1	1.3859	1.1111	0.6494
206	1303771000108	1	1.3859	1.1111	0.6494
207	1303771000127	1	1.3859	1.1111	0.6494
208	1303771000185	1	1.3859	1.1111	0.6494
209	1303771000205	1	1.3859	1.1111	0.6494
210	1303771000225	1	1.3859	1.1111	0.6494
211	1303771000244	1	1.3859	1.1111	0.6494
212	1303771000263	1	1.3859	1.1111	0.6494
213	1303771000280	1	1.3859	1.1111	0.6494
214	1303771000299	1	1.3859	1.1111	0.6494
215	1303771000358	1	1.3859	1.1111	0.6494
216	1303771000377	1	1.3859	1.1111	0.6494
217	1303771000395	1	1.3859	1.1111	0.6494
218	1303771000413	1	1.3859	1.1111	0.6494
219	1303771000473	1	1.3859	1.1111	0.6494
220	1303771000493	1	1.3859	1.1111	0.6494
221	1303771000513	1	1.4002	1.1111	0.6428
222	1303771000534	1	1.4002	1.1111	0.6428
223	1303771000552	1	1.4002	1.1111	0.6428
224	1303771000571	1	1.4002	1.1111	0.6428
225	1303771000591	1	1.4002	1.1111	0.6428
226	1303771000609	1	1.4002	1.1111	0.6428
227	1303771000628	1	1.4002	1.1111	0.6428
228	1303771000646	1	1.4002	1.1111	0.6428
229	1303771000665	1	1.4002	1.1111	0.6428
230	1303771000683	1	1.4002	1.1111	0.6428
231	1303771000702	1	1.4002	1.1111	0.6428
232	1303771000719	1	1.4002	1.1111	0.6428
233	1303771000780	1	1.4002	1.1111	0.6428
234	1303771000799	1	1.4002	1.1111	0.6428
235	1303771000818	1	1.4002	1.1111	0.6428
236	1303771000835	1	1.4002	1.1111	0.6428
237	1303771000853	1	1.4002	1.1111	0.6428
238	1303771000916	1	1.4002	1.1111	0.6428
239	1303771000934	1	1.4002	1.1111	0.6428
240	1303771000951	1	1.4002	1.1111	0.6428
241	1303771000971	1	1.4002	1.1111	0.6428
242	1303771000990	1	1.4002	1.1111	0.6428
243	1303771001008	1	1.4002	1.1111	0.6428
244	1303771001027	1	1.4002	1.1111	0.6428
245	1303771001045	1	1.4002	1.1111	0.6428
246	1303771001062	1	1.4002	1.1111	0.6428
247	1303771001081	1	1.4002	1.1111	0.6428
248	1303771001099	1	1.4002	1.1111	0.6428
249	1303771001117	1	1.4002	1.1111	0.6428
250	1303771001136	1	1.4002	1.1111	0.6428
251	1303771001154	1	1.4002	1.1111	0.6428
252	1303771001174	1	1.4002	1.1111	0.6428
253	1303771001191	1	1.4002	1.1111	0.6428
254	1303771001209	1	1.4002	1.1111	0.6428
255	1303771001227	1	1.4002	1.1111	0.6428
256	1303771001245	1	1.4002	1.1111	0.6428
257	1303771001263	1	1.4002	1.1111	0.6428
258	1303771001281	1	1.4002	1.1111	0.6428
259	1303771001300	1	1.4002	1.1111	0.6428
260	1303771001319	1	1.4002	1.1111	0.6428
261	1303771001337	1	1.4002	1.1111	0.6428
262	1303771001356	1	1.4002	1.1111	0.6428
263	1303771001374	1	1.4002	1.1111	0.6428
264	1303771001392	1	1.4002	1.1111	0.6428
265	1303771001410	1	1.4002	1.1111	0.6428
266	1303771001428	1	1.4002	1.1111	0.6428
267	1303771001446	1	1.4002	1.1111	0.6428
268	1303771001464	1	1.4002	1.1111	0.6428
269	1303771001482	1	1.4002	1.1111	0.6428
270	1303771001541	1	1.4002	1.1111	0.6428
271	1303771001559	1	1.4002	1.1111	0.6428
272	1303771001578	1	1.4002	1.1111	0.6428
273	1303771001595	1	1.4002	1.1111	0.6428
274	1303771001613	1	1.4002	1.1111	0.6428
275	1303771001633	1	1.4002	1.1111	0.6428
276	1303771001652	1	1.4002	1.1111	0.6428
277	1303771001669	1	1.4002	1.1111	0.6428
278	1303771001687	1	1.4002	1.1111	0.6428
279	1303771001705	1	1.4002	1.1111	0.6428
280	1303771001723	1	1.4002	1.1111	0.6428
281	1303771001743	1	1.4002	1.1111	0.6428
282	1303771001809	1	1.462	1.1111	0.6156
283	1303771001830	1	1.462	1.1111	0.6156
284	1303771001953	1	1.462	1.1111	0.6156
285	1303771001972	1	1.462	1.1111	0.6156
286	1303771001990	1	1.462	1.1111	0.6156
287	1303771002007	1	1.462	1.1111	0.6156
288	1303771002026	1	1.462	1.1111	0.6156
289	1303771002085	1	1.462	1.1111	0.6156
290	1303771002103	1	1.462	1.1111	0.6156
291	1303771002120	1	1.462	1.1111	0.6156
292	1303771002139	1	1.462	1.1111	0.6156
293	1303771002169	1	1.462	1.1111	0.6156
294	1303771002187	1	1.462	1.1111	0.6156
295	1303771002204	1	1.462	1.1111	0.6156
296	1303771002222	1	1.462	1.1111	0.6156
297	1303771002241	1	1.462	1.1111	0.6156
298	1303771002259	1	1.462	1.1111	0.6156
299	1303771002276	1	1.462	1.1111	0.6156
300	1303771002294	1	1.462	1.1111	0.6156
301	1303771002312	1	1.462	1.1111	0.6156
302	1303771002331	1	1.462	1.1111	0.6156
303	1303771002348	1	1.462	1.1111	0.6156
304	1303771002366	1	1.462	1.1111	0.6156
305	1303771002384	1	1.462	1.1111	0.6156
306	1303771002402	1	1.462	1.1111	0.6156
307	1303771002421	1	1.462	1.1111	0.6156
308	1303771002439	1	1.462	1.1111	0.6156
309	1303771002458	1	1.462	1.1111	0.6156
310	1303771002475	1	1.462	1.1111	0.6156
311	1303771002493	1	1.462	1.1111	0.6156
312	1303771002512	1	1.462	1.1111	0.6156
313	1303771002532	1	1.462	1.1111	0.6156
314	1303771002550	1	1.462	1.1111	0.6156
315	1303771002570	1	1.462	1.1111	0.6156
316	1303771002589	1	1.462	1.1111	0.6156
317	1303771002608	1	1.462	1.1111	0.6156
318	1303771002665	1	1.462	1.1111	0.6156
319	1303771002683	1	1.462	1.1111	0.6156
320	1303771002702	1	1.462	1.1111	0.6156
321	1303771002720	1	1.462	1.1111	0.6156
322	1303771002738	1	1.462	1.1111	0.6156
323	1303771002756	1	1.462	1.1111	0.6156
324	1303771002774	1	1.462	1.1111	0.6156
325	1303771002792	1	1.462	1.1111	0.6156
326	1303771002810	1	1.462	1.1111	0.6156
327	1303771002869	1	1.462	1.1111	0.6156
328	1303771002927	1	1.462	1.1111	0.6156
329	1303771002946	1	1.462	1.1111	0.6156
330	1303771002965	1	1.462	1.1111	0.6156
331	1303771002982	1	1.462	1.1111	0.6156
332	1303771003001	1	1.462	1.1111	0.6156
333	1303771003019	1	1.462	1.1111	0.6156
334	1303771003036	1	1.462	1.1111	0.6156
335	1303771003055	1	1.462	1.1111	0.6156
336	1303771003114	1	1.462	1.1111	0.6156
337	1303771003132	1	1.462	1.1111	0.6156
338	1303771003149	1	1.462	1.1111	0.6156
339	1303771003167	1	1.462	1.1111	0.6156
340	1303771003186	1	1.462	1.1111	0.6156
341	1303771003245	1	1.462	1.1111	0.6156
342	1303771003266	1	1.462	1.1111	0.6156
343	1303771003284	1	1.4629	1.1111	0.6152
344	1303771003344	1	1.4629	1.1111	0.6152
345	1303771003363	1	1.4629	1.1111	0.6152
346	1303771003382	1	1.4629	1.1111	0.6152
347	1303771003400	1	1.4629	1.1111	0.6152
348	1303771003417	1	1.4629	1.1111	0.6152
349	1303771003476	1	1.4629	1.1111	0.6152
350	1303771003495	1	1.4629	1.1111	0.6152
351	1303771003515	1	1.4629	1.1111	0.6152
352	1303771003532	1	1.4629	1.1111	0.6152
353	1303771003550	1	1.4629	1.1111	0.6152
354	1303771003570	1	1.4629	1.1111	0.6152
355	1303771003588	1	1.4629	1.1111	0.6152
356	1303771003607	1	1.4629	1.1111	0.6152
357	1303771003625	1	1.4629	1.1111	0.6152
358	1303771003644	1	1.4629	1.1111	0.6152
359	1303771003702	1	1.4629	1.1111	0.6152
360	1303771003720	1	1.4629	1.1111	0.6152
361	1303771003739	1	1.4629	1.1111	0.6152
362	1303771003757	1	1.4629	1.1111	0.6152
363	1303771003776	1	1.4629	1.1111	0.6152
364	1303771003793	1	1.4629	1.1111	0.6152
365	1303771003811	1	1.4629	1.1111	0.6152
366	1303771003830	1	1.4629	1.1111	0.6152
367	1303771003848	1	1.4629	1.1111	0.6152
368	1303771003906	1	1.4629	1.1111	0.6152
369	1303771003925	1	1.4629	1.1111	0.6152
370	1303771003943	1	1.4629	1.1111	0.6152
371	1303771003963	1	1.4629	1.1111	0.6152
372	1303771003981	1	1.4629	1.1111	0.6152
373	1303771003999	1	1.4629	1.1111	0.6152
374	1303771004060	1	1.4629	1.1111	0.6152
375	1303771004079	1	1.4629	1.1111	0.6152
376	1303771004097	1	1.4629	1.1111	0.6152
377	1303771004115	1	1.4629	1.1111	0.6152
378	1303771004134	1	1.4629	1.1111	0.6152
379	1303771004152	1	1.4629	1.1111	0.6152
380	1303771004170	1	1.4629	1.1111	0.6152
381	1303771004188	1	1.4629	1.1111	0.6152
382	1303771004207	1	1.4629	1.1111	0.6152
383	1303771004224	1	1.4629	1.1111	0.6152
384	1303771004242	1	1.4629	1.1111	0.6152
385	1303771004261	1	1.4629	1.1111	0.6152
386	1303771004279	1	1.4629	1.1111	0.6152
387	1303771004297	1	1.4629	1.1111	0.6152
388	1303771004315	1	1.4629	1.1111	0.6152
389	1303771004334	1	1.4629	1.1111	0.6152
390	1303771004352	1	1.4629	1.1111	0.6152
391	1303771004369	1	1.4629	1.1111	0.6152
392	1303771004387	1	1.4629	1.1111	0.6152
393	1303771004406	1	1.4629	1.1111	0.6152
394	1303771004424	1	1.4629	1.1111	0.6152
395	1303771004441	1	1.4629	1.1111	0.6152
396	1303771004460	1	1.4629	1.1111	0.6152
397	1303771004478	1	1.4629	1.1111	0.6152
398	1303771004537	1	1.4629	1.1111	0.6152
399	1303771004595	1	1.4629	1.1111	0.6152
400	1303771004614	1	1.4629	1.1111	0.6152
401	1303771004672	1	1.4629	1.1111	0.6152
402	1303771004691	1	1.4629	1.1111	0.6152
403	1303771004712	1	1.4629	1.1111	0.6152
404	1303771004731	1	1.4629	1.1111	0.6152
405	1303771004751	1	1.4629	1.1111	0.6152
406	1303771004771	1	1.4629	1.1111	0.6152
407	1303771004834	1	1.4629	1.1111	0.6152
408	1303771004851	1	1.4629	1.1111	0.6152
409	1303771004870	1	1.4629	1.1111	0.6152
410	1303771004889	1	1.4629	1.1111	0.6152
411	1303771004908	1	1.4629	1.1111	0.6152
412	1303771004926	1	1.4629	1.1111	0.6152
413	1303771004944	1	1.4629	1.1111	0.6152
414	1303771004963	1	1.4629	1.1111	0.6152
415	1303771004982	1	1.4629	1.1111	0.6152
416	1303771005001	1	1.4629	1.1111	0.6152
417	1303771005020	1	1.4629	1.1111	0.6152
418	1303771005039	1	1.4629	1.1111	0.6152
419	1303771005058	1	1.4629	1.1111	0.6152
420	1303771005115	1	1.4629	1.1111	0.6152
421	1303771005134	1	1.4629	1.1111	0.6152
422	1303771005154	1	1.4629	1.1111	0.6152
423	1303771005173	1	1.4629	1.1111	0.6152
424	1303771005191	1	1.4629	1.1111	0.6152
425	1303771005209	1	1.4629	1.1111	0.6152
426	1303771005273	1	1.4629	1.1111	0.6152
427	1303771005292	1	1.4629	1.1111	0.6152
428	1303771005310	1	1.4629	1.1111	0.6152
429	1303771005329	1	1.4629	1.1111	0.6152
430	1303771005348	1	1.4629	1.1111	0.6152
431	1303771005366	1	1.4629	1.1111	0.6152
432	1303771005383	1	1.4629	1.1111	0.6152
433	1303771005402	1	1.4629	1.1111	0.6152
434	1303771005421	1	1.4629	1.1111	0.6152
435	1303771005439	1	1.4629	1.1111	0.6152
436	1303771005457	1	1.4629	1.1111	0.6152
437	1303771005475	1	1.4629	1.1111	0.6152
438	1303771005494	1	1.4629	1.1111	0.6152
439	1303771005512	1	1.4629	1.1111	0.6152
440	1303771005530	1	1.4629	1.1111	0.6152
441	1303771005549	1	1.4629	1.1111	0.6152
442	1303771005568	1	1.4629	1.1111	0.6152
443	1303771005585	1	1.4629	1.1111	0.6152
444	1303771005605	1	1.4629	1.1111	0.6152
445	1303771005624	1	1.4629	1.1111	0.6152
446	1303771005643	1	1.4629	1.1111	0.6152
447	1303771005660	1	1.4629	1.1111	0.6152
448	1303771005679	1	1.4629	1.1111	0.6152
449	1303771005697	1	1.4629	1.1111	0.6152
450	1303771005716	1	1.4629	1.1111	0.6152
451	1303771005733	1	1.4629	1.1111	0.6152
452	1303771005752	1	1.4629	1.1111	0.6152
453	1303771005770	1	1.4629	1.1111	0.6152
454	1303771005788	1	1.4629	1.1111	0.6152
455	1303771005806	1	1.4629	1.1111	0.6152
456	1303771005824	1	1.4629	1.1111	0.6152
457	1303771005843	1	1.4629	1.1111	0.6152
458	1303771005861	1	1.4629	1.1111	0.6152
459	1303771005879	1	1.4629	1.1111	0.6152
460	1303771005897	1	1.4629	1.1111	0.6152
461	1303771005915	1	1.4629	1.1111	0.6152
462	1303771005933	1	1.4629	1.1111	0.6152
463	1303771005952	1	1.4629	1.1111	0.6152
464	1303771005972	1	1.4629	1.1111	0.6152
465	1303771006032	1	1.4629	1.1111	0.6152
466	1303771006051	1	1.4629	1.1111	0.6152
467	1303771006069	1	1.4629	1.1111	0.6152
468	1303771006095	1	1.4629	1.1111	0.6152
469	1303771006114	1	1.4629	1.1111	0.6152
470	1303771006132	1	1.4629	1.1111	0.6152
471	1303771006149	1	1.4629	1.1111	0.6152
472	1303771006167	1	1.4629	1.1111	0.6152
473	1303771006186	1	1.4629	1.1111	0.6152
474	1303771006204	1	1.4629	1.1111	0.6152
475	1303771006221	1	1.4629	1.1111	0.6152
476	1303771006239	1	1.4629	1.1111	0.6152
477	1303771006258	1	1.4629	1.1111	0.6152
478	1303771006277	1	1.4629	1.1111	0.6152
479	1303771006295	1	1.4629	1.1111	0.6152
480	1303771006313	1	1.4629	1.1111	0.6152
481	1303771006331	1	1.4629	1.1111	0.6152
482	1303771006349	1	1.4629	1.1111	0.6152
483	1303771006367	1	1.4629	1.1111	0.6152
484	1303771006428	1	1.4629	1.1111	0.6152
485	1303771006447	1	1.4629	1.1111	0.6152
486	1303771006464	1	1.4629	1.1111	0.6152
487	1303771006484	1	1.4629	1.1111	0.6152
488	1303771006504	1	1.4629	1.1111	0.6152
489	1303771006522	1	1.4629	1.1111	0.6152
490	1303771006540	1	1.4629	1.1111	0.6152
491	1303771006558	1	1.4629	1.1111	0.6152
492	1303771006576	1	1.4629	1.1111	0.6152
493	1303771006595	1	1.4629	1.1111	0.6152
494	1303771006612	1	1.4629	1.1111	0.6152
495	1303771006676	1	1.4629	1.1111	0.6152
496	1303771006695	1	1.4629	1.1111	0.6152
497	1303771006713	1	1.4629	1.1111	0.6152
498	1303771006732	1	1.4629	1.1111	0.6152
499	1303771006750	1	1.4629	1.1111	0.6152
500	1303771006768	1	1.4629	1.1111	0.6152
501	1303771006785	1	1.4629	1.1111	0.6152
502	1303771006803	1	1.4629	1.1111	0.6152
503	1303771006821	1	1.4629	1.1111	0.6152
504	1303771006880	1	1.4629	1.1111	0.6152
505	1303771006897	1	1.4629	1.1111	0.6152
506	1303771006915	1	1.4629	1.1111	0.6152
507	1303771006935	1	1.4629	1.1111	0.6152
508	1303771006954	1	1.4629	1.1111	0.6152
509	1303771006972	1	1.4629	1.1111	0.6152
510	1303771006991	1	1.4629	1.1111	0.6152
511	1303771007009	1	1.4629	1.1111	0.6152
512	1303771007027	1	1.4629	1.1111	0.6152
513	1303771007084	1	1.4629	1.1111	0.6152
514	1303771007103	1	1.4629	1.1111	0.6152
515	1303771007122	1	1.4629	1.1111	0.6152
516	1303771007140	1	1.4629	1.1111	0.6152
517	1303771007157	1	1.4629	1.1111	0.6152
518	1303771007176	1	1.4629	1.1111	0.6152
519	1303771007194	1	1.4629	1.1111	0.6152
520	1303771007212	1	1.4629	1.1111	0.6152
521	1303771007230	1	1.4629	1.1111	0.6152
522	1303771007249	1	1.4629	1.1111	0.6152
523	1303771007268	1	1.4629	1.1111	0.6152
524	1303771007287	1	1.4629	1.1111	0.6152
525	1303771007306	1	1.4629	1.1111	0.6152
526	1303771007325	1	1.4629	1.1111	0.6152
527	1303771007344	1	1.4629	1.1111	0.6152
528	1303771007363	1	1.4629	1.1111	0.6152
529	1303771007381	1	1.4629	1.1111	0.6152
530	1303771007400	1	1.4629	1.1111	0.6152
531	1303771007418	1	1.4629	1.1111	0.6152
532	1303771007437	1	1.4629	1.1111	0.6152
533	1303771007455	1	1.4629	1.1111	0.6152
534	1303771007474	1	1.4629	1.1111	0.6152
535	1303771007494	1	1.4629	1.1111	0.6152
536	1303771007512	1	1.4629	1.1111	0.6152
537	1303771007532	1	1.4629	1.1111	0.6152
538	1303771007551	1	1.4629	1.1111	0.6152
539	1303771007569	1	1.4629	1.1111	0.6152
540	1303771007587	1	1.4629	1.1111	0.6152
541	1303771007606	1	1.4629	1.1111	0.6152
542	1303771007664	1	1.4629	1.1111	0.6152
543	1303771007683	1	1.4629	1.1111	0.6152
544	1303771007701	1	1.4629	1.1111	0.6152
545	1303771007721	1	1.4629	1.1111	0.6152
546	1303771007780	1	1.4629	1.1111	0.6152
547	1303771007798	1	1.4629	1.1111	0.6152
548	1303771007815	1	1.4629	1.1111	0.6152
549	1303771007834	1	1.4629	1.1111	0.6152
550	1303771007854	1	1.4629	1.1111	0.6152
551	1303771007873	1	1.4629	1.1111	0.6152
552	1303771007890	1	1.4629	1.1111	0.6152
553	1303771007909	1	1.4629	1.1111	0.6152
554	1303771007927	1	1.4629	1.1111	0.6152
555	1303771007945	1	1.4629	1.1111	0.6152
556	1303771008007	1	1.4629	1.1111	0.6152
557	1303771008025	1	1.4629	1.1111	0.6152
558	1303771008045	1	1.4629	1.1111	0.6152
559	1303771008064	1	1.4629	1.1111	0.6152
560	1303771008082	1	1.4629	1.1111	0.6152
561	1303771008101	1	1.4629	1.1111	0.6152
562	1303771008119	1	1.4629	1.1111	0.6152
563	1303771008137	1	1.4629	1.1111	0.6152
564	1303771008155	1	1.4629	1.1111	0.6152
565	1303771008174	1	1.4629	1.1111	0.6152
566	1303771008193	1	1.4629	1.1111	0.6152
567	1303771008210	1	1.4629	1.1111	0.6152
568	1303771008229	1	1.4629	1.1111	0.6152
569	1303771008247	1	1.4629	1.1111	0.6152
570	1303771008266	1	1.4629	1.1111	0.6152
571	1303771008283	1	1.4629	1.1111	0.6152
572	1303771008302	1	1.4629	1.1111	0.6152
573	1303771008320	1	1.4629	1.1111	0.6152
574	1303771008339	1	1.4629	1.1111	0.6152
575	1303771008356	1	1.4629	1.1111	0.6152
576	1303771008375	1	1.4629	1.1111	0.6152
577	1303771008393	1	1.4629	1.1111	0.6152
578	1303771008411	1	1.4629	1.1111	0.6152
579	1303771008469	1	1.4629	1.1111	0.6152
580	1303771008488	1	1.4629	1.1111	0.6152
581	1303771008507	1	1.4629	1.1111	0.6152
582	1303771008525	1	1.4629	1.1111	0.6152
583	1303771008542	1	1.4629	1.1111	0.6152
584	1303771008561	1	1.4629	1.1111	0.6152
585	1303771008579	1	1.4629	1.1111	0.6152
586	1303771008598	1	1.4629	1.1111	0.6152
587	1303771008658	1	1.4629	1.1111	0.6152
588	1303771008718	1	1.463	1.1111	0.6152
589	1303771008738	1	1.463	1.1111	0.6152
590	1303771008758	1	1.463	1.1111	0.6152
591	1303771008777	1	1.463	1.1111	0.6152
592	1303771008796	1	1.463	1.1111	0.6152
593	1303771008815	1	1.463	1.1111	0.6152
594	1303771008834	1	1.463	1.1111	0.6152
595	1303771008853	1	1.463	1.1111	0.6152
596	1303771008872	1	1.463	1.1111	0.6152
597	1303771008892	1	1.463	1.1111	0.6152
598	1303771008952	1	1.463	1.1111	0.6152
599	1303771008972	1	1.463	1.1111	0.6152
600	1303771008990	1	1.463	1.1111	0.6152
601	1303771009010	1	1.463	1.1111	0.6152
602	1303771009052	1	1.463	1.1111	0.6152
603	1303771009072	1	1.463	1.1111	0.6152
604	1303771009091	1	1.463	1.1111	0.6152
605	1303771009111	1	1.463	1.1111	0.6152
606	1303771009131	1	1.463	1.1111	0.6152
607	1303771009150	1	1.463	1.1111	0.6152
608	1303771009169	1	1.463	1.1111	0.6152
609	1303771009188	1	1.463	1.1111	0.6152
610	1303771009208	1	1.463	1.1111	0.6152
611	1303771009228	1	1.463	1.1111	0.6152
612	1303771009247	1	1.463	1.1111	0.6152
613	1303771009266	1	1.463	1.1111	0.6152
614	1303771009285	1	1.463	1.1111	0.6152
615	1303771009304	1	1.463	1.1111	0.6152
616	1303771009323	1	1.463	1.1111	0.6152
617	1303771009343	1	1.463	1.1111	0.6152
618	1303771009361	1	1.463	1.1111	0.6152
619	1303771009381	1	1.463	1.1111	0.6152
620	1303771009400	1	1.463	1.1111	0.6152
621	1303771009420	1	1.463	1.1111	0.6152
622	1303771009440	1	1.463	1.1111	0.6152
623	1303771009460	1	1.463	1.1111	0.6152
624	1303771009477	1	1.463	1.1111	0.6152
625	1303771009497	1	1.463	1.1111	0.6152
626	1303771009516	1	1.463	1.1111	0.6152
627	1303771009535	1	1.463	1.1111	0.6152
628	1303771009555	1	1.463	1.1111	0.6152
629	1303771009574	1	1.463	1.1111	0.6152
630	1303771009592	1	1.463	1.1111	0.6152
631	1303771009612	1	1.463	1.1111	0.6152
632	1303771009672	1	1.463	1.1111	0.6152
633	1303771009692	1	1.463	1.1111	0.6152
634	1303771009711	1	1.463	1.1111	0.6152
635	1303771009770	1	1.463	1.1111	0.6152
636	1303771009790	1	1.463	1.1111	0.6152
637	1303771009808	1	1.463	1.1111	0.6152
638	1303771009827	1	1.463	1.1111	0.6152
639	1303771009847	1	1.463	1.1111	0.6152
640	1303771009867	1	1.463	1.1111	0.6152
641	1303771009887	1	1.463	1.1111	0.6152
642	1303771009947	1	1.463	1.1111	0.6152
643	1303771010009	1	1.463	1.1111	0.6152
644	1303771010028	1	1.463	1.1111	0.6152
645	1303771010048	1	1.463	1.1111	0.6152
646	1303771010068	1	1.463	1.1111	0.6152
647	1303771010129	1	1.463	1.1111	0.6152
648	1303771010150	1	1.463	1.1111	0.6152
649	1303771010170	1	1.463	1.1111	0.6152
650	1303771010190	1	1.4629	1.1111	0.6152
651	1303771010208	1	1.4629	1.1111	0.6152
652	1303771010228	1	1.4629	1.1111	0.6152
653	1303771010247	1	1.4629	1.1111	0.6152
654	1303771010267	1	1.4629	1.1111	0.6152
655	1303771010288	1	1.4629	1.1111	0.6152
656	1303771010308	1	1.4629	1.1111	0.6152
657	1303771010326	1	1.4629	1.1111	0.6152
658	1303771010345	1	1.4629	1.1111	0.6152
659	1303771010365	1	1.4629	1.1111	0.6152
660	1303771010425	1	1.4629	1.1111	0.6152
661	1303771010445	1	1.4629	1.1111	0.6152
662	1303771010466	1	1.4629	1.1111	0.6152
663	1303771010485	1	1.4629	1.1111	0.6152
664	1303771010505	1	1.4629	1.1111	0.6152
665	1303771010525	1	1.4629	1.1111	0.6152
666	1303771010545	1	1.4629	1.1111	0.6152
667	1303771010564	1	1.4629	1.1111	0.6152
668	1303771010585	1	1.4629	1.1111	0.6152
669	1303771010603	1	1.4629	1.1111	0.6152
670	1303771010623	1	1.4629	1.1111	0.6152
671	1303771010643	1	1.4629	1.1111	0.6152
672	1303771010703	1	1.4629	1.1111	0.6152
673	1303771010723	1	1.4629	1.1111	0.6152
674	1303771010743	1	1.4629	1.1111	0.6152
675	1303771010764	1	1.4629	1.1111	0.6152
676	1303771010783	1	1.4629	1.1111	0.6152
677	1303771010802	1	1.4629	1.1111	0.6152
678	1303771010822	1	1.4629	1.1111	0.6152
679	1303771010842	1	1.4629	1.1111	0.6152
680	1303771010861	1	1.4629	1.1111	0.6152
681	1303771010880	1	1.4629	1.1111	0.6152
682	1303771010899	1	1.4629	1.1111	0.6152
683	1303771010918	1	1.4629	1.1111	0.6152
684	1303771010938	1	1.4629	1.1111	0.6152
685	1303771010957	1	1.4629	1.1111	0.6152
686	1303771010977	1	1.4629	1.1111	0.6152
687	1303771010996	1	1.4629	1.1111	0.6152
688	1303771011015	1	1.4629	1.1111	0.6152
689	1303771011035	1	1.4629	1.1111	0.6152
690	1303771011095	1	1.4629	1.1111	0.6152
691	1303771011115	1	1.4629	1.1111	0.6152
692	1303771011135	1	1.4629	1.1111	0.6152
693	1303771011155	1	1.4629	1.1111	0.6152
694	1303771011174	1	1.4629	1.1111	0.6152
695	1303771011195	1	1.4629	1.1111	0.6152
696	1303771011216	1	1.4629	1.1111	0.6152
697	1303771011281	1	1.4629	1.1111	0.6152
698	1303771011302	1	1.4629	1.1111	0.6152
699	1303771011322	1	1.4629	1.1111	0.6152
700	1303771011342	1	1.4629	1.1111	0.6152
701	1303771011363	1	1.4629	1.1111	0.6152
702	1303771011383	1	1.4629	1.1111	0.6152
703	1303771011446	1	1.4629	1.1111	0.6152
704	1303771011466	1	1.4629	1.1111	0.6152
705	1303771011486	1	1.4629	1.1111	0.6152
706	1303771011506	1	1.4629	1.1111	0.6152
707	1303771011525	1	1.4629	1.1111	0.6152
708	1303771011547	1	1.4626	1.1111	0.6153
709	1303771011568	1	1.4626	1.1111	0.6153
710	1303771011588	1	1.4626	1.1111	0.6153
711	1303771011607	1	1.4626	1.1111	0.6153
712	1303771011625	1	1.4626	1.1111	0.6153
713	1303771011643	1	1.4626	1.1111	0.6153
714	1303771011662	1	1.4626	1.1111	0.6153
715	1303771011681	1	1.4626	1.1111	0.6153
716	1303771011698	1	1.4626	1.1111	0.6153
717	1303771011717	1	1.4626	1.1111	0.6153
718	1303771011735	1	1.4626	1.1111	0.6153
719	1303771011794	1	1.4626	1.1111	0.6153
720	1303771011811	1	1.4626	1.1111	0.6153
721	1303771011830	1	1.4626	1.1111	0.6153
722	1303771011889	1	1.4626	1.1111	0.6153
723	1303771011951	1	1.4626	1.1111	0.6153
724	1303771011969	1	1.4626	1.1111	0.6153
725	1303771011988	1	1.4626	1.1111	0.6153
726	1303771012007	1	1.4626	1.1111	0.6153
727	1303771012025	1	1.4626	1.1111	0.6153
728	1303771012042	1	1.4626	1.1111	0.6153
729	1303771012061	1	1.4626	1.1111	0.6153
730	1303771012080	1	1.4626	1.1111	0.6153
731	1303771012097	1	1.4626	1.1111	0.6153
732	1303771012115	1	1.4626	1.1111	0.6153
733	1303771012134	1	1.4626	1.1111	0.6153
734	1303771012152	1	1.4626	1.1111	0.6153
735	1303771012169	1	1.4626	1.1111	0.6153
736	1303771012188	1	1.4626	1.1111	0.6153
737	1303771012250	1	1.4626	1.1111	0.6153
738	1303771012269	1	1.4626	1.1111	0.6153
739	1303771012286	1	1.4626	1.1111	0.6153
740	1303771012305	1	1.4626	1.1111	0.6153
741	1303771012324	1	1.4626	1.1111	0.6153
742	1303771012342	1	1.4626	1.1111	0.6153
743	1303771012360	1	1.4626	1.1111	0.6153
744	1303771012378	1	1.4626	1.1111	0.6153
745	1303771012438	1	1.4626	1.1111	0.6153
746	1303771012455	1	1.4626	1.1111	0.6153
747	1303771012474	1	1.4626	1.1111	0.6153
748	1303771012492	1	1.4626	1.1111	0.6153
749	1303771012513	1	1.4626	1.1111	0.6153
750	1303771012531	1	1.4626	1.1111	0.6153
751	1303771012549	1	1.4626	1.1111	0.6153
752	1303771012568	1	1.4626	1.1111	0.6153
753	1303771012586	1	1.4626	1.1111	0.6153
754	1303771012606	1	1.4626	1.1111	0.6153
755	1303771012625	1	1.4626	1.1111	0.6153
756	1303771012644	1	1.4626	1.1111	0.6153
757	1303771012662	1	1.4626	1.1111	0.6153
758	1303771012683	1	1.4626	1.1111	0.6153
759	1303771012703	1	1.4626	1.1111	0.6153
760	1303771012722	1	1.4626	1.1111	0.6153
761	1303771012739	1	1.4626	1.1111	0.6153
762	1303771012758	1	1.4626	1.1111	0.6153
763	1303771012777	1	1.4626	1.1111	0.6153
764	1303771012794	1	1.4626	1.1111	0.6153
765	1303771012813	1	1.4626	1.1111	0.6153
766	1303771012832	1	1.4626	1.1111	0.6153
767	1303771012850	1	1.4626	1.1111	0.6153
768	1303771012867	1	1.4626	1.1111	0.6153
769	1303771012886	1	1.4626	1.1111	0.6153
770	1303771012906	1	1.4626	1.1111	0.6153
771	1303771012925	1	1.4626	1.1111	0.6153
772	1303771012943	1	1.4626	1.1111	0.6153
773	1303771012961	1	1.4626	1.1111	0.6153
774	1303771012980	1	1.4626	1.1111	0.6153
775	1303771012998	1	1.4626	1.1111	0.6153
776	1303771013016	1	1.4626	1.1111	0.6153
777	1303771013035	1	1.4626	1.1111	0.6153
778	1303771013054	1	1.4626	1.1111	0.6153
779	1303771013072	1	1.4626	1.1111	0.6153
780	1303771013089	1	1.4626	1.1111	0.6153
781	1303771013107	1	1.4626	1.1111	0.6153
782	1303771013126	1	1.4626	1.1111	0.6153
783	1303771013144	1	1.4626	1.1111	0.6153
784	1303771013163	1	1.4626	1.1111	0.6153
785	1303771013182	1	1.4626	1.1111	0.6153
786	1303771013200	1	1.4626	1.1111	0.6153
787	1303771013217	1	1.4626	1.1111	0.6153
788	1303771013235	1	1.4626	1.1111	0.6153
789	1303771013253	1	1.4626	1.1111	0.6153
790	1303771013271	1	1.4626	1.1111	0.6153
791	1303771013290	1	1.4626	1.1111	0.6153
792	1303771013308	1	1.4626	1.1111	0.6153
793	1303771013327	1	1.4626	1.1111	0.6153
794	1303771013344	1	1.4626	1.1111	0.6153
795	1303771013363	1	1.4626	1.1111	0.6153
796	1303771013382	1	1.4626	1.1111	0.6153
797	1303771013400	1	1.4626	1.1111	0.6153
798	1303771013417	1	1.4626	1.1111	0.6153
799	1303771013435	1	1.4626	1.1111	0.6153
800	1303771013494	1	1.4626	1.1111	0.6153
801	1303771013513	1	1.4626	1.1111	0.6153
802	1303771013530	1	1.4626	1.1111	0.6153
803	1303771013549	1	1.4626	1.1111	0.6153
804	1303771013567	1	1.4626	1.1111	0.6153
805	1303771013584	1	1.4626	1.1111	0.6153
806	1303771013603	1	1.4626	1.1111	0.6153
807	1303771013621	1	1.4626	1.1111	0.6153
808	1303771013640	1	1.4626	1.1111	0.6153
809	1303771013657	1	1.4626	1.1111	0.6153
810	1303771013675	1	1.4626	1.1111	0.6153
811	1303771013693	1	1.4626	1.1111	0.6153
812	1303771013710	1	1.4626	1.1111	0.6153
813	1303771013728	1	1.4626	1.1111	0.6153
814	1303771013747	1	1.4626	1.1111	0.6153
815	1303771013765	1	1.4626	1.1111	0.6153
816	1303771013824	1	1.4626	1.1111	0.6153
817	1303771013841	1	1.4626	1.1111	0.6153
818	1303771013859	1	1.4626	1.1111	0.6153
819	1303771013878	1	1.4626	1.1111	0.6153
820	1303771013896	1	1.4626	1.1111	0.6153
821	1303771013916	1	1.4626	1.1111	0.6153
822	1303771013976	1	1.4626	1.1111	0.6153
823	1303771013994	1	1.4626	1.1111	0.6153
824	1303771014012	1	1.4626	1.1111	0.6153
825	1303771014031	1	1.4626	1.1111	0.6153
826	1303771014050	1	1.4626	1.1111	0.6153
827	1303771014069	1	1.4626	1.1111	0.6153
828	1303771014086	1	1.4626	1.1111	0.6153
829	1303771014146	1	1.4626	1.1111	0.6153
830	1303771014209	1	1.4626	1.1111	0.6153
831	1303771014228	1	1.4626	1.1111	0.6153
832	1303771014247	1	1.4626	1.1111	0.6153
833	1303771014265	1	1.4629	1.1111	0.6152
834	1303771014284	1	1.4629	1.1111	0.6152
835	1303771014302	1	1.4629	1.1111	0.6152
836	1303771014320	1	1.4629	1.1111	0.6152
837	1303771014338	1	1.4629	1.1111	0.6152
838	1303771014356	1	1.4629	1.1111	0.6152
839	1303771014375	1	1.4629	1.1111	0.6152
840	1303771014392	1	1.4629	1.1111	0.6152
841	1303771014451	1	1.4629	1.1111	0.6152
842	1303771014470	1	1.4629	1.1111	0.6152
843	1303771014488	1	1.4629	1.1111	0.6152
844	1303771014505	1	1.4629	1.1111	0.6152
845	1303771014523	1	1.4629	1.1111	0.6152
846	1303771014542	1	1.4629	1.1111	0.6152
847	1303771014605	1	1.4629	1.1111	0.6152
848	1303771014622	1	1.4629	1.1111	0.6152
849	1303771014640	1	1.4629	1.1111	0.6152
850	1303771014659	1	1.4629	1.1111	0.6152
851	1303771014676	1	1.4629	1.1111	0.6152
852	1303771014695	1	1.4629	1.1111	0.6152
853	1303771014714	1	1.4629	1.1111	0.6152
854	1303771014773	1	1.4629	1.1111	0.6152
855	1303771014790	1	1.4629	1.1111	0.6152
856	1303771014849	1	1.4629	1.1111	0.6152
857	1303771014868	1	1.4629	1.1111	0.6152
858	1303771014926	1	1.4629	1.1111	0.6152
859	1303771014985	1	1.4629	1.1111	0.6152
860	1303771015002	1	1.4629	1.1111	0.6152
861	1303771015020	1	1.4629	1.1111	0.6152
862	1303771015040	1	1.4629	1.1111	0.6152
863	1303771015058	1	1.4629	1.1111	0.6152
864	1303771015077	1	1.4629	1.1111	0.6152
865	1303771015095	1	1.4629	1.1111	0.6152
866	1303771015113	1	1.4629	1.1111	0.6152
867	1303771015130	1	1.4629	1.1111	0.6152
868	1303771015148	1	1.4629	1.1111	0.6152
869	1303771015168	1	1.4629	1.1111	0.6152
870	1303771015185	1	1.4629	1.1111	0.6152
871	1303771015203	1	1.4629	1.1111	0.6152
872	1303771015222	1	1.4629	1.1111	0.6152
873	1303771015240	1	1.4629	1.1111	0.6152
874	1303771015258	1	1.4629	1.1111	0.6152
875	1303771015276	1	1.4629	1.1111	0.6152
876	1303771015295	1	1.4629	1.1111	0.6152
877	1303771015312	1	1.4629	1.1111	0.6152
878	1303771015330	1	1.4629	1.1111	0.6152
879	1303771015390	1	1.4629	1.1111	0.6152
880	1303771015409	1	1.4629	1.1111	0.6152
881	1303771015427	1	1.4629	1.1111	0.6152
882	1303771015445	1	1.4629	1.1111	0.6152
883	1303771015464	1	1.4629	1.1111	0.6152
884	1303771015483	1	1.4629	1.1111	0.6152
885	1303771015501	1	1.4629	1.1111	0.6152
886	1303771015519	1	1.4629	1.1111	0.6152
887	1303771015537	1	1.4629	1.1111	0.6152
888	1303771015555	1	1.4629	1.1111	0.6152
889	1303771015573	1	1.4629	1.1111	0.6152
890	1303771015591	1	1.4629	1.1111	0.6152
891	1303771015611	1	1.4629	1.1111	0.6152
892	1303771015629	1	1.4629	1.1111	0.6152
893	1303771015693	1	1.4629	1.1111	0.6152
894	1303771015712	1	1.4629	1.1111	0.6152
895	1303771015730	1	1.463	1.1111	0.6152
896	1303771015748	1	1.463	1.1111	0.6152
897	1303771015766	1	1.463	1.1111	0.6152
898	1303771015784	1	1.463	1.1111	0.6152
899	1303771015804	1	1.463	1.1111	0.6152
900	1303771015821	1	1.463	1.1111	0.6152
901	1303771015840	1	1.463	1.1111	0.6152
902	1303771015858	1	1.463	1.1111	0.6152
903	1303771015877	1	1.463	1.1111	0.6152
904	1303771015894	1	1.463	1.1111	0.6152
905	1303771015913	1	1.463	1.1111	0.6152
906	1303771015931	1	1.463	1.1111	0.6152
907	1303771015993	1	1.463	1.1111	0.6152
908	1303771016010	1	1.463	1.1111	0.6152
909	1303771016029	1	1.463	1.1111	0.6152
910	1303771016048	1	1.463	1.1111	0.6152
911	1303771016066	1	1.463	1.1111	0.6152
912	1303771016084	1	1.463	1.1111	0.6152
913	1303771016155	1	1.463	1.1111	0.6152
914	1303771016172	1	1.463	1.1111	0.6152
915	1303771016191	1	1.463	1.1111	0.6152
916	1303771016208	1	1.463	1.1111	0.6152
917	1303771016227	1	1.463	1.1111	0.6152
918	1303771016245	1	1.463	1.1111	0.6152
919	1303771016304	1	1.463	1.1111	0.6152
920	1303771016362	1	1.463	1.1111	0.6152
921	1303771016382	1	1.463	1.1111	0.6152
922	1303771016401	1	1.463	1.1111	0.6152
923	1303771016420	1	1.463	1.1111	0.6152
924	1303771016437	1	1.463	1.1111	0.6152
925	1303771016456	1	1.463	1.1111	0.6152
926	1303771016475	1	1.463	1.1111	0.6152
927	1303771016493	1	1.463	1.1111	0.6152
928	1303771016552	1	1.463	1.1111	0.6152
929	1303771016570	1	1.463	1.1111	0.6152
930	1303771016589	1	1.463	1.1111	0.6152
931	1303771016608	1	1.463	1.1111	0.6152
932	1303771016625	1	1.463	1.1111	0.6152
933	1303771016644	1	1.463	1.1111	0.6152
934	1303771016662	1	1.463	1.1111	0.6152
935	1303771016679	1	1.463	1.1111	0.6152
936	1303771016697	1	1.463	1.1111	0.6152
937	1303771016716	1	1.463	1.1111	0.6152
938	1303771016734	1	1.463	1.1111	0.6152
939	1303771016751	1	1.463	1.1111	0.6152
940	1303771016771	1	1.463	1.1111	0.6152
941	1303771016790	1	1.463	1.1111	0.6152
942	1303771016810	1	1.463	1.1111	0.6152
943	1303771016828	1	1.463	1.1111	0.6152
944	1303771016888	1	1.463	1.1111	0.6152
945	1303771016907	1	1.463	1.1111	0.6152
946	1303771016927	1	1.463	1.1111	0.6152
947	1303771016944	1	1.463	1.1111	0.6152
948	1303771016962	1	1.463	1.1111	0.6152
949	1303771016981	1	1.463	1.1111	0.6152
950	1303771016998	1	1.463	1.1111	0.6152
951	1303771017018	1	1.463	1.1111	0.6152
952	1303771017037	1	1.463	1.1111	0.6152
953	1303771017057	1	1.4628	1.1111	0.6153
954	1303771017076	1	1.4628	1.1111	0.6153
955	1303771017094	1	1.4628	1.1111	0.6153
956	1303771017113	1	1.4628	1.1111	0.6153
957	1303771017132	1	1.4628	1.1111	0.6153
958	1303771017151	1	1.4628	1.1111	0.6153
959	1303771017214	1	1.4628	1.1111	0.6153
960	1303771017234	1	1.4628	1.1111	0.6153
961	1303771017295	1	1.4628	1.1111	0.6153
962	1303771017314	1	1.4628	1.1111	0.6153
963	1303771017332	1	1.4628	1.1111	0.6153
964	1303771017350	1	1.4628	1.1111	0.6153
965	1303771017368	1	1.4628	1.1111	0.6153
966	1303771017387	1	1.4628	1.1111	0.6153
967	1303771017404	1	1.4628	1.1111	0.6153
968	1303771017423	1	1.4628	1.1111	0.6153
969	1303771017441	1	1.4628	1.1111	0.6153
970	1303771017503	1	1.4628	1.1111	0.6153
971	1303771017520	1	1.4628	1.1111	0.6153
972	1303771017540	1	1.4628	1.1111	0.6153
973	1303771017559	1	1.4628	1.1111	0.6153
974	1303771017578	1	1.4628	1.1111	0.6153
975	1303771017596	1	1.4628	1.1111	0.6153
976	1303771017614	1	1.4628	1.1111	0.6153
977	1303771017632	1	1.4628	1.1111	0.6153
978	1303771017651	1	1.4628	1.1111	0.6153
979	1303771017669	1	1.4628	1.1111	0.6153
980	1303771017729	1	1.4628	1.1111	0.6153
981	1303771017748	1	1.4628	1.1111	0.6153
982	1303771017766	1	1.4628	1.1111	0.6153
983	1303771017784	1	1.4628	1.1111	0.6153
984	1303771017802	1	1.4628	1.1111	0.6153
985	1303771017822	1	1.4628	1.1111	0.6153
986	1303771017839	1	1.4628	1.1111	0.6153
987	1303771017898	1	1.4628	1.1111	0.6153
988	1303771017917	1	1.4628	1.1111	0.6153
989	1303771017936	1	1.4628	1.1111	0.6153
990	1303771017954	1	1.4628	1.1111	0.6153
991	1303771017972	1	1.4628	1.1111	0.6153
992	1303771017990	1	1.4628	1.1111	0.6153
993	1303771018009	1	1.4628	1.1111	0.6153
994	1303771018028	1	1.4628	1.1111	0.6153
995	1303771018047	1	1.4628	1.1111	0.6153
996	1303771018065	1	1.4628	1.1111	0.6153
997	1303771018085	1	1.4628	1.1111	0.6153
998	1303771018102	1	1.4628	1.1111	0.6153
999	1303771018121	1	1.4628	1.1111	0.6153
1000	1303771018139	1	1.4628	1.1111	0.6153
1001	1303771018158	1	1.4628	1.1111	0.6153
1002	1303771018177	1	1.4628	1.1111	0.6153
1003	1303771018197	1	1.4628	1.1111	0.6153
1004	1303771018216	1	1.4628	1.1111	0.6153
1005	1303771018233	1	1.4628	1.1111	0.6153
1006	1303771018253	1	1.4628	1.1111	0.6153
1007	1303771018272	1	1.4628	1.1111	0.6153
1008	1303771018331	1	1.4628	1.1111	0.6153
1009	1303771018349	1	1.4628	1.1111	0.6153
1010	1303771018369	1	1.4628	1.1111	0.6153
1011	1303771018389	1	1.4628	1.1111	0.6153
1012	1303771018407	1	1.4628	1.1111	0.6153
1013	1303771018426	1	1.4629	1.1111	0.6152
1014	1303771018445	1	1.4629	1.1111	0.6152
1015	1303771018465	1	1.4629	1.1111	0.6152
1016	1303771018484	1	1.4629	1.1111	0.6152
1017	1303771018501	1	1.4629	1.1111	0.6152
1018	1303771018519	1	1.4629	1.1111	0.6152
1019	1303771018538	1	1.4629	1.1111	0.6152
1020	1303771018556	1	1.4629	1.1111	0.6152
1021	1303771018573	1	1.4629	1.1111	0.6152
1022	1303771018592	1	1.4629	1.1111	0.6152
1023	1303771018610	1	1.4629	1.1111	0.6152
1024	1303771018628	1	1.4629	1.1111	0.6152
1025	1303771018645	1	1.4629	1.1111	0.6152
1026	1303771018663	1	1.4629	1.1111	0.6152
1027	1303771018681	1	1.4629	1.1111	0.6152
1028	1303771018698	1	1.4629	1.1111	0.6152
1029	1303771018717	1	1.4629	1.1111	0.6152
1030	1303771018735	1	1.4629	1.1111	0.6152
1031	1303771018753	1	1.4629	1.1111	0.6152
1032	1303771018770	1	1.4629	1.1111	0.6152
1033	1303771018788	1	1.4629	1.1111	0.6152
1034	1303771018847	1	1.4629	1.1111	0.6152
1035	1303771018864	1	1.4629	1.1111	0.6152
1036	1303771018883	1	1.4629	1.1111	0.6152
1037	1303771018901	1	1.4629	1.1111	0.6152
1038	1303771018920	1	1.4629	1.1111	0.6152
1039	1303771018937	1	1.4629	1.1111	0.6152
1040	1303771018956	1	1.4629	1.1111	0.6152
1041	1303771018974	1	1.4629	1.1111	0.6152
1042	1303771018993	1	1.4629	1.1111	0.6152
1043	1303771019011	1	1.4629	1.1111	0.6152
1044	1303771019030	1	1.4629	1.1111	0.6152
1045	1303771019048	1	1.4629	1.1111	0.6152
1046	1303771019065	1	1.4629	1.1111	0.6152
1047	1303771019084	1	1.4629	1.1111	0.6152
1048	1303771019103	1	1.4629	1.1111	0.6152
1049	1303771019121	1	1.4629	1.1111	0.6152
1050	1303771019138	1	1.4629	1.1111	0.6152
1051	1303771019157	1	1.4629	1.1111	0.6152
1052	1303771019175	1	1.4629	1.1111	0.6152
1053	1303771019192	1	1.4629	1.1111	0.6152
1054	1303771019211	1	1.4629	1.1111	0.6152
1055	1303771019230	1	1.4629	1.1111	0.6152
1056	1303771019289	1	1.4629	1.1111	0.6152
1057	1303771019308	1	1.4629	1.1111	0.6152
1058	1303771019326	1	1.4629	1.1111	0.6152
1059	1303771019344	1	1.4629	1.1111	0.6152
1060	1303771019363	1	1.4629	1.1111	0.6152
1061	1303771019421	1	1.4629	1.1111	0.6152
1062	1303771019440	1	1.4629	1.1111	0.6152
1063	1303771019459	1	1.4629	1.1111	0.6152
1064	1303771019477	1	1.4629	1.1111	0.6152
1065	1303771019494	1	1.4629	1.1111	0.6152
1066	1303771019552	1	1.4629	1.1111	0.6152
1067	1303771019571	1	1.4629	1.1111	0.6152
1068	1303771019590	1	1.4629	1.1111	0.6152
1069	1303771019606	1	1.4629	1.1111	0.6152
1070	1303771019624	1	1.4629	1.1111	0.6152
1071	1303771019642	1	1.4629	1.1111	0.6152
1072	1303771019661	1	1.4629	1.1111	0.6152
1073	1303771019679	1	1.4629	1.1111	0.6152
1074	1303771019739	1	1.4624	1.1111	0.6154
1075	1303771019759	1	1.4624	1.1111	0.6154
1076	1303771019778	1	1.4624	1.1111	0.6154
1077	1303771019795	1	1.4624	1.1111	0.6154
1078	1303771019814	1	1.4624	1.1111	0.6154
1079	1303771019832	1	1.4624	1.1111	0.6154
1080	1303771019851	1	1.4624	1.1111	0.6154
1081	1303771019869	1	1.4624	1.1111	0.6154
1082	1303771019887	1	1.4624	1.1111	0.6154
1083	1303771019905	1	1.4624	1.1111	0.6154
1084	1303771019922	1	1.4624	1.1111	0.6154
1085	1303771019940	1	1.4624	1.1111	0.6154
1086	1303771019958	1	1.4624	1.1111	0.6154
1087	1303771019977	1	1.4624	1.1111	0.6154
1088	1303771019994	1	1.4624	1.1111	0.6154
1089	1303771020013	1	1.4624	1.1111	0.6154
1090	1303771020031	1	1.4624	1.1111	0.6154
1091	1303771020049	1	1.4624	1.1111	0.6154
1092	1303771020106	1	1.4624	1.1111	0.6154
1093	1303771020125	1	1.4624	1.1111	0.6154
1094	1303771020144	1	1.4624	1.1111	0.6154
1095	1303771020162	1	1.4624	1.1111	0.6154
1096	1303771020179	1	1.4624	1.1111	0.6154
1097	1303771020197	1	1.4624	1.1111	0.6154
1098	1303771020215	1	1.4624	1.1111	0.6154
1099	1303771020232	1	1.4624	1.1111	0.6154
1100	1303771020251	1	1.4624	1.1111	0.6154
1101	1303771020269	1	1.4624	1.1111	0.6154
1102	1303771020289	1	1.4624	1.1111	0.6154
1103	1303771020306	1	1.4624	1.1111	0.6154
1104	1303771020369	1	1.4624	1.1111	0.6154
1105	1303771020388	1	1.4624	1.1111	0.6154
1106	1303771020451	1	1.4624	1.1111	0.6154
1107	1303771020469	1	1.4624	1.1111	0.6154
1108	1303771020488	1	1.4624	1.1111	0.6154
1109	1303771020547	1	1.4624	1.1111	0.6154
1110	1303771020566	1	1.4624	1.1111	0.6154
1111	1303771020584	1	1.4624	1.1111	0.6154
1112	1303771020603	1	1.4624	1.1111	0.6154
1113	1303771020621	1	1.4624	1.1111	0.6154
1114	1303771020639	1	1.4624	1.1111	0.6154
1115	1303771020657	1	1.4624	1.1111	0.6154
1116	1303771020675	1	1.4624	1.1111	0.6154
1117	1303771020694	1	1.4624	1.1111	0.6154
1118	1303771020712	1	1.4624	1.1111	0.6154
1119	1303771020730	1	1.4624	1.1111	0.6154
1120	1303771020749	1	1.4624	1.1111	0.6154
1121	1303771020768	1	1.4624	1.1111	0.6154
1122	1303771020785	1	1.4624	1.1111	0.6154
1123	1303771020804	1	1.4624	1.1111	0.6154
1124	1303771020823	1	1.4624	1.1111	0.6154
1125	1303771020842	1	1.4624	1.1111	0.6154
1126	1303771020861	1	1.4624	1.1111	0.6154
1127	1303771020880	1	1.4624	1.1111	0.6154
1128	1303771020899	1	1.4624	1.1111	0.6154
1129	1303771020916	1	1.4624	1.1111	0.6154
1130	1303771020935	1	1.4624	1.1111	0.6154
1131	1303771020952	1	1.4624	1.1111	0.6154
1132	1303771020970	1	1.4624	1.1111	0.6154
1133	1303771020989	1	1.4624	1.1111	0.6154
1134	1303771021008	1	1.4624	1.1111	0.6154
1135	1303771021027	1	1.4624	1.1111	0.6154
1136	1303771021048	1	1.4624	1.1111	0.6154
1137	1303771021066	1	1.4624	1.1111	0.6154
1138	1303771021084	1	1.4624	1.1111	0.6154
1139	1303771021103	1	1.4631	1.1111	0.6151
1140	1303771021121	1	1.4631	1.1111	0.6151
1141	1303771021139	1	1.4631	1.1111	0.6151
1142	1303771021158	1	1.4631	1.1111	0.6151
1143	1303771021176	1	1.4631	1.1111	0.6151
1144	1303771021193	1	1.4631	1.1111	0.6151
1145	1303771021212	1	1.4631	1.1111	0.6151
1146	1303771021231	1	1.4631	1.1111	0.6151
1147	1303771021249	1	1.4631	1.1111	0.6151
1148	1303771021267	1	1.4631	1.1111	0.6151
1149	1303771021285	1	1.4631	1.1111	0.6151
1150	1303771021303	1	1.4631	1.1111	0.6151
1151	1303771021320	1	1.4631	1.1111	0.6151
1152	1303771021339	1	1.4631	1.1111	0.6151
1153	1303771021357	1	1.4631	1.1111	0.6151
1154	1303771021376	1	1.4631	1.1111	0.6151
1155	1303771021393	1	1.4631	1.1111	0.6151
1156	1303771021411	1	1.4631	1.1111	0.6151
1157	1303771021430	1	1.4631	1.1111	0.6151
1158	1303771021449	1	1.4631	1.1111	0.6151
1159	1303771021467	1	1.4631	1.1111	0.6151
1160	1303771021485	1	1.4631	1.1111	0.6151
1161	1303771021544	1	1.4631	1.1111	0.6151
1162	1303771021563	1	1.4631	1.1111	0.6151
1163	1303771021580	1	1.4631	1.1111	0.6151
1164	1303771021598	1	1.4631	1.1111	0.6151
1165	1303771021617	1	1.4631	1.1111	0.6151
1166	1303771021634	1	1.4631	1.1111	0.6151
1167	1303771021652	1	1.4631	1.1111	0.6151
1168	1303771021671	1	1.4631	1.1111	0.6151
1169	1303771021730	1	1.4631	1.1111	0.6151
1170	1303771021747	1	1.4631	1.1111	0.6151
1171	1303771021766	1	1.4631	1.1111	0.6151
1172	1303771021785	1	1.4631	1.1111	0.6151
1173	1303771021803	1	1.4631	1.1111	0.6151
1174	1303771021820	1	1.4631	1.1111	0.6151
1175	1303771021839	1	1.4631	1.1111	0.6151
1176	1303771021857	1	1.4631	1.1111	0.6151
1177	1303771021874	1	1.4631	1.1111	0.6151
1178	1303771021893	1	1.4631	1.1111	0.6151
1179	1303771021912	1	1.4631	1.1111	0.6151
1180	1303771021971	1	1.4631	1.1111	0.6151
1181	1303771021988	1	1.4631	1.1111	0.6151
1182	1303771022007	1	1.4631	1.1111	0.6151
1183	1303771022026	1	1.4631	1.1111	0.6151
1184	1303771022044	1	1.4631	1.1111	0.6151
1185	1303771022061	1	1.4631	1.1111	0.6151
1186	1303771022080	1	1.4631	1.1111	0.6151
1187	1303771022098	1	1.4631	1.1111	0.6151
1188	1303771022118	1	1.4631	1.1111	0.6151
1189	1303771022137	1	1.4631	1.1111	0.6151
1190	1303771022155	1	1.4631	1.1111	0.6151
1191	1303771022173	1	1.4631	1.1111	0.6151
1192	1303771022190	1	1.4631	1.1111	0.6151
1193	1303771022208	1	1.4631	1.1111	0.6151
1194	1303771022227	1	1.4631	1.1111	0.6151
1195	1303771022246	1	1.4631	1.1111	0.6151
1196	1303771022265	1	1.4631	1.1111	0.6151
1197	1303771022285	1	1.4631	1.1111	0.6151
1198	1303771022304	1	1.4631	1.1111	0.6151
1199	1303771022323	1	1.4631	1.1111	0.6151
1200	1303771022342	1	1.4633	1.1111	0.6151
1201	1303771022362	1	1.4633	1.1111	0.6151
1202	1303771022381	1	1.4633	1.1111	0.6151
1203	1303771022400	1	1.4633	1.1111	0.6151
1204	1303771022418	1	1.4633	1.1111	0.6151
1205	1303771022436	1	1.4633	1.1111	0.6151
1206	1303771022455	1	1.4633	1.1111	0.6151
1207	1303771022473	1	1.4633	1.1111	0.6151
1208	1303771022532	1	1.4633	1.1111	0.6151
1209	1303771022552	1	1.4633	1.1111	0.6151
1210	1303771022570	1	1.4633	1.1111	0.6151
1211	1303771022634	1	1.4633	1.1111	0.6151
1212	1303771022652	1	1.4633	1.1111	0.6151
1213	1303771022670	1	1.4633	1.1111	0.6151
1214	1303771022690	1	1.4633	1.1111	0.6151
1215	1303771022709	1	1.4633	1.1111	0.6151
1216	1303771022728	1	1.4633	1.1111	0.6151
1217	1303771022746	1	1.4633	1.1111	0.6151
1218	1303771022764	1	1.4633	1.1111	0.6151
1219	1303771022783	1	1.4633	1.1111	0.6151
1220	1303771022801	1	1.4633	1.1111	0.6151
1221	1303771022819	1	1.4633	1.1111	0.6151
1222	1303771022838	1	1.4633	1.1111	0.6151
1223	1303771022856	1	1.4633	1.1111	0.6151
1224	1303771022874	1	1.4633	1.1111	0.6151
1225	1303771022893	1	1.4633	1.1111	0.6151
1226	1303771022911	1	1.4633	1.1111	0.6151
1227	1303771022969	1	1.4633	1.1111	0.6151
1228	1303771022988	1	1.4633	1.1111	0.6151
1229	1303771023007	1	1.4633	1.1111	0.6151
1230	1303771023025	1	1.4633	1.1111	0.6151
1231	1303771023044	1	1.4633	1.1111	0.6151
1232	1303771023062	1	1.4633	1.1111	0.6151
1233	1303771023080	1	1.4633	1.1111	0.6151
1234	1303771023099	1	1.4633	1.1111	0.6151
1235	1303771023118	1	1.4633	1.1111	0.6151
1236	1303771023137	1	1.4633	1.1111	0.6151
1237	1303771023155	1	1.4633	1.1111	0.6151
1238	1303771023173	1	1.4633	1.1111	0.6151
1239	1303771023191	1	1.4633	1.1111	0.6151
1240	1303771023250	1	1.4633	1.1111	0.6151
1241	1303771023270	1	1.4633	1.1111	0.6151
1242	1303771023288	1	1.4633	1.1111	0.6151
1243	1303771023308	1	1.4633	1.1111	0.6151
1244	1303771023327	1	1.4633	1.1111	0.6151
1245	1303771023345	1	1.4633	1.1111	0.6151
1246	1303771023363	1	1.4633	1.1111	0.6151
1247	1303771023383	1	1.4633	1.1111	0.6151
1248	1303771023403	1	1.4633	1.1111	0.6151
1249	1303771023420	1	1.4633	1.1111	0.6151
1250	1303771023439	1	1.4633	1.1111	0.6151
1251	1303771023457	1	1.4633	1.1111	0.6151
1252	1303771023476	1	1.4633	1.1111	0.6151
1253	1303771023495	1	1.4633	1.1111	0.6151
1254	1303771023514	1	1.4633	1.1111	0.6151
1255	1303771023533	1	1.4633	1.1111	0.6151
1256	1303771023551	1	1.4633	1.1111	0.6151
1257	1303771023571	1	1.4633	1.1111	0.6151
1258	1303771023592	1	1.4627	1.1111	0.6153
1259	1303771023613	1	1.4627	1.1111	0.6153
1260	1303771023632	1	1.4627	1.1111	0.6153
1261	1303771023649	1	1.4627	1.1111	0.6153
1262	1303771023708	1	1.4627	1.1111	0.6153
1263	1303771023768	1	1.4627	1.1111	0.6153
1264	1303771023788	1	1.4627	1.1111	0.6153
1265	1303771023806	1	1.4627	1.1111	0.6153
1266	1303771023825	1	1.4627	1.1111	0.6153
1267	1303771023844	1	1.4627	1.1111	0.6153
1268	1303771023863	1	1.4627	1.1111	0.6153
1269	1303771023880	1	1.4627	1.1111	0.6153
1270	1303771023900	1	1.4627	1.1111	0.6153
1271	1303771023919	1	1.4627	1.1111	0.6153
1272	1303771023938	1	1.4627	1.1111	0.6153
1273	1303771024000	1	1.4627	1.1111	0.6153
1274	1303771024017	1	1.4627	1.1111	0.6153
1275	1303771024036	1	1.4627	1.1111	0.6153
1276	1303771024055	1	1.4627	1.1111	0.6153
1277	1303771024114	1	1.4627	1.1111	0.6153
1278	1303771024131	1	1.4627	1.1111	0.6153
1279	1303771024149	1	1.4627	1.1111	0.6153
1280	1303771024168	1	1.4627	1.1111	0.6153
1281	1303771024186	1	1.4627	1.1111	0.6153
1282	1303771024204	1	1.4627	1.1111	0.6153
1283	1303771024223	1	1.4627	1.1111	0.6153
1284	1303771024242	1	1.4627	1.1111	0.6153
1285	1303771024259	1	1.4627	1.1111	0.6153
1286	1303771024278	1	1.4627	1.1111	0.6153
1287	1303771024296	1	1.4627	1.1111	0.6153
1288	1303771024314	1	1.4627	1.1111	0.6153
1289	1303771024332	1	1.4627	1.1111	0.6153
1290	1303771024351	1	1.4627	1.1111	0.6153
1291	1303771024369	1	1.4627	1.1111	0.6153
1292	1303771024387	1	1.4627	1.1111	0.6153
1293	1303771024405	1	1.4627	1.1111	0.6153
1294	1303771024423	1	1.4627	1.1111	0.6153
1295	1303771024442	1	1.4627	1.1111	0.6153
1296	1303771024460	1	1.4627	1.1111	0.6153
1297	1303771024479	1	1.4627	1.1111	0.6153
1298	1303771024497	1	1.4627	1.1111	0.6153
1299	1303771024515	1	1.4627	1.1111	0.6153
1300	1303771024533	1	1.4627	1.1111	0.6153
1301	1303771024552	1	1.4627	1.1111	0.6153
1302	1303771024571	1	1.4627	1.1111	0.6153
1303	1303771024588	1	1.4627	1.1111	0.6153
1304	1303771024607	1	1.4627	1.1111	0.6153
1305	1303771024625	1	1.4627	1.1111	0.6153
1306	1303771024645	1	1.4627	1.1111	0.6153
1307	1303771024665	1	1.4627	1.1111	0.6153
1308	1303771024683	1	1.4627	1.1111	0.6153
1309	1303771024743	1	1.4627	1.1111	0.6153
1310	1303771024762	1	1.4627	1.1111	0.6153
1311	1303771024779	1	1.4627	1.1111	0.6153
1312	1303771024797	1	1.4627	1.1111	0.6153
1313	1303771024816	1	1.4627	1.1111	0.6153
1314	1303771024834	1	1.4627	1.1111	0.6153
1315	1303771024853	1	1.4627	1.1111	0.6153
1316	1303771024871	1	1.4627	1.1111	0.6153
1317	1303771024890	1	1.4627	1.1111	0.6153
1318	1303771024911	1	1.4622	1.1111	0.6155
1319	1303771024932	1	1.4622	1.1111	0.6155
1320	1303771024952	1	1.4622	1.1111	0.6155
1321	1303771025012	1	1.4622	1.1111	0.6155
1322	1303771025031	1	1.4622	1.1111	0.6155
1323	1303771025049	1	1.4622	1.1111	0.6155
1324	1303771025068	1	1.4622	1.1111	0.6155
1325	1303771025087	1	1.4622	1.1111	0.6155
1326	1303771025106	1	1.4622	1.1111	0.6155
1327	1303771025124	1	1.4622	1.1111	0.6155
1328	1303771025142	1	1.4622	1.1111	0.6155
1329	1303771025161	1	1.4622	1.1111	0.6155
1330	1303771025180	1	1.4622	1.1111	0.6155
1331	1303771025198	1	1.4622	1.1111	0.6155
1332	1303771025217	1	1.4622	1.1111	0.6155
1333	1303771025235	1	1.4622	1.1111	0.6155
1334	1303771025253	1	1.4622	1.1111	0.6155
1335	1303771025272	1	1.4622	1.1111	0.6155
1336	1303771025290	1	1.4622	1.1111	0.6155
1337	1303771025308	1	1.4622	1.1111	0.6155
1338	1303771025326	1	1.4622	1.1111	0.6155
1339	1303771025345	1	1.4622	1.1111	0.6155
1340	1303771025363	1	1.4622	1.1111	0.6155
1341	1303771025381	1	1.4622	1.1111	0.6155
1342	1303771025400	1	1.4622	1.1111	0.6155
1343	1303771025418	1	1.4622	1.1111	0.6155
1344	1303771025438	1	1.4622	1.1111	0.6155
1345	1303771025456	1	1.4622	1.1111	0.6155
1346	1303771025475	1	1.4622	1.1111	0.6155
1347	1303771025493	1	1.4622	1.1111	0.6155
1348	1303771025513	1	1.4622	1.1111	0.6155
1349	1303771025530	1	1.4622	1.1111	0.6155
1350	1303771025549	1	1.4622	1.1111	0.6155
1351	1303771025568	1	1.4622	1.1111	0.6155
1352	1303771025585	1	1.4622	1.1111	0.6155
1353	1303771025604	1	1.4622	1.1111	0.6155
1354	1303771025623	1	1.4622	1.1111	0.6155
1355	1303771025642	1	1.4622	1.1111	0.6155
1356	1303771025659	1	1.4622	1.1111	0.6155
1357	1303771025677	1	1.4622	1.1111	0.6155
1358	1303771025696	1	1.4622	1.1111	0.6155
1359	1303771025714	1	1.4622	1.1111	0.6155
1360	1303771025731	1	1.4622	1.1111	0.6155
1361	1303771025790	1	1.4622	1.1111	0.6155
1362	1303771025810	1	1.4622	1.1111	0.6155
1363	1303771025828	1	1.4622	1.1111	0.6155
1364	1303771025846	1	1.4622	1.1111	0.6155
1365	1303771025864	1	1.4622	1.1111	0.6155
1366	1303771025883	1	1.4622	1.1111	0.6155
1367	1303771025900	1	1.4622	1.1111	0.6155
1368	1303771025918	1	1.4622	1.1111	0.6155
1369	1303771025937	1	1.4622	1.1111	0.6155
1370	1303771025956	1	1.4622	1.1111	0.6155
1371	1303771025974	1	1.4622	1.1111	0.6155
1372	1303771026033	1	1.4622	1.1111	0.6155
1373	1303771026052	1	1.4622	1.1111	0.6155
1374	1303771026070	1	1.4622	1.1111	0.6155
1375	1303771026089	1	1.4622	1.1111	0.6155
1376	1303771026108	1	1.4622	1.1111	0.6155
1377	1303771026127	1	1.4622	1.1111	0.6155
1378	1303771026144	1	1.4622	1.1111	0.6155
1379	1303771026163	1	1.4622	1.1111	0.6155
1380	1303771026226	1	1.4622	1.1111	0.6155
1381	1303771026246	1	1.4622	1.1111	0.6155
1382	1303771026265	1	1.4622	1.1111	0.6155
1383	1303771026283	1	1.4622	1.1111	0.6155
1384	1303771026301	1	1.4622	1.1111	0.6155
1385	1303771026320	1	1.4622	1.1111	0.6155
1386	1303771026337	1	1.4622	1.1111	0.6155
1387	1303771026356	1	1.4622	1.1111	0.6155
1388	1303771026374	1	1.4622	1.1111	0.6155
1389	1303771026393	1	1.4622	1.1111	0.6155
1390	1303771026411	1	1.4622	1.1111	0.6155
1391	1303771026430	1	1.4622	1.1111	0.6155
1392	1303771026449	1	1.4622	1.1111	0.6155
1393	1303771026467	1	1.4622	1.1111	0.6155
1394	1303771026484	1	1.4622	1.1111	0.6155
1395	1303771026503	1	1.4622	1.1111	0.6155
1396	1303771026521	1	1.4622	1.1111	0.6155
1397	1303771026539	1	1.4622	1.1111	0.6155
1398	1303771026557	1	1.4622	1.1111	0.6155
1399	1303771026576	1	1.4622	1.1111	0.6155
1400	1303771026594	1	1.4622	1.1111	0.6155
1401	1303771026611	1	1.4622	1.1111	0.6155
1402	1303771026630	1	1.4622	1.1111	0.6155
1403	1303771026649	1	1.4622	1.1111	0.6155
1404	1303771026667	1	1.4622	1.1111	0.6155
1405	1303771026686	1	1.4622	1.1111	0.6155
1406	1303771026705	1	1.4622	1.1111	0.6155
1407	1303771026724	1	1.4622	1.1111	0.6155
1408	1303771026741	1	1.4622	1.1111	0.6155
1409	1303771026760	1	1.4622	1.1111	0.6155
1410	1303771026779	1	1.4622	1.1111	0.6155
1411	1303771026796	1	1.4622	1.1111	0.6155
1412	1303771026816	1	1.4622	1.1111	0.6155
1413	1303771026835	1	1.4622	1.1111	0.6155
1414	1303771026854	1	1.4622	1.1111	0.6155
1415	1303771026872	1	1.4622	1.1111	0.6155
1416	1303771026890	1	1.4622	1.1111	0.6155
1417	1303771026909	1	1.4622	1.1111	0.6155
1418	1303771026926	1	1.4622	1.1111	0.6155
1419	1303771026946	1	1.4622	1.1111	0.6155
1420	1303771026965	1	1.4622	1.1111	0.6155
1421	1303771027024	1	1.4622	1.1111	0.6155
1422	1303771027041	1	1.4622	1.1111	0.6155
1423	1303771027059	1	1.4622	1.1111	0.6155
1424	1303771027078	1	1.4622	1.1111	0.6155
1425	1303771027095	1	1.4622	1.1111	0.6155
1426	1303771027113	1	1.4622	1.1111	0.6155
1427	1303771027132	1	1.4622	1.1111	0.6155
1428	1303771027151	1	1.4622	1.1111	0.6155
1429	1303771027168	1	1.4622	1.1111	0.6155
1430	1303771027187	1	1.4622	1.1111	0.6155
1431	1303771027206	1	1.4622	1.1111	0.6155
1432	1303771027225	1	1.4622	1.1111	0.6155
1433	1303771027284	1	1.4622	1.1111	0.6155
1434	1303771027303	1	1.4622	1.1111	0.6155
1435	1303771027322	1	1.4622	1.1111	0.6155
1436	1303771027340	1	1.4622	1.1111	0.6155
1437	1303771027358	1	1.4622	1.1111	0.6155
1438	1303771027376	1	1.4622	1.1111	0.6155
1439	1303771027395	1	1.4622	1.1111	0.6155
1440	1303771027454	1	1.4622	1.1111	0.6155
1441	1303771027474	1	1.4622	1.1111	0.6155
1442	1303771027534	1	1.4622	1.1111	0.6155
1443	1303771027553	1	1.4622	1.1111	0.6155
1444	1303771027597	1	1.4636	1.1111	0.6149
1445	1303771027615	1	1.4636	1.1111	0.6149
1446	1303771027673	1	1.4636	1.1111	0.6149
1447	1303771027692	1	1.4636	1.1111	0.6149
1448	1303771027710	1	1.4636	1.1111	0.6149
1449	1303771027730	1	1.4636	1.1111	0.6149
1450	1303771027747	1	1.4636	1.1111	0.6149
1451	1303771027766	1	1.4636	1.1111	0.6149
1452	1303771027784	1	1.4636	1.1111	0.6149
1453	1303771027802	1	1.4636	1.1111	0.6149
1454	1303771027820	1	1.4636	1.1111	0.6149
1455	1303771027838	1	1.4636	1.1111	0.6149
1456	1303771027857	1	1.4636	1.1111	0.6149
1457	1303771027874	1	1.4636	1.1111	0.6149
1458	1303771027893	1	1.4636	1.1111	0.6149
1459	1303771027913	1	1.4636	1.1111	0.6149
1460	1303771027930	1	1.4636	1.1111	0.6149
1461	1303771027949	1	1.4636	1.1111	0.6149
1462	1303771028008	1	1.4636	1.1111	0.6149
1463	1303771028027	1	1.4636	1.1111	0.6149
1464	1303771028045	1	1.4636	1.1111	0.6149
1465	1303771028065	1	1.4636	1.1111	0.6149
1466	1303771028084	1	1.4636	1.1111	0.6149
1467	1303771028103	1	1.4636	1.1111	0.6149
1468	1303771028120	1	1.4636	1.1111	0.6149
1469	1303771028139	1	1.4636	1.1111	0.6149
1470	1303771028158	1	1.4636	1.1111	0.6149
1471	1303771028177	1	1.4636	1.1111	0.6149
1472	1303771028196	1	1.4636	1.1111	0.6149
1473	1303771028215	1	1.4636	1.1111	0.6149
1474	1303771028234	1	1.4636	1.1111	0.6149
1475	1303771028251	1	1.4636	1.1111	0.6149
1476	1303771028271	1	1.4636	1.1111	0.6149
1477	1303771028290	1	1.4636	1.1111	0.6149
1478	1303771028310	1	1.4636	1.1111	0.6149
1479	1303771028328	1	1.4636	1.1111	0.6149
1480	1303771028347	1	1.4636	1.1111	0.6149
1481	1303771028367	1	1.4636	1.1111	0.6149
1482	1303771028384	1	1.4636	1.1111	0.6149
1483	1303771028403	1	1.4636	1.1111	0.6149
1484	1303771028422	1	1.4636	1.1111	0.6149
1485	1303771028440	1	1.4636	1.1111	0.6149
1486	1303771028458	1	1.4636	1.1111	0.6149
1487	1303771028476	1	1.4636	1.1111	0.6149
1488	1303771028494	1	1.4636	1.1111	0.6149
1489	1303771028511	1	1.4636	1.1111	0.6149
1490	1303771028530	1	1.4636	1.1111	0.6149
1491	1303771028548	1	1.4636	1.1111	0.6149
1492	1303771028567	1	1.4636	1.1111	0.6149
1493	1303771028584	1	1.4636	1.1111	0.6149
1494	1303771028603	1	1.4636	1.1111	0.6149
1495	1303771028621	1	1.4636	1.1111	0.6149
1496	1303771028639	1	1.4636	1.1111	0.6149
1497	1303771028697	1	1.4636	1.1111	0.6149
1498	1303771028716	1	1.4636	1.1111	0.6149
1499	1303771028735	1	1.4636	1.1111	0.6149
1500	1303771028754	1	1.4636	1.1111	0.6149
1501	1303771028772	1	1.4636	1.1111	0.6149
1502	1303771028792	1	1.4636	1.1111	0.6149
1503	1303771028812	1	1.4636	1.1111	0.6149
1504	1303771028831	1	1.4639	1.1111	0.6148
1505	1303771028850	1	1.4639	1.1111	0.6148
1506	1303771028868	1	1.4639	1.1111	0.6148
1507	1303771028887	1	1.4639	1.1111	0.6148
1508	1303771028906	1	1.4639	1.1111	0.6148
1509	1303771028925	1	1.4639	1.1111	0.6148
1510	1303771028984	1	1.4639	1.1111	0.6148
1511	1303771029004	1	1.4639	1.1111	0.6148
1512	1303771029038	1	1.4639	1.1111	0.6148
1513	1303771029056	1	1.4639	1.1111	0.6148
1514	1303771029075	1	1.4639	1.1111	0.6148
1515	1303771029094	1	1.4639	1.1111	0.6148
1516	1303771029113	1	1.4639	1.1111	0.6148
1517	1303771029130	1	1.4639	1.1111	0.6148
1518	1303771029149	1	1.4639	1.1111	0.6148
1519	1303771029168	1	1.4639	1.1111	0.6148
1520	1303771029188	1	1.4639	1.1111	0.6148
1521	1303771029206	1	1.4639	1.1111	0.6148
1522	1303771029265	1	1.4639	1.1111	0.6148
1523	1303771029284	1	1.4639	1.1111	0.6148
1524	1303771029303	1	1.4639	1.1111	0.6148
1525	1303771029321	1	1.4639	1.1111	0.6148
1526	1303771029340	1	1.4639	1.1111	0.6148
1527	1303771029399	1	1.4639	1.1111	0.6148
1528	1303771029418	1	1.4639	1.1111	0.6148
1529	1303771029436	1	1.4639	1.1111	0.6148
1530	1303771029456	1	1.4639	1.1111	0.6148
1531	1303771029476	1	1.4639	1.1111	0.6148
1532	1303771029494	1	1.4639	1.1111	0.6148
1533	1303771029513	1	1.4639	1.1111	0.6148
1534	1303771029532	1	1.4639	1.1111	0.6148
1535	1303771029550	1	1.4639	1.1111	0.6148
1536	1303771029568	1	1.4639	1.1111	0.6148
1537	1303771029627	1	1.4639	1.1111	0.6148
1538	1303771029646	1	1.4639	1.1111	0.6148
1539	1303771029705	1	1.4639	1.1111	0.6148
1540	1303771029723	1	1.4639	1.1111	0.6148
1541	1303771029742	1	1.4639	1.1111	0.6148
1542	1303771029801	1	1.4639	1.1111	0.6148
1543	1303771029820	1	1.4639	1.1111	0.6148
1544	1303771029839	1	1.4639	1.1111	0.6148
1545	1303771029857	1	1.4639	1.1111	0.6148
1546	1303771029876	1	1.4639	1.1111	0.6148
1547	1303771029895	1	1.4639	1.1111	0.6148
1548	1303771029970	1	1.4639	1.1111	0.6148
1549	1303771029989	1	1.4639	1.1111	0.6148
1550	1303771030007	1	1.4639	1.1111	0.6148
1551	1303771030026	1	1.4639	1.1111	0.6148
1552	1303771030044	1	1.4639	1.1111	0.6148
1553	1303771030063	1	1.4639	1.1111	0.6148
1554	1303771030082	1	1.4639	1.1111	0.6148
1555	1303771030101	1	1.4639	1.1111	0.6148
1556	1303771030118	1	1.4639	1.1111	0.6148
1557	1303771030138	1	1.4639	1.1111	0.6148
1558	1303771030158	1	1.4639	1.1111	0.6148
1559	1303771030175	1	1.4639	1.1111	0.6148
1560	1303771030194	1	1.4639	1.1111	0.6148
1561	1303771030213	1	1.4639	1.1111	0.6148
1562	1303771030234	1	1.4639	1.1111	0.6148
1563	1303771030254	1	1.4619	1.1111	0.6156
1564	1303771030273	1	1.4619	1.1111	0.6156
1565	1303771030292	1	1.4619	1.1111	0.6156
1566	1303771030311	1	1.4619	1.1111	0.6156
1567	1303771030330	1	1.4619	1.1111	0.6156
1568	1303771030348	1	1.4619	1.1111	0.6156
1569	1303771030366	1	1.4619	1.1111	0.6156
1570	1303771030385	1	1.4619	1.1111	0.6156
1571	1303771030403	1	1.4619	1.1111	0.6156
1572	1303771030422	1	1.4619	1.1111	0.6156
1573	1303771030440	1	1.4619	1.1111	0.6156
1574	1303771030459	1	1.4619	1.1111	0.6156
1575	1303771030477	1	1.4619	1.1111	0.6156
1576	1303771030535	1	1.4619	1.1111	0.6156
1577	1303771030554	1	1.4619	1.1111	0.6156
1578	1303771030574	1	1.4619	1.1111	0.6156
1579	1303771030592	1	1.4619	1.1111	0.6156
1580	1303771030611	1	1.4619	1.1111	0.6156
1581	1303771030630	1	1.4619	1.1111	0.6156
1582	1303771030690	1	1.4619	1.1111	0.6156
1583	1303771030708	1	1.4619	1.1111	0.6156
1584	1303771030727	1	1.4619	1.1111	0.6156
1585	1303771030747	1	1.4619	1.1111	0.6156
1586	1303771030766	1	1.4619	1.1111	0.6156
1587	1303771030783	1	1.4619	1.1111	0.6156
1588	1303771030802	1	1.4619	1.1111	0.6156
1589	1303771030866	1	1.4619	1.1111	0.6156
1590	1303771030885	1	1.4619	1.1111	0.6156
1591	1303771030904	1	1.4619	1.1111	0.6156
1592	1303771030923	1	1.4619	1.1111	0.6156
1593	1303771030943	1	1.4619	1.1111	0.6156
1594	1303771030960	1	1.4619	1.1111	0.6156
1595	1303771030979	1	1.4619	1.1111	0.6156
1596	1303771030998	1	1.4619	1.1111	0.6156
1597	1303771031058	1	1.4619	1.1111	0.6156
1598	1303771031076	1	1.4619	1.1111	0.6156
1599	1303771031096	1	1.4619	1.1111	0.6156
1600	1303771031114	1	1.4619	1.1111	0.6156
1601	1303771031133	1	1.4619	1.1111	0.6156
1602	1303771031150	1	1.4619	1.1111	0.6156
1603	1303771031169	1	1.4619	1.1111	0.6156
1604	1303771031188	1	1.4619	1.1111	0.6156
1605	1303771031205	1	1.4619	1.1111	0.6156
1606	1303771031224	1	1.4619	1.1111	0.6156
1607	1303771031243	1	1.4619	1.1111	0.6156
1608	1303771031262	1	1.4619	1.1111	0.6156
1609	1303771031280	1	1.4619	1.1111	0.6156
1610	1303771031298	1	1.4619	1.1111	0.6156
1611	1303771031317	1	1.4619	1.1111	0.6156
1612	1303771031335	1	1.4619	1.1111	0.6156
1613	1303771031353	1	1.4619	1.1111	0.6156
1614	1303771031371	1	1.4619	1.1111	0.6156
1615	1303771031390	1	1.4619	1.1111	0.6156
1616	1303771031408	1	1.4619	1.1111	0.6156
1617	1303771031426	1	1.4619	1.1111	0.6156
1618	1303771031445	1	1.4619	1.1111	0.6156
1619	1303771031465	1	1.4619	1.1111	0.6156
1620	1303771031485	1	1.4619	1.1111	0.6156
1621	1303771031504	1	1.4619	1.1111	0.6156
1622	1303771031524	1	1.4619	1.1111	0.6156
1623	1303771031543	1	1.4617	1.1111	0.6157
1624	1303771031561	1	1.4617	1.1111	0.6157
1625	1303771031580	1	1.4617	1.1111	0.6157
1626	1303771031599	1	1.4617	1.1111	0.6157
1627	1303771031618	1	1.4617	1.1111	0.6157
1628	1303771031636	1	1.4617	1.1111	0.6157
1629	1303771031656	1	1.4617	1.1111	0.6157
1630	1303771031675	1	1.4617	1.1111	0.6157
1631	1303771031692	1	1.4617	1.1111	0.6157
1632	1303771031712	1	1.4617	1.1111	0.6157
1633	1303771031733	1	1.4617	1.1111	0.6157
1634	1303771031752	1	1.4617	1.1111	0.6157
1635	1303771031771	1	1.4617	1.1111	0.6157
1636	1303771031791	1	1.4617	1.1111	0.6157
1637	1303771031811	1	1.4617	1.1111	0.6157
1638	1303771031830	1	1.4617	1.1111	0.6157
1639	1303771031848	1	1.4617	1.1111	0.6157
1640	1303771031867	1	1.4617	1.1111	0.6157
1641	1303771031930	1	1.4617	1.1111	0.6157
1642	1303771031949	1	1.4617	1.1111	0.6157
1643	1303771031968	1	1.4617	1.1111	0.6157
1644	1303771031987	1	1.4617	1.1111	0.6157
1645	1303771032006	1	1.4617	1.1111	0.6157
1646	1303771032065	1	1.4617	1.1111	0.6157
1647	1303771032083	1	1.4617	1.1111	0.6157
1648	1303771032103	1	1.4617	1.1111	0.6157
1649	1303771032122	1	1.4617	1.1111	0.6157
1650	1303771032140	1	1.4617	1.1111	0.6157
1651	1303771032159	1	1.4617	1.1111	0.6157
1652	1303771032178	1	1.4617	1.1111	0.6157
1653	1303771032196	1	1.4617	1.1111	0.6157
1654	1303771032214	1	1.4617	1.1111	0.6157
1655	1303771032275	1	1.4617	1.1111	0.6157
1656	1303771032436	1	1.4617	1.1111	0.6157
1657	1303771032455	1	1.4617	1.1111	0.6157
1658	1303771032473	1	1.4617	1.1111	0.6157
1659	1303771032491	1	1.4617	1.1111	0.6157
1660	1303771032510	1	1.4617	1.1111	0.6157
1661	1303771032529	1	1.4617	1.1111	0.6157
1662	1303771032547	1	1.4617	1.1111	0.6157
1663	1303771032566	1	1.4617	1.1111	0.6157
1664	1303771032584	1	1.4617	1.1111	0.6157
1665	1303771032603	1	1.4617	1.1111	0.6157
1666	1303771032620	1	1.4617	1.1111	0.6157
1667	1303771032639	1	1.4617	1.1111	0.6157
1668	1303771032698	1	1.4617	1.1111	0.6157
1669	1303771032717	1	1.4617	1.1111	0.6157
1670	1303771032735	1	1.4617	1.1111	0.6157
1671	1303771032798	1	1.4617	1.1111	0.6157
1672	1303771032818	1	1.4617	1.1111	0.6157
1673	1303771032878	1	1.4617	1.1111	0.6157
1674	1303771032896	1	1.4617	1.1111	0.6157
1675	1303771032916	1	1.4617	1.1111	0.6157
1676	1303771032935	1	1.4617	1.1111	0.6157
1677	1303771032953	1	1.4617	1.1111	0.6157
1678	1303771032971	1	1.4617	1.1111	0.6157
1679	1303771032989	1	1.4617	1.1111	0.6157
1680	1303771033009	1	1.4617	1.1111	0.6157
1681	1303771033028	1	1.4617	1.1111	0.6157
1682	1303771033046	1	1.4617	1.1111	0.6157
1683	1303771033065	1	1.4617	1.1111	0.6157
1684	1303771033084	1	1.4617	1.1111	0.6157
1685	1303771033105	1	1.4615	1.1111	0.6158
1686	1303771033124	1	1.4615	1.1111	0.6158
1687	1303771033144	1	1.4615	1.1111	0.6158
1688	1303771033163	1	1.4615	1.1111	0.6158
1689	1303771033182	1	1.4615	1.1111	0.6158
1690	1303771033199	1	1.4615	1.1111	0.6158
1691	1303771033218	1	1.4615	1.1111	0.6158
1692	1303771033236	1	1.4615	1.1111	0.6158
1693	1303771033254	1	1.4615	1.1111	0.6158
1694	1303771033273	1	1.4615	1.1111	0.6158
1695	1303771033291	1	1.4615	1.1111	0.6158
1696	1303771033309	1	1.4615	1.1111	0.6158
1697	1303771033328	1	1.4615	1.1111	0.6158
1698	1303771033348	1	1.4615	1.1111	0.6158
1699	1303771033367	1	1.4615	1.1111	0.6158
1700	1303771033385	1	1.4615	1.1111	0.6158
1701	1303771033404	1	1.4615	1.1111	0.6158
1702	1303771033423	1	1.4615	1.1111	0.6158
1703	1303771033443	1	1.4615	1.1111	0.6158
1704	1303771033461	1	1.4615	1.1111	0.6158
1705	1303771033480	1	1.4615	1.1111	0.6158
1706	1303771033520	1	1.4615	1.1111	0.6158
1707	1303771033538	1	1.4615	1.1111	0.6158
1708	1303771033556	1	1.4615	1.1111	0.6158
1709	1303771033576	1	1.4615	1.1111	0.6158
1710	1303771033595	1	1.4615	1.1111	0.6158
1711	1303771033613	1	1.4615	1.1111	0.6158
1712	1303771033631	1	1.4615	1.1111	0.6158
1713	1303771033650	1	1.4615	1.1111	0.6158
1714	1303771033709	1	1.4615	1.1111	0.6158
1715	1303771033727	1	1.4615	1.1111	0.6158
1716	1303771033745	1	1.4615	1.1111	0.6158
1717	1303771033764	1	1.4615	1.1111	0.6158
1718	1303771033781	1	1.4615	1.1111	0.6158
1719	1303771033800	1	1.4615	1.1111	0.6158
1720	1303771033818	1	1.4615	1.1111	0.6158
1721	1303771033837	1	1.4615	1.1111	0.6158
1722	1303771033855	1	1.4615	1.1111	0.6158
1723	1303771033874	1	1.4615	1.1111	0.6158
1724	1303771033892	1	1.4615	1.1111	0.6158
1725	1303771033912	1	1.4615	1.1111	0.6158
1726	1303771033930	1	1.4615	1.1111	0.6158
1727	1303771033950	1	1.4615	1.1111	0.6158
1728	1303771033968	1	1.4615	1.1111	0.6158
1729	1303771034032	1	1.4615	1.1111	0.6158
1730	1303771034094	1	1.4615	1.1111	0.6158
1731	1303771034154	1	1.4615	1.1111	0.6158
1732	1303771034174	1	1.4615	1.1111	0.6158
1733	1303771034193	1	1.4615	1.1111	0.6158
1734	1303771034211	1	1.4615	1.1111	0.6158
1735	1303771034231	1	1.4615	1.1111	0.6158
1736	1303771034250	1	1.4615	1.1111	0.6158
1737	1303771034268	1	1.4615	1.1111	0.6158
1738	1303771034287	1	1.4615	1.1111	0.6158
1739	1303771034306	1	1.4615	1.1111	0.6158
1740	1303771034368	1	1.4615	1.1111	0.6158
1741	1303771034386	1	1.4615	1.1111	0.6158
1742	1303771034405	1	1.4615	1.1111	0.6158
1743	1303771034424	1	1.4615	1.1111	0.6158
1744	1303771034443	1	1.4615	1.1111	0.6158
1745	1303771034506	1	1.4615	1.1111	0.6158
1746	1303771034524	1	1.4615	1.1111	0.6158
1747	1303771034543	1	1.4615	1.1111	0.6158
1748	1303771034562	1	1.461	1.1111	0.616
1749	1303771034622	1	1.461	1.1111	0.616
1750	1303771034639	1	1.461	1.1111	0.616
1751	1303771034658	1	1.461	1.1111	0.616
1752	1303771034677	1	1.461	1.1111	0.616
1753	1303771034696	1	1.461	1.1111	0.616
1754	1303771034713	1	1.461	1.1111	0.616
1755	1303771034732	1	1.461	1.1111	0.616
1756	1303771034751	1	1.461	1.1111	0.616
1757	1303771034768	1	1.461	1.1111	0.616
1758	1303771034827	1	1.461	1.1111	0.616
1759	1303771034846	1	1.461	1.1111	0.616
1760	1303771034866	1	1.461	1.1111	0.616
1761	1303771034883	1	1.461	1.1111	0.616
1762	1303771034902	1	1.461	1.1111	0.616
1763	1303771034921	1	1.461	1.1111	0.616
1764	1303771034939	1	1.461	1.1111	0.616
1765	1303771034997	1	1.461	1.1111	0.616
1766	1303771035016	1	1.461	1.1111	0.616
1767	1303771035036	1	1.461	1.1111	0.616
1768	1303771035055	1	1.461	1.1111	0.616
1769	1303771035073	1	1.461	1.1111	0.616
1770	1303771035091	1	1.461	1.1111	0.616
1771	1303771035110	1	1.461	1.1111	0.616
1772	1303771035129	1	1.461	1.1111	0.616
1773	1303771035147	1	1.461	1.1111	0.616
1774	1303771035207	1	1.461	1.1111	0.616
1775	1303771035227	1	1.461	1.1111	0.616
1776	1303771035247	1	1.461	1.1111	0.616
1777	1303771035265	1	1.461	1.1111	0.616
1778	1303771035288	1	1.461	1.1111	0.616
1779	1303771035311	1	1.461	1.1111	0.616
1780	1303771035330	1	1.461	1.1111	0.616
1781	1303771035349	1	1.461	1.1111	0.616
1782	1303771035368	1	1.461	1.1111	0.616
1783	1303771035387	1	1.461	1.1111	0.616
1784	1303771035404	1	1.461	1.1111	0.616
1785	1303771035423	1	1.461	1.1111	0.616
1786	1303771035442	1	1.461	1.1111	0.616
1787	1303771035459	1	1.461	1.1111	0.616
1788	1303771035478	1	1.461	1.1111	0.616
1789	1303771035497	1	1.461	1.1111	0.616
1790	1303771035515	1	1.461	1.1111	0.616
1791	1303771035533	1	1.461	1.1111	0.616
1792	1303771035551	1	1.461	1.1111	0.616
1793	1303771035571	1	1.461	1.1111	0.616
1794	1303771035589	1	1.461	1.1111	0.616
1795	1303771035607	1	1.461	1.1111	0.616
1796	1303771035625	1	1.461	1.1111	0.616
1797	1303771035644	1	1.461	1.1111	0.616
1798	1303771035663	1	1.461	1.1111	0.616
1799	1303771035682	1	1.461	1.1111	0.616
1800	1303771035700	1	1.461	1.1111	0.616
