0	1303771622182	0	0	0	0
1	1303771622191	0	0	0	0
2	1303771622200	0	0	0	0
3	1303771622210	0	0	0	0
4	1303771622221	0	0	0	0
5	1303771622233	0	0	0	0
6	1303771622249	0	0	0	0
7	1303771622261	0	0	0	0
8	1303771622273	0	0	0	0
9	1303771622285	0	0	0	0
10	1303771622309	1	0	0	0
11	1303771622355	1	0	0	0
12	1303771622389	1	0	0	0
13	1303771622411	1	1.385	0	0
14	1303771622443	1	1.385	0	0
15	1303771622457	1	1.385	1.5	0.4814
16	1303771622471	1	1.385	0	0
17	1303771622485	1	1.385	1.5	0.4814
18	1303771622499	1	1.385	1.5	0.4814
19	1303771622513	1	1.385	1.5	0.4814
20	1303771622529	1	1.385	1.5	0.4814
21	1303771622542	1	1.385	1.5	0.4814
22	1303771622556	1	1.385	1.5	0.4814
23	1303771622570	1	1.385	1.5	0.4814
24	1303771622585	1	1.385	1.5	0.4814
25	1303771622599	1	1.385	1.3333	0.5415
26	1303771622614	1	1.385	1.25	0.5776
27	1303771622630	1	1.385	1.1667	0.6189
28	1303771622685	1	1.385	1.5	0.4814
29	1303771622701	1	1.385	1	0.722
30	1303771622718	1	1.385	1	0.722
31	1303771622734	1	1.385	1.125	0.6418
32	1303771622752	1	1.385	1.1667	0.6189
33	1303771622810	1	1.385	1	0.722
34	1303771622827	1	1.385	1.3333	0.5415
35	1303771622845	1	1.385	1.3333	0.5415
36	1303771622861	1	1.385	1.3333	0.5415
37	1303771622919	1	1.385	1.25	0.5776
38	1303771622936	1	1.385	1.3333	0.5415
39	1303771622992	1	1.385	1.1	0.6564
40	1303771623010	1	1.385	1	0.722
41	1303771623026	1	1.385	1	0.722
42	1303771623043	1	1.385	1.1667	0.6189
43	1303771623061	1	1.385	1	0.722
44	1303771623077	1	1.385	1.1667	0.6189
45	1303771623095	1	1.385	1.0833	0.6665
46	1303771623112	1	1.385	1	0.722
47	1303771623129	1	1.385	1.1	0.6564
48	1303771623148	1	1.385	1.0833	0.6665
49	1303771623165	1	1.385	1.1	0.6564
50	1303771623184	1	1.385	1.0833	0.6665
51	1303771623201	1	1.385	1.0833	0.6665
52	1303771623220	1	1.385	1.1667	0.6189
53	1303771623238	1	1.385	1.1667	0.6189
54	1303771623255	1	1.385	1.1	0.6564
55	1303771623274	1	1.385	1.0833	0.6665
56	1303771623291	1	1.385	1.1	0.6564
57	1303771623310	1	1.385	1.1	0.6564
58	1303771623327	1	1.385	1.0833	0.6665
59	1303771623345	1	1.385	1.1667	0.6189
60	1303771623364	1	1.385	1.1	0.6564
61	1303771623382	1	1.385	1.1	0.6564
62	1303771623402	1	1.385	1.0833	0.6665
63	1303771623420	1	1.385	1.0833	0.6665
64	1303771623485	1	1.385	1.1667	0.6189
65	1303771623503	1	1.385	1.0833	0.6665
66	1303771623523	1	1.385	1.0833	0.6665
67	1303771623581	1	1.385	1.0833	0.6665
68	1303771623599	1	1.385	1.0833	0.6665
69	1303771623619	1	1.385	1.0833	0.6665
70	1303771623682	1	1.385	1.0833	0.6665
71	1303771623743	1	1.385	1.0833	0.6665
72	1303771623761	1	1.385	1.0833	0.6665
73	1303771623822	1	1.385	1.0833	0.6665
74	1303771623849	1	1.0739	1.0833	0.8595
75	1303771623873	1	1.0739	1.0833	0.8595
76	1303771623898	1	1.0739	1.0833	0.8595
77	1303771623922	1	1.0739	1	0.9312
78	1303771623945	1	1.0739	1	0.9312
79	1303771624010	1	1.0739	1.0833	0.8595
80	1303771624036	1	1.0739	1.0833	0.8595
81	1303771624060	1	1.0739	1	0.9312
82	1303771624122	1	1.0739	1	0.9312
83	1303771624147	1	1.0739	1.0833	0.8595
84	1303771624172	1	1.0739	1.0833	0.8595
85	1303771624194	1	1.0739	1	0.9312
86	1303771624218	1	1.0739	1	0.9312
87	1303771624242	1	1.0739	1.0833	0.8595
88	1303771624267	1	1.0739	1	0.9312
89	1303771624293	1	1.0739	1	0.9312
90	1303771624315	1	1.0739	1.0833	0.8595
91	1303771624339	1	1.0739	1	0.9312
92	1303771624364	1	1.0739	1	0.9312
93	1303771624387	1	1.0739	1.0833	0.8595
94	1303771624411	1	1.0739	1	0.9312
95	1303771624436	1	1.0739	1	0.9312
96	1303771624458	1	1.0739	1.0833	0.8595
97	1303771624482	1	1.0739	1	0.9312
98	1303771624505	1	1.0739	1	0.9312
99	1303771624527	1	1.0739	1.0833	0.8595
100	1303771624552	1	1.0739	1	0.9312
101	1303771624575	1	1.0739	1	0.9312
102	1303771624601	1	1.0739	1.0833	0.8595
103	1303771624666	1	1.0739	1	0.9312
104	1303771624688	1	1.0739	1	0.9312
105	1303771624711	1	1.0739	1.0833	0.8595
106	1303771624733	1	1.0739	1	0.9312
107	1303771624757	1	1.0739	1	0.9312
108	1303771624822	1	1.0739	1.0833	0.8595
109	1303771624843	1	1.0739	1	0.9312
110	1303771624866	1	1.0739	1	0.9312
111	1303771624888	1	1.0739	1.0833	0.8595
112	1303771624911	1	1.0739	1	0.9312
113	1303771624935	1	1.0739	1	0.9312
114	1303771624956	1	1.0739	1.0833	0.8595
115	1303771624980	1	1.0739	1	0.9312
116	1303771625002	1	1.0739	1	0.9312
117	1303771625025	1	1.0739	1.1667	0.7981
118	1303771625047	1	1.0739	1	0.9312
119	1303771625070	1	1.0739	1	0.9312
120	1303771625094	1	1.0739	1.0833	0.8595
121	1303771625116	1	1.0739	1	0.9312
122	1303771625139	1	1.0739	1	0.9312
123	1303771625160	1	1.0739	1.0833	0.8595
124	1303771625183	1	1.0739	1	0.9312
125	1303771625206	1	1.0739	1	0.9312
126	1303771625230	1	1.0739	1.0833	0.8595
127	1303771625253	1	1.0739	1.0833	0.8595
128	1303771625275	1	1.0739	1	0.9312
129	1303771625299	1	1.0739	1.0833	0.8595
130	1303771625320	1	1.0739	1	0.9312
131	1303771625343	1	1.0739	1	0.9312
132	1303771625366	1	1.0739	1.0833	0.8595
133	1303771625390	1	1.0739	1	0.9312
134	1303771625414	1	1.0751	1	0.9301
135	1303771625437	1	1.0243	1.0833	0.9012
136	1303771625502	1	1.0243	1	0.9763
137	1303771625523	1	1.0243	1	0.9763
138	1303771625586	1	1.0243	1.0833	0.9012
139	1303771625648	1	1.0243	1	0.9763
140	1303771625670	1	1.0243	1	0.9763
141	1303771625691	1	1.0243	1.0833	0.9012
142	1303771625713	1	1.0243	1	0.9763
143	1303771625735	1	1.0243	1	0.9763
144	1303771625797	1	1.0243	1	0.9763
145	1303771625818	1	1.0243	1	0.9763
146	1303771625840	1	1.0243	1	0.9763
147	1303771625862	1	1.0243	1	0.9763
148	1303771625883	1	1.0243	1	0.9763
149	1303771625903	1	1.0243	1	0.9763
150	1303771625925	1	1.0243	1	0.9763
151	1303771625948	1	1.0243	1	0.9763
152	1303771625968	1	1.0243	1	0.9763
153	1303771625991	1	1.0243	1	0.9763
154	1303771626011	1	1.0243	1	0.9763
155	1303771626033	1	1.0243	1	0.9763
156	1303771626053	1	1.0243	1	0.9763
157	1303771626119	1	1.0243	1	0.9763
158	1303771626140	1	1.0243	1	0.9763
159	1303771626163	1	1.0243	1	0.9763
160	1303771626183	1	1.0243	1	0.9763
161	1303771626207	1	1.0243	1.0833	0.9012
162	1303771626228	1	1.0243	1	0.9763
163	1303771626251	1	1.0243	1	0.9763
164	1303771626271	1	1.0243	1	0.9763
165	1303771626293	1	1.0243	1	0.9763
166	1303771626314	1	1.0243	1	0.9763
167	1303771626337	1	1.0243	1	0.9763
168	1303771626358	1	1.0243	1	0.9763
169	1303771626380	1	1.0243	1.0833	0.9012
170	1303771626446	1	1.0243	1	0.9763
171	1303771626468	1	1.0243	1	0.9763
172	1303771626489	1	1.0243	1	0.9763
173	1303771626512	1	1.0243	1.0833	0.9012
174	1303771626532	1	1.0243	1.0833	0.9012
175	1303771626554	1	1.0243	1	0.9763
176	1303771626574	1	1.0243	1	0.9763
177	1303771626597	1	1.0243	1.0833	0.9012
178	1303771626617	1	1.0243	1	0.9763
179	1303771626640	1	1.0243	1	0.9763
180	1303771626660	1	1.0243	1	0.9763
181	1303771626682	1	1.0243	1.0833	0.9012
182	1303771626703	1	1.0243	1	0.9763
183	1303771626725	1	1.0243	1	0.9763
184	1303771626746	1	1.0243	1	0.9763
185	1303771626768	1	1.0243	1	0.9763
186	1303771626789	1	1.0243	1	0.9763
187	1303771626811	1	1.0243	1	0.9763
188	1303771626832	1	1.0243	1	0.9763
189	1303771626853	1	1.0243	1.1667	0.8368
190	1303771626874	1	1.0243	1	0.9763
191	1303771626937	1	1.0243	1	0.9763
192	1303771626957	1	1.0243	1.0833	0.9012
193	1303771626979	1	1.0243	1	0.9763
194	1303771627000	1	1.0243	1	0.9763
195	1303771627021	1	1.0243	1.0833	0.9012
196	1303771627043	1	1.0243	1	0.9763
197	1303771627107	1	1.0243	1	0.9763
198	1303771627169	1	1.0243	1	0.9763
199	1303771627192	1	1.0271	1	0.9736
200	1303771627214	1	1.0271	1	0.9736
201	1303771627238	1	1.0271	1.0833	0.8987
202	1303771627260	1	1.0271	1	0.9736
203	1303771627284	1	1.0271	1	0.9736
204	1303771627306	1	1.0271	1.0833	0.8987
205	1303771627329	1	1.0271	1	0.9736
206	1303771627353	1	1.0271	1.0833	0.8987
207	1303771627374	1	1.0271	1	0.9736
208	1303771627398	1	1.0271	1	0.9736
209	1303771627419	1	1.0271	1	0.9736
210	1303771627483	1	1.0271	1.0833	0.8987
211	1303771627505	1	1.0271	1	0.9736
212	1303771627528	1	1.0271	1	0.9736
213	1303771627550	1	1.0271	1	0.9736
214	1303771627573	1	1.0271	1.0833	0.8987
215	1303771627596	1	1.0271	1	0.9736
216	1303771627618	1	1.0271	1	0.9736
217	1303771627642	1	1.0271	1	0.9736
218	1303771627665	1	1.0271	1.0833	0.8987
219	1303771627689	1	1.0271	1	0.9736
220	1303771627710	1	1.0271	1	0.9736
221	1303771627734	1	1.0271	1	0.9736
222	1303771627757	1	1.0271	1.0833	0.8987
223	1303771627781	1	1.0271	1	0.9736
224	1303771627803	1	1.0271	1	0.9736
225	1303771627827	1	1.0271	1	0.9736
226	1303771627896	1	1.0271	1.0833	0.8987
227	1303771627919	1	1.0271	1	0.9736
228	1303771627944	1	1.0271	1	0.9736
229	1303771627965	1	1.0271	1	0.9736
230	1303771627989	1	1.0271	1	0.9736
231	1303771628010	1	1.0271	1	0.9736
232	1303771628033	1	1.0271	1	0.9736
233	1303771628055	1	1.0271	1	0.9736
234	1303771628079	1	1.0271	1.0833	0.8987
235	1303771628103	1	1.0271	1	0.9736
236	1303771628126	1	1.0271	1	0.9736
237	1303771628190	1	1.0271	1	0.9736
238	1303771628213	1	1.0271	1.0833	0.8987
239	1303771628237	1	1.0271	1	0.9736
240	1303771628259	1	1.0271	1	0.9736
241	1303771628323	1	1.0271	1	0.9736
242	1303771628345	1	1.0271	1.0833	0.8987
243	1303771628369	1	1.0271	1	0.9736
244	1303771628392	1	1.0271	1	0.9736
245	1303771628413	1	1.0271	1	0.9736
246	1303771628438	1	1.0271	1.0833	0.8987
247	1303771628460	1	1.0271	1	0.9736
248	1303771628525	1	1.0271	1	0.9736
249	1303771628548	1	1.0271	1	0.9736
250	1303771628572	1	1.0271	1.0833	0.8987
251	1303771628594	1	1.0271	1	0.9736
252	1303771628617	1	1.0271	1	0.9736
253	1303771628640	1	1.0271	1	0.9736
254	1303771628664	1	1.0271	1	0.9736
255	1303771628688	1	1.0271	1	0.9736
256	1303771628710	1	1.0271	1	0.9736
257	1303771628733	1	1.0271	1	0.9736
258	1303771628757	1	1.0271	1	0.9736
259	1303771628781	1	1.0271	1	0.9736
260	1303771628803	1	1.0302	1	0.9707
261	1303771628826	1	1.0302	1	0.9707
262	1303771628848	1	1.0302	1.0833	0.896
263	1303771628872	1	1.0302	1	0.9707
264	1303771628935	1	1.0302	1	0.9707
265	1303771628957	1	1.0302	1	0.9707
266	1303771628980	1	1.0302	1.0833	0.896
267	1303771629042	1	1.0302	1	0.9707
268	1303771629079	1	1.0302	1	0.9707
269	1303771629101	1	1.0302	1	0.9707
270	1303771629165	1	1.0302	1.0833	0.896
271	1303771629190	1	1.0302	1	0.9707
272	1303771629212	1	1.0302	1	0.9707
273	1303771629235	1	1.0302	1	0.9707
274	1303771629257	1	1.0302	1.0833	0.896
275	1303771629282	1	1.0302	1	0.9707
276	1303771629305	1	1.0302	1.0833	0.896
277	1303771629329	1	1.0302	1	0.9707
278	1303771629352	1	1.0302	1	0.9707
279	1303771629376	1	1.0302	1.0833	0.896
280	1303771629399	1	1.0302	1	0.9707
281	1303771629423	1	1.0302	1	0.9707
282	1303771629448	1	1.0302	1.1667	0.832
283	1303771629469	1	1.0302	1	0.9707
284	1303771629493	1	1.0302	1	0.9707
285	1303771629515	1	1.0302	1.0833	0.896
286	1303771629539	1	1.0302	1.0833	0.896
287	1303771629561	1	1.0302	1	0.9707
288	1303771629584	1	1.0302	1.0833	0.896
289	1303771629606	1	1.0302	1	0.9707
290	1303771629629	1	1.0302	1.0833	0.896
291	1303771629651	1	1.0302	1.1667	0.832
292	1303771629674	1	1.0302	1	0.9707
293	1303771629696	1	1.0302	1	0.9707
294	1303771629719	1	1.0302	1.0833	0.896
295	1303771629742	1	1.0302	1	0.9707
296	1303771629764	1	1.0302	1	0.9707
297	1303771629789	1	1.0302	1.0833	0.896
298	1303771629810	1	1.0302	1	0.9707
299	1303771629833	1	1.0302	1.0833	0.896
300	1303771629857	1	1.0302	1.0833	0.896
301	1303771629922	1	1.0302	1	0.9707
302	1303771629944	1	1.0302	1	0.9707
303	1303771629966	1	1.0302	1.1667	0.832
304	1303771629988	1	1.0302	1	0.9707
305	1303771630012	1	1.0302	1	0.9707
306	1303771630080	1	1.0302	1.0833	0.896
307	1303771630104	1	1.0302	1.0833	0.896
308	1303771630128	1	1.0302	1.0833	0.896
309	1303771630150	1	1.0302	1.0833	0.896
310	1303771630173	1	1.0302	1	0.9707
311	1303771630195	1	1.0302	1	0.9707
312	1303771630218	1	1.0302	1.0833	0.896
313	1303771630280	1	1.0302	1	0.9707
314	1303771630304	1	1.0302	1	0.9707
315	1303771630327	1	1.0302	1.0833	0.896
316	1303771630349	1	1.0302	1.0833	0.896
317	1303771630372	1	1.0302	1	0.9707
318	1303771630394	1	1.0302	1.0833	0.896
319	1303771630417	1	1.0302	1	0.9707
320	1303771630439	1	1.0302	1.0833	0.896
321	1303771630503	1	1.0384	1	0.963
322	1303771630525	1	1.0384	1	0.963
323	1303771630550	1	1.0384	1	0.963
324	1303771630573	1	1.0384	1.0833	0.8889
325	1303771630595	1	1.0384	1	0.963
326	1303771630619	1	1.0384	1	0.963
327	1303771630643	1	1.0384	1	0.963
328	1303771630667	1	1.0384	1.0833	0.8889
329	1303771630689	1	1.0384	1	0.963
330	1303771630713	1	1.0384	1	0.963
331	1303771630735	1	1.0384	1	0.963
332	1303771630758	1	1.0384	1	0.963
333	1303771630781	1	1.0384	1.1667	0.8254
334	1303771630804	1	1.0384	1	0.963
335	1303771630825	1	1.0384	1	0.963
336	1303771630849	1	1.0384	1.0833	0.8889
337	1303771630873	1	1.0384	1	0.963
338	1303771630894	1	1.0384	1.0833	0.8889
339	1303771630918	1	1.0384	1.0833	0.8889
340	1303771630940	1	1.0384	1	0.963
341	1303771630963	1	1.0384	1	0.963
342	1303771630986	1	1.0384	1.1667	0.8254
343	1303771631010	1	1.0384	1	0.963
344	1303771631032	1	1.0384	1	0.963
345	1303771631056	1	1.0384	1.0833	0.8889
346	1303771631079	1	1.0384	1	0.963
347	1303771631102	1	1.0384	1.0833	0.8889
348	1303771631124	1	1.0384	1.0833	0.8889
349	1303771631149	1	1.0384	1	0.963
350	1303771631173	1	1.0384	1	0.963
351	1303771631197	1	1.0384	1.0833	0.8889
352	1303771631221	1	1.0384	1.0833	0.8889
353	1303771631243	1	1.0384	1	0.963
354	1303771631267	1	1.0384	1.0833	0.8889
355	1303771631290	1	1.0384	1	0.963
356	1303771631314	1	1.0384	1.0833	0.8889
357	1303771631337	1	1.0384	1.0833	0.8889
358	1303771631360	1	1.0384	1	0.963
359	1303771631381	1	1.0384	1	0.963
360	1303771631404	1	1.0384	1.0833	0.8889
361	1303771631428	1	1.0384	1.0833	0.8889
362	1303771631452	1	1.0384	1	0.963
363	1303771631476	1	1.0384	1.0833	0.8889
364	1303771631538	1	1.0384	1	0.963
365	1303771631562	1	1.0384	1	0.963
366	1303771631584	1	1.0384	1.1667	0.8254
367	1303771631608	1	1.0384	1	0.963
368	1303771631630	1	1.0384	1	0.963
369	1303771631653	1	1.0384	1.0833	0.8889
370	1303771631715	1	1.0384	1.0833	0.8889
371	1303771631739	1	1.0384	1	0.963
372	1303771631763	1	1.0384	1.0833	0.8889
373	1303771631784	1	1.0384	1	0.963
374	1303771631808	1	1.0384	1	0.963
375	1303771631829	1	1.0384	1.1667	0.8254
376	1303771631853	1	1.0384	1	0.963
377	1303771631885	1	1.0384	1	0.963
378	1303771631949	1	1.0384	1.0833	0.8889
379	1303771631971	1	1.0384	1	0.963
380	1303771631995	1	1.0384	1	0.963
381	1303771632017	1	1.0384	1.0833	0.8889
382	1303771632040	1	1.1145	1	0.8972
383	1303771632063	1	1.1145	1	0.8972
384	1303771632085	1	1.1145	1.0833	0.8282
385	1303771632109	1	1.1145	1	0.8972
386	1303771632131	1	1.1145	1	0.8972
387	1303771632154	1	1.1145	1	0.8972
388	1303771632177	1	1.1145	1	0.8972
389	1303771632201	1	1.1145	1	0.8972
390	1303771632223	1	1.1145	1	0.8972
391	1303771632287	1	1.1145	1	0.8972
392	1303771632309	1	1.1145	1	0.8972
393	1303771632334	1	1.1145	1	0.8972
394	1303771632356	1	1.1145	1	0.8972
395	1303771632379	1	1.1145	1	0.8972
396	1303771632404	1	1.1145	1	0.8972
397	1303771632426	1	1.1145	1	0.8972
398	1303771632451	1	1.1145	1	0.8972
399	1303771632473	1	1.1145	1	0.8972
400	1303771632496	1	1.1145	1	0.8972
401	1303771632558	1	1.1145	1	0.8972
402	1303771632581	1	1.1145	1	0.8972
403	1303771632603	1	1.1145	1	0.8972
404	1303771632630	1	1.1145	1	0.8972
405	1303771632654	1	1.1145	1	0.8972
406	1303771632679	1	1.1145	1	0.8972
407	1303771632704	1	1.1145	1	0.8972
408	1303771632726	1	1.1145	1	0.8972
409	1303771632749	1	1.1145	1	0.8972
410	1303771632773	1	1.1145	1	0.8972
411	1303771632797	1	1.1145	1	0.8972
412	1303771632819	1	1.1145	1	0.8972
413	1303771632842	1	1.1145	1	0.8972
414	1303771632864	1	1.1145	1	0.8972
415	1303771632887	1	1.1145	1	0.8972
416	1303771632909	1	1.1145	1	0.8972
417	1303771632932	1	1.1145	1	0.8972
418	1303771632953	1	1.1145	1	0.8972
419	1303771633017	1	1.1145	1	0.8972
420	1303771633040	1	1.1145	1	0.8972
421	1303771633062	1	1.1145	1	0.8972
422	1303771633086	1	1.1145	1	0.8972
423	1303771633108	1	1.1145	1	0.8972
424	1303771633131	1	1.1145	1	0.8972
425	1303771633153	1	1.1145	1	0.8972
426	1303771633177	1	1.1145	1	0.8972
427	1303771633199	1	1.1145	1	0.8972
428	1303771633223	1	1.1145	1	0.8972
429	1303771633245	1	1.1145	1	0.8972
430	1303771633268	1	1.1145	1	0.8972
431	1303771633291	1	1.1145	1	0.8972
432	1303771633314	1	1.1145	1	0.8972
433	1303771633338	1	1.1145	1	0.8972
434	1303771633360	1	1.1145	1	0.8972
435	1303771633425	1	1.1145	1	0.8972
436	1303771633446	1	1.1145	1	0.8972
437	1303771633470	1	1.1145	1	0.8972
438	1303771633492	1	1.1145	1	0.8972
439	1303771633515	1	1.1145	1	0.8972
440	1303771633537	1	1.3295	1	0.7522
441	1303771633561	1	1.3295	1	0.7522
442	1303771633582	1	1.3295	1	0.7522
443	1303771633605	1	1.3295	1	0.7522
444	1303771633625	1	1.3295	1	0.7522
445	1303771633647	1	1.3295	1	0.7522
446	1303771633666	1	1.3295	1	0.7522
447	1303771633689	1	1.3295	1	0.7522
448	1303771633749	1	1.3295	1	0.7522
449	1303771633771	1	1.3295	1	0.7522
450	1303771633792	1	1.3295	1	0.7522
451	1303771633813	1	1.3295	1	0.7522
452	1303771633873	1	1.3295	1	0.7522
453	1303771633895	1	1.3295	1	0.7522
454	1303771633916	1	1.3295	1	0.7522
455	1303771633938	1	1.3295	1	0.7522
456	1303771633958	1	1.3295	1	0.7522
457	1303771633977	1	1.3295	1	0.7522
458	1303771633998	1	1.3295	1	0.7522
459	1303771634019	1	1.3295	1	0.7522
460	1303771634041	1	1.3295	1	0.7522
461	1303771634061	1	1.3295	1	0.7522
462	1303771634084	1	1.3295	1	0.7522
463	1303771634105	1	1.3295	1	0.7522
464	1303771634127	1	1.3295	1	0.7522
465	1303771634147	1	1.3295	1	0.7522
466	1303771634169	1	1.3295	1	0.7522
467	1303771634190	1	1.3295	1	0.7522
468	1303771634252	1	1.3295	1	0.7522
469	1303771634272	1	1.3295	1	0.7522
470	1303771634338	1	1.3295	1	0.7522
471	1303771634399	1	1.3295	1	0.7522
472	1303771634421	1	1.3295	1	0.7522
473	1303771634443	1	1.3295	1	0.7522
474	1303771634465	1	1.3295	1	0.7522
475	1303771634487	1	1.3295	1	0.7522
476	1303771634507	1	1.3295	1	0.7522
477	1303771634529	1	1.3295	1	0.7522
478	1303771634550	1	1.3295	1	0.7522
479	1303771634573	1	1.3295	1	0.7522
480	1303771634593	1	1.3295	1	0.7522
481	1303771634615	1	1.3295	1	0.7522
482	1303771634634	1	1.3295	1	0.7522
483	1303771634656	1	1.3295	1	0.7522
484	1303771634677	1	1.3295	1	0.7522
485	1303771634739	1	1.3295	1	0.7522
486	1303771634799	1	1.3295	1	0.7522
487	1303771634821	1	1.3295	1	0.7522
488	1303771634841	1	1.3295	1	0.7522
489	1303771634862	1	1.3295	1	0.7522
490	1303771634882	1	1.3295	1	0.7522
491	1303771634945	1	1.3295	1	0.7522
492	1303771634965	1	1.3295	1	0.7522
493	1303771634987	1	1.3295	1	0.7522
494	1303771635008	1	1.3295	1	0.7522
495	1303771635029	1	1.3295	1	0.7522
496	1303771635050	1	1.3295	1	0.7522
497	1303771635069	1	1.3295	1	0.7522
498	1303771635092	1	1.3295	1	0.7522
499	1303771635112	1	1.3295	1	0.7522
500	1303771635135	1	1.3295	1	0.7522
501	1303771635196	1	1.3295	1	0.7522
502	1303771635219	1	1.3295	1	0.7522
503	1303771635239	1	1.1398	1	0.8773
504	1303771635262	1	1.1398	1	0.8773
505	1303771635323	1	1.1398	1	0.8773
506	1303771635345	1	1.1398	1	0.8773
507	1303771635364	1	1.1398	1	0.8773
508	1303771635387	1	1.1398	1	0.8773
509	1303771635409	1	1.1398	1	0.8773
510	1303771635430	1	1.1398	1	0.8773
511	1303771635452	1	1.1398	1	0.8773
512	1303771635473	1	1.1398	1	0.8773
513	1303771635493	1	1.1398	1	0.8773
514	1303771635513	1	1.1398	1	0.8773
515	1303771635534	1	1.1398	1	0.8773
516	1303771635554	1	1.1398	1	0.8773
517	1303771635576	1	1.1398	1	0.8773
518	1303771635595	1	1.1398	1	0.8773
519	1303771635617	1	1.1398	1	0.8773
520	1303771635637	1	1.1398	1	0.8773
521	1303771635660	1	1.1398	1	0.8773
522	1303771635680	1	1.1398	1	0.8773
523	1303771635701	1	1.1398	1	0.8773
524	1303771635721	1	1.1398	1	0.8773
525	1303771635744	1	1.1398	1	0.8773
526	1303771635764	1	1.1398	1	0.8773
527	1303771635784	1	1.1398	1	0.8773
528	1303771635806	1	1.1398	1	0.8773
529	1303771635827	1	1.1398	1	0.8773
530	1303771635849	1	1.1398	1	0.8773
531	1303771635869	1	1.1398	1	0.8773
532	1303771635890	1	1.1398	1	0.8773
533	1303771635910	1	1.1398	1	0.8773
534	1303771635933	1	1.1398	1	0.8773
535	1303771635953	1	1.1398	1	0.8773
536	1303771635974	1	1.1398	1	0.8773
537	1303771635994	1	1.1398	1	0.8773
538	1303771636016	1	1.1398	1	0.8773
539	1303771636035	1	1.1398	1	0.8773
540	1303771636055	1	1.1398	1	0.8773
541	1303771636077	1	1.1398	1	0.8773
542	1303771636096	1	1.1398	1	0.8773
543	1303771636119	1	1.1398	1	0.8773
544	1303771636139	1	1.1398	1	0.8773
545	1303771636161	1	1.1398	1	0.8773
546	1303771636182	1	1.1398	1	0.8773
547	1303771636204	1	1.1398	1	0.8773
548	1303771636266	1	1.1398	1	0.8773
549	1303771636288	1	1.1398	1.0833	0.8098
550	1303771636308	1	1.1398	1	0.8773
551	1303771636371	1	1.1398	1	0.8773
552	1303771636432	1	1.1398	1	0.8773
553	1303771636454	1	1.1398	1	0.8773
554	1303771636474	1	1.1398	1	0.8773
555	1303771636497	1	1.1398	1	0.8773
556	1303771636517	1	1.1398	1	0.8773
557	1303771636541	1	1.1398	1	0.8773
558	1303771636562	1	1.1398	1	0.8773
559	1303771636582	1	1.1398	1.0833	0.8098
560	1303771636603	1	1.1398	1	0.8773
561	1303771636624	1	1.1398	1	0.8773
562	1303771636646	1	1.1398	1	0.8773
563	1303771636669	1	1.1398	1	0.8773
564	1303771636692	1	1.1398	1	0.8773
565	1303771636712	1	1.0251	1	0.9755
566	1303771636734	1	1.0251	1.0833	0.9005
567	1303771636755	1	1.0251	1	0.9755
568	1303771636777	1	1.0251	1	0.9755
569	1303771636796	1	1.0251	1	0.9755
570	1303771636817	1	1.0251	1	0.9755
571	1303771636837	1	1.0251	1	0.9755
572	1303771636859	1	1.0251	1	0.9755
573	1303771636879	1	1.0251	1.0833	0.9005
574	1303771636902	1	1.0251	1	0.9755
575	1303771636924	1	1.0251	1	0.9755
576	1303771636944	1	1.0251	1	0.9755
577	1303771636966	1	1.0251	1.0833	0.9005
578	1303771637026	1	1.0251	1	0.9755
579	1303771637048	1	1.0251	1	0.9755
580	1303771637069	1	1.0251	1	0.9755
581	1303771637092	1	1.0251	1.0833	0.9005
582	1303771637111	1	1.0251	1	0.9755
583	1303771637135	1	1.0251	1	0.9755
584	1303771637155	1	1.0251	1	0.9755
585	1303771637178	1	1.0251	1.0833	0.9005
586	1303771637198	1	1.0251	1	0.9755
587	1303771637220	1	1.0251	1	0.9755
588	1303771637240	1	1.0251	1	0.9755
589	1303771637261	1	1.0251	1.0833	0.9005
590	1303771637281	1	1.0251	1	0.9755
591	1303771637301	1	1.0251	1	0.9755
592	1303771637322	1	1.0251	1	0.9755
593	1303771637344	1	1.0251	1.0833	0.9005
594	1303771637407	1	1.0251	1	0.9755
595	1303771637429	1	1.0251	1	0.9755
596	1303771637451	1	1.0251	1	0.9755
597	1303771637471	1	1.0251	1.0833	0.9005
598	1303771637493	1	1.0251	1	0.9755
599	1303771637513	1	1.0251	1	0.9755
600	1303771637535	1	1.0251	1	0.9755
601	1303771637556	1	1.0251	1.0833	0.9005
602	1303771637579	1	1.0251	1	0.9755
603	1303771637600	1	1.0251	1	0.9755
604	1303771637622	1	1.0251	1	0.9755
605	1303771637642	1	1.0251	1.0833	0.9005
606	1303771637662	1	1.0251	1	0.9755
607	1303771637684	1	1.0251	1	0.9755
608	1303771637704	1	1.0251	1	0.9755
609	1303771637726	1	1.0251	1.0833	0.9005
610	1303771637746	1	1.0251	1	0.9755
611	1303771637768	1	1.0251	1	0.9755
612	1303771637788	1	1.0251	1	0.9755
613	1303771637809	1	1.0251	1.0833	0.9005
614	1303771637828	1	1.0251	1	0.9755
615	1303771637850	1	1.0251	1	0.9755
616	1303771637870	1	1.0251	1	0.9755
617	1303771637891	1	1.0251	1.0833	0.9005
618	1303771637952	1	1.0251	1	0.9755
619	1303771637975	1	1.0251	1	0.9755
620	1303771637995	1	1.0251	1	0.9755
621	1303771638016	1	1.0251	1.0833	0.9005
622	1303771638036	1	1.0251	1	0.9755
623	1303771638058	1	1.0251	1	0.9755
624	1303771638080	1	1.0251	1	0.9755
625	1303771638102	1	1.0251	1.0833	0.9005
626	1303771638125	1	1.03	1	0.9709
627	1303771638148	1	1.03	1	0.9709
628	1303771638215	1	1.03	1	0.9709
629	1303771638239	1	1.03	1.0833	0.8962
630	1303771638261	1	1.03	1	0.9709
631	1303771638283	1	1.03	1	0.9709
632	1303771638306	1	1.03	1	0.9709
633	1303771638329	1	1.03	1.0833	0.8962
634	1303771638350	1	1.03	1	0.9709
635	1303771638374	1	1.03	1	0.9709
636	1303771638441	1	1.03	1	0.9709
637	1303771638464	1	1.03	1.0833	0.8962
638	1303771638487	1	1.03	1	0.9709
639	1303771638510	1	1.03	1	0.9709
640	1303771638533	1	1.03	1	0.9709
641	1303771638557	1	1.03	1.0833	0.8962
642	1303771638582	1	1.03	1	0.9709
643	1303771638602	1	1.03	1	0.9709
644	1303771638625	1	1.03	1	0.9709
645	1303771638648	1	1.03	1.0833	0.8962
646	1303771638713	1	1.03	1	0.9709
647	1303771638734	1	1.03	1	0.9709
648	1303771638757	1	1.03	1	0.9709
649	1303771638779	1	1.03	1.0833	0.8962
650	1303771638802	1	1.03	1	0.9709
651	1303771638824	1	1.03	1	0.9709
652	1303771638847	1	1.03	1	0.9709
653	1303771638868	1	1.03	1	0.9709
654	1303771638891	1	1.03	1	0.9709
655	1303771638912	1	1.03	1	0.9709
656	1303771638935	1	1.03	1	0.9709
657	1303771638956	1	1.03	1.0833	0.8962
658	1303771638980	1	1.03	1	0.9709
659	1303771639002	1	1.03	1	0.9709
660	1303771639024	1	1.03	1	0.9709
661	1303771639047	1	1.03	1.0833	0.8962
662	1303771639069	1	1.03	1	0.9709
663	1303771639200	1	1.03	1	0.9709
664	1303771639222	1	1.03	1	0.9709
665	1303771639246	1	1.03	1.0833	0.8962
666	1303771639267	1	1.03	1	0.9709
667	1303771639331	1	1.03	1	0.9709
668	1303771639352	1	1.03	1	0.9709
669	1303771639376	1	1.03	1.0833	0.8962
670	1303771639397	1	1.03	1	0.9709
671	1303771639420	1	1.03	1	0.9709
672	1303771639441	1	1.03	1	0.9709
673	1303771639464	1	1.03	1.0833	0.8962
674	1303771639487	1	1.03	1	0.9709
675	1303771639509	1	1.03	1	0.9709
676	1303771639573	1	1.03	1	0.9709
677	1303771639594	1	1.03	1.0833	0.8962
678	1303771639617	1	1.03	1.0833	0.8962
679	1303771639638	1	1.03	1	0.9709
680	1303771639661	1	1.03	1	0.9709
681	1303771639723	1	1.03	1	0.9709
682	1303771639747	1	1.03	1.0833	0.8962
683	1303771639768	1	1.03	1	0.9709
684	1303771639831	1	1.0302	1	0.9707
685	1303771639855	1	1.03	1	0.9708
686	1303771639878	1	1.03	1.0833	0.8962
687	1303771639901	1	1.03	1	0.9708
688	1303771639925	1	1.03	1	0.9708
689	1303771639948	1	1.03	1	0.9708
690	1303771639969	1	1.03	1.0833	0.8962
691	1303771639993	1	1.03	1	0.9708
692	1303771640016	1	1.03	1	0.9708
693	1303771640039	1	1.03	1	0.9708
694	1303771640061	1	1.03	1.0833	0.8962
695	1303771640084	1	1.03	1	0.9708
696	1303771640107	1	1.03	1	0.9708
697	1303771640130	1	1.03	1	0.9708
698	1303771640152	1	1.03	1	0.9708
699	1303771640175	1	1.03	1.0833	0.8962
700	1303771640197	1	1.03	1	0.9708
701	1303771640220	1	1.03	1	0.9708
702	1303771640241	1	1.03	1.0833	0.8962
703	1303771640264	1	1.03	1	0.9708
704	1303771640286	1	1.03	1	0.9708
705	1303771640309	1	1.03	1.0833	0.8962
706	1303771640333	1	1.03	1	0.9708
707	1303771640354	1	1.03	1	0.9708
708	1303771640376	1	1.03	1.0833	0.8962
709	1303771640443	1	1.03	1	0.9708
710	1303771640467	1	1.03	1	0.9708
711	1303771640489	1	1.03	1.0833	0.8962
712	1303771640512	1	1.03	1	0.9708
713	1303771640534	1	1.03	1	0.9708
714	1303771640558	1	1.03	1.0833	0.8962
715	1303771640579	1	1.03	1	0.9708
716	1303771640602	1	1.03	1	0.9708
717	1303771640623	1	1.03	1.0833	0.8962
718	1303771640646	1	1.03	1	0.9708
719	1303771640709	1	1.03	1	0.9708
720	1303771640732	1	1.03	1.0833	0.8962
721	1303771640755	1	1.03	1	0.9708
722	1303771640817	1	1.03	1.0833	0.8962
723	1303771640840	1	1.03	1.0833	0.8962
724	1303771640862	1	1.03	1	0.9708
725	1303771640885	1	1.03	1	0.9708
726	1303771640906	1	1.03	1.1667	0.8321
727	1303771640928	1	1.03	1	0.9708
728	1303771640950	1	1.03	1	0.9708
729	1303771640974	1	1.03	1.0833	0.8962
730	1303771641036	1	1.03	1	0.9708
731	1303771641059	1	1.03	1	0.9708
732	1303771641081	1	1.03	1.0833	0.8962
733	1303771641104	1	1.03	1	0.9708
734	1303771641126	1	1.03	1.0833	0.8962
735	1303771641148	1	1.03	1.0833	0.8962
736	1303771641212	1	1.03	1	0.9708
737	1303771641234	1	1.03	1	0.9708
738	1303771641257	1	1.03	1.0833	0.8962
739	1303771641279	1	1.03	1	0.9708
740	1303771641344	1	1.03	1	0.9708
741	1303771641365	1	1.03	1.0833	0.8962
742	1303771641388	1	1.03	1	0.9708
743	1303771641410	1	1.03	1	0.9708
744	1303771641473	1	1.03	1.0833	0.8962
745	1303771641495	1	1.03	1	0.9708
746	1303771641519	1	1.03	1	0.9708
747	1303771641542	1	1.03	1.0833	0.8962
748	1303771641565	1	1.0557	1	0.9473
749	1303771641588	1	1.0557	1	0.9473
750	1303771641650	1	1.0557	1	0.9473
751	1303771641674	1	1.0557	1.0833	0.8744
752	1303771641697	1	1.0557	1	0.9473
753	1303771641720	1	1.0557	1.0833	0.8744
754	1303771641742	1	1.0557	1	0.9473
755	1303771641765	1	1.0557	1	0.9473
756	1303771641787	1	1.0557	1.1667	0.8119
757	1303771641810	1	1.0557	1	0.9473
758	1303771641832	1	1.0557	1	0.9473
759	1303771641856	1	1.0557	1.0833	0.8744
760	1303771641878	1	1.0557	1	0.9473
761	1303771641901	1	1.0557	1	0.9473
762	1303771641925	1	1.0557	1.1667	0.8119
763	1303771641991	1	1.0557	1	0.9473
764	1303771642015	1	1.0557	1	0.9473
765	1303771642036	1	1.0557	1.0833	0.8744
766	1303771642059	1	1.0557	1	0.9473
767	1303771642081	1	1.0557	1.0833	0.8744
768	1303771642103	1	1.0557	1.0833	0.8744
769	1303771642124	1	1.0557	1	0.9473
770	1303771642148	1	1.0557	1	0.9473
771	1303771642169	1	1.0557	1.0833	0.8744
772	1303771642193	1	1.0557	1	0.9473
773	1303771642214	1	1.0557	1.0833	0.8744
774	1303771642237	1	1.0557	1.0833	0.8744
775	1303771642259	1	1.0557	1	0.9473
776	1303771642282	1	1.0557	1	0.9473
777	1303771642305	1	1.0557	1.0833	0.8744
778	1303771642328	1	1.0557	1.0833	0.8744
779	1303771642351	1	1.0557	1	0.9473
780	1303771642373	1	1.0557	1.0833	0.8744
781	1303771642396	1	1.0557	1	0.9473
782	1303771642418	1	1.0557	1	0.9473
783	1303771642442	1	1.0557	1.0833	0.8744
784	1303771642464	1	1.0557	1.0833	0.8744
785	1303771642488	1	1.0557	1	0.9473
786	1303771642510	1	1.0557	1.0833	0.8744
787	1303771642534	1	1.0557	1	0.9473
788	1303771642600	1	1.0557	1	0.9473
789	1303771642624	1	1.0557	1.1667	0.8119
790	1303771642646	1	1.0557	1	0.9473
791	1303771642669	1	1.0557	1	0.9473
792	1303771642691	1	1.0557	1.0833	0.8744
793	1303771642714	1	1.0557	1	0.9473
794	1303771642735	1	1.0557	1	0.9473
795	1303771642758	1	1.0557	1.1667	0.8119
796	1303771642783	1	1.0557	1	0.9473
797	1303771642804	1	1.0557	1	0.9473
798	1303771642826	1	1.0557	1.0833	0.8744
799	1303771642850	1	1.0557	1	0.9473
800	1303771642873	1	1.0557	1.0833	0.8744
801	1303771642896	1	1.0557	1.0833	0.8744
802	1303771642920	1	1.0557	1	0.9473
803	1303771642941	1	1.0557	1	0.9473
804	1303771642964	1	1.0557	1.0833	0.8744
805	1303771642986	1	1.0557	1	0.9473
806	1303771643009	1	1.0557	1.0833	0.8744
807	1303771643031	1	1.0557	1.0833	0.8744
808	1303771643055	1	1.0557	1	0.9473
809	1303771643076	1	1.0559	1	0.947
810	1303771643099	1	1.0559	1.0833	0.8742
811	1303771643121	1	1.0559	1.0833	0.8742
812	1303771643145	1	1.0559	1	0.947
813	1303771643168	1	1.0559	1.0833	0.8742
814	1303771643190	1	1.0559	1	0.947
815	1303771643213	1	1.0559	1.0833	0.8742
816	1303771643235	1	1.0559	1.1667	0.8117
817	1303771643258	1	1.0559	1	0.947
818	1303771643321	1	1.0559	1	0.947
819	1303771643345	1	1.0559	1.0833	0.8742
820	1303771643367	1	1.0559	1	0.947
821	1303771643390	1	1.0559	1.0833	0.8742
822	1303771643412	1	1.0559	1.0833	0.8742
823	1303771643435	1	1.0559	1	0.947
824	1303771643457	1	1.0559	1	0.947
825	1303771643480	1	1.0559	1.0833	0.8742
826	1303771643502	1	1.0559	1.0833	0.8742
827	1303771643525	1	1.0559	1.0833	0.8742
828	1303771643549	1	1.0559	1.0833	0.8742
829	1303771643570	1	1.0559	1	0.947
830	1303771643593	1	1.0559	1	0.947
831	1303771643615	1	1.0559	1.0833	0.8742
832	1303771643638	1	1.0559	1	0.947
833	1303771643660	1	1.0559	1	0.947
834	1303771643684	1	1.0559	1.0833	0.8742
835	1303771643705	1	1.0559	1	0.947
836	1303771643769	1	1.0559	1	0.947
837	1303771643791	1	1.0559	1.1667	0.8117
838	1303771643815	1	1.0559	1	0.947
839	1303771643837	1	1.0559	1	0.947
840	1303771643860	1	1.0559	1.0833	0.8742
841	1303771643919	1	1.0559	1	0.947
842	1303771643944	1	1.0559	1	0.947
843	1303771643968	1	1.0559	1.1667	0.8117
844	1303771644031	1	1.0559	1	0.947
845	1303771644054	1	1.0559	1	0.947
846	1303771644077	1	1.0559	1.0833	0.8742
847	1303771644100	1	1.0559	1	0.947
848	1303771644122	1	1.0559	1.0833	0.8742
849	1303771644146	1	1.0559	1.0833	0.8742
850	1303771644168	1	1.0559	1	0.947
851	1303771644191	1	1.0559	1	0.947
852	1303771644212	1	1.0559	1.0833	0.8742
853	1303771644236	1	1.0559	1	0.947
854	1303771644258	1	1.0559	1	0.947
855	1303771644280	1	1.0559	1.0833	0.8742
856	1303771644303	1	1.0559	1	0.947
857	1303771644327	1	1.0559	1	0.947
858	1303771644349	1	1.0559	1.1667	0.8117
859	1303771644373	1	1.0559	1.0833	0.8742
860	1303771644397	1	1.0559	1	0.947
861	1303771644419	1	1.0559	1.0833	0.8742
862	1303771644445	1	1.0559	1	0.947
863	1303771644466	1	1.0559	1	0.947
864	1303771644490	1	1.0559	1.0833	0.8742
865	1303771644513	1	1.0559	1.0833	0.8742
866	1303771644537	1	1.0559	1	0.947
867	1303771644558	1	1.0559	1.0833	0.8742
868	1303771644582	1	1.0559	1	0.947
869	1303771644605	1	1.0559	1.0833	0.8742
870	1303771644670	1	1.0646	1.1667	0.8052
871	1303771644692	1	1.0646	1	0.9394
872	1303771644715	1	1.0646	1	0.9394
873	1303771644737	1	1.0646	1.0833	0.8671
874	1303771644760	1	1.0646	1	0.9394
875	1303771644784	1	1.0646	1.0833	0.8671
876	1303771644806	1	1.0646	1.0833	0.8671
877	1303771644830	1	1.0646	1	0.9394
878	1303771644851	1	1.0646	1	0.9394
879	1303771644874	1	1.0646	1.0833	0.8671
880	1303771644896	1	1.0646	1	0.9394
881	1303771644918	1	1.0646	1.0833	0.8671
882	1303771644941	1	1.0646	1.0833	0.8671
883	1303771644964	1	1.0646	1	0.9394
884	1303771644986	1	1.0646	1	0.9394
885	1303771645009	1	1.0646	1.0833	0.8671
886	1303771645032	1	1.0646	1.0833	0.8671
887	1303771645056	1	1.0646	1.0833	0.8671
888	1303771645078	1	1.0646	1.0833	0.8671
889	1303771645101	1	1.0646	1	0.9394
890	1303771645123	1	1.0646	1	0.9394
891	1303771645146	1	1.0646	1.0833	0.8671
892	1303771645170	1	1.0646	1	0.9394
893	1303771645191	1	1.0646	1	0.9394
894	1303771645214	1	1.0646	1.0833	0.8671
895	1303771645236	1	1.0646	1	0.9394
896	1303771645259	1	1.0646	1.0833	0.8671
897	1303771645281	1	1.0646	1.0833	0.8671
898	1303771645305	1	1.0646	1	0.9394
899	1303771645327	1	1.0646	1	0.9394
900	1303771645352	1	1.0646	1.0833	0.8671
901	1303771645375	1	1.0646	1	0.9394
902	1303771645399	1	1.0646	1.0833	0.8671
903	1303771645422	1	1.0646	1.0833	0.8671
904	1303771645446	1	1.0646	1	0.9394
905	1303771645467	1	1.0646	1	0.9394
906	1303771645491	1	1.0646	1.0833	0.8671
907	1303771645514	1	1.0646	1	0.9394
908	1303771645537	1	1.0646	1	0.9394
909	1303771645561	1	1.0646	1.0833	0.8671
910	1303771645586	1	1.0646	1	0.9394
911	1303771645610	1	1.0646	1	0.9394
912	1303771645633	1	1.0646	1.1667	0.8052
913	1303771645656	1	1.0646	1.1667	0.8052
914	1303771645679	1	1.0646	1	0.9394
915	1303771645703	1	1.0646	1	0.9394
916	1303771645726	1	1.0646	1.0833	0.8671
917	1303771645749	1	1.0646	1	0.9394
918	1303771645771	1	1.0646	1	0.9394
919	1303771645793	1	1.0646	1.1667	0.8052
920	1303771645816	1	1.0646	1	0.9394
921	1303771645881	1	1.0646	1	0.9394
922	1303771645903	1	1.0646	1.0833	0.8671
923	1303771645927	1	1.0646	1	0.9394
924	1303771645950	1	1.0646	1	0.9394
925	1303771645973	1	1.0646	1.0833	0.8671
926	1303771645996	1	1.0646	1	0.9394
927	1303771646019	1	1.0646	1	0.9394
928	1303771646088	1	1.0646	1.0833	0.8671
929	1303771646111	1	1.0646	1	0.9394
930	1303771646134	1	1.0646	1	0.9394
931	1303771646156	1	1.0844	1.0833	0.8512
932	1303771646221	1	1.0844	1	0.9221
933	1303771646243	1	1.0844	1	0.9221
934	1303771646265	1	1.0844	1.0833	0.8512
935	1303771646288	1	1.0844	1	0.9221
936	1303771646311	1	1.0844	1	0.9221
937	1303771646374	1	1.0844	1.0833	0.8512
938	1303771646397	1	1.0844	1	0.9221
939	1303771646419	1	1.0844	1	0.9221
940	1303771646483	1	1.0844	1.0833	0.8512
941	1303771646507	1	1.0844	1	0.9221
942	1303771646531	1	1.0844	1	0.9221
943	1303771646554	1	1.0844	1.0833	0.8512
944	1303771646622	1	1.0844	1	0.9221
945	1303771646647	1	1.0844	1	0.9221
946	1303771646670	1	1.0844	1.0833	0.8512
947	1303771646694	1	1.0844	1	0.9221
948	1303771646716	1	1.0844	1	0.9221
949	1303771646739	1	1.0844	1.0833	0.8512
950	1303771646762	1	1.0844	1	0.9221
951	1303771646786	1	1.0844	1	0.9221
952	1303771646808	1	1.0844	1.0833	0.8512
953	1303771646833	1	1.0844	1	0.9221
954	1303771646856	1	1.0844	1	0.9221
955	1303771646880	1	1.0844	1.0833	0.8512
956	1303771646944	1	1.0844	1	0.9221
957	1303771646966	1	1.0844	1	0.9221
958	1303771646990	1	1.0844	1.0833	0.8512
959	1303771647012	1	1.0844	1	0.9221
960	1303771647035	1	1.0844	1	0.9221
961	1303771647059	1	1.0844	1.0833	0.8512
962	1303771647084	1	1.0844	1	0.9221
963	1303771647107	1	1.0844	1	0.9221
964	1303771647171	1	1.0844	1.0833	0.8512
965	1303771647194	1	1.0844	1	0.9221
966	1303771647219	1	1.0844	1	0.9221
967	1303771647241	1	1.0844	1.0833	0.8512
968	1303771647265	1	1.0844	1	0.9221
969	1303771647290	1	1.0844	1	0.9221
970	1303771647353	1	1.0844	1	0.9221
971	1303771647377	1	1.0844	1	0.9221
972	1303771647399	1	1.0844	1	0.9221
973	1303771647422	1	1.0844	1	0.9221
974	1303771647444	1	1.0844	1	0.9221
975	1303771647467	1	1.0844	1	0.9221
976	1303771647488	1	1.0844	1	0.9221
977	1303771647512	1	1.0844	1	0.9221
978	1303771647533	1	1.0844	1	0.9221
979	1303771647557	1	1.0844	1	0.9221
980	1303771647579	1	1.0844	1	0.9221
981	1303771647603	1	1.0844	1	0.9221
982	1303771647625	1	1.0844	1	0.9221
983	1303771647689	1	1.0844	1	0.9221
984	1303771647713	1	1.0844	1	0.9221
985	1303771647735	1	1.0844	1	0.9221
986	1303771647758	1	1.0844	1	0.9221
987	1303771647780	1	1.0844	1	0.9221
988	1303771647805	1	1.0844	1	0.9221
989	1303771647826	1	1.0844	1	0.9221
990	1303771647850	1	1.0844	1	0.9221
991	1303771647873	1	1.0844	1	0.9221
992	1303771647898	1	1.0969	1	0.9117
993	1303771647920	1	1.0969	1	0.9117
994	1303771647944	1	1.0969	1	0.9117
995	1303771647966	1	1.0969	1	0.9117
996	1303771647990	1	1.0969	1	0.9117
997	1303771648012	1	1.0969	1	0.9117
998	1303771648036	1	1.0969	1	0.9117
999	1303771648058	1	1.0969	1	0.9117
1000	1303771648082	1	1.0969	1	0.9117
1001	1303771648105	1	1.0969	1	0.9117
1002	1303771648127	1	1.0969	1	0.9117
1003	1303771648151	1	1.0969	1	0.9117
1004	1303771648174	1	1.0969	1	0.9117
1005	1303771648197	1	1.0969	1	0.9117
1006	1303771648221	1	1.0969	1	0.9117
1007	1303771648246	1	1.0969	1	0.9117
1008	1303771648269	1	1.0969	1	0.9117
1009	1303771648293	1	1.0969	1	0.9117
1010	1303771648316	1	1.0969	1	0.9117
1011	1303771648340	1	1.0969	1	0.9117
1012	1303771648362	1	1.0969	1	0.9117
1013	1303771648386	1	1.0969	1	0.9117
1014	1303771648409	1	1.0969	1	0.9117
1015	1303771648433	1	1.0969	1	0.9117
1016	1303771648456	1	1.0969	1	0.9117
1017	1303771648479	1	1.0969	1	0.9117
1018	1303771648503	1	1.0969	1	0.9117
1019	1303771648525	1	1.0969	1	0.9117
1020	1303771648589	1	1.0969	1	0.9117
1021	1303771648612	1	1.0969	1	0.9117
1022	1303771648635	1	1.0969	1	0.9117
1023	1303771648657	1	1.0969	1	0.9117
1024	1303771648680	1	1.0969	1	0.9117
1025	1303771648743	1	1.0969	1	0.9117
1026	1303771648766	1	1.0969	1	0.9117
1027	1303771648789	1	1.0969	1.0833	0.8415
1028	1303771648812	1	1.0969	1	0.9117
1029	1303771648834	1	1.0969	1	0.9117
1030	1303771648857	1	1.0969	1.0833	0.8415
1031	1303771648881	1	1.0969	1	0.9117
1032	1303771648903	1	1.0969	1	0.9117
1033	1303771648927	1	1.0969	1.0833	0.8415
1034	1303771648990	1	1.0969	1	0.9117
1035	1303771649014	1	1.0969	1	0.9117
1036	1303771649036	1	1.0969	1.0833	0.8415
1037	1303771649060	1	1.0969	1	0.9117
1038	1303771649084	1	1.0969	1	0.9117
1039	1303771649109	1	1.0969	1.0833	0.8415
1040	1303771649132	1	1.0969	1	0.9117
1041	1303771649156	1	1.0969	1	0.9117
1042	1303771649178	1	1.0969	1.0833	0.8415
1043	1303771649202	1	1.0969	1	0.9117
1044	1303771649225	1	1.0969	1	0.9117
1045	1303771649249	1	1.0969	1.0833	0.8415
1046	1303771649274	1	1.0969	1	0.9117
1047	1303771649297	1	1.0969	1	0.9117
1048	1303771649322	1	1.0969	1.0833	0.8415
1049	1303771649384	1	1.0969	1	0.9117
1050	1303771649409	1	1.3668	1	0.7316
1051	1303771649431	1	1.3668	1.0833	0.6753
1052	1303771649454	1	1.3668	1	0.7316
1053	1303771649477	1	1.3668	1	0.7316
1054	1303771649499	1	1.3668	1.0833	0.6753
1055	1303771649521	1	1.3668	1	0.7316
1056	1303771649543	1	1.3668	1	0.7316
1057	1303771649564	1	1.3668	1	0.7316
1058	1303771649587	1	1.3668	1	0.7316
1059	1303771649608	1	1.3668	1	0.7316
1060	1303771649628	1	1.3668	1	0.7316
1061	1303771649693	1	1.3668	1	0.7316
1062	1303771649714	1	1.3668	1	0.7316
1063	1303771649736	1	1.3668	1	0.7316
1064	1303771649756	1	1.3668	1	0.7316
1065	1303771649778	1	1.3668	1	0.7316
1066	1303771649799	1	1.3668	1	0.7316
1067	1303771649820	1	1.3668	1	0.7316
1068	1303771649842	1	1.3668	1	0.7316
1069	1303771649864	1	1.3668	1	0.7316
1070	1303771649884	1	1.3668	1	0.7316
1071	1303771649909	1	1.3668	1	0.7316
1072	1303771649931	1	1.3668	1	0.7316
1073	1303771649953	1	1.3668	1	0.7316
1074	1303771649973	1	1.3668	1	0.7316
1075	1303771649993	1	1.3668	1	0.7316
1076	1303771650060	1	1.3668	1	0.7316
1077	1303771650121	1	1.3668	1	0.7316
1078	1303771650143	1	1.3668	1	0.7316
1079	1303771650163	1	1.3668	1	0.7316
1080	1303771650184	1	1.3668	1	0.7316
1081	1303771650204	1	1.3668	1	0.7316
1082	1303771650225	1	1.3668	1	0.7316
1083	1303771650246	1	1.3668	1	0.7316
1084	1303771650267	1	1.3668	1	0.7316
1085	1303771650288	1	1.3668	1	0.7316
1086	1303771650309	1	1.3668	1	0.7316
1087	1303771650329	1	1.3668	1	0.7316
1088	1303771650351	1	1.3668	1	0.7316
1089	1303771650371	1	1.3668	1	0.7316
1090	1303771650394	1	1.3668	1	0.7316
1091	1303771650416	1	1.3668	1	0.7316
1092	1303771650436	1	1.3668	1	0.7316
1093	1303771650458	1	1.3668	1	0.7316
1094	1303771650478	1	1.3668	1	0.7316
1095	1303771650500	1	1.3668	1	0.7316
1096	1303771650520	1	1.3668	1	0.7316
1097	1303771650542	1	1.3668	1	0.7316
1098	1303771650561	1	1.3668	1	0.7316
1099	1303771650583	1	1.3668	1	0.7316
1100	1303771650603	1	1.3668	1	0.7316
1101	1303771650624	1	1.3668	1	0.7316
1102	1303771650685	1	1.3668	1	0.7316
1103	1303771650706	1	1.3668	1	0.7316
1104	1303771650727	1	1.3668	1	0.7316
1105	1303771650747	1	1.3668	1	0.7316
1106	1303771650768	1	1.3668	1	0.7316
1107	1303771650789	1	1.3668	1	0.7316
1108	1303771650810	1	1.3668	1	0.7316
1109	1303771650830	1	1.3668	1	0.7316
1110	1303771650852	1	1.3668	1	0.7316
1111	1303771650874	1	1.3668	1	0.7316
1112	1303771650897	1	1.3668	1	0.7316
1113	1303771650918	1	1.3668	1	0.7316
1114	1303771650940	1	1.2637	1	0.7913
1115	1303771650961	1	1.2637	1	0.7913
1116	1303771650982	1	1.2637	1	0.7913
1117	1303771651003	1	1.2637	1	0.7913
1118	1303771651025	1	1.2637	1	0.7913
1119	1303771651046	1	1.2637	1	0.7913
1120	1303771651066	1	1.2637	1	0.7913
1121	1303771651088	1	1.2637	1	0.7913
1122	1303771651110	1	1.2637	1	0.7913
1123	1303771651132	1	1.2637	1	0.7913
1124	1303771651192	1	1.2637	1	0.7913
1125	1303771651214	1	1.2637	1	0.7913
1126	1303771651234	1	1.2637	1	0.7913
1127	1303771651255	1	1.2637	1	0.7913
1128	1303771651274	1	1.2637	1	0.7913
1129	1303771651296	1	1.2637	1	0.7913
1130	1303771651316	1	1.2637	1	0.7913
1131	1303771651337	1	1.2637	1	0.7913
1132	1303771651358	1	1.2637	1	0.7913
1133	1303771651378	1	1.2637	1	0.7913
1134	1303771651399	1	1.2637	1	0.7913
1135	1303771651460	1	1.2637	1	0.7913
1136	1303771651481	1	1.2637	1	0.7913
1137	1303771651502	1	1.2637	1	0.7913
1138	1303771651523	1	1.2637	1	0.7913
1139	1303771651544	1	1.2637	1	0.7913
1140	1303771651565	1	1.2637	1	0.7913
1141	1303771651585	1	1.2637	1	0.7913
1142	1303771651607	1	1.2637	1	0.7913
1143	1303771651627	1	1.2637	1	0.7913
1144	1303771651649	1	1.2637	1	0.7913
1145	1303771651669	1	1.2637	1	0.7913
1146	1303771651689	1	1.2637	1	0.7913
1147	1303771651710	1	1.2637	1	0.7913
1148	1303771651730	1	1.2637	1	0.7913
1149	1303771651751	1	1.2637	1	0.7913
1150	1303771651772	1	1.2637	1	0.7913
1151	1303771651795	1	1.2637	1	0.7913
1152	1303771651814	1	1.2637	1	0.7913
1153	1303771651836	1	1.2637	1	0.7913
1154	1303771651856	1	1.2637	1	0.7913
1155	1303771651877	1	1.2637	1	0.7913
1156	1303771651897	1	1.2637	1	0.7913
1157	1303771651959	1	1.2637	1	0.7913
1158	1303771651980	1	1.2637	1	0.7913
1159	1303771652000	1	1.2637	1	0.7913
1160	1303771652022	1	1.2637	1	0.7913
1161	1303771652042	1	1.2637	1.0833	0.7305
1162	1303771652064	1	1.2637	1	0.7913
1163	1303771652125	1	1.2637	1	0.7913
1164	1303771652147	1	1.2637	1	0.7913
1165	1303771652167	1	1.2637	1	0.7913
1166	1303771652189	1	1.2637	1	0.7913
1167	1303771652250	1	1.2637	1	0.7913
1168	1303771652272	1	1.2637	1.0833	0.7305
1169	1303771652291	1	1.2637	1	0.7913
1170	1303771652313	1	1.2637	1	0.7913
1171	1303771652333	1	1.2637	1	0.7913
1172	1303771652355	1	1.2637	1	0.7913
1173	1303771652376	1	1.2637	1	0.7913
1174	1303771652400	1	1.2637	1	0.7913
1175	1303771652422	1	1.0444	1	0.9575
1176	1303771652444	1	1.0444	1	0.9575
1177	1303771652464	1	1.0444	1	0.9575
1178	1303771652485	1	1.0444	1	0.9575
1179	1303771652508	1	1.0444	1	0.9575
1180	1303771652529	1	1.0444	1	0.9575
1181	1303771652551	1	1.0444	1	0.9575
1182	1303771652572	1	1.0444	1	0.9575
1183	1303771652594	1	1.0444	1	0.9575
1184	1303771652614	1	1.0444	1	0.9575
1185	1303771652635	1	1.0444	1	0.9575
1186	1303771652696	1	1.0444	1	0.9575
1187	1303771652717	1	1.0444	1.0833	0.8839
1188	1303771652738	1	1.0444	1	0.9575
1189	1303771652759	1	1.0444	1	0.9575
1190	1303771652779	1	1.0444	1	0.9575
1191	1303771652801	1	1.0444	1.0833	0.8839
1192	1303771652862	1	1.0444	1	0.9575
1193	1303771652884	1	1.0444	1	0.9575
1194	1303771652904	1	1.0444	1	0.9575
1195	1303771652924	1	1.0444	1.0833	0.8839
1196	1303771652947	1	1.0444	1	0.9575
1197	1303771652968	1	1.0444	1	0.9575
1198	1303771652990	1	1.0444	1	0.9575
1199	1303771653010	1	1.0444	1.0833	0.8839
1200	1303771653032	1	1.0444	1	0.9575
1201	1303771653054	1	1.0444	1	0.9575
1202	1303771653078	1	1.0444	1	0.9575
1203	1303771653100	1	1.0444	1.0833	0.8839
1204	1303771653123	1	1.0444	1	0.9575
1205	1303771653145	1	1.0444	1	0.9575
1206	1303771653168	1	1.0444	1	0.9575
1207	1303771653189	1	1.0444	1.0833	0.8839
1208	1303771653210	1	1.0444	1	0.9575
1209	1303771653231	1	1.0444	1	0.9575
1210	1303771653251	1	1.0444	1	0.9575
1211	1303771653272	1	1.0444	1.0833	0.8839
1212	1303771653293	1	1.0444	1	0.9575
1213	1303771653315	1	1.0444	1	0.9575
1214	1303771653336	1	1.0444	1	0.9575
1215	1303771653359	1	1.0444	1.0833	0.8839
1216	1303771653379	1	1.0444	1	0.9575
1217	1303771653401	1	1.0444	1	0.9575
1218	1303771653421	1	1.0444	1	0.9575
1219	1303771653443	1	1.0444	1	0.9575
1220	1303771653465	1	1.0444	1	0.9575
1221	1303771653487	1	1.0444	1	0.9575
1222	1303771653508	1	1.0444	1	0.9575
1223	1303771653529	1	1.0444	1	0.9575
1224	1303771653551	1	1.0444	1	0.9575
1225	1303771653572	1	1.0444	1	0.9575
1226	1303771653594	1	1.0444	1.0833	0.8839
1227	1303771653615	1	1.0444	1	0.9575
1228	1303771653636	1	1.0444	1	0.9575
1229	1303771653656	1	1.0444	1	0.9575
1230	1303771653677	1	1.0444	1.0833	0.8839
1231	1303771653697	1	1.0444	1	0.9575
1232	1303771653719	1	1.0444	1	0.9575
1233	1303771653740	1	1.0444	1	0.9575
1234	1303771653762	1	1.0444	1	0.9575
1235	1303771653784	1	1.0444	1	0.9575
1236	1303771653807	1	1.0271	1	0.9736
1237	1303771653870	1	1.0271	1	0.9736
1238	1303771653892	1	1.0271	1	0.9736
1239	1303771653914	1	1.0271	1	0.9736
1240	1303771653936	1	1.0271	1	0.9736
1241	1303771653958	1	1.0271	1.0833	0.8987
1242	1303771653981	1	1.0271	1	0.9736
1243	1303771654003	1	1.0271	1	0.9736
1244	1303771654025	1	1.0271	1	0.9736
1245	1303771654047	1	1.0271	1.0833	0.8987
1246	1303771654070	1	1.0271	1	0.9736
1247	1303771654091	1	1.0271	1	0.9736
1248	1303771654114	1	1.0271	1	0.9736
1249	1303771654136	1	1.0271	1.0833	0.8987
1250	1303771654159	1	1.0271	1	0.9736
1251	1303771654181	1	1.0271	1	0.9736
1252	1303771654244	1	1.0271	1	0.9736
1253	1303771654267	1	1.0271	1.0833	0.8987
1254	1303771654288	1	1.0271	1	0.9736
1255	1303771654312	1	1.0271	1	0.9736
1256	1303771654333	1	1.0271	1	0.9736
1257	1303771654356	1	1.0271	1.0833	0.8987
1258	1303771654378	1	1.0271	1	0.9736
1259	1303771654447	1	1.0271	1	0.9736
1260	1303771654469	1	1.0271	1	0.9736
1261	1303771654492	1	1.0271	1.0833	0.8987
1262	1303771654554	1	1.0271	1	0.9736
1263	1303771654577	1	1.0271	1	0.9736
1264	1303771654599	1	1.0271	1	0.9736
1265	1303771654622	1	1.0271	1.0833	0.8987
1266	1303771654643	1	1.0271	1	0.9736
1267	1303771654711	1	1.0271	1	0.9736
1268	1303771654735	1	1.0271	1	0.9736
1269	1303771654756	1	1.0271	1.0833	0.8987
1270	1303771654780	1	1.0271	1.0833	0.8987
1271	1303771654801	1	1.0271	1	0.9736
1272	1303771654825	1	1.0271	1	0.9736
1273	1303771654846	1	1.0271	1	0.9736
1274	1303771654871	1	1.0271	1	0.9736
1275	1303771654892	1	1.0271	1	0.9736
1276	1303771654916	1	1.0271	1	0.9736
1277	1303771654938	1	1.0271	1	0.9736
1278	1303771654962	1	1.0271	1.0833	0.8987
1279	1303771654984	1	1.0271	1	0.9736
1280	1303771655007	1	1.0271	1	0.9736
1281	1303771655074	1	1.0271	1	0.9736
1282	1303771655138	1	1.0271	1.0833	0.8987
1283	1303771655161	1	1.0271	1	0.9736
1284	1303771655184	1	1.0271	1	0.9736
1285	1303771655206	1	1.0271	1	0.9736
1286	1303771655229	1	1.0271	1.0833	0.8987
1287	1303771655251	1	1.0271	1	0.9736
1288	1303771655274	1	1.0271	1	0.9736
1289	1303771655298	1	1.0271	1	0.9736
1290	1303771655319	1	1.0271	1.0833	0.8987
1291	1303771655342	1	1.0271	1	0.9736
1292	1303771655364	1	1.0271	1	0.9736
1293	1303771655387	1	1.0271	1	0.9736
1294	1303771655409	1	1.0271	1.0833	0.8987
1295	1303771655432	1	1.0271	1	0.9736
1296	1303771655454	1	1.0271	1	0.9736
1297	1303771655477	1	1.0384	1	0.9631
1298	1303771655544	1	1.0384	1	0.9631
1299	1303771655568	1	1.0384	1	0.9631
1300	1303771655590	1	1.0384	1	0.9631
1301	1303771655613	1	1.0384	1.0833	0.889
1302	1303771655635	1	1.0384	1	0.9631
1303	1303771655658	1	1.0384	1	0.9631
1304	1303771655679	1	1.0384	1	0.9631
1305	1303771655743	1	1.0384	1.0833	0.889
1306	1303771655768	1	1.0384	1	0.9631
1307	1303771655829	1	1.0384	1	0.9631
1308	1303771655853	1	1.0384	1	0.9631
1309	1303771655914	1	1.0384	1.0833	0.889
1310	1303771655938	1	1.0384	1	0.9631
1311	1303771655960	1	1.0384	1	0.9631
1312	1303771655984	1	1.0384	1	0.9631
1313	1303771656006	1	1.0384	1.0833	0.889
1314	1303771656030	1	1.0384	1	0.9631
1315	1303771656052	1	1.0384	1	0.9631
1316	1303771656075	1	1.0384	1.0833	0.889
1317	1303771656099	1	1.0384	1.0833	0.889
1318	1303771656123	1	1.0384	1	0.9631
1319	1303771656146	1	1.0384	1	0.9631
1320	1303771656171	1	1.0384	1.0833	0.889
1321	1303771656194	1	1.0384	1.0833	0.889
1322	1303771656217	1	1.0384	1	0.9631
1323	1303771656286	1	1.0384	1	0.9631
1324	1303771656307	1	1.0384	1.0833	0.889
1325	1303771656331	1	1.0384	1.0833	0.889
1326	1303771656352	1	1.0384	1	0.9631
1327	1303771656376	1	1.0384	1	0.9631
1328	1303771656398	1	1.0384	1.0833	0.889
1329	1303771656421	1	1.0384	1.0833	0.889
1330	1303771656444	1	1.0384	1	0.9631
1331	1303771656467	1	1.0384	1	0.9631
1332	1303771656490	1	1.0384	1.0833	0.889
1333	1303771656514	1	1.0384	1.0833	0.889
1334	1303771656536	1	1.0384	1	0.9631
1335	1303771656559	1	1.0384	1	0.9631
1336	1303771656581	1	1.0384	1.0833	0.889
1337	1303771656604	1	1.0384	1.0833	0.889
1338	1303771656626	1	1.0384	1	0.9631
1339	1303771656649	1	1.0384	1	0.9631
1340	1303771656670	1	1.0384	1.0833	0.889
1341	1303771656693	1	1.0384	1.0833	0.889
1342	1303771656714	1	1.0384	1	0.9631
1343	1303771656737	1	1.0384	1	0.9631
1344	1303771656759	1	1.0384	1.0833	0.889
1345	1303771656782	1	1.0384	1.0833	0.889
1346	1303771656803	1	1.0384	1	0.9631
1347	1303771656826	1	1.0384	1	0.9631
1348	1303771656849	1	1.0384	1.0833	0.889
1349	1303771656910	1	1.0384	1.0833	0.889
1350	1303771656933	1	1.0384	1	0.9631
1351	1303771656955	1	1.0384	1	0.9631
1352	1303771656978	1	1.0384	1.0833	0.889
1353	1303771657000	1	1.0384	1.0833	0.889
1354	1303771657023	1	1.0384	1	0.9631
1355	1303771657085	1	1.0356	1	0.9656
1356	1303771657109	1	1.0352	1	0.966
1357	1303771657131	1	1.0352	1.0833	0.8917
1358	1303771657155	1	1.0352	1	0.966
1359	1303771657176	1	1.0352	1	0.966
1360	1303771657244	1	1.0352	1.0833	0.8917
1361	1303771657266	1	1.0352	1.0833	0.8917
1362	1303771657291	1	1.0352	1	0.966
1363	1303771657356	1	1.0352	1	0.966
1364	1303771657378	1	1.0352	1.0833	0.8917
1365	1303771657401	1	1.0352	1.0833	0.8917
1366	1303771657424	1	1.0352	1	0.966
1367	1303771657448	1	1.0352	1	0.966
1368	1303771657470	1	1.0352	1.0833	0.8917
1369	1303771657493	1	1.0352	1.0833	0.8917
1370	1303771657517	1	1.0352	1	0.966
1371	1303771657541	1	1.0352	1	0.966
1372	1303771657562	1	1.0352	1	0.966
1373	1303771657586	1	1.0352	1.0833	0.8917
1374	1303771657608	1	1.0352	1	0.966
1375	1303771657671	1	1.0352	1	0.966
1376	1303771657693	1	1.0352	1.0833	0.8917
1377	1303771657717	1	1.0352	1.0833	0.8917
1378	1303771657739	1	1.0352	1	0.966
1379	1303771657762	1	1.0352	1	0.966
1380	1303771657826	1	1.0352	1.0833	0.8917
1381	1303771657848	1	1.0352	1.0833	0.8917
1382	1303771657871	1	1.0352	1	0.966
1383	1303771657893	1	1.0352	1	0.966
1384	1303771657916	1	1.0352	1.0833	0.8917
1385	1303771657937	1	1.0352	1.0833	0.8917
1386	1303771657961	1	1.0352	1	0.966
1387	1303771657983	1	1.0352	1	0.966
1388	1303771658007	1	1.0352	1.0833	0.8917
1389	1303771658029	1	1.0352	1.0833	0.8917
1390	1303771658052	1	1.0352	1.0833	0.8917
1391	1303771658076	1	1.0352	1	0.966
1392	1303771658099	1	1.0352	1	0.966
1393	1303771658121	1	1.0352	1.0833	0.8917
1394	1303771658144	1	1.0352	1.0833	0.8917
1395	1303771658165	1	1.0352	1	0.966
1396	1303771658189	1	1.0352	1	0.966
1397	1303771658210	1	1.0352	1.0833	0.8917
1398	1303771658232	1	1.0352	1.0833	0.8917
1399	1303771658256	1	1.0352	1	0.966
1400	1303771658277	1	1.0352	1	0.966
1401	1303771658300	1	1.0352	1.0833	0.8917
1402	1303771658322	1	1.0352	1.0833	0.8917
1403	1303771658386	1	1.0352	1.0833	0.8917
1404	1303771658409	1	1.0352	1	0.966
1405	1303771658433	1	1.0352	1	0.966
1406	1303771658455	1	1.0352	1.0833	0.8917
1407	1303771658479	1	1.0352	1.0833	0.8917
1408	1303771658501	1	1.0352	1	0.966
1409	1303771658524	1	1.0352	1	0.966
1410	1303771658545	1	1.0352	1.0833	0.8917
1411	1303771658568	1	1.0352	1.0833	0.8917
1412	1303771658591	1	1.0352	1	0.966
1413	1303771658656	1	1.0352	1	0.966
1414	1303771658679	1	1.0352	1.0833	0.8917
1415	1303771658702	1	1.0352	1.0833	0.8917
1416	1303771658726	1	1.0352	1.0833	0.8917
1417	1303771658749	1	1.0352	1	0.966
1418	1303771658817	1	1.0352	1	0.966
1419	1303771658839	1	1.0464	1	0.9557
1420	1303771658863	1	1.0464	1	0.9557
1421	1303771658885	1	1.0464	1	0.9557
1422	1303771658909	1	1.0464	1	0.9557
1423	1303771658932	1	1.0464	1.0833	0.8822
1424	1303771658956	1	1.0464	1	0.9557
1425	1303771659019	1	1.0464	1	0.9557
1426	1303771659043	1	1.0464	1	0.9557
1427	1303771659064	1	1.0464	1.0833	0.8822
1428	1303771659087	1	1.0464	1	0.9557
1429	1303771659108	1	1.0464	1	0.9557
1430	1303771659132	1	1.0464	1.0833	0.8822
1431	1303771659154	1	1.0464	1.0833	0.8822
1432	1303771659177	1	1.0464	1	0.9557
1433	1303771659199	1	1.0464	1	0.9557
1434	1303771659224	1	1.0464	1	0.9557
1435	1303771659246	1	1.0464	1.0833	0.8822
1436	1303771659269	1	1.0464	1	0.9557
1437	1303771659293	1	1.0464	1	0.9557
1438	1303771659315	1	1.0464	1.0833	0.8822
1439	1303771659338	1	1.0464	1.0833	0.8822
1440	1303771659360	1	1.0464	1.0833	0.8822
1441	1303771659424	1	1.0464	1	0.9557
1442	1303771659446	1	1.0464	1	0.9557
1443	1303771659469	1	1.0464	1.0833	0.8822
1444	1303771659492	1	1.0464	1.0833	0.8822
1445	1303771659515	1	1.0464	1.0833	0.8822
1446	1303771659537	1	1.0464	1	0.9557
1447	1303771659560	1	1.0464	1	0.9557
1448	1303771659623	1	1.0464	1.0833	0.8822
1449	1303771659646	1	1.0464	1.0833	0.8822
1450	1303771659668	1	1.0464	1.0833	0.8822
1451	1303771659692	1	1.0464	1	0.9557
1452	1303771659716	1	1.0464	1	0.9557
1453	1303771659778	1	1.0464	1.0833	0.8822
1454	1303771659802	1	1.0464	1.0833	0.8822
1455	1303771659824	1	1.0464	1.0833	0.8822
1456	1303771659848	1	1.0464	1	0.9557
1457	1303771659870	1	1.0464	1	0.9557
1458	1303771659894	1	1.0464	1.0833	0.8822
1459	1303771659915	1	1.0464	1.0833	0.8822
1460	1303771659940	1	1.0464	1.0833	0.8822
1461	1303771659962	1	1.0464	1	0.9557
1462	1303771659986	1	1.0464	1	0.9557
1463	1303771660009	1	1.0464	1.0833	0.8822
1464	1303771660032	1	1.0464	1.0833	0.8822
1465	1303771660054	1	1.0464	1.0833	0.8822
1466	1303771660077	1	1.0464	1	0.9557
1467	1303771660100	1	1.0464	1	0.9557
1468	1303771660124	1	1.0464	1.0833	0.8822
1469	1303771660147	1	1.0464	1.0833	0.8822
1470	1303771660169	1	1.0464	1.0833	0.8822
1471	1303771660192	1	1.0464	1	0.9557
1472	1303771660214	1	1.0464	1	0.9557
1473	1303771660237	1	1.0464	1.0833	0.8822
1474	1303771660258	1	1.0464	1.0833	0.8822
1475	1303771660281	1	1.0464	1.0833	0.8822
1476	1303771660303	1	1.0464	1	0.9557
1477	1303771660327	1	1.0464	1	0.9557
1478	1303771660351	1	1.0464	1	0.9557
1479	1303771660374	1	1.0464	1.0833	0.8822
1480	1303771660397	1	1.0589	1.0833	0.8717
1481	1303771660420	1	1.0589	1.0833	0.8717
1482	1303771660443	1	1.0589	1	0.9444
1483	1303771660467	1	1.0589	1	0.9444
1484	1303771660489	1	1.0589	1.0833	0.8717
1485	1303771660511	1	1.0589	1.0833	0.8717
1486	1303771660533	1	1.0589	1.0833	0.8717
1487	1303771660557	1	1.0589	1	0.9444
1488	1303771660578	1	1.0589	1	0.9444
1489	1303771660601	1	1.0589	1.0833	0.8717
1490	1303771660625	1	1.0589	1.0833	0.8717
1491	1303771660649	1	1.0589	1.0833	0.8717
1492	1303771660674	1	1.0589	1.0833	0.8717
1493	1303771660697	1	1.0589	1	0.9444
1494	1303771660721	1	1.0589	1	0.9444
1495	1303771660743	1	1.0589	1.0833	0.8717
1496	1303771660767	1	1.0589	1.0833	0.8717
1497	1303771660789	1	1.0589	1.0833	0.8717
1498	1303771660852	1	1.0589	1.0833	0.8717
1499	1303771660874	1	1.0589	1	0.9444
1500	1303771660938	1	1.0589	1	0.9444
1501	1303771660960	1	1.0589	1.0833	0.8717
1502	1303771660984	1	1.0589	1.0833	0.8717
1503	1303771661045	1	1.0589	1.0833	0.8717
1504	1303771661069	1	1.0589	1.0833	0.8717
1505	1303771661091	1	1.0589	1.0833	0.8717
1506	1303771661116	1	1.0589	1	0.9444
1507	1303771661139	1	1.0589	1	0.9444
1508	1303771661163	1	1.0589	1.0833	0.8717
1509	1303771661227	1	1.1085	1.0833	0.8327
1510	1303771661249	1	1.1085	1.0833	0.8327
1511	1303771661274	1	1.1085	1.0833	0.8327
1512	1303771661296	1	1.1085	1	0.9021
1513	1303771661320	1	1.1085	1	0.9021
1514	1303771661342	1	1.1085	1.0833	0.8327
1515	1303771661366	1	1.1085	1.0833	0.8327
1516	1303771661388	1	1.1085	1.0833	0.8327
1517	1303771661413	1	1.1085	1.0833	0.8327
1518	1303771661436	1	1.1085	1.0833	0.8327
1519	1303771661459	1	1.1085	1	0.9021
1520	1303771661483	1	1.1085	1	0.9021
1521	1303771661508	1	1.1085	1.0833	0.8327
1522	1303771661530	1	1.1085	1.0833	0.8327
1523	1303771661553	1	1.1085	1.0833	0.8327
1524	1303771661575	1	1.1085	1.0833	0.8327
1525	1303771661599	1	1.1085	1	0.9021
1526	1303771661622	1	1.1085	1	0.9021
1527	1303771661645	1	1.1085	1.0833	0.8327
1528	1303771661709	1	1.1085	1.0833	0.8327
1529	1303771661731	1	1.1085	1.0833	0.8327
1530	1303771661757	1	1.1085	1.0833	0.8327
1531	1303771661779	1	1.1085	1.0833	0.8327
1532	1303771661802	1	1.1085	1	0.9021
1533	1303771661824	1	1.1085	1	0.9021
1534	1303771661848	1	1.1085	1.0833	0.8327
1535	1303771661870	1	1.1085	1.0833	0.8327
1536	1303771661894	1	1.1085	1.0833	0.8327
1537	1303771661916	1	1.1085	1.0833	0.8327
1538	1303771661940	1	1.1085	1	0.9021
1539	1303771661962	1	1.1085	1	0.9021
1540	1303771662025	1	1.1085	1	0.9021
1541	1303771662047	1	1.1298	1.0833	0.8171
1542	1303771662070	1	1.1298	1	0.8851
1543	1303771662092	1	1.1298	1	0.8851
1544	1303771662116	1	1.1298	1.0833	0.8171
1545	1303771662138	1	1.1298	1.0833	0.8171
1546	1303771662202	1	1.1298	1.1667	0.7587
1547	1303771662226	1	1.1298	1	0.8851
1548	1303771662288	1	1.1298	1	0.8851
1549	1303771662311	1	1.1298	1.1667	0.7587
1550	1303771662333	1	1.1298	1.0833	0.8171
1551	1303771662357	1	1.1298	1.0833	0.8171
1552	1303771662380	1	1.1298	1.0833	0.8171
1553	1303771662403	1	1.1298	1	0.8851
1554	1303771662424	1	1.1298	1.0833	0.8171
1555	1303771662449	1	1.1298	1.1667	0.7587
1556	1303771662471	1	1.1298	1.0833	0.8171
1557	1303771662494	1	1.1298	1.0833	0.8171
1558	1303771662518	1	1.1298	1.0833	0.8171
1559	1303771662542	1	1.1298	1	0.8851
1560	1303771662564	1	1.1298	1.0833	0.8171
1561	1303771662587	1	1.1298	1.0833	0.8171
1562	1303771662609	1	1.1298	1.0833	0.8171
1563	1303771662634	1	1.1298	1.0833	0.8171
1564	1303771662656	1	1.1298	1.0833	0.8171
1565	1303771662681	1	1.1298	1	0.8851
1566	1303771662703	1	1.1298	1.0833	0.8171
1567	1303771662726	1	1.1298	1.1667	0.7587
1568	1303771662750	1	1.1298	1.0833	0.8171
1569	1303771662772	1	1.1298	1.0833	0.8171
1570	1303771662796	1	1.1298	1.1667	0.7587
1571	1303771662858	1	1.1298	1	0.8851
1572	1303771662882	1	1.1298	1	0.8851
1573	1303771662905	1	1.1298	1.1667	0.7587
1574	1303771662929	1	1.1298	1.0833	0.8171
1575	1303771662951	1	1.1298	1.0833	0.8171
1576	1303771662974	1	1.1298	1.1667	0.7587
1577	1303771662996	1	1.1298	1.0833	0.8171
1578	1303771663020	1	1.1298	1.0833	0.8171
1579	1303771663043	1	1.1298	1.0833	0.8171
1580	1303771663068	1	1.1298	1	0.8851
1581	1303771663091	1	1.1298	1.0833	0.8171
1582	1303771663116	1	1.1298	1.1667	0.7587
1583	1303771663140	1	1.1298	1.0833	0.8171
1584	1303771663164	1	1.1298	1.0833	0.8171
1585	1303771663188	1	1.1298	1.1667	0.7587
1586	1303771663212	1	1.1298	1.0833	0.8171
1587	1303771663235	1	1.1298	1	0.8851
1588	1303771663259	1	1.1298	1.0833	0.8171
1589	1303771663283	1	1.1298	1.0833	0.8171
1590	1303771663305	1	1.1298	1.0833	0.8171
1591	1303771663330	1	1.1298	1.1667	0.7587
1592	1303771663352	1	1.1298	1.0833	0.8171
1593	1303771663378	1	1.1298	1.0833	0.8171
1594	1303771663400	1	1.1298	1.1667	0.7587
1595	1303771663424	1	1.1298	1.0833	0.8171
1596	1303771663486	1	1.1298	1	0.8851
1597	1303771663510	1	1.1298	1.0833	0.8171
1598	1303771663533	1	1.1298	1.0833	0.8171
1599	1303771663556	1	1.1298	1.0833	0.8171
1600	1303771663578	1	1.1298	1.1667	0.7587
1601	1303771663602	1	1.1298	1.0833	0.8171
1602	1303771663624	1	1.1298	1	0.8851
1603	1303771663648	1	1.0446	1.0833	0.8837
1604	1303771663669	1	1.0446	1	0.9573
1605	1303771663693	1	1.0446	1.0833	0.8837
1606	1303771663715	1	1.0446	1	0.9573
1607	1303771663779	1	1.0446	1	0.9573
1608	1303771663804	1	1.0446	1	0.9573
1609	1303771663827	1	1.0446	1.0833	0.8837
1610	1303771663852	1	1.0446	1	0.9573
1611	1303771663874	1	1.0446	1	0.9573
1612	1303771663899	1	1.0446	1.0833	0.8837
1613	1303771663923	1	1.0446	1	0.9573
1614	1303771663947	1	1.0446	1	0.9573
1615	1303771663969	1	1.0446	1.0833	0.8837
1616	1303771663993	1	1.0446	1	0.9573
1617	1303771664016	1	1.0446	1	0.9573
1618	1303771664039	1	1.0446	1.0833	0.8837
1619	1303771664063	1	1.0446	1	0.9573
1620	1303771664087	1	1.0446	1	0.9573
1621	1303771664111	1	1.0446	1.0833	0.8837
1622	1303771664135	1	1.0446	1	0.9573
1623	1303771664159	1	1.0446	1	0.9573
1624	1303771664223	1	1.0446	1.0833	0.8837
1625	1303771664249	1	1.0446	1	0.9573
1626	1303771664270	1	1.0446	1	0.9573
1627	1303771664294	1	1.0446	1.0833	0.8837
1628	1303771664317	1	1.0446	1	0.9573
1629	1303771664340	1	1.0446	1.0833	0.8837
1630	1303771664363	1	1.0446	1.0833	0.8837
1631	1303771664387	1	1.0446	1	0.9573
1632	1303771664410	1	1.0446	1.0833	0.8837
1633	1303771664435	1	1.0446	1.0833	0.8837
1634	1303771664458	1	1.0446	1	0.9573
1635	1303771664482	1	1.0446	1.0833	0.8837
1636	1303771664548	1	1.0446	1.0833	0.8837
1637	1303771664572	1	1.0446	1	0.9573
1638	1303771664596	1	1.0446	1	0.9573
1639	1303771664659	1	1.0446	1.0833	0.8837
1640	1303771664723	1	1.0446	1	0.9573
1641	1303771664745	1	1.0446	1	0.9573
1642	1303771664771	1	1.0446	1.0833	0.8837
1643	1303771664793	1	1.0446	1	0.9573
1644	1303771664817	1	1.0446	1	0.9573
1645	1303771664839	1	1.0446	1.0833	0.8837
1646	1303771664862	1	1.0446	1	0.9573
1647	1303771664885	1	1.0446	1	0.9573
1648	1303771664948	1	1.0446	1.0833	0.8837
1649	1303771665011	1	1.0446	1	0.9573
1650	1303771665036	1	1.0446	1	0.9573
1651	1303771665060	1	1.0446	1.0833	0.8837
1652	1303771665084	1	1.0446	1	0.9573
1653	1303771665106	1	1.0446	1	0.9573
1654	1303771665131	1	1.0446	1.0833	0.8837
1655	1303771665154	1	1.0446	1	0.9573
1656	1303771665178	1	1.0446	1	0.9573
1657	1303771665247	1	1.0446	1.0833	0.8837
1658	1303771665270	1	1.0446	1	0.9573
1659	1303771665294	1	1.0446	1.0833	0.8837
1660	1303771665316	1	1.0169	1.0833	0.9077
1661	1303771665342	1	1.0169	1	0.9834
1662	1303771665366	1	1.0169	1	0.9834
1663	1303771665389	1	1.0169	1.0833	0.9077
1664	1303771665411	1	1.0169	1	0.9834
1665	1303771665433	1	1.0169	1	0.9834
1666	1303771665454	1	1.0169	1	0.9834
1667	1303771665475	1	1.0169	1	0.9834
1668	1303771665496	1	1.0169	1	0.9834
1669	1303771665517	1	1.0169	1	0.9834
1670	1303771665582	1	1.0169	1	0.9834
1671	1303771665603	1	1.0169	1	0.9834
1672	1303771665625	1	1.0169	1	0.9834
1673	1303771665645	1	1.0169	1	0.9834
1674	1303771665666	1	1.0169	1	0.9834
1675	1303771665686	1	1.0169	1	0.9834
1676	1303771665752	1	1.0169	1	0.9834
1677	1303771665774	1	1.0169	1	0.9834
1678	1303771665796	1	1.0169	1	0.9834
1679	1303771665817	1	1.0169	1	0.9834
1680	1303771665839	1	1.0169	1	0.9834
1681	1303771665860	1	1.0169	1	0.9834
1682	1303771665881	1	1.0169	1	0.9834
1683	1303771665903	1	1.0169	1	0.9834
1684	1303771665923	1	1.0169	1	0.9834
1685	1303771665946	1	1.0169	1	0.9834
1686	1303771665967	1	1.0169	1	0.9834
1687	1303771665989	1	1.0169	1	0.9834
1688	1303771666011	1	1.0169	1	0.9834
1689	1303771666033	1	1.0169	1	0.9834
1690	1303771666055	1	1.0169	1	0.9834
1691	1303771666077	1	1.0169	1	0.9834
1692	1303771666099	1	1.0169	1	0.9834
1693	1303771666120	1	1.0169	1	0.9834
1694	1303771666140	1	1.0169	1	0.9834
1695	1303771666160	1	1.0169	1	0.9834
1696	1303771666182	1	1.0169	1	0.9834
1697	1303771666242	1	1.0169	1	0.9834
1698	1303771666264	1	1.0169	1	0.9834
1699	1303771666284	1	1.0169	1	0.9834
1700	1303771666306	1	1.0169	1	0.9834
1701	1303771666326	1	1.0169	1	0.9834
1702	1303771666347	1	1.0169	1	0.9834
1703	1303771666408	1	1.0169	1	0.9834
1704	1303771666430	1	1.0169	1	0.9834
1705	1303771666450	1	1.0169	1	0.9834
1706	1303771666471	1	1.0169	1	0.9834
1707	1303771666531	1	1.0169	1	0.9834
1708	1303771666551	1	1.0169	1	0.9834
1709	1303771666573	1	1.0169	1	0.9834
1710	1303771666594	1	1.0169	1	0.9834
1711	1303771666616	1	1.0169	1	0.9834
1712	1303771666635	1	1.0169	1	0.9834
1713	1303771666658	1	1.0169	1	0.9834
1714	1303771666679	1	1.0169	1	0.9834
1715	1303771666702	1	1.0169	1	0.9834
1716	1303771666722	1	1.0169	1	0.9834
1717	1303771666744	1	1.0169	1	0.9834
1718	1303771666764	1	1.0169	1	0.9834
1719	1303771666787	1	1.0169	1	0.9834
1720	1303771666807	1	1.0169	1	0.9834
1721	1303771666828	1	1.0188	1	0.9816
1722	1303771666851	1	1.0187	1	0.9817
1723	1303771666872	1	1.0187	1	0.9817
1724	1303771666895	1	1.0187	1	0.9817
1725	1303771666915	1	1.0187	1	0.9817
1726	1303771666937	1	1.0187	1	0.9817
1727	1303771667002	1	1.0187	1	0.9817
1728	1303771667026	1	1.0187	1	0.9817
1729	1303771667047	1	1.0187	1	0.9817
1730	1303771667069	1	1.0187	1	0.9817
1731	1303771667089	1	1.0187	1	0.9817
1732	1303771667110	1	1.0187	1	0.9817
1733	1303771667131	1	1.0187	1	0.9817
1734	1303771667152	1	1.0187	1	0.9817
1735	1303771667173	1	1.0187	1	0.9817
1736	1303771667194	1	1.0187	1	0.9817
1737	1303771667215	1	1.0187	1	0.9817
1738	1303771667234	1	1.0187	1	0.9817
1739	1303771667256	1	1.0187	1	0.9817
1740	1303771667276	1	1.0187	1	0.9817
1741	1303771667297	1	1.0187	1	0.9817
1742	1303771667317	1	1.0187	1	0.9817
1743	1303771667384	1	1.0187	1	0.9817
1744	1303771667404	1	1.0187	1	0.9817
1745	1303771667425	1	1.0187	1	0.9817
1746	1303771667446	1	1.0187	1	0.9817
1747	1303771667468	1	1.0187	1	0.9817
1748	1303771667488	1	1.0187	1	0.9817
1749	1303771667509	1	1.0187	1	0.9817
1750	1303771667529	1	1.0187	1	0.9817
1751	1303771667549	1	1.0187	1	0.9817
1752	1303771667571	1	1.0187	1	0.9817
1753	1303771667591	1	1.0187	1	0.9817
1754	1303771667613	1	1.0187	1	0.9817
1755	1303771667633	1	1.0187	1	0.9817
1756	1303771667655	1	1.0187	1	0.9817
1757	1303771667674	1	1.0187	1	0.9817
1758	1303771667696	1	1.0187	1	0.9817
1759	1303771667715	1	1.0187	1	0.9817
1760	1303771667737	1	1.0187	1	0.9817
1761	1303771667758	1	1.0187	1	0.9817
1762	1303771667777	1	1.0187	1	0.9817
1763	1303771667799	1	1.0187	1	0.9817
1764	1303771667820	1	1.0187	1	0.9817
1765	1303771667883	1	1.0187	1	0.9817
1766	1303771667904	1	1.0187	1	0.9817
1767	1303771667927	1	1.0187	1	0.9817
1768	1303771667946	1	1.0187	1	0.9817
1769	1303771667969	1	1.0187	1	0.9817
1770	1303771668030	1	1.0187	1	0.9817
1771	1303771668053	1	1.0187	1	0.9817
1772	1303771668073	1	1.0187	1	0.9817
1773	1303771668096	1	1.0187	1	0.9817
1774	1303771668116	1	1.0187	1	0.9817
1775	1303771668179	1	1.0187	1	0.9817
1776	1303771668200	1	1.0187	1	0.9817
1777	1303771668221	1	1.0187	1	0.9817
1778	1303771668241	1	1.0187	1	0.9817
1779	1303771668263	1	1.0187	1	0.9817
1780	1303771668286	1	1.0187	1	0.9817
1781	1303771668307	1	1.0187	1	0.9817
1782	1303771668329	1	1.0187	1	0.9817
1783	1303771668350	1	1.0187	1	0.9817
1784	1303771668373	1	1.0187	1	0.9817
1785	1303771668394	1	1.0187	1	0.9817
1786	1303771668417	1	1.0366	1	0.9647
1787	1303771668437	1	1.0366	1	0.9647
1788	1303771668459	1	1.0366	1	0.9647
1789	1303771668479	1	1.0366	1	0.9647
1790	1303771668501	1	1.0366	1	0.9647
1791	1303771668521	1	1.0366	1	0.9647
1792	1303771668542	1	1.0366	1	0.9647
1793	1303771668562	1	1.0366	1	0.9647
1794	1303771668583	1	1.0366	1	0.9647
1795	1303771668605	1	1.0366	1.0833	0.8905
1796	1303771668626	1	1.0366	1	0.9647
1797	1303771668649	1	1.0366	1	0.9647
1798	1303771668670	1	1.0366	1	0.9647
1799	1303771668692	1	1.0366	1.0833	0.8905
1800	1303771668753	1	1.0366	1	0.9647
