0	1303771974750	0	0	0	0
1	1303771974759	0	0	0	0
2	1303771974769	0	0	0	0
3	1303771974778	0	0	0	0
4	1303771974787	0	0	0	0
5	1303771974797	0	0	0	0
6	1303771974807	0	0	0	0
7	1303771974818	0	0	0	0
8	1303771974828	0	0	0	0
9	1303771974842	0	0	0	0
10	1303771974853	0	0	0	0
11	1303771974864	0	0	0	0
12	1303771974876	0	0	0	0
13	1303771974888	0	0	0	0
14	1303771974901	0	0	0	0
15	1303771974956	0	0	0	0
16	1303771974968	0	0	0	0
17	1303771974992	0.5	0	0	0
18	1303771975026	0.5	0	0	0
19	1303771975052	0.5	1.0966	0	0
20	1303771975074	0.5	1.0966	0	0
21	1303771975089	0.5	1.0966	0	0
22	1303771975102	0.5	1.0966	0	0
23	1303771975119	0.5	1.0966	1.5	0.304
24	1303771975133	0.5	1.0966	0	0
25	1303771975147	0.5	1.0966	1.5	0.304
26	1303771975161	0.5	1.0966	1.5	0.304
27	1303771975178	0.5	1.0966	1.5	0.304
28	1303771975192	0.5	1.0966	1.5	0.304
29	1303771975247	0.5	1.0966	1.5	0.304
30	1303771975263	0.5	1.0966	1.3333	0.342
31	1303771975318	0.5	1.0966	1.1667	0.3908
32	1303771975373	0.5	1.0966	1.1667	0.3908
33	1303771975386	0.5	1.0966	1.1667	0.3908
34	1303771975442	0.5	1.0966	1.125	0.4053
35	1303771975456	0.5	1.0966	1.125	0.4053
36	1303771975470	0.5	1.0966	1.125	0.4053
37	1303771975484	0.5	1.0966	1.3	0.3507
38	1303771975500	0.5	1.0966	1.25	0.3648
39	1303771975514	0.5	1.0966	1.125	0.4053
40	1303771975570	0.5	1.0966	1.25	0.3648
41	1303771975584	0.5	1.0966	1.3	0.3507
42	1303771975601	0.5	1.0966	1.3	0.3507
43	1303771975615	0.5	1.0966	1.1667	0.3908
44	1303771975670	0.5	1.0966	1.2143	0.3755
45	1303771975684	0.5	1.0966	1.1875	0.384
46	1303771975741	0.5	1.0966	1.0833	0.4209
47	1303771975755	0.5	1.0966	1.0714	0.4256
48	1303771975770	0.5	1.0966	1.25	0.3648
49	1303771975786	0.5	1.0966	1.0714	0.4256
50	1303771975801	0.5	1.0966	1.1429	0.399
51	1303771975816	0.5	1.0966	1.0714	0.4256
52	1303771975831	0.5	1.0966	1	0.456
53	1303771975848	0.5	1.0966	1	0.456
54	1303771975863	0.5	1.0966	1.0714	0.4256
55	1303771975877	0.5	1.0966	1	0.456
56	1303771975892	0.5	1.0966	1.0625	0.4291
57	1303771975909	0.5	1.0966	1.0625	0.4291
58	1303771975924	0.5	1.0966	1.125	0.4053
59	1303771975939	0.5	1.0966	1.0714	0.4256
60	1303771975954	0.5	1.0966	1.125	0.4053
61	1303771975971	0.5	1.0966	1.125	0.4053
62	1303771975986	0.5	1.0966	1.125	0.4053
63	1303771976002	0.5	1.0966	1.0625	0.4291
64	1303771976019	0.5	1.0966	1.0625	0.4291
65	1303771976076	0.5	1.0966	1.0625	0.4291
66	1303771976092	0.5	1.0966	1.0625	0.4291
67	1303771976110	0.5	1.0966	1.0625	0.4291
68	1303771976126	0.5	1.0966	1.0625	0.4291
69	1303771976142	0.5	1.0966	1.0625	0.4291
70	1303771976159	0.5	1.0966	1.0625	0.4291
71	1303771976177	0.5	1.0966	1.0625	0.4291
72	1303771976193	0.5	1.0966	1.0625	0.4291
73	1303771976209	0.5	1.0966	1.0625	0.4291
74	1303771976225	0.5	1.0966	1.0625	0.4291
75	1303771976243	0.5	1.0966	1.0625	0.4291
76	1303771976259	0.5	1.0966	1.0625	0.4291
77	1303771976276	0.5	1.0966	1.0625	0.4291
78	1303771976295	0.5	1.0966	1.0625	0.4291
79	1303771976311	0.5	1.0966	1.0625	0.4291
80	1303771976328	0.5	1.0384	1.0625	0.4532
81	1303771976349	0.5	1.0159	1.0625	0.4632
82	1303771976368	0.5	1.0159	1.0625	0.4632
83	1303771976386	0.5	1.0159	1.0625	0.4632
84	1303771976405	0.5	1.0159	1.0625	0.4632
85	1303771976423	0.5	1.0159	1	0.4922
86	1303771976441	0.5	1.0159	1	0.4922
87	1303771976460	0.5	1.0159	1.0625	0.4632
88	1303771976477	0.5	1.0159	1	0.4922
89	1303771976494	0.5	1.0159	1	0.4922
90	1303771976513	0.5	1.0159	1	0.4922
91	1303771976530	0.5	1.0159	1	0.4922
92	1303771976629	0.5	1.0159	1	0.4922
93	1303771976648	0.5	1.0159	1	0.4922
94	1303771976728	0.5	1.0159	1	0.4922
95	1303771976745	0.5	1.0159	1	0.4922
96	1303771976764	0.5	1.0159	1	0.4922
97	1303771976782	0.5	1.0159	1	0.4922
98	1303771976799	0.5	1.0159	1	0.4922
99	1303771976819	0.5	1.0159	1	0.4922
100	1303771976837	0.5	1.0159	1	0.4922
101	1303771976855	0.5	1.0159	1	0.4922
102	1303771976874	0.5	1.0159	1	0.4922
103	1303771976891	0.5	1.0159	1	0.4922
104	1303771976908	0.5	1.0159	1	0.4922
105	1303771976927	0.5	1.0159	1	0.4922
106	1303771976945	0.5	1.0159	1	0.4922
107	1303771976962	0.5	1.0159	1	0.4922
108	1303771976981	0.5	1.0159	1	0.4922
109	1303771976998	0.5	1.0159	1	0.4922
110	1303771977016	0.5	1.0159	1	0.4922
111	1303771977036	0.5	1.0159	1	0.4922
112	1303771977093	0.5	1.0159	1	0.4922
113	1303771977111	0.5	1.0159	1	0.4922
114	1303771977130	0.5	1.0159	1	0.4922
115	1303771977186	0.5	1.0159	1	0.4922
116	1303771977204	0.5	1.0159	1	0.4922
117	1303771977223	0.5	1.0159	1	0.4922
118	1303771977240	0.5	1.0159	1	0.4922
119	1303771977258	0.5	1.0159	1	0.4922
120	1303771977277	0.5	1.0159	1	0.4922
121	1303771977294	0.5	1.0159	1	0.4922
122	1303771977311	0.5	1.0159	1	0.4922
123	1303771977330	0.5	1.0159	1	0.4922
124	1303771977347	0.5	1.0159	1	0.4922
125	1303771977364	0.5	1.0159	1	0.4922
126	1303771977381	0.5	1.0159	1	0.4922
127	1303771977400	0.5	1.0159	1	0.4922
128	1303771977417	0.5	1.0159	1	0.4922
129	1303771977434	0.5	1.0159	1	0.4922
130	1303771977452	0.5	1.0159	1	0.4922
131	1303771977469	0.5	1.0159	1	0.4922
132	1303771977485	0.5	1.0159	1	0.4922
133	1303771977504	0.5	1.0159	1	0.4922
134	1303771977520	0.5	1.0159	1	0.4922
135	1303771977537	0.5	1.0159	1	0.4922
136	1303771977556	0.5	1.0159	1	0.4922
137	1303771977573	0.5	1.0159	1	0.4922
138	1303771977590	0.5	1.0159	1	0.4922
139	1303771977609	0.5	1.0159	1	0.4922
140	1303771977626	0.5	1.0159	1	0.4922
141	1303771977683	0.5	1.0041	1	0.498
142	1303771977702	0.5	1.0041	1	0.498
143	1303771977720	0.5	1.0041	1	0.498
144	1303771977737	0.5	1.0041	1	0.498
145	1303771977754	0.5	1.0041	1	0.498
146	1303771977774	0.5	1.0041	1	0.498
147	1303771977791	0.5	1.0041	1	0.498
148	1303771977807	0.5	1.0041	1	0.498
149	1303771977826	0.5	1.0041	1	0.498
150	1303771977883	0.5	1.0041	1	0.498
151	1303771977900	0.5	1.0041	1	0.498
152	1303771977919	0.5	1.0041	1	0.498
153	1303771977937	0.5	1.0041	1	0.498
154	1303771977954	0.5	1.0041	1	0.498
155	1303771977971	0.5	1.0041	1	0.498
156	1303771977989	0.5	1.0041	1	0.498
157	1303771978005	0.5	1.0041	1	0.498
158	1303771978022	0.5	1.0041	1	0.498
159	1303771978042	0.5	1.0041	1	0.498
160	1303771978058	0.5	1.0041	1	0.498
161	1303771978074	0.5	1.0041	1	0.498
162	1303771978131	0.5	1.0041	1	0.498
163	1303771978150	0.5	1.0041	1	0.498
164	1303771978166	0.5	1.0041	1	0.498
165	1303771978228	0.5	1.0041	1	0.498
166	1303771978247	0.5	1.0041	1	0.498
167	1303771978263	0.5	1.0041	1	0.498
168	1303771978280	0.5	1.0041	1	0.498
169	1303771978299	0.5	1.0041	1	0.498
170	1303771978316	0.5	1.0041	1	0.498
171	1303771978334	0.5	1.0041	1	0.498
172	1303771978351	0.5	1.0041	1	0.498
173	1303771978370	0.5	1.0041	1	0.498
174	1303771978386	0.5	1.0041	1	0.498
175	1303771978404	0.5	1.0041	1	0.498
176	1303771978424	0.5	1.0041	1	0.498
177	1303771978441	0.5	1.0041	1	0.498
178	1303771978458	0.5	1.0041	1	0.498
179	1303771978475	0.5	1.0041	1	0.498
180	1303771978536	0.5	1.0041	1	0.498
181	1303771978552	0.5	1.0041	1	0.498
182	1303771978569	0.5	1.0041	1	0.498
183	1303771978588	0.5	1.0041	1	0.498
184	1303771978605	0.5	1.0041	1	0.498
185	1303771978662	0.5	1.0041	1	0.498
186	1303771978680	0.5	1.0041	1	0.498
187	1303771978699	0.5	1.0041	1	0.498
188	1303771978716	0.5	1.0041	1	0.498
189	1303771978733	0.5	1.0041	1	0.498
190	1303771978755	0.5	1.0041	1	0.498
191	1303771978812	0.5	1.0041	1	0.498
192	1303771978829	0.5	1.0041	1	0.498
193	1303771978847	0.5	1.0041	1	0.498
194	1303771978864	0.5	1.0041	1	0.498
195	1303771978880	0.5	1.0041	1	0.498
196	1303771978899	0.5	1.0041	1	0.498
197	1303771978918	0.5	1.0041	1	0.498
198	1303771978935	0.5	1.0041	1	0.498
199	1303771978952	0.5	1.0041	1	0.498
200	1303771978970	0.5	1.0041	1	0.498
201	1303771978987	0.5	1.0041	1	0.498
202	1303771979004	0.5	1.0034	1	0.4983
203	1303771979022	0.5	1.0034	1	0.4983
204	1303771979041	0.5	1.0034	1	0.4983
205	1303771979098	0.5	1.0034	1	0.4983
206	1303771979154	0.5	1.0034	1	0.4983
207	1303771979172	0.5	1.0034	1	0.4983
208	1303771979190	0.5	1.0034	1	0.4983
209	1303771979207	0.5	1.0034	1	0.4983
210	1303771979225	0.5	1.0034	1	0.4983
211	1303771979242	0.5	1.0034	1	0.4983
212	1303771979259	0.5	1.0034	1	0.4983
213	1303771979278	0.5	1.0034	1	0.4983
214	1303771979295	0.5	1.0034	1	0.4983
215	1303771979311	0.5	1.0034	1	0.4983
216	1303771979329	0.5	1.0034	1	0.4983
217	1303771979347	0.5	1.0034	1	0.4983
218	1303771979364	0.5	1.0034	1	0.4983
219	1303771979381	0.5	1.0034	1	0.4983
220	1303771979397	0.5	1.0034	1	0.4983
221	1303771979415	0.5	1.0034	1	0.4983
222	1303771979432	0.5	1.0034	1	0.4983
223	1303771979490	0.5	1.0034	1	0.4983
224	1303771979508	0.5	1.0034	1	0.4983
225	1303771979525	0.5	1.0034	1	0.4983
226	1303771979542	0.5	1.0034	1	0.4983
227	1303771979560	0.5	1.0034	1	0.4983
228	1303771979578	0.5	1.0034	1	0.4983
229	1303771979595	0.5	1.0034	1	0.4983
230	1303771979612	0.5	1.0034	1	0.4983
231	1303771979630	0.5	1.0034	1	0.4983
232	1303771979646	0.5	1.0034	1	0.4983
233	1303771979663	0.5	1.0034	1	0.4983
234	1303771979681	0.5	1.0034	1	0.4983
235	1303771979698	0.5	1.0034	1	0.4983
236	1303771979715	0.5	1.0034	1	0.4983
237	1303771979731	0.5	1.0034	1	0.4983
238	1303771979750	0.5	1.0034	1	0.4983
239	1303771979766	0.5	1.0034	1	0.4983
240	1303771979783	0.5	1.0034	1	0.4983
241	1303771979801	0.5	1.0034	1	0.4983
242	1303771979818	0.5	1.0034	1	0.4983
243	1303771979834	0.5	1.0034	1	0.4983
244	1303771979851	0.5	1.0034	1	0.4983
245	1303771979869	0.5	1.0034	1	0.4983
246	1303771979886	0.5	1.0034	1	0.4983
247	1303771979902	0.5	1.0034	1	0.4983
248	1303771979921	0.5	1.0034	1	0.4983
249	1303771979977	0.5	1.0034	1	0.4983
250	1303771979994	0.5	1.0034	1	0.4983
251	1303771980011	0.5	1.0034	1	0.4983
252	1303771980029	0.5	1.0034	1	0.4983
253	1303771980046	0.5	1.0034	1	0.4983
254	1303771980063	0.5	1.0034	1	0.4983
255	1303771980122	0.5	1.0034	1	0.4983
256	1303771980180	0.5	1.0034	1	0.4983
257	1303771980197	0.5	1.0034	1	0.4983
258	1303771980215	0.5	1.0034	1	0.4983
259	1303771980231	0.5	1.0034	1	0.4983
260	1303771980249	0.5	1.0034	1	0.4983
261	1303771980266	0.5	1.0034	1	0.4983
262	1303771980284	0.5	1.0034	1	0.4983
263	1303771980301	0.5	1.0034	1	0.4983
264	1303771980369	0.5	1.0034	1	0.4983
265	1303771980388	0.5	1.0034	1	0.4983
266	1303771980446	0.5	1.0034	1	0.4983
267	1303771980463	0.5	1.0037	1	0.4982
268	1303771980481	0.5	1.0037	1	0.4982
269	1303771980498	0.5	1.0037	1	0.4982
270	1303771980514	0.5	1.0037	1	0.4982
271	1303771980571	0.5	1.0037	1	0.4982
272	1303771980590	0.5	1.0037	1	0.4982
273	1303771980608	0.5	1.0037	1	0.4982
274	1303771980625	0.5	1.0037	1	0.4982
275	1303771980644	0.5	1.0037	1	0.4982
276	1303771980660	0.5	1.0037	1	0.4982
277	1303771980677	0.5	1.0037	1	0.4982
278	1303771980696	0.5	1.0037	1	0.4982
279	1303771980713	0.5	1.0037	1	0.4982
280	1303771980729	0.5	1.0037	1	0.4982
281	1303771980746	0.5	1.0037	1	0.4982
282	1303771980764	0.5	1.0037	1	0.4982
283	1303771980820	0.5	1.0037	1	0.4982
284	1303771980838	0.5	1.0037	1	0.4982
285	1303771980857	0.5	1.0037	1	0.4982
286	1303771980873	0.5	1.0037	1	0.4982
287	1303771980890	0.5	1.0037	1	0.4982
288	1303771980907	0.5	1.0037	1	0.4982
289	1303771980926	0.5	1.0037	1	0.4982
290	1303771980943	0.5	1.0037	1	0.4982
291	1303771980959	0.5	1.0037	1	0.4982
292	1303771980978	0.5	1.0037	1	0.4982
293	1303771980995	0.5	1.0037	1	0.4982
294	1303771981012	0.5	1.0037	1	0.4982
295	1303771981029	0.5	1.0037	1	0.4982
296	1303771981047	0.5	1.0037	1	0.4982
297	1303771981064	0.5	1.0037	1	0.4982
298	1303771981081	0.5	1.0037	1	0.4982
299	1303771981099	0.5	1.0037	1	0.4982
300	1303771981116	0.5	1.0037	1	0.4982
301	1303771981132	0.5	1.0037	1	0.4982
302	1303771981149	0.5	1.0037	1	0.4982
303	1303771981167	0.5	1.0037	1	0.4982
304	1303771981184	0.5	1.0037	1	0.4982
305	1303771981201	0.5	1.0037	1	0.4982
306	1303771981219	0.5	1.0037	1	0.4982
307	1303771981236	0.5	1.0037	1	0.4982
308	1303771981252	0.5	1.0037	1	0.4982
309	1303771981269	0.5	1.0037	1	0.4982
310	1303771981288	0.5	1.0037	1	0.4982
311	1303771981305	0.5	1.0037	1	0.4982
312	1303771981322	0.5	1.0037	1	0.4982
313	1303771981340	0.5	1.0037	1	0.4982
314	1303771981356	0.5	1.0037	1	0.4982
315	1303771981374	0.5	1.0037	1	0.4982
316	1303771981391	0.5	1.0037	1	0.4982
317	1303771981409	0.5	1.0037	1	0.4982
318	1303771981426	0.5	1.0037	1	0.4982
319	1303771981487	0.5	1.0037	1	0.4982
320	1303771981506	0.5	1.0037	1	0.4982
321	1303771981522	0.5	1.0037	1	0.4982
322	1303771981539	0.5	1.0037	1	0.4982
323	1303771981558	0.5	1.0037	1	0.4982
324	1303771981574	0.5	1.0037	1	0.4982
325	1303771981592	0.5	1.0037	1	0.4982
326	1303771981610	0.5	1.0012	1	0.4994
327	1303771981629	0.5	1.0012	1	0.4994
328	1303771981646	0.5	1.0012	1	0.4994
329	1303771981663	0.5	1.0012	1	0.4994
330	1303771981682	0.5	1.0012	1	0.4994
331	1303771981700	0.5	1.0012	1	0.4994
332	1303771981717	0.5	1.0012	1	0.4994
333	1303771981736	0.5	1.0012	1	0.4994
334	1303771981754	0.5	1.0012	1	0.4994
335	1303771981770	0.5	1.0012	1	0.4994
336	1303771981787	0.5	1.0012	1	0.4994
337	1303771981806	0.5	1.0012	1	0.4994
338	1303771981823	0.5	1.0012	1	0.4994
339	1303771981840	0.5	1.0012	1	0.4994
340	1303771981858	0.5	1.0012	1	0.4994
341	1303771981876	0.5	1.0012	1	0.4994
342	1303771981893	0.5	1.0012	1	0.4994
343	1303771981910	0.5	1.0012	1	0.4994
344	1303771981928	0.5	1.0012	1	0.4994
345	1303771981944	0.5	1.0012	1	0.4994
346	1303771981961	0.5	1.0012	1	0.4994
347	1303771981979	0.5	1.0012	1	0.4994
348	1303771981996	0.5	1.0012	1	0.4994
349	1303771982013	0.5	1.0012	1	0.4994
350	1303771982030	0.5	1.0012	1	0.4994
351	1303771982048	0.5	1.0012	1	0.4994
352	1303771982066	0.5	1.0012	1	0.4994
353	1303771982083	0.5	1.0012	1	0.4994
354	1303771982102	0.5	1.0012	1	0.4994
355	1303771982119	0.5	1.0012	1	0.4994
356	1303771982136	0.5	1.0012	1	0.4994
357	1303771982154	0.5	1.0012	1	0.4994
358	1303771982172	0.5	1.0012	1	0.4994
359	1303771982189	0.5	1.0012	1	0.4994
360	1303771982207	0.5	1.0012	1	0.4994
361	1303771982225	0.5	1.0012	1	0.4994
362	1303771982242	0.5	1.0012	1	0.4994
363	1303771982258	0.5	1.0012	1	0.4994
364	1303771982275	0.5	1.0012	1	0.4994
365	1303771982293	0.5	1.0012	1	0.4994
366	1303771982311	0.5	1.0012	1	0.4994
367	1303771982328	0.5	1.0012	1	0.4994
368	1303771982390	0.5	1.0012	1	0.4994
369	1303771982407	0.5	1.0012	1	0.4994
370	1303771982424	0.5	1.0012	1	0.4994
371	1303771982441	0.5	1.0012	1	0.4994
372	1303771982459	0.5	1.0012	1	0.4994
373	1303771982476	0.5	1.0012	1	0.4994
374	1303771982533	0.5	1.0012	1	0.4994
375	1303771982552	0.5	1.0012	1	0.4994
376	1303771982568	0.5	1.0012	1	0.4994
377	1303771982585	0.5	1.0012	1	0.4994
378	1303771982603	0.5	1.0012	1	0.4994
379	1303771982620	0.5	1.0012	1	0.4994
380	1303771982636	0.5	1.0012	1	0.4994
381	1303771982653	0.5	1.0012	1	0.4994
382	1303771982711	0.5	1.0012	1	0.4994
383	1303771982728	0.5	1.0012	1	0.4994
384	1303771982745	0.5	1.0012	1	0.4994
385	1303771982763	0.5	1.0012	1	0.4994
386	1303771982780	0.5	1.0001	1	0.4999
387	1303771982797	0.5	1.0001	1	0.4999
388	1303771982815	0.5	1.0001	1	0.4999
389	1303771982831	0.5	1.0001	1	0.4999
390	1303771982848	0.5	1.0001	1	0.4999
391	1303771982865	0.5	1.0001	1	0.4999
392	1303771982883	0.5	1.0001	1	0.4999
393	1303771982900	0.5	1.0001	1	0.4999
394	1303771982917	0.5	1.0001	1	0.4999
395	1303771982936	0.5	1.0001	1	0.4999
396	1303771982953	0.5	1.0001	1	0.4999
397	1303771982969	0.5	1.0001	1	0.4999
398	1303771982986	0.5	1.0001	1	0.4999
399	1303771983004	0.5	1.0001	1	0.4999
400	1303771983021	0.5	1.0001	1	0.4999
401	1303771983077	0.5	1.0001	1	0.4999
402	1303771983096	0.5	1.0001	1	0.4999
403	1303771983113	0.5	1.0001	1	0.4999
404	1303771983169	0.5	1.0001	1	0.4999
405	1303771983186	0.5	1.0001	1	0.4999
406	1303771983205	0.5	1.0001	1	0.4999
407	1303771983222	0.5	1.0001	1	0.4999
408	1303771983239	0.5	1.0001	1	0.4999
409	1303771983258	0.5	1.0001	1	0.4999
410	1303771983274	0.5	1.0001	1	0.4999
411	1303771983291	0.5	1.0001	1	0.4999
412	1303771983308	0.5	1.0001	1	0.4999
413	1303771983326	0.5	1.0001	1	0.4999
414	1303771983343	0.5	1.0001	1	0.4999
415	1303771983435	0.5	1.0001	1	0.4999
416	1303771983456	0.5	1.0001	1	0.4999
417	1303771983473	0.5	1.0001	1	0.4999
418	1303771983490	0.5	1.0001	1	0.4999
419	1303771983506	0.5	1.0001	1	0.4999
420	1303771983525	0.5	1.0001	1	0.4999
421	1303771983542	0.5	1.0001	1	0.4999
422	1303771983558	0.5	1.0001	1	0.4999
423	1303771983577	0.5	1.0001	1	0.4999
424	1303771983595	0.5	1.0001	1	0.4999
425	1303771983612	0.5	1.0001	1	0.4999
426	1303771983630	0.5	1.0001	1	0.4999
427	1303771983646	0.5	1.0001	1	0.4999
428	1303771983706	0.5	1.0001	1	0.4999
429	1303771983724	0.5	1.0001	1	0.4999
430	1303771983743	0.5	1.0001	1	0.4999
431	1303771983761	0.5	1.0001	1	0.4999
432	1303771983778	0.5	1.0001	1	0.4999
433	1303771983797	0.5	1.0001	1	0.4999
434	1303771983885	0.5	1.0001	1	0.4999
435	1303771983903	0.5	1.0001	1	0.4999
436	1303771983920	0.5	1.0001	1	0.4999
437	1303771983979	0.5	1.0001	1	0.4999
438	1303771983996	0.5	1.0001	1	0.4999
439	1303771984053	0.5	1.0001	1	0.4999
440	1303771984072	0.5	1.0001	1	0.4999
441	1303771984089	0.5	1.0001	1	0.4999
442	1303771984105	0.5	1.0001	1	0.4999
443	1303771984123	0.5	1.0001	1	0.4999
444	1303771984139	0.5	1.0001	1	0.4999
445	1303771984156	0.5	1.0001	1	0.4999
446	1303771984172	0.5	1.0001	1	0.4999
447	1303771984191	0.5	1.0001	1	0.4999
448	1303771984209	0.5	1.0001	1	0.4999
449	1303771984226	0.5	1.0001	1	0.4999
450	1303771984245	0.5	1.0001	1	0.4999
451	1303771984262	0.5	1.0001	1	0.4999
452	1303771984279	0.5	1.0001	1	0.4999
453	1303771984297	0.5	1.0001	1	0.4999
454	1303771984314	0.5	1.0001	1	0.4999
455	1303771984331	0.5	1.0001	1	0.4999
456	1303771984347	0.5	1.0001	1	0.4999
457	1303771984367	0.5	1.0001	1	0.4999
458	1303771984384	0.5	1.0001	1	0.4999
459	1303771984401	0.5	1.0001	1	0.4999
460	1303771984419	0.5	1.0001	1	0.4999
461	1303771984436	0.5	1.0001	1	0.4999
462	1303771984498	0.5	1.0001	1	0.4999
463	1303771984515	0.5	1.0001	1	0.4999
464	1303771984534	0.5	1.0001	1	0.4999
465	1303771984552	0.5	1.0001	1	0.4999
466	1303771984569	0.5	1.0001	1	0.4999
467	1303771984633	0.5	1.0001	1	0.4999
468	1303771984650	0.5	1.0001	1	0.4999
469	1303771984666	0.5	1.0001	1	0.4999
470	1303771984685	0.5	1.0001	1	0.4999
471	1303771984702	0.5	1.0001	1	0.4999
472	1303771984720	0.5	1.0001	1	0.4999
473	1303771984736	0.5	1.0001	1	0.4999
474	1303771984755	0.5	1.0001	1	0.4999
475	1303771984817	0.5	1.0001	1	0.4999
476	1303771984835	0.5	1.0001	1	0.4999
477	1303771984854	0.5	1.0001	1	0.4999
478	1303771984872	0.5	1.0001	1	0.4999
479	1303771984888	0.5	1.0001	1	0.4999
480	1303771984948	0.5	1.0001	1	0.4999
481	1303771985010	0.5	1.0001	1	0.4999
482	1303771985067	0.5	1.0001	1	0.4999
483	1303771985086	0.5	1.0001	1	0.4999
484	1303771985148	0.5	1.0001	1	0.4999
485	1303771985165	0.5	1.0001	1	0.4999
486	1303771985227	0.5	1.0001	1	0.4999
487	1303771985245	0.5	1.0001	1	0.4999
488	1303771985262	0.5	1.0001	1	0.4999
489	1303771985320	0.5	1.0001	1	0.4999
490	1303771985340	0.5	1.0001	1	0.4999
491	1303771985357	0.5	1.0001	1	0.4999
492	1303771985375	0.5	1.0001	1	0.4999
493	1303771985393	0.5	1.0001	1	0.4999
494	1303771985410	0.5	1.0001	1	0.4999
495	1303771985467	0.5	1.0001	1	0.4999
496	1303771985525	0.5	1.0001	1	0.4999
497	1303771985542	0.5	1.0001	1	0.4999
498	1303771985559	0.5	1.0001	1	0.4999
499	1303771985576	0.5	1.0001	1	0.4999
500	1303771985594	0.5	1.0001	1	0.4999
501	1303771985611	0.5	1.0001	1	0.4999
502	1303771985669	0.5	1.0001	1	0.4999
503	1303771985687	0.5	1.0001	1	0.4999
504	1303771985704	0.5	1.0001	1	0.4999
505	1303771985721	0.5	1.0001	1	0.4999
506	1303771985738	0.5	1.0001	1	0.4999
507	1303771985756	0.5	1.0001	1	0.4999
508	1303771985774	0.5	1.0001	1	0.4999
509	1303771985793	0.5	1.0001	1	0.4999
510	1303771985812	0.5	1.0001	1	0.4999
511	1303771985830	0.5	1.0001	1	0.4999
512	1303771985847	0.5	1.0001	1	0.4999
513	1303771985906	0.5	1.0001	1	0.4999
514	1303771985924	0.5	1.0001	1	0.4999
515	1303771985941	0.5	1.0001	1	0.4999
516	1303771985960	0.5	1.0001	1	0.4999
517	1303771985976	0.5	1.0001	1	0.4999
518	1303771986033	0.5	1.0001	1	0.4999
519	1303771986052	0.5	1.0001	1	0.4999
520	1303771986077	0.5	1.0001	1	0.4999
521	1303771986094	0.5	1.0001	1	0.4999
522	1303771986185	0.5	1.0001	1	0.4999
523	1303771986204	0.5	1.0001	1	0.4999
524	1303771986278	0.5	1.0001	1	0.4999
525	1303771986296	0.5	1.0001	1	0.4999
526	1303771986315	0.5	1.0001	1	0.4999
527	1303771986333	0.5	1.0001	1	0.4999
528	1303771986350	0.5	1.0001	1	0.4999
529	1303771986413	0.5	1.0001	1	0.4999
530	1303771986431	0.5	1.0001	1	0.4999
531	1303771986448	0.5	1.0001	1	0.4999
532	1303771986464	0.5	1.0001	1	0.4999
533	1303771986483	0.5	1.0001	1	0.4999
534	1303771986501	0.5	1.0001	1	0.4999
535	1303771986518	0.5	1.0001	1	0.4999
536	1303771986537	0.5	1.0001	1	0.4999
537	1303771986554	0.5	1.0001	1	0.4999
538	1303771986571	0.5	1.0001	1	0.4999
539	1303771986588	0.5	1.0001	1	0.4999
540	1303771986607	0.5	1.0001	1	0.4999
541	1303771986624	0.5	1.0001	1	0.4999
542	1303771986641	0.5	1.0001	1	0.4999
543	1303771986660	0.5	1.0001	1	0.4999
544	1303771986717	0.5	1.0001	1	0.4999
545	1303771986774	0.5	1.0001	1	0.4999
546	1303771986793	0.5	1.0001	1	0.4999
547	1303771986850	0.5	1.0001	1	0.4999
548	1303771986867	0.5	1.0001	1	0.4999
549	1303771986886	0.5	1.0001	1	0.4999
550	1303771986902	0.5	1.0001	1	0.4999
551	1303771986919	0.5	1.0001	1	0.4999
552	1303771986936	0.5	1.0001	1	0.4999
553	1303771986954	0.5	1.0001	1	0.4999
554	1303771987011	0.5	1.0001	1	0.4999
555	1303771987043	0.5	1.0001	1	0.4999
556	1303771987103	0.5	1.0001	1	0.4999
557	1303771987120	0.5	1.0001	1	0.4999
558	1303771987137	0.5	1.0001	1	0.4999
559	1303771987156	0.5	1.0001	1	0.4999
560	1303771987173	0.5	1.0001	1	0.4999
561	1303771987190	0.5	1.0001	1	0.4999
562	1303771987207	0.5	1.0001	1	0.4999
563	1303771987225	0.5	1.0001	1	0.4999
564	1303771987242	0.5	1.0001	1	0.4999
565	1303771987259	0.5	1.0001	1	0.4999
566	1303771987278	0.5	1.0001	1	0.4999
567	1303771987295	0.5	1.0001	1	0.4999
568	1303771987312	0.5	1.0001	1	0.4999
569	1303771987329	0.5	1	1	0.5
570	1303771987349	0.5	1	1	0.5
571	1303771987367	0.5	1	1	0.5
572	1303771987383	0.5	1	1	0.5
573	1303771987402	0.5	1	1	0.5
574	1303771987418	0.5	1	1	0.5
575	1303771987436	0.5	1	1	0.5
576	1303771987454	0.5	1	1	0.5
577	1303771987471	0.5	1	1	0.5
578	1303771987487	0.5	1	1	0.5
579	1303771987504	0.5	1	1	0.5
580	1303771987523	0.5	1	1	0.5
581	1303771987540	0.5	1	1	0.5
582	1303771987558	0.5	1	1	0.5
583	1303771987577	0.5	1	1	0.5
584	1303771987594	0.5	1	1	0.5
585	1303771987610	0.5	1	1	0.5
586	1303771987628	0.5	1	1	0.5
587	1303771987647	0.5	1	1	0.5
588	1303771987664	0.5	1	1	0.5
589	1303771987680	0.5	1	1	0.5
590	1303771987699	0.5	1	1	0.5
591	1303771987715	0.5	1	1	0.5
592	1303771987732	0.5	1	1	0.5
593	1303771987748	0.5	1	1	0.5
594	1303771987767	0.5	1	1	0.5
595	1303771987783	0.5	1	1	0.5
596	1303771987800	0.5	1	1	0.5
597	1303771987817	0.5	1	1	0.5
598	1303771987835	0.5	1	1	0.5
599	1303771987851	0.5	1	1	0.5
600	1303771987868	0.5	1	1	0.5
601	1303771987886	0.5	1	1	0.5
602	1303771987903	0.5	1	1	0.5
603	1303771987920	0.5	1	1	0.5
604	1303771987936	0.5	1	1	0.5
605	1303771987955	0.5	1	1	0.5
606	1303771987971	0.5	1	1	0.5
607	1303771987988	0.5	1	1	0.5
608	1303771988048	0.5	1	1	0.5
609	1303771988066	0.5	1	1	0.5
610	1303771988083	0.5	1	1	0.5
611	1303771988102	0.5	1	1	0.5
612	1303771988119	0.5	1	1	0.5
613	1303771988137	0.5	1	1	0.5
614	1303771988155	0.5	1	1	0.5
615	1303771988174	0.5	1	1	0.5
616	1303771988231	0.5	1	1	0.5
617	1303771988248	0.5	1	1	0.5
618	1303771988266	0.5	1	1	0.5
619	1303771988324	0.5	1	1	0.5
620	1303771988340	0.5	1	1	0.5
621	1303771988357	0.5	1	1	0.5
622	1303771988375	0.5	1	1	0.5
623	1303771988392	0.5	1	1	0.5
624	1303771988409	0.5	1	1	0.5
625	1303771988427	0.5	1	1	0.5
626	1303771988443	0.5	1	1	0.5
627	1303771988460	0.5	1	1	0.5
628	1303771988476	0.5	1	1	0.5
629	1303771988495	0.5	1	1	0.5
630	1303771988512	0.5	1	1	0.5
631	1303771988530	0.5	1	1	0.5
632	1303771988550	0.5	1	1	0.5
633	1303771988567	0.5	1	1	0.5
634	1303771988584	0.5	1	1	0.5
635	1303771988604	0.5	1	1	0.5
636	1303771988660	0.5	1	1	0.5
637	1303771988676	0.5	1	1	0.5
638	1303771988693	0.5	1	1	0.5
639	1303771988712	0.5	1	1	0.5
640	1303771988730	0.5	1	1	0.5
641	1303771988747	0.5	1	1	0.5
642	1303771988766	0.5	1	1	0.5
643	1303771988784	0.5	1	1	0.5
644	1303771988802	0.5	1	1	0.5
645	1303771988820	0.5	1	1	0.5
646	1303771988838	0.5	1	1	0.5
647	1303771988855	0.5	1	1	0.5
648	1303771988872	0.5	1	1	0.5
649	1303771988890	0.5	1	1	0.5
650	1303771988907	0.5	1	1	0.5
651	1303771988925	0.5	1	1	0.5
652	1303771988941	0.5	1	1	0.5
653	1303771988959	0.5	1	1	0.5
654	1303771988976	0.5	1	1	0.5
655	1303771988992	0.5	1	1	0.5
656	1303771989010	0.5	1	1	0.5
657	1303771989028	0.5	1	1	0.5
658	1303771989045	0.5	1	1	0.5
659	1303771989061	0.5	1	1	0.5
660	1303771989095	0.5	1	1	0.5
661	1303771989112	0.5	1	1	0.5
662	1303771989129	0.5	1	1	0.5
663	1303771989146	0.5	1	1	0.5
664	1303771989163	0.5	1	1	0.5
665	1303771989179	0.5	1	1	0.5
666	1303771989196	0.5	1	1	0.5
667	1303771989214	0.5	1	1	0.5
668	1303771989271	0.5	1	1	0.5
669	1303771989288	0.5	1	1	0.5
670	1303771989307	0.5	1	1	0.5
671	1303771989325	0.5	1	1	0.5
672	1303771989342	0.5	1	1	0.5
673	1303771989358	0.5	1	1	0.5
674	1303771989376	0.5	1	1	0.5
675	1303771989393	0.5	1	1	0.5
676	1303771989410	0.5	1	1	0.5
677	1303771989469	0.5	1	1	0.5
678	1303771989526	0.5	1	1	0.5
679	1303771989583	0.5	1	1	0.5
680	1303771989600	0.5	1	1	0.5
681	1303771989618	0.5	1	1	0.5
682	1303771989634	0.5	1	1	0.5
683	1303771989651	0.5	1	1	0.5
684	1303771989669	0.5	1	1	0.5
685	1303771989686	0.5	1	1	0.5
686	1303771989702	0.5	1	1	0.5
687	1303771989719	0.5	1	1	0.5
688	1303771989778	0.5	1	1	0.5
689	1303771989795	0.5	1	1	0.5
690	1303771989812	0.5	1	1	0.5
691	1303771989871	0.5	1	1	0.5
692	1303771989889	0.5	1	1	0.5
693	1303771989906	0.5	1	1	0.5
694	1303771989925	0.5	1	1	0.5
695	1303771989982	0.5	1	1	0.5
696	1303771989998	0.5	1	1	0.5
697	1303771990016	0.5	1	1	0.5
698	1303771990035	0.5	1	1	0.5
699	1303771990052	0.5	1	1	0.5
700	1303771990070	0.5	1	1	0.5
701	1303771990090	0.5	1	1	0.5
702	1303771990107	0.5	1	1	0.5
703	1303771990123	0.5	1	1	0.5
704	1303771990139	0.5	1	1	0.5
705	1303771990158	0.5	1	1	0.5
706	1303771990175	0.5	1	1	0.5
707	1303771990191	0.5	1	1	0.5
708	1303771990209	0.5	1	1	0.5
709	1303771990226	0.5	1	1	0.5
710	1303771990242	0.5	1	1	0.5
711	1303771990260	0.5	1	1	0.5
712	1303771990279	0.5	1	1	0.5
713	1303771990337	0.5	1	1	0.5
714	1303771990353	0.5	1	1	0.5
715	1303771990373	0.5	1	1	0.5
716	1303771990390	0.5	1	1	0.5
717	1303771990408	0.5	1	1	0.5
718	1303771990425	0.5	1	1	0.5
719	1303771990444	0.5	1	1	0.5
720	1303771990461	0.5	1	1	0.5
721	1303771990478	0.5	1	1	0.5
722	1303771990497	0.5	1	1	0.5
723	1303771990514	0.5	1	1	0.5
724	1303771990531	0.5	1	1	0.5
725	1303771990549	0.5	1	1	0.5
726	1303771990567	0.5	1	1	0.5
727	1303771990585	0.5	1	1	0.5
728	1303771990602	0.5	1	1	0.5
729	1303771990665	0.5	1	1	0.5
730	1303771990681	0.5	1	1	0.5
731	1303771990699	0.5	1	1	0.5
732	1303771990715	0.5	1	1	0.5
733	1303771990734	0.5	1	1	0.5
734	1303771990791	0.5	1	1	0.5
735	1303771990848	0.5	1.6929	1	0.2954
736	1303771990867	0.5	1.6929	1	0.2954
737	1303771990884	0.5	1.6929	1	0.2954
738	1303771990901	0.5	1.6929	1	0.2954
739	1303771990919	0.5	1.6929	1	0.2954
740	1303771990936	0.5	1.6929	1	0.2954
741	1303771990953	0.5	1.6929	1	0.2954
742	1303771991010	0.5	1.6929	1	0.2954
743	1303771991028	0.5	1.6929	1	0.2954
744	1303771991045	0.5	1.6929	1	0.2954
745	1303771991061	0.5	1.6929	1	0.2954
746	1303771991079	0.5	1.6929	1	0.2954
747	1303771991096	0.5	1.6929	1	0.2954
748	1303771991113	0.5	1.6929	1	0.2954
749	1303771991130	0.5	1.6929	1	0.2954
750	1303771991150	0.5	1.6929	1	0.2954
751	1303771991168	0.5	1.6929	1	0.2954
752	1303771991185	0.5	1.6929	1	0.2954
753	1303771991204	0.5	1.6929	1	0.2954
754	1303771991222	0.5	1.6929	1	0.2954
755	1303771991239	0.5	1.6927	1	0.2954
756	1303771991256	0.5	1.6927	1	0.2954
757	1303771991397	0.5	1.6927	1	0.2954
758	1303771991414	0.5	1.6927	1	0.2954
759	1303771991452	0.5	1.6927	1	0.2954
760	1303771991471	0.5	1.6927	1	0.2954
761	1303771991528	0.5	1.6927	1	0.2954
762	1303771991545	0.5	1.6927	1	0.2954
763	1303771991563	0.5	1.6927	1	0.2954
764	1303771991580	0.5	1.6927	1	0.2954
765	1303771991597	0.5	1.6927	1	0.2954
766	1303771991614	0.5	1.6927	1	0.2954
767	1303771991633	0.5	1.6927	1	0.2954
768	1303771991650	0.5	1.6927	1	0.2954
769	1303771991668	0.5	1.6927	1	0.2954
770	1303771991754	0.5	1.6927	1	0.2954
771	1303771991771	0.5	1.6927	1	0.2954
772	1303771991788	0.5	1.6927	1	0.2954
773	1303771991807	0.5	1.6927	1	0.2954
774	1303771991864	0.5	1.6927	1	0.2954
775	1303771991881	0.5	1.6927	1	0.2954
776	1303771991897	0.5	1.6927	1	0.2954
777	1303771991916	0.5	1.6927	1	0.2954
778	1303771991932	0.5	1.6927	1	0.2954
779	1303771991949	0.5	1.6927	1	0.2954
780	1303771991968	0.5	1.6927	1	0.2954
781	1303771991984	0.5	1.6927	1	0.2954
782	1303771992001	0.5	1.6927	1	0.2954
783	1303771992018	0.5	1.6927	1	0.2954
784	1303771992036	0.5	1.6927	1	0.2954
785	1303771992053	0.5	1.6927	1	0.2954
786	1303771992070	0.5	1.6927	1	0.2954
787	1303771992088	0.5	1.6927	1	0.2954
788	1303771992105	0.5	1.6927	1	0.2954
789	1303771992122	0.5	1.6927	1	0.2954
790	1303771992138	0.5	1.6927	1	0.2954
791	1303771992157	0.5	1.6927	1	0.2954
792	1303771992174	0.5	1.6927	1	0.2954
793	1303771992231	0.5	1.6927	1	0.2954
794	1303771992250	0.5	1.6927	1	0.2954
795	1303771992266	0.5	1.6927	1	0.2954
796	1303771992284	0.5	1.6927	1	0.2954
797	1303771992303	0.5	1.6927	1	0.2954
798	1303771992320	0.5	1.6927	1	0.2954
799	1303771992337	0.5	1.6927	1	0.2954
800	1303771992354	0.5	1.6927	1	0.2954
801	1303771992373	0.5	1.6927	1	0.2954
802	1303771992390	0.5	1.6927	1	0.2954
803	1303771992406	0.5	1.6927	1	0.2954
804	1303771992424	0.5	1.6927	1	0.2954
805	1303771992441	0.5	1.6927	1	0.2954
806	1303771992458	0.5	1.6927	1	0.2954
807	1303771992475	0.5	1.6927	1	0.2954
808	1303771992493	0.5	1.6927	1	0.2954
809	1303771992550	0.5	1.6927	1	0.2954
810	1303771992567	0.5	1.6927	1	0.2954
811	1303771992585	0.5	1.6927	1	0.2954
812	1303771992602	0.5	1.6927	1	0.2954
813	1303771992619	0.5	1.6927	1	0.2954
814	1303771992641	0.5	1.6927	1	0.2954
815	1303771992659	0.5	1.6926	1	0.2954
816	1303771992678	0.5	1.6926	1	0.2954
817	1303771992694	0.5	1.6926	1	0.2954
818	1303771992713	0.5	1.6926	1	0.2954
819	1303771992730	0.5	1.6926	1	0.2954
820	1303771992747	0.5	1.6926	1	0.2954
821	1303771992765	0.5	1.6926	1	0.2954
822	1303771992782	0.5	1.6926	1	0.2954
823	1303771992799	0.5	1.6926	1	0.2954
824	1303771992816	0.5	1.6926	1	0.2954
825	1303771992835	0.5	1.6926	1	0.2954
826	1303771992851	0.5	1.6926	1	0.2954
827	1303771992868	0.5	1.6926	1	0.2954
828	1303771992886	0.5	1.6926	1	0.2954
829	1303771992903	0.5	1.6926	1	0.2954
830	1303771992961	0.5	1.6926	1	0.2954
831	1303771992977	0.5	1.6926	1	0.2954
832	1303771992996	0.5	1.6926	1	0.2954
833	1303771993012	0.5	1.6926	1	0.2954
834	1303771993030	0.5	1.6926	1	0.2954
835	1303771993049	0.5	1.6926	1	0.2954
836	1303771993066	0.5	1.6926	1	0.2954
837	1303771993082	0.5	1.6926	1	0.2954
838	1303771993099	0.5	1.6926	1	0.2954
839	1303771993117	0.5	1.6926	1	0.2954
840	1303771993133	0.5	1.6926	1	0.2954
841	1303771993150	0.5	1.6926	1	0.2954
842	1303771993168	0.5	1.6926	1	0.2954
843	1303771993185	0.5	1.6926	1	0.2954
844	1303771993242	0.5	1.6926	1	0.2954
845	1303771993259	0.5	1.6926	1	0.2954
846	1303771993278	0.5	1.6926	1	0.2954
847	1303771993295	0.5	1.6926	1	0.2954
848	1303771993313	0.5	1.6926	1	0.2954
849	1303771993372	0.5	1.6926	1	0.2954
850	1303771993389	0.5	1.6926	1	0.2954
851	1303771993407	0.5	1.6926	1	0.2954
852	1303771993425	0.5	1.6926	1	0.2954
853	1303771993442	0.5	1.6926	1	0.2954
854	1303771993458	0.5	1.6926	1	0.2954
855	1303771993475	0.5	1.6926	1	0.2954
856	1303771993494	0.5	1.6926	1	0.2954
857	1303771993511	0.5	1.6926	1	0.2954
858	1303771993528	0.5	1.6926	1	0.2954
859	1303771993546	0.5	1.6926	1	0.2954
860	1303771993563	0.5	1.6926	1	0.2954
861	1303771993621	0.5	1.6926	1	0.2954
862	1303771993638	0.5	1.6926	1	0.2954
863	1303771993656	0.5	1.6926	1	0.2954
864	1303771993673	0.5	1.6926	1	0.2954
865	1303771993690	0.5	1.6926	1	0.2954
866	1303771993709	0.5	1.6926	1	0.2954
867	1303771993726	0.5	1.6926	1	0.2954
868	1303771993742	0.5	1.6926	1	0.2954
869	1303771993759	0.5	1.6926	1	0.2954
870	1303771993777	0.5	1.6926	1	0.2954
871	1303771993794	0.5	1.6926	1	0.2954
872	1303771993811	0.5	1.6926	1	0.2954
873	1303771993829	0.5	1.6926	1	0.2954
874	1303771993846	0.5	1.6926	1	0.2954
875	1303771993863	0.5	1.6926	1	0.2954
876	1303771993920	0.5	1.6926	1	0.2954
877	1303771993979	0.5	1.6926	1	0.2954
878	1303771993996	0.5	1.6926	1	0.2954
879	1303771994054	0.5	1.6926	1	0.2954
880	1303771994114	0.5	1.6926	1	0.2954
881	1303771994131	0.5	1.6926	1	0.2954
882	1303771994148	0.5	1.6926	1	0.2954
883	1303771994167	0.5	1.6926	1	0.2954
884	1303771994183	0.5	1.6926	1	0.2954
885	1303771994200	0.5	1.6926	1	0.2954
886	1303771994217	0.5	1.6926	1	0.2954
887	1303771994237	0.5	1.6926	1	0.2954
888	1303771994254	0.5	1.6926	1	0.2954
889	1303771994271	0.5	1.6926	1	0.2954
890	1303771994289	0.5	1.6926	1	0.2954
891	1303771994347	0.5	1.6926	1	0.2954
892	1303771994364	0.5	1.6926	1	0.2954
893	1303771994383	0.5	1.6926	1	0.2954
894	1303771994400	0.5	1.6926	1	0.2954
895	1303771994418	0.5	1.6926	1	0.2954
896	1303771994435	0.5	1.6926	1	0.2954
897	1303771994454	0.5	1.6926	1	0.2954
898	1303771994471	0.5	1.6926	1	0.2954
899	1303771994488	0.5	1.6926	1	0.2954
900	1303771994506	0.5	1.6926	1	0.2954
901	1303771994523	0.5	1.6926	1	0.2954
902	1303771994540	0.5	1.6926	1	0.2954
903	1303771994557	0.5	1.6926	1	0.2954
904	1303771994576	0.5	1.6926	1	0.2954
905	1303771994593	0.5	1.6926	1	0.2954
906	1303771994610	0.5	1.6926	1	0.2954
907	1303771994629	0.5	1.6926	1	0.2954
908	1303771994688	0.5	1.6926	1	0.2954
909	1303771994705	0.5	1.6926	1	0.2954
910	1303771994722	0.5	1.6926	1	0.2954
911	1303771994741	0.5	1.6926	1	0.2954
912	1303771994758	0.5	1.6926	1	0.2954
913	1303771994774	0.5	1.6926	1	0.2954
914	1303771994793	0.5	1.6926	1	0.2954
915	1303771994809	0.5	1.6926	1	0.2954
916	1303771994826	0.5	1.6926	1	0.2954
917	1303771994843	0.5	1.6926	1	0.2954
918	1303771994901	0.5	1.6926	1	0.2954
919	1303771994917	0.5	1.6926	1	0.2954
920	1303771994934	0.5	1.6926	1	0.2954
921	1303771994952	0.5	1.6926	1	0.2954
922	1303771994969	0.5	1.6926	1	0.2954
923	1303771994985	0.5	1.6926	1	0.2954
924	1303771995002	0.5	1.6926	1	0.2954
925	1303771995021	0.5	1.6926	1	0.2954
926	1303771995077	0.5	1.6926	1	0.2954
927	1303771995094	0.5	1.6926	1	0.2954
928	1303771995153	0.5	1.6926	1	0.2954
929	1303771995169	0.5	1.6926	1	0.2954
930	1303771995186	0.5	1.6926	1	0.2954
931	1303771995204	0.5	1.6926	1	0.2954
932	1303771995221	0.5	1.6926	1	0.2954
933	1303771995238	0.5	1.6926	1	0.2954
934	1303771995255	0.5	1.6926	1	0.2954
935	1303771995273	0.5	1.6926	1	0.2954
936	1303771995334	0.5	1.6926	1	0.2954
937	1303771995352	0.5	1.6926	1	0.2954
938	1303771995370	0.5	1.6926	1	0.2954
939	1303771995431	0.5	1.6926	1	0.2954
940	1303771995448	0.5	1.6926	1	0.2954
941	1303771995467	0.5	1.6926	1	0.2954
942	1303771995484	0.5	1.6926	1	0.2954
943	1303771995541	0.5	1.6926	1	0.2954
944	1303771995603	0.5	1.6926	1	0.2954
945	1303771995619	0.5	1.6926	1	0.2954
946	1303771995636	0.5	1.6926	1	0.2954
947	1303771995653	0.5	1.6926	1	0.2954
948	1303771995672	0.5	1.6926	1	0.2954
949	1303771995691	0.5	1.5336	1	0.326
950	1303771995709	0.5	1.5218	1	0.3286
951	1303771995728	0.5	1.5218	1.0556	0.3113
952	1303771995746	0.5	1.5218	1.0556	0.3113
953	1303771995764	0.5	1.5218	1	0.3286
954	1303771995784	0.5	1.5218	1.1364	0.2891
955	1303771995801	0.5	1.5218	1.1	0.2987
956	1303771995818	0.5	1.5218	1.1	0.2987
957	1303771995837	0.5	1.5218	1.1364	0.2891
958	1303771995857	0.5	1.5218	1.1364	0.2891
959	1303771995874	0.5	1.5218	1.1667	0.2816
960	1303771995932	0.5	1.5218	1.1364	0.2891
961	1303771995951	0.5	1.5218	1.1667	0.2816
962	1303771995968	0.5	1.5218	1.1364	0.2891
963	1303771995985	0.5	1.5218	1.1667	0.2816
964	1303771996004	0.5	1.5218	1.2083	0.2719
965	1303771996021	0.5	1.5218	1.1667	0.2816
966	1303771996083	0.5	1.5218	1.1667	0.2816
967	1303771996101	0.5	1.5218	1.2083	0.2719
968	1303771996121	0.5	1.5218	1.2083	0.2719
969	1303771996179	0.5	1.5218	1.2083	0.2719
970	1303771996195	0.5	1.5218	1.1667	0.2816
971	1303771996214	0.5	1.5218	1.2083	0.2719
972	1303771996232	0.5	1.5218	1.2083	0.2719
973	1303771996250	0.5	1.5218	1.2083	0.2719
974	1303771996268	0.5	1.5218	1.1667	0.2816
975	1303771996286	0.5	1.5218	1.2083	0.2719
976	1303771996304	0.5	1.5218	1.2083	0.2719
977	1303771996361	0.5	1.5218	1.2083	0.2719
978	1303771996381	0.5	1.5218	1.1667	0.2816
979	1303771996399	0.5	1.5218	1.1667	0.2816
980	1303771996416	0.5	1.5218	1.2083	0.2719
981	1303771996434	0.5	1.5218	1.25	0.2629
982	1303771996451	0.5	1.5218	1.1667	0.2816
983	1303771996468	0.5	1.5218	1.2083	0.2719
984	1303771996486	0.5	1.5218	1.25	0.2629
985	1303771996504	0.5	1.5218	1.25	0.2629
986	1303771996561	0.5	1.5218	1.2083	0.2719
987	1303771996578	0.5	1.5218	1.2083	0.2719
988	1303771996596	0.5	1.5218	1.25	0.2629
989	1303771996614	0.5	1.5218	1.2083	0.2719
990	1303771996631	0.5	1.5218	1.2308	0.267
991	1303771996650	0.5	1.5218	1.2692	0.2589
992	1303771996666	0.5	1.5218	1.2308	0.267
993	1303771996683	0.5	1.5218	1.1923	0.2756
994	1303771996700	0.5	1.5218	1.2692	0.2589
995	1303771996719	0.5	1.5263	1.2308	0.2662
996	1303771996737	0.5	1.5263	1.2308	0.2662
997	1303771996755	0.5	1.5263	1.2692	0.2581
998	1303771996774	0.5	1.5263	1.2308	0.2662
999	1303771996791	0.5	1.5263	1.2308	0.2662
1000	1303771996808	0.5	1.5263	1.2692	0.2581
1001	1303771996827	0.5	1.5263	1.2308	0.2662
1002	1303771996843	0.5	1.5263	1.2308	0.2662
1003	1303771996860	0.5	1.5263	1.2692	0.2581
1004	1303771996921	0.5	1.5263	1.2308	0.2662
1005	1303771996940	0.5	1.5263	1.2308	0.2662
1006	1303771996997	0.5	1.5263	1.2692	0.2581
1007	1303771997013	0.5	1.5263	1.2308	0.2662
1008	1303771997032	0.5	1.5263	1.2308	0.2662
1009	1303771997048	0.5	1.5263	1.2692	0.2581
1010	1303771997065	0.5	1.3969	1.2308	0.2908
1011	1303771997085	0.5	1.3771	1.1923	0.3045
1012	1303771997102	0.5	1.3771	1.2308	0.295
1013	1303771997120	0.5	1.3771	1.2857	0.2824
1014	1303771997136	0.5	1.3771	1.25	0.2905
1015	1303771997155	0.5	1.3771	1.25	0.2905
1016	1303771997212	0.5	1.3771	1.1538	0.3147
1017	1303771997229	0.5	1.3771	1.2143	0.299
1018	1303771997248	0.5	1.3771	1.2143	0.299
1019	1303771997265	0.5	1.3771	1.2143	0.299
1020	1303771997282	0.5	1.3771	1.2143	0.299
1021	1303771997304	0.5	1.3771	1.2143	0.299
1022	1303771997363	0.5	1.3771	1.2143	0.299
1023	1303771997379	0.5	1.3771	1.2143	0.299
1024	1303771997397	0.5	1.3771	1.2143	0.299
1025	1303771997456	0.5	1.3771	1.2143	0.299
1026	1303771997472	0.5	1.3771	1.2143	0.299
1027	1303771997489	0.5	1.3771	1.2143	0.299
1028	1303771997507	0.5	1.3771	1.2143	0.299
1029	1303771997524	0.5	1.3771	1.2143	0.299
1030	1303771997541	0.5	1.3771	1.2143	0.299
1031	1303771997636	0.5	1.3771	1.2143	0.299
1032	1303771997655	0.5	1.3771	1.2143	0.299
1033	1303771997673	0.5	1.3771	1.2143	0.299
1034	1303771997690	0.5	1.3771	1.2143	0.299
1035	1303771997709	0.5	1.3771	1.2143	0.299
1036	1303771997726	0.5	1.3771	1.2143	0.299
1037	1303771997742	0.5	1.3771	1.2143	0.299
1038	1303771997759	0.5	1.3771	1.2143	0.299
1039	1303771997778	0.5	1.3771	1.2143	0.299
1040	1303771997795	0.5	1.3771	1.2143	0.299
1041	1303771997812	0.5	1.3771	1.2143	0.299
1042	1303771997830	0.5	1.3771	1.2143	0.299
1043	1303771997847	0.5	1.3771	1.2143	0.299
1044	1303771997865	0.5	1.3771	1.2143	0.299
1045	1303771997882	0.5	1.3771	1.2143	0.299
1046	1303771997901	0.5	1.3771	1.2143	0.299
1047	1303771997918	0.5	1.3771	1.2143	0.299
1048	1303771997935	0.5	1.3771	1.2143	0.299
1049	1303771997953	0.5	1.3771	1.2143	0.299
1050	1303771997970	0.5	1.3771	1.2143	0.299
1051	1303771997987	0.5	1.3771	1.2143	0.299
1052	1303771998005	0.5	1.3771	1.2143	0.299
1053	1303771998024	0.5	1.3771	1.2143	0.299
1054	1303771998041	0.5	1.3771	1.2143	0.299
1055	1303771998057	0.5	1.3771	1.2143	0.299
1056	1303771998076	0.5	1.3771	1.2143	0.299
1057	1303771998093	0.5	1.3771	1.2143	0.299
1058	1303771998111	0.5	1.3774	1.2143	0.299
1059	1303771998128	0.5	1.3774	1.2143	0.299
1060	1303771998146	0.5	1.3774	1.2143	0.299
1061	1303771998163	0.5	1.3774	1.2143	0.299
1062	1303771998180	0.5	1.3774	1.2143	0.299
1063	1303771998198	0.5	1.3774	1.2143	0.299
1064	1303771998215	0.5	1.3774	1.2143	0.299
1065	1303771998232	0.5	1.3774	1.2143	0.299
1066	1303771998249	0.5	1.3774	1.2143	0.299
1067	1303771998267	0.5	1.3774	1.2143	0.299
1068	1303771998284	0.5	1.3774	1.2143	0.299
1069	1303771998301	0.5	1.3774	1.2143	0.299
1070	1303771998319	0.5	1.3774	1.2143	0.299
1071	1303771998337	0.5	1.3774	1.2143	0.299
1072	1303771998355	0.5	1.3745	1.1786	0.3087
1073	1303771998415	0.5	1.3745	1.2667	0.2872
1074	1303771998433	0.5	1.3745	1.1786	0.3087
1075	1303771998450	0.5	1.3745	1.2143	0.2996
1076	1303771998467	0.5	1.3745	1.2143	0.2996
1077	1303771998486	0.5	1.3745	1.25	0.291
1078	1303771998504	0.5	1.3745	1.2143	0.2996
1079	1303771998521	0.5	1.3745	1.2143	0.2996
1080	1303771998540	0.5	1.3745	1.2143	0.2996
1081	1303771998557	0.5	1.3745	1.2667	0.2872
1082	1303771998574	0.5	1.3745	1.2	0.3031
1083	1303771998591	0.5	1.3745	1.1667	0.3118
1084	1303771998611	0.5	1.3745	1.1667	0.3118
1085	1303771998629	0.5	1.3745	1.1667	0.3118
1086	1303771998646	0.5	1.3745	1.1333	0.321
1087	1303771998666	0.5	1.3745	1.1333	0.321
1088	1303771998683	0.5	1.3745	1.1333	0.321
1089	1303771998700	0.5	1.3745	1.1333	0.321
1090	1303771998717	0.5	1.3745	1.1	0.3307
1091	1303771998736	0.5	1.3745	1.1	0.3307
1092	1303771998753	0.5	1.3745	1.1	0.3307
1093	1303771998770	0.5	1.3745	1.1333	0.321
1094	1303771998788	0.5	1.3745	1.1	0.3307
1095	1303771998805	0.5	1.3745	1.1	0.3307
1096	1303771998862	0.5	1.3745	1.1	0.3307
1097	1303771998881	0.5	1.3745	1.1	0.3307
1098	1303771998898	0.5	1.3745	1.0667	0.341
1099	1303771998956	0.5	1.3745	1.0667	0.341
1100	1303771998973	0.5	1.3745	1.0667	0.341
1101	1303771998992	0.5	1.3745	1.1	0.3307
1102	1303771999009	0.5	1.3745	1.0667	0.341
1103	1303771999025	0.5	1.3745	1.0667	0.341
1104	1303771999044	0.5	1.3745	1.0667	0.341
1105	1303771999061	0.5	1.3745	1.1	0.3307
1106	1303771999087	0.5	1.3745	1.0667	0.341
1107	1303771999105	0.5	1.3745	1.0667	0.341
1108	1303771999123	0.5	1.3745	1.0667	0.341
1109	1303771999140	0.5	1.3745	1.1	0.3307
1110	1303771999156	0.5	1.3745	1.0667	0.341
1111	1303771999175	0.5	1.3745	1.0667	0.341
1112	1303771999193	0.5	1.3745	1.0667	0.341
1113	1303771999210	0.5	1.3745	1.1	0.3307
1114	1303771999228	0.5	1.3745	1.0667	0.341
1115	1303771999251	0.5	1.3745	1.0667	0.341
1116	1303771999268	0.5	1.3745	1.0667	0.341
1117	1303771999285	0.5	1.3745	1.1	0.3307
1118	1303771999304	0.5	1.3745	1.0667	0.341
1119	1303771999366	0.5	1.0801	1.0667	0.434
1120	1303771999384	0.5	1.0801	1.0667	0.434
1121	1303771999402	0.5	1.0801	1.1	0.4208
1122	1303771999419	0.5	1.0801	1.0667	0.434
1123	1303771999476	0.5	1.0801	1.0667	0.434
1124	1303771999493	0.5	1.0801	1.0667	0.434
1125	1303771999513	0.5	1.0801	1.1	0.4208
1126	1303771999529	0.5	1.0801	1.0667	0.434
1127	1303771999546	0.5	1.0801	1.0667	0.434
1128	1303771999564	0.5	1.0801	1.0667	0.434
1129	1303771999581	0.5	1.0801	1.1	0.4208
1130	1303771999598	0.5	1.0801	1.0667	0.434
1131	1303771999614	0.5	1.0801	1.0667	0.434
1132	1303771999634	0.5	1.0835	1.0667	0.4326
1133	1303771999652	0.5	1.0817	1.1	0.4202
1134	1303771999671	0.5	1.0814	1.0667	0.4335
1135	1303771999691	0.5	1.076	1.0667	0.4356
1136	1303771999709	0.5	1.076	1.0667	0.4356
1137	1303771999726	0.5	1.076	1.1	0.4224
1138	1303771999745	0.5	1.076	1.0667	0.4356
1139	1303771999761	0.5	1.076	1.0667	0.4356
1140	1303771999778	0.5	1.076	1.0667	0.4356
1141	1303771999797	0.5	1.076	1.0667	0.4356
1142	1303771999814	0.5	1.076	1.0667	0.4356
1143	1303771999831	0.5	1.076	1.0667	0.4356
1144	1303771999849	0.5	1.076	1.0667	0.4356
1145	1303771999868	0.5	1.076	1.0667	0.4356
1146	1303771999885	0.5	1.076	1.0667	0.4356
1147	1303771999902	0.5	1.076	1.0667	0.4356
1148	1303771999920	0.5	1.076	1.0667	0.4356
1149	1303771999937	0.5	1.076	1.0667	0.4356
1150	1303771999954	0.5	1.076	1.0667	0.4356
1151	1303771999972	0.5	1.076	1.0667	0.4356
1152	1303771999990	0.5	1.076	1.0667	0.4356
1153	1303772000008	0.5	1.076	1.0667	0.4356
1154	1303772000066	0.5	1.076	1.0667	0.4356
1155	1303772000085	0.5	1.076	1.0667	0.4356
1156	1303772000102	0.5	1.076	1.0667	0.4356
1157	1303772000160	0.5	1.076	1.0667	0.4356
1158	1303772000179	0.5	1.076	1.0667	0.4356
1159	1303772000196	0.5	1.076	1.0667	0.4356
1160	1303772000257	0.5	1.076	1.0667	0.4356
1161	1303772000315	0.5	1.076	1.0667	0.4356
1162	1303772000334	0.5	1.076	1.0667	0.4356
1163	1303772000351	0.5	1.076	1.0667	0.4356
1164	1303772000368	0.5	1.076	1.0667	0.4356
1165	1303772000387	0.5	1.076	1.0667	0.4356
1166	1303772000403	0.5	1.076	1.0667	0.4356
1167	1303772000420	0.5	1.076	1.0667	0.4356
1168	1303772000439	0.5	1.076	1.0667	0.4356
1169	1303772000456	0.5	1.076	1.0667	0.4356
1170	1303772000474	0.5	1.076	1.0667	0.4356
1171	1303772000492	0.5	1.076	1.0667	0.4356
1172	1303772000510	0.5	1.076	1.0667	0.4356
1173	1303772000528	0.5	1.076	1.0667	0.4356
1174	1303772000545	0.5	1.076	1.0667	0.4356
1175	1303772000567	0.5	1.076	1.0667	0.4356
1176	1303772000584	0.5	1.076	1.0667	0.4356
1177	1303772000601	0.5	1.076	1.0667	0.4356
1178	1303772000618	0.5	1.076	1.0667	0.4356
1179	1303772000678	0.5	1.076	1.0667	0.4356
1180	1303772000695	0.5	1.076	1.0667	0.4356
1181	1303772000713	0.5	1.076	1.0667	0.4356
1182	1303772000732	0.5	1.076	1.0667	0.4356
1183	1303772000749	0.5	1.076	1.0667	0.4356
1184	1303772000766	0.5	1.076	1.0667	0.4356
1185	1303772000784	0.5	1.076	1.0667	0.4356
1186	1303772000802	0.5	1.076	1.0667	0.4356
1187	1303772000820	0.5	1.076	1.0667	0.4356
1188	1303772000837	0.5	1.076	1.0667	0.4356
1189	1303772000857	0.5	1.076	1.0667	0.4356
1190	1303772000874	0.5	1.076	1.0667	0.4356
1191	1303772000895	0.5	1.076	1.0667	0.4356
1192	1303772000915	0.5	1.076	1.0667	0.4356
1193	1303772000933	0.5	1.076	1.1333	0.41
1194	1303772000952	0.5	1.0801	1.1333	0.4085
1195	1303772000972	0.5	1.0728	1.1562	0.4031
1196	1303772000989	0.5	1.0728	1.1	0.4237
1197	1303772001007	0.5	1.0728	1.1875	0.3925
1198	1303772001024	0.5	1.0728	1.0938	0.4261
1199	1303772001042	0.5	1.0728	1.0938	0.4261
1200	1303772001058	0.5	1.0728	1.0938	0.4261
1201	1303772001075	0.5	1.0728	1.0938	0.4261
1202	1303772001093	0.5	1.0728	1.0938	0.4261
1203	1303772001110	0.5	1.0728	1.0938	0.4261
1204	1303772001166	0.5	1.0728	1.0938	0.4261
1205	1303772001185	0.5	1.0728	1.0938	0.4261
1206	1303772001243	0.5	1.0728	1.0938	0.4261
1207	1303772001300	0.5	1.0728	1.0938	0.4261
1208	1303772001317	0.5	1.0728	1.0938	0.4261
1209	1303772001379	0.5	1.0728	1.0625	0.4387
1210	1303772001397	0.5	1.0728	1.0625	0.4387
1211	1303772001413	0.5	1.0728	1.0625	0.4387
1212	1303772001432	0.5	1.0728	1.0625	0.4387
1213	1303772001449	0.5	1.0728	1.0625	0.4387
1214	1303772001465	0.5	1.0728	1.0625	0.4387
1215	1303772001484	0.5	1.0728	1.0625	0.4387
1216	1303772001501	0.5	1.0728	1.0625	0.4387
1217	1303772001518	0.5	1.0728	1.0625	0.4387
1218	1303772001534	0.5	1.0728	1.0625	0.4387
1219	1303772001553	0.5	1.0728	1.0625	0.4387
1220	1303772001570	0.5	1.0728	1.0625	0.4387
1221	1303772001587	0.5	1.0728	1.0625	0.4387
1222	1303772001606	0.5	1.0728	1.0625	0.4387
1223	1303772001663	0.5	1.0728	1.0625	0.4387
1224	1303772001679	0.5	1.0728	1.0625	0.4387
1225	1303772001696	0.5	1.0728	1.0625	0.4387
1226	1303772001754	0.5	1.0728	1.0625	0.4387
1227	1303772001770	0.5	1.0728	1.0625	0.4387
1228	1303772001788	0.5	1.0728	1.0625	0.4387
1229	1303772001807	0.5	1.0728	1.0625	0.4387
1230	1303772001823	0.5	1.0728	1.0625	0.4387
1231	1303772001880	0.5	1.0728	1.0625	0.4387
1232	1303772001899	0.5	1.0728	1.0625	0.4387
1233	1303772001917	0.5	1.0728	1.0625	0.4387
1234	1303772001934	0.5	1.0728	1.0625	0.4387
1235	1303772001951	0.5	1.0728	1.0625	0.4387
1236	1303772001971	0.5	1.0728	1.0625	0.4387
1237	1303772001988	0.5	1.0728	1.0625	0.4387
1238	1303772002005	0.5	1.0728	1.0625	0.4387
1239	1303772002023	0.5	1.0728	1.0625	0.4387
1240	1303772002080	0.5	1.0671	1.0625	0.441
1241	1303772002098	0.5	1.0671	1.0625	0.441
1242	1303772002115	0.5	1.0671	1.0625	0.441
1243	1303772002135	0.5	1.0671	1.0625	0.441
1244	1303772002153	0.5	1.0671	1.0625	0.441
1245	1303772002214	0.5	1.0671	1.0625	0.441
1246	1303772002233	0.5	1.0671	1.0625	0.441
1247	1303772002250	0.5	1.0671	1.0625	0.441
1248	1303772002268	0.5	1.0671	1.0625	0.441
1249	1303772002287	0.5	1.0671	1.0625	0.441
1250	1303772002304	0.5	1.0671	1.0625	0.441
1251	1303772002322	0.5	1.0671	1.0625	0.441
1252	1303772002338	0.5	1.0671	1.0625	0.441
1253	1303772002357	0.5	1.0671	1.0625	0.441
1254	1303772002415	0.5	1.0631	1.0625	0.4427
1255	1303772002432	0.5	1.0631	1.0625	0.4427
1256	1303772002452	0.5	1.0631	1.0625	0.4427
1257	1303772002469	0.5	1.0631	1.0625	0.4427
1258	1303772002486	0.5	1.0631	1.0625	0.4427
1259	1303772002545	0.5	1.0631	1.0625	0.4427
1260	1303772002601	0.5	1.0631	1.0625	0.4427
1261	1303772002618	0.5	1.0631	1.0625	0.4427
1262	1303772002637	0.5	1.0631	1.0625	0.4427
1263	1303772002653	0.5	1.0631	1.0625	0.4427
1264	1303772002670	0.5	1.0631	1.0625	0.4427
1265	1303772002686	0.5	1.0631	1.0625	0.4427
1266	1303772002705	0.5	1.0631	1.0625	0.4427
1267	1303772002721	0.5	1.0631	1.0625	0.4427
1268	1303772002741	0.5	1.0631	1.0625	0.4427
1269	1303772002760	0.5	1.0631	1.0625	0.4427
1270	1303772002776	0.5	1.0631	1.0625	0.4427
1271	1303772002793	0.5	1.0631	1.0625	0.4427
1272	1303772002811	0.5	1.0631	1.0625	0.4427
1273	1303772002829	0.5	1.0631	1.0625	0.4427
1274	1303772002886	0.5	1.0631	1.0625	0.4427
1275	1303772002903	0.5	1.0631	1.0625	0.4427
1276	1303772002922	0.5	1.0631	1.0625	0.4427
1277	1303772002938	0.5	1.0631	1.0625	0.4427
1278	1303772002955	0.5	1.0631	1.0625	0.4427
1279	1303772002974	0.5	1.0631	1.0625	0.4427
1280	1303772002991	0.5	1.0631	1.0625	0.4427
1281	1303772003009	0.5	1.0631	1.0625	0.4427
1282	1303772003028	0.5	1.0631	1.0625	0.4427
1283	1303772003045	0.5	1.0631	1.0625	0.4427
1284	1303772003061	0.5	1.0631	1.0625	0.4427
1285	1303772003078	0.5	1.0631	1.0625	0.4427
1286	1303772003137	0.5	1.0631	1.0625	0.4427
1287	1303772003154	0.5	1.0631	1.0625	0.4427
1288	1303772003171	0.5	1.0631	1.0625	0.4427
1289	1303772003190	0.5	1.0631	1.0625	0.4427
1290	1303772003207	0.5	1.0631	1.0625	0.4427
1291	1303772003223	0.5	1.0631	1.0625	0.4427
1292	1303772003240	0.5	1.0631	1.0625	0.4427
1293	1303772003300	0.5	1.0631	1.0625	0.4427
1294	1303772003421	0.5	1.0631	1.0625	0.4427
1295	1303772003439	0.5	1.0631	1.0625	0.4427
1296	1303772003457	0.5	1.0631	1.0625	0.4427
1297	1303772003475	0.5	1.0631	1.0625	0.4427
1298	1303772003492	0.5	1.0631	1.0625	0.4427
1299	1303772003511	0.5	1.0631	1.0625	0.4427
1300	1303772003529	0.5	1.0631	1.0625	0.4427
1301	1303772003546	0.5	1.0631	1.0625	0.4427
1302	1303772003563	0.5	1.0631	1.0625	0.4427
1303	1303772003582	0.5	1.063	1.0625	0.4427
1304	1303772003599	0.5	1.063	1.0625	0.4427
1305	1303772003619	0.5	1.063	1.0625	0.4427
1306	1303772003638	0.5	1.063	1.0625	0.4427
1307	1303772003655	0.5	1.063	1.0625	0.4427
1308	1303772003672	0.5	1.063	1.0625	0.4427
1309	1303772003690	0.5	1.063	1.0625	0.4427
1310	1303772003706	0.5	1.063	1.0625	0.4427
1311	1303772003723	0.5	1.063	1.0625	0.4427
1312	1303772003739	0.5	1.063	1.0625	0.4427
1313	1303772003757	0.5	1.063	1.0625	0.4427
1314	1303772003774	0.5	1.063	1.0625	0.4427
1315	1303772003792	0.5	1.0618	1.0625	0.4432
1316	1303772003811	0.5	1.0618	1.0625	0.4432
1317	1303772003829	0.5	1.0618	1.0625	0.4432
1318	1303772003846	0.5	1.0618	1.0625	0.4432
1319	1303772003865	0.5	1.0618	1.0625	0.4432
1320	1303772003881	0.5	1.0618	1.0625	0.4432
1321	1303772003898	0.5	1.0618	1.0625	0.4432
1322	1303772003916	0.5	1.0618	1.0625	0.4432
1323	1303772003936	0.5	1.0618	1.0625	0.4432
1324	1303772003953	0.5	1.0618	1.0625	0.4432
1325	1303772003970	0.5	1.0618	1.0625	0.4432
1326	1303772003988	0.5	1.0618	1.0625	0.4432
1327	1303772004005	0.5	1.0618	1.0625	0.4432
1328	1303772004021	0.5	1.0618	1.0625	0.4432
1329	1303772004038	0.5	1.0618	1.0625	0.4432
1330	1303772004057	0.5	1.0618	1.0625	0.4432
1331	1303772004074	0.5	1.0618	1.0625	0.4432
1332	1303772004091	0.5	1.0618	1.0625	0.4432
1333	1303772004110	0.5	1.0618	1.0625	0.4432
1334	1303772004126	0.5	1.0618	1.0625	0.4432
1335	1303772004143	0.5	1.0618	1.0625	0.4432
1336	1303772004162	0.5	1.0618	1.0625	0.4432
1337	1303772004179	0.5	1.0618	1.0625	0.4432
1338	1303772004236	0.5	1.0618	1.0625	0.4432
1339	1303772004252	0.5	1.0618	1.0625	0.4432
1340	1303772004271	0.5	1.0618	1.0625	0.4432
1341	1303772004288	0.5	1.0618	1.0625	0.4432
1342	1303772004305	0.5	1.0618	1.0625	0.4432
1343	1303772004323	0.5	1.0618	1.0625	0.4432
1344	1303772004340	0.5	1.0618	1.0625	0.4432
1345	1303772004357	0.5	1.0618	1.0625	0.4432
1346	1303772004416	0.5	1.0618	1.0625	0.4432
1347	1303772004434	0.5	1.0618	1.0625	0.4432
1348	1303772004450	0.5	1.0618	1.0625	0.4432
1349	1303772004467	0.5	1.0618	1.0625	0.4432
1350	1303772004485	0.5	1.0618	1.0625	0.4432
1351	1303772004502	0.5	1.0618	1.0625	0.4432
1352	1303772004519	0.5	1.0618	1.0625	0.4432
1353	1303772004537	0.5	1.0618	1.0625	0.4432
1354	1303772004555	0.5	1.0618	1.0625	0.4432
1355	1303772004572	0.5	1.0618	1.0625	0.4432
1356	1303772004589	0.5	1.0618	1.0625	0.4432
1357	1303772004608	0.5	1.0618	1.0625	0.4432
1358	1303772004625	0.5	1.0618	1.0625	0.4432
1359	1303772004643	0.5	1.0618	1.0625	0.4432
1360	1303772004663	0.5	1.0618	1.0625	0.4432
1361	1303772004680	0.5	1.0618	1.0625	0.4432
1362	1303772004698	0.5	1.0618	1.0625	0.4432
1363	1303772004757	0.5	1.0618	1.0625	0.4432
1364	1303772004775	0.5	1.0618	1.0625	0.4432
1365	1303772004791	0.5	1.0618	1.0625	0.4432
1366	1303772004808	0.5	1.0618	1.0625	0.4432
1367	1303772004870	0.5	1.0618	1.0625	0.4432
1368	1303772004887	0.5	1.0618	1.0625	0.4432
1369	1303772004904	0.5	1.0618	1.0625	0.4432
1370	1303772004922	0.5	1.0618	1.0625	0.4432
1371	1303772004939	0.5	1.0618	1.0625	0.4432
1372	1303772005000	0.5	1.0618	1.0625	0.4432
1373	1303772005020	0.5	1.0618	1.0625	0.4432
1374	1303772005037	0.5	1.0618	1.0625	0.4432
1375	1303772005053	0.5	1.0618	1.0625	0.4432
1376	1303772005073	0.5	1.0618	1.0625	0.4432
1377	1303772005091	0.5	1.0618	1.0625	0.4432
1378	1303772005109	0.5	1.0618	1.0625	0.4432
1379	1303772005172	0.5	1.063	1.0625	0.4427
1380	1303772005190	0.5	1.063	1.0625	0.4427
1381	1303772005209	0.5	1.063	1.0625	0.4427
1382	1303772005226	0.5	1.063	1.0625	0.4427
1383	1303772005245	0.5	1.063	1.0625	0.4427
1384	1303772005262	0.5	1.063	1.0625	0.4427
1385	1303772005320	0.5	1.063	1.0625	0.4427
1386	1303772005339	0.5	1.063	1.0625	0.4427
1387	1303772005355	0.5	1.063	1.0625	0.4427
1388	1303772005373	0.5	1.063	1.0625	0.4427
1389	1303772005391	0.5	1.063	1.0625	0.4427
1390	1303772005410	0.5	1.063	1.0625	0.4427
1391	1303772005427	0.5	1.063	1.0625	0.4427
1392	1303772005445	0.5	1.063	1.0625	0.4427
1393	1303772005464	0.5	1.063	1.0625	0.4427
1394	1303772005482	0.5	1.063	1.0625	0.4427
1395	1303772005499	0.5	1.063	1.0625	0.4427
1396	1303772005517	0.5	1.063	1.0625	0.4427
1397	1303772005533	0.5	1.063	1.0625	0.4427
1398	1303772005550	0.5	1.063	1.0625	0.4427
1399	1303772005567	0.5	1.063	1.0625	0.4427
1400	1303772005586	0.5	1.063	1.0625	0.4427
1401	1303772005603	0.5	1.063	1.0625	0.4427
1402	1303772005620	0.5	1.063	1.0625	0.4427
1403	1303772005638	0.5	1.063	1.0625	0.4427
1404	1303772005655	0.5	1.063	1.0625	0.4427
1405	1303772005672	0.5	1.063	1.0625	0.4427
1406	1303772005689	0.5	1.063	1.0625	0.4427
1407	1303772005752	0.5	1.063	1.0625	0.4427
1408	1303772005769	0.5	1.063	1.0625	0.4427
1409	1303772005786	0.5	1.063	1.0625	0.4427
1410	1303772005806	0.5	1.063	1.0625	0.4427
1411	1303772005825	0.5	1.063	1.0625	0.4427
1412	1303772005842	0.5	1.063	1.0625	0.4427
1413	1303772005860	0.5	1.063	1.0625	0.4427
1414	1303772005878	0.5	1.063	1.0625	0.4427
1415	1303772005895	0.5	1.063	1.0625	0.4427
1416	1303772005912	0.5	1.063	1.0625	0.4427
1417	1303772005931	0.5	1.063	1.0625	0.4427
1418	1303772005948	0.5	1.063	1.0625	0.4427
1419	1303772005964	0.5	1.063	1.0625	0.4427
1420	1303772005983	0.5	1.063	1.0625	0.4427
1421	1303772006000	0.5	1.063	1.0625	0.4427
1422	1303772006017	0.5	1.063	1.0625	0.4427
1423	1303772006034	0.5	1.063	1.0625	0.4427
1424	1303772006053	0.5	1.063	1.0625	0.4427
1425	1303772006071	0.5	1.063	1.0625	0.4427
1426	1303772006089	0.5	1.063	1.0625	0.4427
1427	1303772006108	0.5	1.063	1.0625	0.4427
1428	1303772006126	0.5	1.063	1.0625	0.4427
1429	1303772006144	0.5	1.063	1.0625	0.4427
1430	1303772006207	0.5	1.063	1.0625	0.4427
1431	1303772006224	0.5	1.063	1.0625	0.4427
1432	1303772006241	0.5	1.063	1.0625	0.4427
1433	1303772006259	0.5	1.063	1.0625	0.4427
1434	1303772006276	0.5	1.063	1.0625	0.4427
1435	1303772006293	0.5	1.063	1.0625	0.4427
1436	1303772006310	0.5	1.063	1.0625	0.4427
1437	1303772006330	0.5	1.063	1.0625	0.4427
1438	1303772006348	0.5	1.062	1.0625	0.4431
1439	1303772006367	0.5	1.0619	1.0625	0.4432
1440	1303772006387	0.5	1.0619	1.0625	0.4432
1441	1303772006404	0.5	1.0619	1.0625	0.4432
1442	1303772006421	0.5	1.0619	1.0625	0.4432
1443	1303772006440	0.5	1.0619	1.0625	0.4432
1444	1303772006458	0.5	1.0619	1.0625	0.4432
1445	1303772006476	0.5	1.0619	1.0625	0.4432
1446	1303772006494	0.5	1.0619	1.0625	0.4432
1447	1303772006512	0.5	1.0619	1.0625	0.4432
1448	1303772006569	0.5	1.0619	1.0625	0.4432
1449	1303772006586	0.5	1.0619	1.0625	0.4432
1450	1303772006605	0.5	1.0619	1.0625	0.4432
1451	1303772006685	0.5	1.0619	1.0625	0.4432
1452	1303772006703	0.5	1.0619	1.0625	0.4432
1453	1303772006722	0.5	1.0619	1.0625	0.4432
1454	1303772006739	0.5	1.0619	1.0625	0.4432
1455	1303772006756	0.5	1.0619	1.0625	0.4432
1456	1303772006773	0.5	1.0619	1.0625	0.4432
1457	1303772006793	0.5	1.0619	1.0625	0.4432
1458	1303772006811	0.5	1.0619	1.0625	0.4432
1459	1303772006828	0.5	1.0619	1.0625	0.4432
1460	1303772006847	0.5	1.0619	1.0625	0.4432
1461	1303772006864	0.5	1.0619	1.0625	0.4432
1462	1303772006881	0.5	1.0619	1.0625	0.4432
1463	1303772006939	0.5	1.0619	1.0625	0.4432
1464	1303772006955	0.5	1.0619	1.0625	0.4432
1465	1303772006972	0.5	1.0619	1.0625	0.4432
1466	1303772006989	0.5	1.0619	1.0625	0.4432
1467	1303772007007	0.5	1.0619	1.0625	0.4432
1468	1303772007024	0.5	1.0619	1.0625	0.4432
1469	1303772007081	0.5	1.0619	1.0625	0.4432
1470	1303772007100	0.5	1.0619	1.0625	0.4432
1471	1303772007117	0.5	1.0619	1.0625	0.4432
1472	1303772007133	0.5	1.0619	1.0625	0.4432
1473	1303772007151	0.5	1.0619	1.0625	0.4432
1474	1303772007170	0.5	1.0619	1.0625	0.4432
1475	1303772007187	0.5	1.0619	1.0625	0.4432
1476	1303772007205	0.5	1.0619	1.0625	0.4432
1477	1303772007224	0.5	1.0619	1.0625	0.4432
1478	1303772007241	0.5	1.0619	1.0625	0.4432
1479	1303772007259	0.5	1.0619	1.0625	0.4432
1480	1303772007277	0.5	1.0619	1.0625	0.4432
1481	1303772007296	0.5	1.0619	1.0625	0.4432
1482	1303772007358	0.5	1.0619	1.0625	0.4432
1483	1303772007375	0.5	1.0619	1.0625	0.4432
1484	1303772007394	0.5	1.0619	1.0625	0.4432
1485	1303772007412	0.5	1.0619	1.0625	0.4432
1486	1303772007430	0.5	1.0619	1.0625	0.4432
1487	1303772007449	0.5	1.0619	1.0625	0.4432
1488	1303772007466	0.5	1.0619	1.0625	0.4432
1489	1303772007482	0.5	1.0619	1.0625	0.4432
1490	1303772007499	0.5	1.0619	1.0625	0.4432
1491	1303772007517	0.5	1.0619	1.0625	0.4432
1492	1303772007534	0.5	1.0619	1.0625	0.4432
1493	1303772007551	0.5	1.0619	1.0625	0.4432
1494	1303772007570	0.5	1.0619	1.0625	0.4432
1495	1303772007588	0.5	1.0619	1.0625	0.4432
1496	1303772007605	0.5	1.0619	1.0625	0.4432
1497	1303772007622	0.5	1.0619	1.0625	0.4432
1498	1303772007641	0.5	1.0619	1.0625	0.4432
1499	1303772007704	0.5	1.0615	1.0938	0.4306
1500	1303772007722	0.5	1.0615	1.0938	0.4306
1501	1303772007742	0.5	1.0615	1.0938	0.4306
1502	1303772007803	0.5	1.0615	1.125	0.4187
1503	1303772007820	0.5	1.0615	1.125	0.4187
1504	1303772007839	0.5	1.0615	1.1471	0.4106
1505	1303772007857	0.5	1.0615	1.1176	0.4214
1506	1303772007875	0.5	1.0615	1.0882	0.4328
1507	1303772007933	0.5	1.1889	1.0588	0.3972
1508	1303772007951	0.5	1.1889	1.0625	0.3958
1509	1303772008008	0.5	1.1889	1.0882	0.3864
1510	1303772008027	0.5	1.1889	1.0588	0.3972
1511	1303772008045	0.5	1.1889	1.0588	0.3972
1512	1303772008062	0.5	1.1889	1.0588	0.3972
1513	1303772008078	0.5	1.1889	1.0588	0.3972
1514	1303772008097	0.5	1.1889	1.0588	0.3972
1515	1303772008114	0.5	1.1889	1.0588	0.3972
1516	1303772008131	0.5	1.1889	1.0588	0.3972
1517	1303772008150	0.5	1.1889	1.0588	0.3972
1518	1303772008166	0.5	1.1889	1.0588	0.3972
1519	1303772008183	0.5	1.1889	1.0588	0.3972
1520	1303772008201	0.5	1.1889	1.0588	0.3972
1521	1303772008220	0.5	1.1889	1.0588	0.3972
1522	1303772008237	0.5	1.1889	1.0588	0.3972
1523	1303772008253	0.5	1.1889	1.0588	0.3972
1524	1303772008272	0.5	1.1889	1.0588	0.3972
1525	1303772008289	0.5	1.1889	1.0588	0.3972
1526	1303772008306	0.5	1.1889	1.0588	0.3972
1527	1303772008364	0.5	1.3199	1.0588	0.3578
1528	1303772008381	0.5	1.3199	1.0588	0.3578
1529	1303772008398	0.5	1.3199	1.0294	0.368
1530	1303772008414	0.5	1.3199	1.0294	0.368
1531	1303772008433	0.5	1.3199	1.0294	0.368
1532	1303772008450	0.5	1.3199	1.0294	0.368
1533	1303772008467	0.5	1.3199	1.0294	0.368
1534	1303772008485	0.5	1.3199	1.0294	0.368
1535	1303772008502	0.5	1.3199	1.0294	0.368
1536	1303772008519	0.5	1.3199	1.0294	0.368
1537	1303772008536	0.5	1.3199	1.0294	0.368
1538	1303772008554	0.5	1.3199	1.0294	0.368
1539	1303772008571	0.5	1.3199	1.0294	0.368
1540	1303772008588	0.5	1.3199	1.0294	0.368
1541	1303772008607	0.5	1.3199	1.0294	0.368
1542	1303772008624	0.5	1.3199	1.0294	0.368
1543	1303772008641	0.5	1.3199	1.0294	0.368
1544	1303772008658	0.5	1.3199	1.0294	0.368
1545	1303772008677	0.5	1.3199	1.0294	0.368
1546	1303772008695	0.5	1.3199	1.0294	0.368
1547	1303772008713	0.5	1.3199	1.0294	0.368
1548	1303772008732	0.5	1.3199	1.0294	0.368
1549	1303772008749	0.5	1.3199	1.0294	0.368
1550	1303772008766	0.5	1.3199	1.0294	0.368
1551	1303772008784	0.5	1.3199	1.0294	0.368
1552	1303772008802	0.5	1.3199	1.0294	0.368
1553	1303772008860	0.5	1.3199	1.0294	0.368
1554	1303772008877	0.5	1.3199	1.0294	0.368
1555	1303772008895	0.5	1.3199	1.0294	0.368
1556	1303772008912	0.5	1.3199	1.0294	0.368
1557	1303772008929	0.5	1.3199	1.0294	0.368
1558	1303772008946	0.5	1.3199	1.0294	0.368
1559	1303772008966	0.5	1.323	1.0294	0.3671
1560	1303772009024	0.5	1.3228	1.0294	0.3672
1561	1303772009081	0.5	1.3228	1.0294	0.3672
1562	1303772009101	0.5	1.3228	1.0294	0.3672
1563	1303772009118	0.5	1.3228	1.0294	0.3672
1564	1303772009134	0.5	1.3228	1.0294	0.3672
1565	1303772009153	0.5	1.3228	1.0294	0.3672
1566	1303772009170	0.5	1.3228	1.0294	0.3672
1567	1303772009186	0.5	1.3228	1.0294	0.3672
1568	1303772009203	0.5	1.3228	1.0294	0.3672
1569	1303772009221	0.5	1.3228	1.0294	0.3672
1570	1303772009239	0.5	1.3228	1.0294	0.3672
1571	1303772009257	0.5	1.3228	1.0294	0.3672
1572	1303772009277	0.5	1.3228	1.0294	0.3672
1573	1303772009294	0.5	1.3228	1.0294	0.3672
1574	1303772009311	0.5	1.3228	1.0294	0.3672
1575	1303772009328	0.5	1.3228	1.0294	0.3672
1576	1303772009347	0.5	1.3228	1.0294	0.3672
1577	1303772009364	0.5	1.3228	1.0294	0.3672
1578	1303772009381	0.5	1.3228	1.0294	0.3672
1579	1303772009400	0.5	1.3228	1.0294	0.3672
1580	1303772009416	0.5	1.3228	1.0294	0.3672
1581	1303772009433	0.5	1.3228	1.0294	0.3672
1582	1303772009449	0.5	1.3228	1.0294	0.3672
1583	1303772009468	0.5	1.3228	1.0294	0.3672
1584	1303772009523	0.5	1.3228	1.0294	0.3672
1585	1303772009540	0.5	1.3228	1.0294	0.3672
1586	1303772009559	0.5	1.3228	1.0294	0.3672
1587	1303772009575	0.5	1.3228	1.0294	0.3672
1588	1303772009592	0.5	1.3228	1.0294	0.3672
1589	1303772009609	0.5	1.3228	1.0294	0.3672
1590	1303772009627	0.5	1.3228	1.0294	0.3672
1591	1303772009684	0.5	1.3228	1.0294	0.3672
1592	1303772009701	0.5	1.3228	1.0294	0.3672
1593	1303772009720	0.5	1.3228	1.0294	0.3672
1594	1303772009739	0.5	1.3228	1.0294	0.3672
1595	1303772009756	0.5	1.3228	1.0294	0.3672
1596	1303772009775	0.5	1.3228	1.0294	0.3672
1597	1303772009794	0.5	1.3228	1.0294	0.3672
1598	1303772009811	0.5	1.3228	1.0294	0.3672
1599	1303772009828	0.5	1.3228	1.0294	0.3672
1600	1303772009847	0.5	1.3228	1.0294	0.3672
1601	1303772009864	0.5	1.3228	1.0294	0.3672
1602	1303772009881	0.5	1.3228	1.0294	0.3672
1603	1303772009899	0.5	1.3228	1.0294	0.3672
1604	1303772009916	0.5	1.3228	1.0294	0.3672
1605	1303772009932	0.5	1.3228	1.0294	0.3672
1606	1303772009949	0.5	1.3228	1.0294	0.3672
1607	1303772009968	0.5	1.3228	1.0294	0.3672
1608	1303772009984	0.5	1.3228	1.0294	0.3672
1609	1303772010001	0.5	1.3228	1.0294	0.3672
1610	1303772010020	0.5	1.3228	1.0294	0.3672
1611	1303772010037	0.5	1.3228	1.0294	0.3672
1612	1303772010054	0.5	1.3228	1.0294	0.3672
1613	1303772010072	0.5	1.3228	1.0294	0.3672
1614	1303772010091	0.5	1.3228	1.0294	0.3672
1615	1303772010108	0.5	1.3228	1.0294	0.3672
1616	1303772010125	0.5	1.3228	1.0294	0.3672
1617	1303772010143	0.5	1.3228	1.0294	0.3672
1618	1303772010160	0.5	1.3228	1.0294	0.3672
1619	1303772010177	0.5	1.3228	1.0294	0.3672
1620	1303772010198	0.5	1.3227	1.0294	0.3672
1621	1303772010217	0.5	1.3227	1.0294	0.3672
1622	1303772010235	0.5	1.3227	1.0294	0.3672
1623	1303772010253	0.5	1.3227	1.0294	0.3672
1624	1303772010273	0.5	1.3227	1.0294	0.3672
1625	1303772010290	0.5	1.3227	1.0294	0.3672
1626	1303772010307	0.5	1.3227	1.0294	0.3672
1627	1303772010325	0.5	1.3227	1.0294	0.3672
1628	1303772010342	0.5	1.3227	1.0294	0.3672
1629	1303772010360	0.5	1.3227	1.0294	0.3672
1630	1303772010377	0.5	1.3227	1.0294	0.3672
1631	1303772010396	0.5	1.3227	1.0294	0.3672
1632	1303772010414	0.5	1.3227	1.0294	0.3672
1633	1303772010432	0.5	1.3227	1.0294	0.3672
1634	1303772010451	0.5	1.3227	1.0294	0.3672
1635	1303772010468	0.5	1.3227	1.0294	0.3672
1636	1303772010486	0.5	1.3227	1.0294	0.3672
1637	1303772010503	0.5	1.3227	1.0294	0.3672
1638	1303772010522	0.5	1.3227	1.0294	0.3672
1639	1303772010539	0.5	1.3227	1.0294	0.3672
1640	1303772010557	0.5	1.3227	1.0294	0.3672
1641	1303772010576	0.5	1.3227	1.0294	0.3672
1642	1303772010592	0.5	1.3227	1.0294	0.3672
1643	1303772010611	0.5	1.3227	1.0294	0.3672
1644	1303772010630	0.5	1.3227	1.0294	0.3672
1645	1303772010647	0.5	1.3227	1.0294	0.3672
1646	1303772010663	0.5	1.3227	1.0294	0.3672
1647	1303772010680	0.5	1.3227	1.0294	0.3672
1648	1303772010699	0.5	1.3227	1.0294	0.3672
1649	1303772010716	0.5	1.3227	1.0294	0.3672
1650	1303772010733	0.5	1.3227	1.0294	0.3672
1651	1303772010751	0.5	1.3227	1.0294	0.3672
1652	1303772010768	0.5	1.3227	1.0294	0.3672
1653	1303772010786	0.5	1.3227	1.0294	0.3672
1654	1303772010802	0.5	1.3227	1.0294	0.3672
1655	1303772010821	0.5	1.3227	1.0294	0.3672
1656	1303772010837	0.5	1.3227	1.0294	0.3672
1657	1303772010854	0.5	1.3227	1.0294	0.3672
1658	1303772010873	0.5	1.3227	1.0294	0.3672
1659	1303772010891	0.5	1.3227	1.0294	0.3672
1660	1303772010948	0.5	1.3227	1.0294	0.3672
1661	1303772010964	0.5	1.3227	1.0294	0.3672
1662	1303772010983	0.5	1.3227	1.0294	0.3672
1663	1303772011000	0.5	1.3227	1.0294	0.3672
1664	1303772011017	0.5	1.3227	1.0294	0.3672
1665	1303772011035	0.5	1.3227	1.0294	0.3672
1666	1303772011052	0.5	1.3227	1.0294	0.3672
1667	1303772011069	0.5	1.3227	1.0294	0.3672
1668	1303772011088	0.5	1.3227	1.0294	0.3672
1669	1303772011106	0.5	1.3227	1.0294	0.3672
1670	1303772011123	0.5	1.3227	1.0294	0.3672
1671	1303772011139	0.5	1.3227	1.0294	0.3672
1672	1303772011158	0.5	1.3227	1.0294	0.3672
1673	1303772011175	0.5	1.3227	1.0294	0.3672
1674	1303772011192	0.5	1.3227	1.0294	0.3672
1675	1303772011211	0.5	1.3227	1.0294	0.3672
1676	1303772011230	0.5	1.3227	1.0294	0.3672
1677	1303772011246	0.5	1.3227	1.0294	0.3672
1678	1303772011264	0.5	1.3227	1.0294	0.3672
1679	1303772011283	0.5	1.3227	1.0294	0.3672
1680	1303772011301	0.5	1.3227	1.0294	0.3672
1681	1303772011319	0.5	1.3227	1.0294	0.3672
1682	1303772011339	0.5	1.3198	1.0294	0.368
1683	1303772011357	0.5	1.3198	1.1111	0.341
1684	1303772011375	0.5	1.3198	1.1111	0.341
1685	1303772011394	0.5	1.3198	1.0294	0.368
1686	1303772011412	0.5	1.3198	1.0882	0.3481
1687	1303772011428	0.5	1.3198	1.0882	0.3481
1688	1303772011445	0.5	1.3198	1.0556	0.3589
1689	1303772011464	0.5	1.3198	1.0278	0.3686
1690	1303772011481	0.5	1.3198	1.0278	0.3686
1691	1303772011498	0.5	1.3198	1.0278	0.3686
1692	1303772011516	0.5	1.3198	1.0278	0.3686
1693	1303772011534	0.5	1.3198	1.0278	0.3686
1694	1303772011551	0.5	1.3198	1.0278	0.3686
1695	1303772011569	0.5	1.3198	1.0278	0.3686
1696	1303772011588	0.5	1.3198	1.0278	0.3686
1697	1303772011649	0.5	1.3198	1.0278	0.3686
1698	1303772011666	0.5	1.3198	1.0278	0.3686
1699	1303772011685	0.5	1.3198	1.0278	0.3686
1700	1303772011702	0.5	1.3198	1.0278	0.3686
1701	1303772011720	0.5	1.3198	1.0278	0.3686
1702	1303772011739	0.5	1.3198	1.0278	0.3686
1703	1303772011756	0.5	1.3198	1.0278	0.3686
1704	1303772011774	0.5	1.3198	1.0278	0.3686
1705	1303772011835	0.5	1.3198	1.0278	0.3686
1706	1303772011854	0.5	1.3198	1.0278	0.3686
1707	1303772011871	0.5	1.3198	1.0278	0.3686
1708	1303772011888	0.5	1.3198	1.0278	0.3686
1709	1303772011906	0.5	1.3198	1.0278	0.3686
1710	1303772011922	0.5	1.3198	1.0278	0.3686
1711	1303772011939	0.5	1.3198	1.0278	0.3686
1712	1303772011956	0.5	1.3198	1.0278	0.3686
1713	1303772011975	0.5	1.3198	1.0278	0.3686
1714	1303772011992	0.5	1.3198	1.0278	0.3686
1715	1303772012048	0.5	1.3198	1.0278	0.3686
1716	1303772012067	0.5	1.3198	1.0278	0.3686
1717	1303772012083	0.5	1.3198	1.0278	0.3686
1718	1303772012101	0.5	1.3198	1.0278	0.3686
1719	1303772012118	0.5	1.3198	1.0278	0.3686
1720	1303772012137	0.5	1.3198	1.0278	0.3686
1721	1303772012154	0.5	1.3198	1.0278	0.3686
1722	1303772012171	0.5	1.3198	1.0278	0.3686
1723	1303772012190	0.5	1.3198	1.0278	0.3686
1724	1303772012247	0.5	1.3198	1.0278	0.3686
1725	1303772012263	0.5	1.3198	1.0278	0.3686
1726	1303772012282	0.5	1.3198	1.0278	0.3686
1727	1303772012299	0.5	1.3198	1.0278	0.3686
1728	1303772012316	0.5	1.3198	1.0278	0.3686
1729	1303772012333	0.5	1.3198	1.0278	0.3686
1730	1303772012352	0.5	1.3198	1.0278	0.3686
1731	1303772012369	0.5	1.3198	1.0278	0.3686
1732	1303772012426	0.5	1.3198	1.0278	0.3686
1733	1303772012444	0.5	1.3198	1.0278	0.3686
1734	1303772012461	0.5	1.3198	1.0278	0.3686
1735	1303772012477	0.5	1.3198	1.0278	0.3686
1736	1303772012494	0.5	1.3198	1.0278	0.3686
1737	1303772012512	0.5	1.3198	1.0278	0.3686
1738	1303772012529	0.5	1.3198	1.0278	0.3686
1739	1303772012545	0.5	1.3198	1.0278	0.3686
1740	1303772012573	0.5	1.3198	1.0278	0.3686
1741	1303772012634	0.5	1.3198	1.0278	0.3686
1742	1303772012654	0.5	1.3198	1.0278	0.3686
1743	1303772012675	0.5	1.3198	1.0278	0.3686
1744	1303772012694	0.5	1.3198	1.0278	0.3686
1745	1303772012712	0.5	1.3198	1.0278	0.3686
1746	1303772012729	0.5	1.3198	1.0278	0.3686
1747	1303772012748	0.5	1.3198	1.0278	0.3686
1748	1303772012766	0.5	1.3198	1.0278	0.3686
1749	1303772012783	0.5	1.3198	1.0278	0.3686
1750	1303772012801	0.5	1.3198	1.0278	0.3686
1751	1303772012818	0.5	1.3198	1.0278	0.3686
1752	1303772012835	0.5	1.3198	1.0278	0.3686
1753	1303772012853	0.5	1.3198	1.0278	0.3686
1754	1303772012871	0.5	1.3198	1.0278	0.3686
1755	1303772012888	0.5	1.3198	1.0278	0.3686
1756	1303772012906	0.5	1.3198	1.0278	0.3686
1757	1303772012925	0.5	1.3198	1.0278	0.3686
1758	1303772012942	0.5	1.3198	1.0278	0.3686
1759	1303772012958	0.5	1.3198	1.0278	0.3686
1760	1303772012977	0.5	1.3198	1.0278	0.3686
1761	1303772012993	0.5	1.3198	1.0278	0.3686
1762	1303772013010	0.5	1.3198	1.0278	0.3686
1763	1303772013027	0.5	1.3198	1.0278	0.3686
1764	1303772013046	0.5	1.3198	1.0278	0.3686
1765	1303772013062	0.5	1.3198	1.0278	0.3686
1766	1303772013080	0.5	1.3198	1.0278	0.3686
1767	1303772013099	0.5	1.3198	1.0278	0.3686
1768	1303772013116	0.5	1.3198	1.0278	0.3686
1769	1303772013132	0.5	1.3198	1.0278	0.3686
1770	1303772013149	0.5	1.3198	1.0278	0.3686
1771	1303772013167	0.5	1.3198	1.0278	0.3686
1772	1303772013184	0.5	1.3198	1.0278	0.3686
1773	1303772013201	0.5	1.3198	1.0278	0.3686
1774	1303772013220	0.5	1.3198	1.0278	0.3686
1775	1303772013237	0.5	1.3198	1.0278	0.3686
1776	1303772013254	0.5	1.3198	1.0278	0.3686
1777	1303772013270	0.5	1.3198	1.0278	0.3686
1778	1303772013289	0.5	1.3198	1.0278	0.3686
1779	1303772013307	0.5	1.3198	1.0278	0.3686
1780	1303772013325	0.5	1.3198	1.0278	0.3686
1781	1303772013344	0.5	1.3198	1.0278	0.3686
1782	1303772013362	0.5	1.3198	1.0278	0.3686
1783	1303772013379	0.5	1.3198	1.0278	0.3686
1784	1303772013396	0.5	1.3198	1.0278	0.3686
1785	1303772013415	0.5	1.3198	1.0278	0.3686
1786	1303772013432	0.5	1.3198	1.0278	0.3686
1787	1303772013448	0.5	1.3198	1.0278	0.3686
1788	1303772013467	0.5	1.3198	1.0278	0.3686
1789	1303772013484	0.5	1.3198	1.0278	0.3686
1790	1303772013501	0.5	1.3197	1.0278	0.3686
1791	1303772013520	0.5	1.3197	1.0278	0.3686
1792	1303772013538	0.5	1.3197	1.0278	0.3686
1793	1303772013555	0.5	1.3197	1.0278	0.3686
1794	1303772013573	0.5	1.3197	1.0278	0.3686
1795	1303772013591	0.5	1.3197	1.0278	0.3686
1796	1303772013608	0.5	1.3197	1.0278	0.3686
1797	1303772013625	0.5	1.3197	1.0278	0.3686
1798	1303772013684	0.5	1.3197	1.0278	0.3686
1799	1303772013700	0.5	1.3197	1.0278	0.3686
1800	1303772013717	0.5	1.3197	1.0278	0.3686
