0	1303772408166	0	0	0	0
1	1303772408176	0	0	0	0
2	1303772408185	0	0	0	0
3	1303772408248	0	0	0	0
4	1303772408259	0	0	0	0
5	1303772408311	0	0	0	0
6	1303772408322	0	0	0	0
7	1303772408333	0	0	0	0
8	1303772408346	0	0	0	0
9	1303772408363	0	0	0	0
10	1303772408381	0	0	0	0
11	1303772408398	0	0	0	0
12	1303772408416	0	0	0	0
13	1303772408434	0	0	0	0
14	1303772408451	0	0	0	0
15	1303772408473	0	0	0	0
16	1303772408486	0	0	0	0
17	1303772408499	0	0	0	0
18	1303772408513	0	0	0	0
19	1303772408529	0	0	0	0
20	1303772408585	0	0	0	0
21	1303772408600	0	0	0	0
22	1303772408616	0	0	0	0
23	1303772408630	0	0	0	0
24	1303772408650	0	0	0	0
25	1303772408666	0	0	0	0
26	1303772408681	0	0	0	0
27	1303772408740	0	0	0	0
28	1303772408756	0	0	0	0
29	1303772408771	0	0	0	0
30	1303772408787	0	0	0	0
31	1303772408803	0	0	0	0
32	1303772408818	0	0	0	0
33	1303772408837	0	0	0	0
34	1303772408852	0	0	0	0
35	1303772408868	0	0	0	0
36	1303772408884	0	0	0	0
37	1303772408939	0	0	0	0
38	1303772408954	0	0	0	0
39	1303772408969	0	0	0	0
40	1303772408984	0	0	0	0
41	1303772408999	0	0	0	0
42	1303772409017	0	0	0	0
43	1303772409073	0	0	0	0
44	1303772409089	0	0	0	0
45	1303772409144	0	0	0	0
46	1303772409202	0	0	0	0
47	1303772409219	0	0	0	0
48	1303772409235	0	0	0	0
49	1303772409252	0	0	0	0
50	1303772409268	0	0	0	0
51	1303772409287	0	0	0	0
52	1303772409310	0.5	0	0	0
53	1303772409345	0.5	0	0	0
54	1303772409377	0.5	0	0	0
55	1303772409397	0.5	0	0	0
56	1303772409414	0.5	0	0	0
57	1303772409430	0.5	0	0	0
58	1303772409491	0.5	0	0	0
59	1303772409507	0.5	0	0	0
60	1303772409524	0.5	0	0	0
61	1303772409541	0.5	0	0	0
62	1303772409558	0.5	0	0	0
63	1303772409575	0.5	0	0	0
64	1303772409594	0.5	0	0	0
65	1303772409655	0.5	0	0	0
66	1303772409673	0.5	0	0	0
67	1303772409689	0.5	0	0	0
68	1303772409706	0.5	0	0	0
69	1303772409723	0.5	0	0	0
70	1303772409739	0.5	0	0	0
71	1303772409756	0.5	0	0	0
72	1303772409773	0.5	0	0	0
73	1303772409792	0.5	0	0	0
74	1303772409809	0.5	0	0	0
75	1303772409825	0.5	0	0	0
76	1303772409841	0.5	0	0	0
77	1303772409857	0.5	0	0	0
78	1303772409874	0.5	0	0	0
79	1303772409891	0.5	0	0	0
80	1303772409907	0.5	0	0	0
81	1303772409923	0.5	0	0	0
82	1303772409983	0.5	0	0	0
83	1303772409999	0.5	0	0	0
84	1303772410016	0.5	0	0	0
85	1303772410032	0.5	0	0	0
86	1303772410049	0.5	0	0	0
87	1303772410065	0.5	0	0	0
88	1303772410082	0.5	0	0	0
89	1303772410098	0.5	0	0	0
90	1303772410115	0.5	0	0	0
91	1303772410134	0.5	0	0	0
92	1303772410151	0.5	0	0	0
93	1303772410167	0.5	0	0	0
94	1303772410184	0.5	0	0	0
95	1303772410201	0.5	0	0	0
96	1303772410218	0.5	0	0	0
97	1303772410235	0.5	0	0	0
98	1303772410252	0.5	0	0	0
99	1303772410271	0.5	0	0	0
100	1303772410288	0.5	0	0	0
101	1303772410305	0.5	0	0	0
102	1303772410322	0.5	0	0	0
103	1303772410339	0.5	0	0	0
104	1303772410357	0.5	0	0	0
105	1303772410374	0.5	0	0	0
106	1303772410392	0.5	0	0	0
107	1303772410409	0.5	0	0	0
108	1303772410429	0.5	0	0	0
109	1303772410447	0.5	0	0	0
110	1303772410465	0.5	0	0	0
111	1303772410482	0.5	0	0	0
112	1303772410501	0.5	0	0	0
113	1303772410519	0.5	0	0	0
114	1303772410536	0.5	0	0	0
115	1303772410555	0.5	0	0	0
116	1303772410576	0.5	0	0	0
117	1303772410595	0.5	1.2049	0	0
118	1303772410616	0.5	1.2049	0	0
119	1303772410635	0.5	1.2049	1.5	0.2766
120	1303772410654	0.5	1.2049	1.5	0.2766
121	1303772410672	0.5	1.2049	1.5	0.2766
122	1303772410690	0.5	1.2049	1.5	0.2766
123	1303772410712	0.5	1.2049	1.5	0.2766
124	1303772410730	0.5	1.2049	1.5	0.2766
125	1303772410748	0.5	1.2049	1.5	0.2766
126	1303772410766	0.5	1.2049	1.5	0.2766
127	1303772410784	0.5	1.2049	1.4	0.2964
128	1303772410842	0.5	1.2049	1.4167	0.2929
129	1303772410860	0.5	1.2049	1.3	0.3192
130	1303772410878	0.5	1.2049	1.4167	0.2929
131	1303772410899	0.5	1.2049	1.25	0.332
132	1303772410917	0.5	1.2049	1.2857	0.3228
133	1303772410976	0.5	1.2049	1.0625	0.3906
134	1303772410993	0.5	1.2049	1.1875	0.3494
135	1303772411011	0.5	1.2049	1.125	0.3689
136	1303772411029	0.5	1.2049	1.125	0.3689
137	1303772411047	0.5	1.2049	1.125	0.3689
138	1303772411064	0.5	1.2049	1.125	0.3689
139	1303772411085	0.5	1.2049	1.125	0.3689
140	1303772411103	0.5	1.2049	1.1111	0.3735
141	1303772411122	1	1.2049	1.0556	0.7863
142	1303772411147	1	1.2049	1.0625	0.7811
143	1303772411220	1	1.2049	1.1111	0.7469
144	1303772411251	1	1.2049	1.1111	0.7469
145	1303772411273	1	1.2049	1.1111	0.7469
146	1303772411293	1	1.2049	1.1111	0.7469
147	1303772411310	1	1.2049	1.1111	0.7469
148	1303772411329	1	1.2049	1.1111	0.7469
149	1303772411346	1	1.2049	1.1111	0.7469
150	1303772411367	1	1.2049	1.1111	0.7469
151	1303772411384	1	1.2049	1.1111	0.7469
152	1303772411402	1	1.2049	1.1111	0.7469
153	1303772411420	1	1.2049	1.1111	0.7469
154	1303772411438	1	1.2049	1.1111	0.7469
155	1303772411455	1	1.2049	1.1111	0.7469
156	1303772411478	1	1.2049	1.1111	0.7469
157	1303772411495	1	1.2049	1.1111	0.7469
158	1303772411516	1	1.2049	1.1111	0.7469
159	1303772411534	1	1.2049	1.1111	0.7469
160	1303772411551	1	1.2049	1.1111	0.7469
161	1303772411569	1	1.2049	1.1111	0.7469
162	1303772411587	1	1.2049	1.1111	0.7469
163	1303772411605	1	1.2049	1.1111	0.7469
164	1303772411622	1	1.2049	1.1111	0.7469
165	1303772411640	1	1.2049	1.1111	0.7469
166	1303772411661	1	1.2049	1.1111	0.7469
167	1303772411678	1	1.2049	1.1111	0.7469
168	1303772411697	1	1.2049	1.1111	0.7469
169	1303772411715	1	1.2049	1.1111	0.7469
170	1303772411734	1	1.2049	1.1111	0.7469
171	1303772411751	1	1.2049	1.1	0.7545
172	1303772411769	1	1.2049	1.1111	0.7469
173	1303772411787	1	1.2049	1.1111	0.7469
174	1303772411807	1	1.2049	1.1111	0.7469
175	1303772411826	1	1.2049	1.1	0.7545
176	1303772411843	1	1.2049	1.1111	0.7469
177	1303772411862	1	1.1148	1.1	0.8155
178	1303772411880	1	1.0664	1.1	0.8525
179	1303772411899	1	1.0664	1.1	0.8525
180	1303772411917	1	1.0664	1.1	0.8525
181	1303772411936	1	1.0664	1.1	0.8525
182	1303772411956	1	1.0664	1.1	0.8525
183	1303772411974	1	1.0664	1.1	0.8525
184	1303772411992	1	1.0664	1.1	0.8525
185	1303772412009	1	1.0664	1.1	0.8525
186	1303772412027	1	1.0664	1.1	0.8525
187	1303772412044	1	1.0664	1.1	0.8525
188	1303772412062	1	1.0664	1.1	0.8525
189	1303772412081	1	1.0664	1.1	0.8525
190	1303772412101	1	1.0664	1.1	0.8525
191	1303772412118	1	1.0664	1.1	0.8525
192	1303772412136	1	1.0664	1.1	0.8525
193	1303772412153	1	1.0664	1.1	0.8525
194	1303772412171	1	1.0664	1.0909	0.8596
195	1303772412188	1	1.0664	1.1	0.8525
196	1303772412207	1	1.0664	1.1	0.8525
197	1303772412225	1	1.0664	1.0909	0.8596
198	1303772412245	1	1.0664	1.0909	0.8596
199	1303772412263	1	1.0664	1.0909	0.8596
200	1303772412280	1	1.0664	1.0909	0.8596
201	1303772412298	1	1.0664	1.0909	0.8596
202	1303772412315	1	1.0664	1.0909	0.8596
203	1303772412332	1	1.0664	1.0909	0.8596
204	1303772412350	1	1.0664	1.0909	0.8596
205	1303772412367	1	1.0664	1.0909	0.8596
206	1303772412388	1	1.0664	1.0909	0.8596
207	1303772412418	1	1.4658	1.0909	0.6254
208	1303772412442	1	1.4658	1.0909	0.6254
209	1303772412463	1	1.4658	1.0909	0.6254
210	1303772412481	1	1.4658	1.0909	0.6254
211	1303772412499	1	1.4658	1.0909	0.6254
212	1303772412517	1	1.4658	1.125	0.6064
213	1303772412536	1	1.4658	1.125	0.6064
214	1303772412557	1	1.4658	1.1538	0.5913
215	1303772412575	1	1.4658	1.1538	0.5913
216	1303772412593	1	1.4658	1.1538	0.5913
217	1303772412611	1	1.4658	1.1538	0.5913
218	1303772412670	1	1.4658	1.1538	0.5913
219	1303772412688	1	1.4658	1.1538	0.5913
220	1303772412706	1	1.4658	1.1538	0.5913
221	1303772412727	1	1.4658	1.1538	0.5913
222	1303772412745	1	1.4658	1.1538	0.5913
223	1303772412806	1	1.4658	1.1538	0.5913
224	1303772412825	1	1.4658	1.1538	0.5913
225	1303772412844	1	1.4658	1.1538	0.5913
226	1303772412863	1	1.4658	1.1538	0.5913
227	1303772412882	1	1.4658	1.1538	0.5913
228	1303772412901	1	1.4658	1.1538	0.5913
229	1303772412923	1	1.4658	1.1538	0.5913
230	1303772412942	1	1.4658	1.1538	0.5913
231	1303772412959	1	1.4658	1.1538	0.5913
232	1303772412977	1	1.4658	1.1538	0.5913
233	1303772412995	1	1.4658	1.1429	0.5969
234	1303772413014	1	1.4658	1.1429	0.5969
235	1303772413073	1	1.5345	1.1429	0.5702
236	1303772413091	1	1.5345	1.1429	0.5702
237	1303772413112	1	1.5345	1.1429	0.5702
238	1303772413131	1	1.6163	1.1538	0.5362
239	1303772413150	1	1.6162	1.1429	0.5414
240	1303772413169	1	1.6216	1.1786	0.5232
241	1303772413188	1	1.6216	1.1429	0.5396
242	1303772413206	1	1.6216	1.1429	0.5396
243	1303772413223	1	1.6216	1.1429	0.5396
244	1303772413242	1	1.6216	1.1429	0.5396
245	1303772413262	1	1.6216	1.1429	0.5396
246	1303772413280	1	1.6216	1.1429	0.5396
247	1303772413298	1	1.6216	1.1429	0.5396
248	1303772413316	1	1.6216	1.1429	0.5396
249	1303772413335	1	1.6216	1.1429	0.5396
250	1303772413354	1	1.6216	1.1429	0.5396
251	1303772413372	1	1.6216	1.1429	0.5396
252	1303772413432	1	1.6216	1.1429	0.5396
253	1303772413453	1	1.6216	1.1429	0.5396
254	1303772413472	1	1.6216	1.1429	0.5396
255	1303772413490	1	1.6216	1.1429	0.5396
256	1303772413508	1	1.6216	1.1429	0.5396
257	1303772413526	1	1.6216	1.1429	0.5396
258	1303772413584	1	1.6216	1.1429	0.5396
259	1303772413602	1	1.6216	1.1429	0.5396
260	1303772413623	1	1.6216	1.1429	0.5396
261	1303772413642	1	1.6216	1.1429	0.5396
262	1303772413660	1	1.6216	1.1429	0.5396
263	1303772413678	1	1.6216	1.1429	0.5396
264	1303772413696	1	1.6216	1.1429	0.5396
265	1303772413714	1	1.6216	1.1429	0.5396
266	1303772413732	1	1.6216	1.1429	0.5396
267	1303772413752	1	1.6749	1.1429	0.5224
268	1303772413783	1	1.5446	1.1429	0.5665
269	1303772413806	1	1.5446	1.1429	0.5665
270	1303772413827	1	1.5446	1.1667	0.5549
271	1303772413845	1	1.5446	1.1429	0.5665
272	1303772413903	1	1.5446	1.1667	0.5549
273	1303772413921	1	1.5446	1.1667	0.5549
274	1303772413939	1	1.5446	1.1875	0.5452
275	1303772413959	1	1.5446	1.2222	0.5297
276	1303772413976	1	1.5446	1.2222	0.5297
277	1303772414039	1	1.5446	1.2059	0.5369
278	1303772414058	1	1.5446	1.1944	0.542
279	1303772414075	1	1.5446	1.1944	0.542
280	1303772414094	1	1.5446	1.1944	0.542
281	1303772414112	1	1.5446	1.1944	0.542
282	1303772414130	1	1.5446	1.1944	0.542
283	1303772414152	1	1.5446	1.1944	0.542
284	1303772414170	1	1.5446	1.1944	0.542
285	1303772414188	1	1.5446	1.1944	0.542
286	1303772414206	1	1.5446	1.1944	0.542
287	1303772414224	1	1.5446	1.1944	0.542
288	1303772414242	1	1.5446	1.1944	0.542
289	1303772414305	1	1.6242	1.1944	0.5155
290	1303772414323	1	1.6242	1.2105	0.5086
291	1303772414344	1	1.6242	1.2105	0.5086
292	1303772414363	1	1.6242	1.2105	0.5086
293	1303772414381	1	1.6242	1.225	0.5026
294	1303772414399	1	1.6242	1.225	0.5026
295	1303772414417	1	1.6242	1.225	0.5026
296	1303772414434	1	1.6242	1.225	0.5026
297	1303772414452	1	1.6242	1.225	0.5026
298	1303772414470	1	1.6242	1.225	0.5026
299	1303772414493	1	1.6242	1.225	0.5026
300	1303772414521	1	1.6816	1.2381	0.4803
301	1303772414544	1	1.6816	1.2381	0.4803
302	1303772414564	1	1.6816	1.225	0.4854
303	1303772414583	1	1.6816	1.225	0.4854
304	1303772414600	1	1.6816	1.2381	0.4803
305	1303772414618	1	1.6816	1.2381	0.4803
306	1303772414635	1	1.6816	1.2381	0.4803
307	1303772414656	1	1.6816	1.2381	0.4803
308	1303772414715	1	1.6816	1.2381	0.4803
309	1303772414732	1	1.6816	1.2381	0.4803
310	1303772414750	1	1.6816	1.2381	0.4803
311	1303772414768	1	1.6816	1.2381	0.4803
312	1303772414830	1	1.6816	1.2381	0.4803
313	1303772414848	1	1.6816	1.2381	0.4803
314	1303772414868	1	1.6816	1.2381	0.4803
315	1303772414886	1	1.6816	1.2381	0.4803
316	1303772414903	1	1.6816	1.2381	0.4803
317	1303772414920	1	1.6816	1.2381	0.4803
318	1303772414937	1	1.6816	1.2381	0.4803
319	1303772414955	1	1.6816	1.2273	0.4845
320	1303772414972	1	1.6816	1.2143	0.4897
321	1303772414990	1	1.6816	1.2143	0.4897
322	1303772415007	1	1.6816	1.2273	0.4845
323	1303772415027	1	1.6816	1.2045	0.4937
324	1303772415085	1	1.6816	1.1818	0.5032
325	1303772415102	1	1.6816	1.2045	0.4937
326	1303772415121	1	1.6816	1.2045	0.4937
327	1303772415138	1	1.6816	1.2045	0.4937
328	1303772415168	1	1.4196	1.1818	0.5961
329	1303772415246	1	1.3772	1.1818	0.6144
330	1303772415335	1	1.3765	1.1818	0.6147
331	1303772415384	1	1.3765	1.1818	0.6147
332	1303772415402	1	1.3765	1.1364	0.6393
333	1303772415420	1	1.3765	1.1591	0.6268
334	1303772415439	1	1.3765	1.1591	0.6268
335	1303772415459	1	1.3765	1.1591	0.6268
336	1303772415477	1	1.3765	1.1591	0.6268
337	1303772415495	1	1.3765	1.1591	0.6268
338	1303772415555	1	1.07	1.1818	0.7908
339	1303772415573	1	1.07	1.2045	0.7759
340	1303772415591	1	1.07	1.1591	0.8063
341	1303772415650	1	1.07	1.1591	0.8063
342	1303772415710	1	1.07	1.1364	0.8224
343	1303772415768	1	1.07	1.2045	0.7759
344	1303772415786	1	1.07	1.1818	0.7908
345	1303772415803	1	1.07	1.1429	0.8177
346	1303772415863	1	1.07	1.0682	0.8749
347	1303772415880	1	1.07	1.1136	0.8392
348	1303772415897	1	1.07	1.0526	0.8878
349	1303772415916	1	1.07	1.0476	0.8921
350	1303772415937	1	1.07	1.025	0.9118
351	1303772415954	1	1.07	1.0476	0.8921
352	1303772415972	1	1.07	1.0714	0.8723
353	1303772415989	1	1.07	1.0476	0.8921
354	1303772416007	1	1.07	1.0476	0.8921
355	1303772416025	1	1.07	1.05	0.8901
356	1303772416043	1	1.07	1.0714	0.8723
357	1303772416062	1	1.07	1.025	0.9118
358	1303772416083	1	1.07	1.025	0.9118
359	1303772416101	1	1.07	1.025	0.9118
360	1303772416161	1	1.0487	1.0238	0.9314
361	1303772416220	1	1.0487	1.0238	0.9314
362	1303772416239	1	1.0487	1.05	0.9082
363	1303772416257	1	1.0487	1	0.9536
364	1303772416275	1	1.0487	1.025	0.9303
365	1303772416295	1	1.0487	1.0238	0.9314
366	1303772416312	1	1.0487	1.0238	0.9314
367	1303772416330	1	1.0487	1	0.9536
368	1303772416347	1	1.0487	1	0.9536
369	1303772416365	1	1.0487	1.0238	0.9314
370	1303772416454	1	1.0487	1.0238	0.9314
371	1303772416472	1	1.0487	1	0.9536
372	1303772416489	1	1.0487	1	0.9536
373	1303772416509	1	1.0487	1.0238	0.9314
374	1303772416527	1	1.0487	1	0.9536
375	1303772416545	1	1.0487	1	0.9536
376	1303772416562	1	1.0487	1.0238	0.9314
377	1303772416579	1	1.0487	1	0.9536
378	1303772416597	1	1.0487	1	0.9536
379	1303772416615	1	1.0487	1.0238	0.9314
380	1303772416633	1	1.0487	1	0.9536
381	1303772416653	1	1.0487	1	0.9536
382	1303772416671	1	1.0487	1.0238	0.9314
383	1303772416690	1	1.0487	1	0.9536
384	1303772416708	1	1.0487	1	0.9536
385	1303772416726	1	1.0487	1.0238	0.9314
386	1303772416743	1	1.0487	1	0.9536
387	1303772416762	1	1.0487	1	0.9536
388	1303772416781	1	1.0487	1.0238	0.9314
389	1303772416809	1	1.0444	1	0.9575
390	1303772416834	1	1.04	1	0.9616
391	1303772416899	1	1.0399	1.0238	0.9392
392	1303772416961	1	1.0399	1	0.9616
393	1303772416981	1	1.0399	1	0.9616
394	1303772416999	1	1.0399	1.0238	0.9392
395	1303772417020	1	1.0399	1	0.9616
396	1303772417037	1	1.0399	1	0.9616
397	1303772417055	1	1.0399	1.0238	0.9392
398	1303772417113	1	1.0399	1	0.9616
399	1303772417130	1	1.0399	1	0.9616
400	1303772417147	1	1.0399	1.0238	0.9392
401	1303772417165	1	1.0399	1	0.9616
402	1303772417182	1	1.0399	1	0.9616
403	1303772417202	1	1.0399	1.0238	0.9392
404	1303772417221	1	1.0399	1	0.9616
405	1303772417240	1	1.0399	1	0.9616
406	1303772417258	1	1.0399	1.0238	0.9392
407	1303772417277	1	1.0399	1	0.9616
408	1303772417294	1	1.0399	1	0.9616
409	1303772417312	1	1.0399	1.0238	0.9392
410	1303772417378	1	1.0399	1	0.9616
411	1303772417396	1	1.0399	1	0.9616
412	1303772417414	1	1.0399	1.0238	0.9392
413	1303772417431	1	1.0399	1	0.9616
414	1303772417449	1	1.0399	1	0.9616
415	1303772417507	1	1.0399	1.0238	0.9392
416	1303772417525	1	1.0399	1	0.9616
417	1303772417583	1	1.0399	1	0.9616
418	1303772417644	1	1.0399	1.0238	0.9392
419	1303772417662	1	1.0399	1	0.9616
420	1303772417680	1	1.0399	1	0.9616
421	1303772417699	1	1.038	1.0238	0.941
422	1303772417719	1	1.038	1.0238	0.941
423	1303772417738	1	1.0377	1.0238	0.9413
424	1303772417758	1	1.0377	1.025	0.9402
425	1303772417780	1	1.0377	1.0238	0.9413
426	1303772417799	1	1.0377	1.0238	0.9413
427	1303772417817	1	1.0377	1.025	0.9402
428	1303772417834	1	1.0377	1	0.9637
429	1303772417853	1	1.0377	1.0238	0.9413
430	1303772417872	1	1.0377	1.0238	0.9413
431	1303772417889	1	1.0377	1	0.9637
432	1303772417907	1	1.0377	1	0.9637
433	1303772417927	1	1.0377	1.0238	0.9413
434	1303772417945	1	1.0377	1	0.9637
435	1303772417963	1	1.0377	1	0.9637
436	1303772417982	1	1.0377	1.0238	0.9413
437	1303772418000	1	1.0377	1	0.9637
438	1303772418018	1	1.0377	1	0.9637
439	1303772418076	1	1.0377	1.0238	0.9413
440	1303772418097	1	1.0377	1	0.9637
441	1303772418114	1	1.0377	1	0.9637
442	1303772418132	1	1.0377	1.0238	0.9413
443	1303772418150	1	1.0377	1	0.9637
444	1303772418209	1	1.0377	1	0.9637
445	1303772418226	1	1.0377	1.0238	0.9413
446	1303772418244	1	1.0377	1	0.9637
447	1303772418262	1	1.0377	1	0.9637
448	1303772418283	1	1.0377	1.0238	0.9413
449	1303772418302	1	1.0377	1	0.9637
450	1303772418331	1	1.0354	1	0.9658
451	1303772418358	1	1.0348	1.0238	0.9439
452	1303772418383	1	1.0348	1	0.9664
453	1303772418411	1	1.0342	1	0.9669
454	1303772418436	1	1.0338	1.0238	0.9448
455	1303772418456	1	1.0338	1	0.9673
456	1303772418475	1	1.0338	1	0.9673
457	1303772418493	1	1.0338	1.0238	0.9448
458	1303772418511	1	1.0338	1	0.9673
459	1303772418529	1	1.0338	1	0.9673
460	1303772418546	1	1.0338	1.0238	0.9448
461	1303772418605	1	1.0338	1	0.9673
462	1303772418625	1	1.0338	1	0.9673
463	1303772418643	1	1.0338	1.0238	0.9448
464	1303772418661	1	1.0338	1	0.9673
465	1303772418679	1	1.0338	1	0.9673
466	1303772418737	1	1.0338	1.0238	0.9448
467	1303772418755	1	1.0338	1	0.9673
468	1303772418773	1	1.0338	1	0.9673
469	1303772418795	1	1.0338	1.0238	0.9448
470	1303772418812	1	1.0338	1	0.9673
471	1303772418870	1	1.0338	1	0.9673
472	1303772418888	1	1.0338	1.0238	0.9448
473	1303772418905	1	1.0338	1	0.9673
474	1303772418924	1	1.0338	1	0.9673
475	1303772418942	1	1.0338	1.0238	0.9448
476	1303772419003	1	1.0338	1	0.9673
477	1303772419067	1	1.0338	1	0.9673
478	1303772419085	1	1.0338	1.0238	0.9448
479	1303772419103	1	1.0338	1	0.9673
480	1303772419121	1	1.0338	1	0.9673
481	1303772419138	1	1.0338	1.0238	0.9448
482	1303772419158	1	1.0337	1	0.9674
483	1303772419179	1	1.0308	1	0.9701
484	1303772419203	1	1.0298	1.0238	0.9484
485	1303772419223	1	1.0298	1	0.971
486	1303772419242	1	1.0298	1	0.971
487	1303772419261	1	1.0298	1.0238	0.9484
488	1303772419279	1	1.0298	1	0.971
489	1303772419297	1	1.0298	1	0.971
490	1303772419315	1	1.0298	1.0238	0.9484
491	1303772419335	1	1.0298	1	0.971
492	1303772419354	1	1.0298	1	0.971
493	1303772419372	1	1.0298	1.0238	0.9484
494	1303772419390	1	1.0298	1	0.971
495	1303772419408	1	1.0298	1	0.971
496	1303772419427	1	1.0298	1.0238	0.9484
497	1303772419445	1	1.0298	1	0.971
498	1303772419462	1	1.0298	1	0.971
499	1303772419483	1	1.0298	1.0238	0.9484
500	1303772419546	1	1.0298	1	0.971
501	1303772419564	1	1.0298	1	0.971
502	1303772419582	1	1.0298	1	0.971
503	1303772419601	1	1.0298	1	0.971
504	1303772419618	1	1.0298	1	0.971
505	1303772419636	1	1.0298	1	0.971
506	1303772419654	1	1.0298	1	0.971
507	1303772419675	1	1.0298	1	0.971
508	1303772419692	1	1.0298	1	0.971
509	1303772419753	1	1.0298	1	0.971
510	1303772419771	1	1.0298	1	0.971
511	1303772419799	1	1.028	1	0.9728
512	1303772419828	1	1.0271	1	0.9737
513	1303772419858	1	1.0271	1	0.9737
514	1303772419884	1	1.0263	1	0.9744
515	1303772419905	1	1.0263	1	0.9744
516	1303772419923	1	1.0263	1	0.9744
517	1303772419941	1	1.0263	1	0.9744
518	1303772419960	1	1.0263	1	0.9744
519	1303772420018	1	1.0263	1	0.9744
520	1303772420079	1	1.0263	1	0.9744
521	1303772420098	1	1.0263	1	0.9744
522	1303772420116	1	1.0263	1	0.9744
523	1303772420135	1	1.0263	1	0.9744
524	1303772420153	1	1.0263	1	0.9744
525	1303772420171	1	1.0263	1	0.9744
526	1303772420189	1	1.0263	1	0.9744
527	1303772420248	1	1.0263	1	0.9744
528	1303772420268	1	1.0263	1	0.9744
529	1303772420287	1	1.0263	1	0.9744
530	1303772420305	1	1.0263	1	0.9744
531	1303772420323	1	1.0263	1	0.9744
532	1303772420340	1	1.0263	1	0.9744
533	1303772420359	1	1.0263	1	0.9744
534	1303772420376	1	1.0263	1	0.9744
535	1303772420396	1	1.0263	1	0.9744
536	1303772420415	1	1.0263	1	0.9744
537	1303772420472	1	1.0263	1	0.9744
538	1303772420489	1	1.0263	1	0.9744
539	1303772420507	1	1.0263	1	0.9744
540	1303772420526	1	1.0263	1	0.9744
541	1303772420544	1	1.0263	1	0.9744
542	1303772420602	1	1.0263	1	0.9744
543	1303772420624	1	1.0245	1	0.9761
544	1303772420645	1	1.0217	1	0.9788
545	1303772420665	1	1.0217	1	0.9788
546	1303772420684	1	1.0217	1	0.9788
547	1303772420702	1	1.0217	1	0.9788
548	1303772420720	1	1.0217	1	0.9788
549	1303772420738	1	1.0217	1	0.9788
550	1303772420758	1	1.0217	1	0.9788
551	1303772420776	1	1.0217	1	0.9788
552	1303772420794	1	1.0217	1	0.9788
553	1303772420812	1	1.0217	1	0.9788
554	1303772420829	1	1.0217	1	0.9788
555	1303772420847	1	1.0217	1	0.9788
556	1303772420865	1	1.0217	1	0.9788
557	1303772420882	1	1.0217	1	0.9788
558	1303772420902	1	1.0217	1	0.9788
559	1303772420920	1	1.0217	1	0.9788
560	1303772420937	1	1.0217	1	0.9788
561	1303772420955	1	1.0217	1	0.9788
562	1303772420973	1	1.0217	1	0.9788
563	1303772420991	1	1.0217	1	0.9788
564	1303772421009	1	1.0217	1	0.9788
565	1303772421027	1	1.0217	1	0.9788
566	1303772421047	1	1.0217	1	0.9788
567	1303772421065	1	1.0217	1	0.9788
568	1303772421082	1	1.0217	1	0.9788
569	1303772421100	1	1.0217	1	0.9788
570	1303772421158	1	1.0217	1	0.9788
571	1303772421176	1	1.0217	1	0.9788
572	1303772421208	1	1.0229	1	0.9776
573	1303772421247	1	1.0197	1	0.9807
574	1303772421318	1	1.0194	1	0.981
575	1303772421343	1	1.0194	1	0.981
576	1303772421407	1	1.0194	1	0.981
577	1303772421425	1	1.0194	1	0.981
578	1303772421442	1	1.0194	1	0.981
579	1303772421463	1	1.0194	1	0.981
580	1303772421480	1	1.0194	1	0.981
581	1303772421499	1	1.0194	1	0.981
582	1303772421517	1	1.0194	1	0.981
583	1303772421536	1	1.0194	1	0.981
584	1303772421554	1	1.0194	1	0.981
585	1303772421572	1	1.0194	1	0.981
586	1303772421593	1	1.0194	1	0.981
587	1303772421652	1	1.0194	1	0.981
588	1303772421670	1	1.0194	1	0.981
589	1303772421729	1	1.0194	1	0.981
590	1303772421747	1	1.0194	1	0.981
591	1303772421765	1	1.0194	1	0.981
592	1303772421783	1	1.0194	1	0.981
593	1303772421802	1	1.0194	1	0.981
594	1303772421822	1	1.0194	1	0.981
595	1303772421841	1	1.0194	1	0.981
596	1303772421859	1	1.0194	1	0.981
597	1303772421876	1	1.0194	1	0.981
598	1303772421894	1	1.0194	1	0.981
599	1303772421912	1	1.0194	1	0.981
600	1303772421929	1	1.0194	1	0.981
601	1303772421987	1	1.0194	1	0.981
602	1303772422008	1	1.0194	1	0.981
603	1303772422025	1	1.0194	1	0.981
604	1303772422045	1	1.0194	1	0.981
605	1303772422068	1	1.0182	1	0.9821
606	1303772422088	1	1.0174	1	0.9829
607	1303772422107	1	1.0174	1	0.9829
608	1303772422125	1	1.0174	1	0.9829
609	1303772422145	1	1.0174	1	0.9829
610	1303772422162	1	1.0174	1	0.9829
611	1303772422181	1	1.0174	1	0.9829
612	1303772422199	1	1.0174	1	0.9829
613	1303772422217	1	1.0174	1	0.9829
614	1303772422235	1	1.0174	1	0.9829
615	1303772422252	1	1.0174	1	0.9829
616	1303772422270	1	1.0174	1	0.9829
617	1303772422290	1	1.0174	1	0.9829
618	1303772422308	1	1.0174	1	0.9829
619	1303772422325	1	1.0174	1	0.9829
620	1303772422342	1	1.0174	1	0.9829
621	1303772422359	1	1.0174	1	0.9829
622	1303772422377	1	1.0174	1	0.9829
623	1303772422395	1	1.0174	1	0.9829
624	1303772422415	1	1.0174	1	0.9829
625	1303772422433	1	1.0174	1	0.9829
626	1303772422451	1	1.0174	1	0.9829
627	1303772422470	1	1.0174	1	0.9829
628	1303772422488	1	1.0174	1	0.9829
629	1303772422505	1	1.0174	1	0.9829
630	1303772422523	1	1.0174	1	0.9829
631	1303772422540	1	1.0174	1	0.9829
632	1303772422561	1	1.0174	1	0.9829
633	1303772422609	1	1.0185	1	0.9818
634	1303772422653	1	1.018	1	0.9824
635	1303772422698	1	1.0179	1	0.9825
636	1303772422733	1	1.0171	1	0.9831
637	1303772422761	1	1.0169	1	0.9833
638	1303772422782	1	1.0169	1	0.9833
639	1303772422841	1	1.0169	1	0.9833
640	1303772422860	1	1.0169	1	0.9833
641	1303772422877	1	1.0169	1	0.9833
642	1303772422936	1	1.0169	1	0.9833
643	1303772422954	1	1.0169	1	0.9833
644	1303772422974	1	1.0169	1	0.9833
645	1303772422992	1	1.0169	1	0.9833
646	1303772423011	1	1.0169	1	0.9833
647	1303772423029	1	1.0169	1	0.9833
648	1303772423046	1	1.0169	1	0.9833
649	1303772423065	1	1.0169	1	0.9833
650	1303772423084	1	1.0169	1	0.9833
651	1303772423104	1	1.0169	1	0.9833
652	1303772423121	1	1.0169	1	0.9833
653	1303772423143	1	1.0169	1	0.9833
654	1303772423161	1	1.0169	1	0.9833
655	1303772423180	1	1.0169	1	0.9833
656	1303772423198	1	1.0169	1	0.9833
657	1303772423216	1	1.0169	1	0.9833
658	1303772423233	1	1.0169	1	0.9833
659	1303772423254	1	1.0169	1	0.9833
660	1303772423273	1	1.0169	1	0.9833
661	1303772423291	1	1.0169	1	0.9833
662	1303772423310	1	1.0169	1	0.9833
663	1303772423329	1	1.0169	1	0.9833
664	1303772423348	1	1.0169	1	0.9833
665	1303772423367	1	1.015	1	0.9852
666	1303772423388	1	1.0147	1	0.9855
667	1303772423409	1	1.0147	1	0.9855
668	1303772423429	1	1.0147	1	0.9855
669	1303772423447	1	1.0147	1	0.9855
670	1303772423465	1	1.0147	1	0.9855
671	1303772423484	1	1.0147	1	0.9855
672	1303772423501	1	1.0147	1	0.9855
673	1303772423519	1	1.0147	1	0.9855
674	1303772423539	1	1.0147	1	0.9855
675	1303772423556	1	1.0147	1	0.9855
676	1303772423574	1	1.0147	1	0.9855
677	1303772423591	1	1.0147	1	0.9855
678	1303772423609	1	1.0147	1	0.9855
679	1303772423667	1	2.2842	1	0.4378
680	1303772423685	1	2.2842	1	0.4378
681	1303772423704	1	2.2842	1	0.4378
682	1303772423725	1	2.2842	1	0.4378
683	1303772423742	1	2.2842	1	0.4378
684	1303772423800	1	2.2842	1	0.4378
685	1303772423818	1	2.2842	1	0.4378
686	1303772423836	1	2.2842	1	0.4378
687	1303772423855	1	2.2842	1	0.4378
688	1303772423914	1	2.2842	1	0.4378
689	1303772423931	1	2.2842	1	0.4378
690	1303772423952	1	2.2842	1	0.4378
691	1303772424010	1	2.2842	1	0.4378
692	1303772424028	1	2.2842	1	0.4378
693	1303772424046	1	2.2842	1	0.4378
694	1303772424121	1	2.3143	1	0.4321
695	1303772424168	1	2.3138	1	0.4322
696	1303772424223	1	2.3136	1	0.4322
697	1303772424272	1	2.3137	1	0.4322
698	1303772424306	1	2.3137	1	0.4322
699	1303772424328	1	2.3137	1	0.4322
700	1303772424347	1	2.3137	1	0.4322
701	1303772424366	1	2.3137	1	0.4322
702	1303772424384	1	2.3137	1	0.4322
703	1303772424403	1	2.3137	1	0.4322
704	1303772424421	1	2.3137	1	0.4322
705	1303772424439	1	2.3137	1	0.4322
706	1303772424457	1	2.3137	1	0.4322
707	1303772424474	1	2.3137	1	0.4322
708	1303772424491	1	2.3137	1	0.4322
709	1303772424512	1	2.3137	1	0.4322
710	1303772424529	1	2.3137	1	0.4322
711	1303772424587	1	2.3137	1	0.4322
712	1303772424605	1	2.3137	1	0.4322
713	1303772424624	1	2.3137	1	0.4322
714	1303772424642	1	2.3137	1	0.4322
715	1303772424659	1	2.3137	1	0.4322
716	1303772424680	1	2.3137	1	0.4322
717	1303772424698	1	2.3137	1	0.4322
718	1303772424716	1	2.3137	1	0.4322
719	1303772424733	1	2.3137	1	0.4322
720	1303772424751	1	2.3137	1	0.4322
721	1303772424769	1	2.3137	1	0.4322
722	1303772424787	1	2.3137	1	0.4322
723	1303772424804	1	2.3137	1	0.4322
724	1303772424825	1	2.3137	1	0.4322
725	1303772424842	1	2.3137	1	0.4322
726	1303772424864	1	2.3082	1	0.4332
727	1303772424900	1	2.3069	1	0.4335
728	1303772424922	1	2.3069	1	0.4335
729	1303772424942	1	2.3069	1	0.4335
730	1303772424961	1	2.3069	1	0.4335
731	1303772424982	1	2.3069	1	0.4335
732	1303772424999	1	2.3069	1	0.4335
733	1303772425017	1	2.3069	1	0.4335
734	1303772425034	1	2.3069	1	0.4335
735	1303772425052	1	2.3069	1	0.4335
736	1303772425069	1	2.3069	1	0.4335
737	1303772425087	1	2.3069	1	0.4335
738	1303772425104	1	2.3069	1	0.4335
739	1303772425164	1	2.3069	1	0.4335
740	1303772425182	1	2.3069	1	0.4335
741	1303772425199	1	2.3069	1	0.4335
742	1303772425217	1	2.3069	1	0.4335
743	1303772425236	1	2.3069	1	0.4335
744	1303772425254	1	2.3069	1	0.4335
745	1303772425272	1	2.3069	1	0.4335
746	1303772425293	1	2.3069	1	0.4335
747	1303772425312	1	2.3069	1	0.4335
748	1303772425330	1	2.3069	1	0.4335
749	1303772425348	1	2.3069	1	0.4335
750	1303772425366	1	2.3069	1	0.4335
751	1303772425385	1	2.3069	1	0.4335
752	1303772425403	1	2.3069	1	0.4335
753	1303772425422	1	2.3069	1	0.4335
754	1303772425443	1	2.3069	1	0.4335
755	1303772425505	1	2.3069	1	0.4335
756	1303772425579	1	2.3387	1	0.4276
757	1303772425632	1	2.3387	1	0.4276
758	1303772425681	1	2.3387	1	0.4276
759	1303772425713	1	2.3387	1	0.4276
760	1303772425774	1	2.3387	1	0.4276
761	1303772425793	1	2.3387	1	0.4276
762	1303772425810	1	2.3387	1	0.4276
763	1303772425827	1	2.3387	1	0.4276
764	1303772425848	1	2.3387	1	0.4276
765	1303772425866	1	2.3387	1	0.4276
766	1303772425883	1	2.3387	1	0.4276
767	1303772425901	1	2.3387	1	0.4276
768	1303772425919	1	2.3387	1	0.4276
769	1303772425937	1	2.3387	1	0.4276
770	1303772425954	1	2.3387	1	0.4276
771	1303772425973	1	2.3387	1	0.4276
772	1303772425995	1	2.3387	1	0.4276
773	1303772426012	1	2.3387	1	0.4276
774	1303772426030	1	2.3387	1	0.4276
775	1303772426047	1	2.3387	1	0.4276
776	1303772426065	1	2.3387	1	0.4276
777	1303772426083	1	2.3387	1	0.4276
778	1303772426100	1	2.3387	1	0.4276
779	1303772426118	1	2.3387	1	0.4276
780	1303772426138	1	2.3387	1	0.4276
781	1303772426156	1	2.3387	1	0.4276
782	1303772426174	1	2.3387	1	0.4276
783	1303772426191	1	2.3387	1	0.4276
784	1303772426209	1	2.3387	1	0.4276
785	1303772426227	1	2.3387	1	0.4276
786	1303772426285	1	2.3387	1	0.4276
787	1303772426309	1	2.3387	1	0.4276
788	1303772426330	1	2.3387	1	0.4276
789	1303772426352	1	2.3387	1	0.4276
790	1303772426372	1	2.3387	1	0.4276
791	1303772426390	1	2.3387	1	0.4276
792	1303772426448	1	2.3426	1	0.4269
793	1303772426466	1	2.3426	1	0.4269
794	1303772426487	1	2.3426	1	0.4269
795	1303772426505	1	2.3426	1	0.4269
796	1303772426523	1	2.3426	1	0.4269
797	1303772426541	1	2.3426	1	0.4269
798	1303772426559	1	2.3426	1	0.4269
799	1303772426577	1	2.3426	1	0.4269
800	1303772426595	1	2.3426	1	0.4269
801	1303772426612	1	2.3426	1	0.4269
802	1303772426673	1	2.3426	1	0.4269
803	1303772426691	1	2.3426	1	0.4269
804	1303772426709	1	2.3426	1	0.4269
805	1303772426726	1	2.3426	1	0.4269
806	1303772426744	1	2.3426	1	0.4269
807	1303772426762	1	2.3426	1	0.4269
808	1303772426779	1	2.3426	1	0.4269
809	1303772426797	1	2.3426	1	0.4269
810	1303772426818	1	2.3426	1	0.4269
811	1303772426836	1	2.3426	1	0.4269
812	1303772426854	1	2.3426	1	0.4269
813	1303772426872	1	2.3426	1	0.4269
814	1303772426890	1	2.3426	1	0.4269
815	1303772426909	1	2.3426	1	0.4269
816	1303772426985	1	2.3426	1	0.4269
817	1303772427053	1	2.3411	1	0.4271
818	1303772427099	1	2.3411	1	0.4271
819	1303772427139	1	2.3411	1	0.4271
820	1303772427170	1	2.3186	1	0.4313
821	1303772427190	1	2.3186	1	0.4313
822	1303772427208	1	2.3186	1	0.4313
823	1303772427226	1	2.3186	1	0.4313
824	1303772427244	1	2.3186	1	0.4313
825	1303772427262	1	2.3186	1	0.4313
826	1303772427320	1	2.3186	1	0.4313
827	1303772427383	1	2.3186	1	0.4313
828	1303772427405	1	2.3186	1	0.4313
829	1303772427423	1	2.3186	1	0.4313
830	1303772427441	1	2.3186	1	0.4313
831	1303772427460	1	2.3186	1	0.4313
832	1303772427478	1	2.3186	1	0.4313
833	1303772427496	1	2.3186	1	0.4313
834	1303772427515	1	2.3186	1	0.4313
835	1303772427532	1	2.3186	1	0.4313
836	1303772427553	1	2.3186	1	0.4313
837	1303772427571	1	2.3186	1	0.4313
838	1303772427589	1	2.3186	1	0.4313
839	1303772427647	1	2.3186	1	0.4313
840	1303772427705	1	2.035	1	0.4914
841	1303772427722	1	2.035	1	0.4914
842	1303772427740	1	2.035	1	0.4914
843	1303772427760	1	2.035	1	0.4914
844	1303772427778	1	2.035	1	0.4914
845	1303772427796	1	2.035	1	0.4914
846	1303772427813	1	2.035	1	0.4914
847	1303772427832	1	2.035	1	0.4914
848	1303772427893	1	2.035	1	0.4914
849	1303772427916	1	2.0381	1	0.4907
850	1303772427941	1	2.0376	1	0.4908
851	1303772427960	1	2.0376	1	0.4908
852	1303772427979	1	2.0376	1	0.4908
853	1303772427997	1	2.0376	1	0.4908
854	1303772428015	1	2.0376	1	0.4908
855	1303772428073	1	2.0376	1	0.4908
856	1303772428091	1	2.0376	1	0.4908
857	1303772428149	1	2.0376	1	0.4908
858	1303772428170	1	2.0376	1	0.4908
859	1303772428188	1	2.0376	1	0.4908
860	1303772428207	1	2.0376	1	0.4908
861	1303772428225	1	2.0376	1	0.4908
862	1303772428243	1	2.0376	1	0.4908
863	1303772428262	1	2.0376	1	0.4908
864	1303772428281	1	2.0376	1	0.4908
865	1303772428299	1	2.0376	1	0.4908
866	1303772428320	1	2.0376	1	0.4908
867	1303772428381	1	2.0376	1	0.4908
868	1303772428400	1	2.0376	1	0.4908
869	1303772428417	1	2.0376	1	0.4908
870	1303772428436	1	2.0376	1	0.4908
871	1303772428455	1	2.0376	1	0.4908
872	1303772428560	1	2.0376	1	0.4908
873	1303772428581	1	2.0376	1	0.4908
874	1303772428599	1	2.0376	1	0.4908
875	1303772428617	1	2.0376	1	0.4908
876	1303772428636	1	2.0376	1	0.4908
877	1303772428699	1	2.0376	1	0.4908
878	1303772428763	1	2.0376	1	0.4908
879	1303772428811	1	2.0376	1	0.4908
880	1303772428858	1	2.0376	1	0.4908
881	1303772428883	1	2.0376	1	0.4908
882	1303772428902	1	2.0393	1	0.4904
883	1303772428921	1	2.0393	1	0.4904
884	1303772428941	1	2.0393	1	0.4904
885	1303772428959	1	2.0393	1	0.4904
886	1303772428977	1	2.0393	1	0.4904
887	1303772429035	1	2.0393	1	0.4904
888	1303772429052	1	2.0393	1	0.4904
889	1303772429070	1	2.0393	1	0.4904
890	1303772429088	1	2.0393	1	0.4904
891	1303772429108	1	2.0393	1	0.4904
892	1303772429126	1	2.0393	1	0.4904
893	1303772429144	1	2.0393	1	0.4904
894	1303772429162	1	2.0393	1	0.4904
895	1303772429180	1	2.0393	1	0.4904
896	1303772429198	1	2.0393	1	0.4904
897	1303772429216	1	2.0393	1	0.4904
898	1303772429234	1	2.0393	1	0.4904
899	1303772429255	1	2.0393	1	0.4904
900	1303772429273	1	2.0393	1	0.4904
901	1303772429291	1	2.0393	1	0.4904
902	1303772429309	1	2.0393	1	0.4904
903	1303772429327	1	2.0393	1	0.4904
904	1303772429345	1	2.0393	1	0.4904
905	1303772429363	1	2.0393	1	0.4904
906	1303772429380	1	2.0393	1	0.4904
907	1303772429401	1	2.0393	1	0.4904
908	1303772429460	1	2.0393	1	0.4904
909	1303772429480	1	2.0393	1	0.4904
910	1303772429502	1	2.0393	1	0.4904
911	1303772429524	1	2.0393	1	0.4904
912	1303772429585	1	2.0393	1	0.4904
913	1303772429604	1	2.0393	1	0.4904
914	1303772429669	1	2.0415	1	0.4898
915	1303772429727	1	2.0932	1	0.4777
916	1303772429745	1	2.0932	1	0.4777
917	1303772429764	1	2.0932	1	0.4777
918	1303772429782	1	2.0932	1	0.4777
919	1303772429801	1	2.0932	1	0.4777
920	1303772429819	1	2.0932	1	0.4777
921	1303772429841	1	2.0932	1	0.4777
922	1303772429858	1	2.0932	1	0.4777
923	1303772429876	1	2.0932	1	0.4777
924	1303772429895	1	2.0932	1	0.4777
925	1303772429913	1	2.0932	1	0.4777
926	1303772429930	1	2.0932	1	0.4777
927	1303772429948	1	2.0932	1	0.4777
928	1303772429967	1	2.0932	1	0.4777
929	1303772429988	1	2.0932	1	0.4777
930	1303772430006	1	2.0932	1	0.4777
931	1303772430024	1	2.0932	1	0.4777
932	1303772430041	1	2.0932	1	0.4777
933	1303772430058	1	2.0932	1	0.4777
934	1303772430076	1	2.0932	1	0.4777
935	1303772430095	1	2.0932	1	0.4777
936	1303772430113	1	2.0932	1	0.4777
937	1303772430133	1	2.0932	1	0.4777
938	1303772430182	1	2.0932	1	0.4777
939	1303772430238	1	2.0932	1	0.4777
940	1303772430324	1	2.0919	1	0.478
941	1303772430357	1	2.0919	1	0.478
942	1303772430377	1	2.0919	1	0.478
943	1303772430395	1	2.0919	1	0.478
944	1303772430412	1	2.0919	1	0.478
945	1303772430430	1	2.0919	1	0.478
946	1303772430448	1	2.0919	1	0.478
947	1303772430466	1	2.0919	1	0.478
948	1303772430524	1	2.0919	1	0.478
949	1303772430544	1	2.0919	1	0.478
950	1303772430562	1	2.0919	1	0.478
951	1303772430580	1	2.0919	1	0.478
952	1303772430597	1	2.0919	1	0.478
953	1303772430659	1	2.0919	1	0.478
954	1303772430677	1	2.0919	1	0.478
955	1303772430695	1	2.0919	1	0.478
956	1303772430712	1	2.0919	1	0.478
957	1303772430733	1	2.0919	1	0.478
958	1303772430752	1	2.0919	1	0.478
959	1303772430769	1	2.0919	1	0.478
960	1303772430787	1	2.0919	1	0.478
961	1303772430805	1	2.0919	1	0.478
962	1303772430823	1	2.0919	1	0.478
963	1303772430840	1	2.0919	1	0.478
964	1303772430861	1	2.0919	1	0.478
965	1303772430879	1	2.0919	1	0.478
966	1303772430896	1	2.0919	1	0.478
967	1303772430915	1	2.0919	1	0.478
968	1303772430933	1	2.0919	1	0.478
969	1303772430951	1	2.0919	1	0.478
970	1303772430971	1	2.0919	1	0.478
971	1303772430992	1	2.0919	1	0.478
972	1303772431016	1	2.0933	1	0.4777
973	1303772431036	1	2.0834	1	0.48
974	1303772431095	1	2.0834	1	0.48
975	1303772431114	1	2.0834	1	0.48
976	1303772431132	1	2.0834	1	0.48
977	1303772431150	1	2.0834	1	0.48
978	1303772431168	1	2.0834	1	0.48
979	1303772431189	1	2.0834	1	0.48
980	1303772431206	1	2.0834	1	0.48
981	1303772431224	1	2.0834	1	0.48
982	1303772431242	1	2.0834	1	0.48
983	1303772431260	1	2.0834	1	0.48
984	1303772431277	1	2.0834	1	0.48
985	1303772431295	1	2.0834	1	0.48
986	1303772431313	1	2.0834	1	0.48
987	1303772431334	1	2.0834	1	0.48
988	1303772431352	1	2.0834	1	0.48
989	1303772431370	1	2.0834	1	0.48
990	1303772431388	1	2.0834	1	0.48
991	1303772431406	1	2.0834	1	0.48
992	1303772431424	1	2.0834	1	0.48
993	1303772431442	1	2.0834	1	0.48
994	1303772431459	1	2.0834	1	0.48
995	1303772431480	1	2.0834	1	0.48
996	1303772431497	1	2.0834	1	0.48
997	1303772431515	1	2.0834	1	0.48
998	1303772431533	1	2.0834	1	0.48
999	1303772431600	1	2.1203	1	0.4716
1000	1303772431675	1	2.1198	1	0.4718
1001	1303772431709	1	2.1198	1	0.4718
1002	1303772431735	1	2.1198	1	0.4718
1003	1303772431757	1	2.1198	1	0.4718
1004	1303772431817	1	2.1198	1	0.4718
1005	1303772431836	1	2.1198	1	0.4718
1006	1303772431857	1	2.1198	1	0.4718
1007	1303772431875	1	2.1198	1	0.4718
1008	1303772431893	1	2.1198	1	0.4718
1009	1303772431951	1	2.1198	1	0.4718
1010	1303772431969	1	2.1198	1	0.4718
1011	1303772431988	1	2.1198	1	0.4718
1012	1303772432007	1	2.1198	1	0.4718
1013	1303772432028	1	2.1198	1	0.4718
1014	1303772432046	1	2.1198	1	0.4718
1015	1303772432065	1	2.1198	1	0.4718
1016	1303772432083	1	2.1198	1	0.4718
1017	1303772432102	1	2.1198	1	0.4718
1018	1303772432119	1	2.1198	1	0.4718
1019	1303772432137	1	2.1198	1	0.4718
1020	1303772432155	1	2.1198	1	0.4718
1021	1303772432176	1	2.1198	1	0.4718
1022	1303772432194	1	2.1198	1	0.4718
1023	1303772432212	1	2.1198	1	0.4718
1024	1303772432231	1	2.1198	1	0.4718
1025	1303772432249	1	2.1198	1	0.4718
1026	1303772432268	1	2.1198	1	0.4718
1027	1303772432286	1	2.1198	1	0.4718
1028	1303772432344	1	2.1198	1	0.4718
1029	1303772432364	1	2.1198	1	0.4718
1030	1303772432382	1	2.1198	1	0.4718
1031	1303772432402	1	2.1544	1	0.4642
1032	1303772432424	1	2.1544	1	0.4642
1033	1303772432445	1	2.1466	1	0.4659
1034	1303772432464	1	2.1466	1	0.4659
1035	1303772432483	1	2.1466	1	0.4659
1036	1303772432504	1	2.1466	1	0.4659
1037	1303772432523	1	2.1466	1	0.4659
1038	1303772432540	1	2.1466	1	0.4659
1039	1303772432558	1	2.1466	1	0.4659
1040	1303772432615	1	2.1466	1	0.4659
1041	1303772432632	1	2.1466	1	0.4659
1042	1303772432650	1	2.1466	1	0.4659
1043	1303772432669	1	2.1466	1	0.4659
1044	1303772432689	1	2.1466	1	0.4659
1045	1303772432708	1	2.1466	1	0.4659
1046	1303772432726	1	2.1466	1	0.4659
1047	1303772432744	1	2.1466	1	0.4659
1048	1303772432762	1	2.1466	1	0.4659
1049	1303772432780	1	2.1466	1	0.4659
1050	1303772432798	1	2.1466	1	0.4659
1051	1303772432815	1	2.1466	1	0.4659
1052	1303772432836	1	2.1466	1	0.4659
1053	1303772432854	1	2.1466	1	0.4659
1054	1303772432871	1	2.1466	1	0.4659
1055	1303772432889	1	2.1466	1	0.4659
1056	1303772432907	1	2.1466	1	0.4659
1057	1303772432924	1	2.1466	1	0.4659
1058	1303772432942	1	2.1466	1	0.4659
1059	1303772432963	1	2.1466	1	0.4659
1060	1303772433015	1	2.1484	1	0.4655
1061	1303772433075	1	2.18	1	0.4587
1062	1303772433146	1	2.18	1	0.4587
1063	1303772433168	1	2.18	1	0.4587
1064	1303772433189	1	2.18	1	0.4587
1065	1303772433207	1	2.18	1	0.4587
1066	1303772433224	1	2.18	1	0.4587
1067	1303772433283	1	2.18	1	0.4587
1068	1303772433301	1	2.18	1	0.4587
1069	1303772433319	1	2.18	1	0.4587
1070	1303772433337	1	2.18	1	0.4587
1071	1303772433354	1	2.18	1	0.4587
1072	1303772433375	1	2.18	1	0.4587
1073	1303772433394	1	2.18	1	0.4587
1074	1303772433412	1	2.18	1	0.4587
1075	1303772433431	1	2.18	1	0.4587
1076	1303772433449	1	2.18	1	0.4587
1077	1303772433467	1	2.18	1	0.4587
1078	1303772433485	1	2.18	1	0.4587
1079	1303772433504	1	2.18	1	0.4587
1080	1303772433525	1	2.18	1	0.4587
1081	1303772433542	1	2.18	1	0.4587
1082	1303772433605	1	2.1541	1	0.4642
1083	1303772433624	1	2.1541	1	0.4642
1084	1303772433643	1	2.1541	1	0.4642
1085	1303772433661	1	2.1541	1	0.4642
1086	1303772433680	1	2.1541	1	0.4642
1087	1303772433701	1	2.1541	1	0.4642
1088	1303772433719	1	2.1541	1	0.4642
1089	1303772433738	1	2.1541	1	0.4642
1090	1303772433756	1	2.1541	1	0.4642
1091	1303772433775	1	2.1541	1	0.4642
1092	1303772433794	1	2.1541	1	0.4642
1093	1303772433816	1	2.1954	1	0.4555
1094	1303772433879	1	2.1954	1	0.4555
1095	1303772433938	1	2.1954	1	0.4555
1096	1303772433956	1	2.1954	1	0.4555
1097	1303772433973	1	2.1954	1	0.4555
1098	1303772433990	1	2.1954	1	0.4555
1099	1303772434049	1	2.1954	1	0.4555
1100	1303772434107	1	2.1954	1	0.4555
1101	1303772434125	1	2.1954	1	0.4555
1102	1303772434146	1	2.1954	1	0.4555
1103	1303772434163	1	2.1954	1	0.4555
1104	1303772434181	1	2.1954	1	0.4555
1105	1303772434199	1	2.1954	1	0.4555
1106	1303772434216	1	2.1954	1	0.4555
1107	1303772434275	1	2.1954	1	0.4555
1108	1303772434293	1	2.1954	1	0.4555
1109	1303772434354	1	2.1954	1	0.4555
1110	1303772434373	1	2.1954	1	0.4555
1111	1303772434392	1	2.1954	1	0.4555
1112	1303772434410	1	2.1954	1	0.4555
1113	1303772434429	1	2.1954	1	0.4555
1114	1303772434488	1	2.1954	1	0.4555
1115	1303772434507	1	2.1954	1	0.4555
1116	1303772434525	1	2.1954	1	0.4555
1117	1303772434545	1	2.1954	1	0.4555
1118	1303772434563	1	2.1954	1	0.4555
1119	1303772434581	1	2.1954	1	0.4555
1120	1303772434599	1	2.1954	1	0.4555
1121	1303772434649	1	2.1954	1	0.4555
1122	1303772434700	1	2.2343	1	0.4476
1123	1303772434730	1	2.2345	1	0.4475
1124	1303772434752	1	2.2345	1	0.4475
1125	1303772434771	1	2.2345	1	0.4475
1126	1303772434789	1	2.2345	1	0.4475
1127	1303772434848	1	2.2345	1	0.4475
1128	1303772434866	1	2.2345	1	0.4475
1129	1303772434885	1	2.2345	1	0.4475
1130	1303772434906	1	2.2345	1	0.4475
1131	1303772434925	1	2.2345	1	0.4475
1132	1303772434943	1	2.2345	1	0.4475
1133	1303772434962	1	2.2345	1	0.4475
1134	1303772434980	1	2.2345	1	0.4475
1135	1303772434999	1	2.2345	1	0.4475
1136	1303772435017	1	2.2345	1	0.4475
1137	1303772435035	1	2.2345	1	0.4475
1138	1303772435055	1	2.2345	1	0.4475
1139	1303772435073	1	2.2345	1	0.4475
1140	1303772435136	1	2.2345	1	0.4475
1141	1303772435154	1	2.2345	1	0.4475
1142	1303772435172	1	2.2345	1	0.4475
1143	1303772435189	1	2.2345	1	0.4475
1144	1303772435207	1	2.2345	1	0.4475
1145	1303772435227	1	2.2345	1	0.4475
1146	1303772435245	1	2.2345	1	0.4475
1147	1303772435263	1	2.2345	1	0.4475
1148	1303772435280	1	2.2345	1	0.4475
1149	1303772435299	1	2.2345	1	0.4475
1150	1303772435317	1	2.2345	1	0.4475
1151	1303772435336	1	2.2345	1	0.4475
1152	1303772435354	1	2.2345	1	0.4475
1153	1303772435376	1	2.2345	1	0.4475
1154	1303772435396	1	2.2743	1	0.4397
1155	1303772435455	1	2.392	1	0.4181
1156	1303772435474	1	2.392	1	0.4181
1157	1303772435492	1	2.392	1	0.4181
1158	1303772435510	1	2.392	1	0.4181
1159	1303772435569	1	2.392	1	0.4181
1160	1303772435590	1	2.392	1	0.4181
1161	1303772435609	1	2.392	1	0.4181
1162	1303772435627	1	2.392	1	0.4181
1163	1303772435685	1	2.392	1	0.4181
1164	1303772435704	1	2.392	1	0.4181
1165	1303772435723	1	2.392	1	0.4181
1166	1303772435742	1	2.392	1	0.4181
1167	1303772435805	1	2.392	1	0.4181
1168	1303772435867	1	2.392	1	0.4181
1169	1303772435884	1	2.392	1	0.4181
1170	1303772435902	1	2.392	1	0.4181
1171	1303772435921	1	2.392	1	0.4181
1172	1303772435940	1	2.392	1	0.4181
1173	1303772435998	1	2.392	1	0.4181
1174	1303772436017	1	2.392	1	0.4181
1175	1303772436038	1	2.392	1	0.4181
1176	1303772436056	1	2.392	1	0.4181
1177	1303772436075	1	2.392	1	0.4181
1178	1303772436133	1	2.392	1	0.4181
1179	1303772436193	1	2.392	1	0.4181
1180	1303772436252	1	2.392	1	0.4181
1181	1303772436270	1	2.392	1	0.4181
1182	1303772436324	1	2.392	1	0.4181
1183	1303772436376	1	2.3917	1	0.4181
1184	1303772436403	1	2.3917	1	0.4181
1185	1303772436425	1	2.3917	1	0.4181
1186	1303772436446	1	2.3917	1	0.4181
1187	1303772436465	1	2.3917	1	0.4181
1188	1303772436483	1	2.3917	1	0.4181
1189	1303772436501	1	2.3917	1	0.4181
1190	1303772436519	1	2.3917	1	0.4181
1191	1303772436537	1	2.3917	1	0.4181
1192	1303772436555	1	2.3917	1	0.4181
1193	1303772436573	1	2.3917	1	0.4181
1194	1303772436591	1	2.3917	1	0.4181
1195	1303772436612	1	2.3917	1	0.4181
1196	1303772436630	1	2.3917	1	0.4181
1197	1303772436647	1	2.3917	1	0.4181
1198	1303772436665	1	2.3917	1	0.4181
1199	1303772436683	1	2.3917	1	0.4181
1200	1303772436700	1	2.3917	1	0.4181
1201	1303772436718	1	2.3917	1	0.4181
1202	1303772436736	1	2.3917	1	0.4181
1203	1303772436757	1	2.3917	1	0.4181
1204	1303772436775	1	2.3917	1	0.4181
1205	1303772436792	1	2.3917	1	0.4181
1206	1303772436809	1	2.3917	1	0.4181
1207	1303772436827	1	2.3917	1	0.4181
1208	1303772436845	1	2.3917	1	0.4181
1209	1303772436863	1	2.3917	1	0.4181
1210	1303772436881	1	2.3917	1	0.4181
1211	1303772436902	1	2.3917	1	0.4181
1212	1303772436920	1	2.3917	1	0.4181
1213	1303772436938	1	2.3917	1	0.4181
1214	1303772436957	1	2.3917	1	0.4181
1215	1303772436977	1	2.3922	1	0.418
1216	1303772436996	1	2.3922	1	0.418
1217	1303772437015	1	2.3922	1	0.418
1218	1303772437035	1	2.3922	1	0.418
1219	1303772437053	1	2.3922	1	0.418
1220	1303772437112	1	2.3922	1	0.418
1221	1303772437130	1	2.3922	1	0.418
1222	1303772437148	1	2.3922	1	0.418
1223	1303772437167	1	2.3922	1	0.418
1224	1303772437185	1	2.3922	1	0.418
1225	1303772437203	1	2.3922	1	0.418
1226	1303772437224	1	2.3922	1	0.418
1227	1303772437241	1	2.3922	1	0.418
1228	1303772437259	1	2.3922	1	0.418
1229	1303772437276	1	2.3922	1	0.418
1230	1303772437294	1	2.3922	1	0.418
1231	1303772437312	1	2.3922	1	0.418
1232	1303772437329	1	2.3922	1	0.418
1233	1303772437350	1	2.3922	1	0.418
1234	1303772437368	1	2.3922	1	0.418
1235	1303772437386	1	2.3922	1	0.418
1236	1303772437404	1	2.3922	1	0.418
1237	1303772437422	1	2.3922	1	0.418
1238	1303772437440	1	2.3922	1	0.418
1239	1303772437459	1	2.3922	1	0.418
1240	1303772437477	1	2.3922	1	0.418
1241	1303772437497	1	2.3922	1	0.418
1242	1303772437516	1	2.3922	1	0.418
1243	1303772437563	1	2.456	1	0.4072
1244	1303772437604	1	2.456	1	0.4072
1245	1303772437630	1	2.456	1	0.4072
1246	1303772437653	1	2.456	1	0.4072
1247	1303772437676	1	2.456	1	0.4072
1248	1303772437694	1	2.456	1	0.4072
1249	1303772437713	1	2.456	1	0.4072
1250	1303772437730	1	2.456	1	0.4072
1251	1303772437749	1	2.456	1	0.4072
1252	1303772437768	1	2.456	1	0.4072
1253	1303772437786	1	2.456	1	0.4072
1254	1303772437804	1	2.456	1	0.4072
1255	1303772437825	1	2.456	1	0.4072
1256	1303772437843	1	2.456	1	0.4072
1257	1303772437860	1	2.456	1	0.4072
1258	1303772437878	1	2.456	1	0.4072
1259	1303772437896	1	2.456	1	0.4072
1260	1303772437914	1	2.456	1	0.4072
1261	1303772437931	1	2.456	1	0.4072
1262	1303772437949	1	2.456	1	0.4072
1263	1303772437970	1	2.456	1	0.4072
1264	1303772437987	1	2.456	1	0.4072
1265	1303772438005	1	2.456	1	0.4072
1266	1303772438023	1	2.456	1	0.4072
1267	1303772438040	1	2.456	1	0.4072
1268	1303772438058	1	2.456	1	0.4072
1269	1303772438076	1	2.456	1	0.4072
1270	1303772438097	1	2.456	1	0.4072
1271	1303772438114	1	2.456	1	0.4072
1272	1303772438132	1	2.456	1	0.4072
1273	1303772438191	1	2.456	1	0.4072
1274	1303772438209	1	2.456	1	0.4072
1275	1303772438228	1	2.5589	1	0.3908
1276	1303772438248	1	2.5589	1	0.3908
1277	1303772438267	1	2.5589	1	0.3908
1278	1303772438289	1	2.5589	1	0.3908
1279	1303772438307	1	2.5589	1	0.3908
1280	1303772438325	1	2.5589	1	0.3908
1281	1303772438361	1	2.5589	1	0.3908
1282	1303772438378	1	2.5589	1	0.3908
1283	1303772438396	1	2.5589	1	0.3908
1284	1303772438455	1	2.3282	1	0.4295
1285	1303772438473	1	2.3282	1	0.4295
1286	1303772438494	1	2.3282	1	0.4295
1287	1303772438513	1	2.3282	1	0.4295
1288	1303772438531	1	2.3282	1	0.4295
1289	1303772438549	1	2.3282	1	0.4295
1290	1303772438566	1	2.3282	1	0.4295
1291	1303772438584	1	2.3282	1	0.4295
1292	1303772438601	1	2.3282	1	0.4295
1293	1303772438622	1	2.3282	1	0.4295
1294	1303772438640	1	2.3282	1	0.4295
1295	1303772438658	1	2.3282	1	0.4295
1296	1303772438676	1	2.3282	1	0.4295
1297	1303772438693	1	2.3282	1	0.4295
1298	1303772438751	1	2.3282	1	0.4295
1299	1303772438770	1	2.3282	1	0.4295
1300	1303772438788	1	2.3282	1	0.4295
1301	1303772438854	1	2.3282	1	0.4295
1302	1303772438872	1	2.3282	1	0.4295
1303	1303772438891	1	2.3282	1	0.4295
1304	1303772438937	1	2.3265	1	0.4298
1305	1303772438983	1	2.3712	1	0.4217
1306	1303772439010	1	2.3712	1	0.4217
1307	1303772439035	1	2.3712	1	0.4217
1308	1303772439055	1	2.3712	1	0.4217
1309	1303772439074	1	2.3712	1	0.4217
1310	1303772439138	1	2.3712	1	0.4217
1311	1303772439156	1	2.3712	1	0.4217
1312	1303772439175	1	2.3712	1	0.4217
1313	1303772439194	1	2.3712	1	0.4217
1314	1303772439215	1	2.3712	1	0.4217
1315	1303772439273	1	2.3712	1	0.4217
1316	1303772439291	1	2.3712	1	0.4217
1317	1303772439309	1	2.3712	1	0.4217
1318	1303772439327	1	2.3712	1	0.4217
1319	1303772439345	1	2.3712	1	0.4217
1320	1303772439363	1	2.3712	1	0.4217
1321	1303772439422	1	2.3192	1	0.4312
1322	1303772439443	1	2.3192	1	0.4312
1323	1303772439461	1	2.3192	1	0.4312
1324	1303772439479	1	2.3192	1	0.4312
1325	1303772439497	1	2.3192	1	0.4312
1326	1303772439515	1	2.3192	1	0.4312
1327	1303772439533	1	2.3192	1	0.4312
1328	1303772439551	1	2.3192	1	0.4312
1329	1303772439612	1	2.3192	1	0.4312
1330	1303772439630	1	2.3192	1	0.4312
1331	1303772439647	1	2.3192	1	0.4312
1332	1303772439665	1	2.3192	1	0.4312
1333	1303772439682	1	2.3192	1	0.4312
1334	1303772439700	1	2.3192	1	0.4312
1335	1303772439718	1	2.3192	1	0.4312
1336	1303772439738	1	2.3192	1	0.4312
1337	1303772439802	1	2.4031	1	0.4161
1338	1303772439821	1	2.4031	1	0.4161
1339	1303772439880	1	2.4031	1	0.4161
1340	1303772439899	1	2.4031	1	0.4161
1341	1303772439917	1	2.4031	1	0.4161
1342	1303772439935	1	2.4031	1	0.4161
1343	1303772439953	1	2.4031	1	0.4161
1344	1303772439975	1	2.4031	1	0.4161
1345	1303772439993	1	2.4031	1	0.4161
1346	1303772440012	1	2.4031	1	0.4161
1347	1303772440030	1	2.4031	1	0.4161
1348	1303772440048	1	2.4031	1	0.4161
1349	1303772440065	1	2.4031	1	0.4161
1350	1303772440083	1	2.4031	1	0.4161
1351	1303772440101	1	2.4031	1	0.4161
1352	1303772440121	1	2.4031	1	0.4161
1353	1303772440139	1	2.4031	1	0.4161
1354	1303772440158	1	2.4031	1	0.4161
1355	1303772440176	1	2.4031	1	0.4161
1356	1303772440194	1	2.4031	1	0.4161
1357	1303772440211	1	2.4031	1	0.4161
1358	1303772440253	1	2.4031	1	0.4161
1359	1303772440270	1	2.4031	1	0.4161
1360	1303772440336	1	2.4031	1	0.4161
1361	1303772440354	1	2.4031	1	0.4161
1362	1303772440373	1	2.4031	1	0.4161
1363	1303772440391	1	2.4031	1	0.4161
1364	1303772440410	1	2.4031	1	0.4161
1365	1303772440467	1	2.4065	1	0.4155
1366	1303772440520	1	2.4064	1	0.4156
1367	1303772440545	1	2.4064	1	0.4156
1368	1303772440569	1	2.4064	1	0.4156
1369	1303772440588	1	2.4064	1	0.4156
1370	1303772440606	1	2.4064	1	0.4156
1371	1303772440625	1	2.4064	1	0.4156
1372	1303772440642	1	2.4064	1	0.4156
1373	1303772440662	1	2.4064	1	0.4156
1374	1303772440680	1	2.4064	1	0.4156
1375	1303772440699	1	2.4064	1	0.4156
1376	1303772440717	1	2.4064	1	0.4156
1377	1303772440735	1	2.4064	1	0.4156
1378	1303772440753	1	2.4064	1	0.4156
1379	1303772440770	1	2.4064	1	0.4156
1380	1303772440788	1	2.4064	1	0.4156
1381	1303772440849	1	2.4064	1	0.4156
1382	1303772440866	1	2.4064	1	0.4156
1383	1303772440883	1	2.4064	1	0.4156
1384	1303772440901	1	2.4064	1	0.4156
1385	1303772440919	1	2.4064	1	0.4156
1386	1303772440937	1	2.4064	1	0.4156
1387	1303772440954	1	2.4064	1	0.4156
1388	1303772440974	1	2.4064	1	0.4156
1389	1303772441032	1	2.4064	1	0.4156
1390	1303772441050	1	2.4064	1	0.4156
1391	1303772441068	1	2.4064	1	0.4156
1392	1303772441086	1	2.4064	1	0.4156
1393	1303772441104	1	2.4064	1	0.4156
1394	1303772441122	1	2.4064	1	0.4156
1395	1303772441140	1	2.4064	1	0.4156
1396	1303772441161	1	2.4064	1	0.4156
1397	1303772441222	1	2.3868	1	0.419
1398	1303772441242	1	2.3866	1	0.419
1399	1303772441261	1	2.3866	1	0.419
1400	1303772441319	1	2.3866	1	0.419
1401	1303772441338	1	2.3866	1	0.419
1402	1303772441356	1	2.3866	1	0.419
1403	1303772441377	1	2.3866	1	0.419
1404	1303772441395	1	2.3866	1	0.419
1405	1303772441412	1	2.3866	1	0.419
1406	1303772441431	1	2.3866	1	0.419
1407	1303772441449	1	2.3866	1	0.419
1408	1303772441466	1	2.3866	1	0.419
1409	1303772441484	1	2.3866	1	0.419
1410	1303772441502	1	2.3866	1	0.419
1411	1303772441523	1	2.3866	1	0.419
1412	1303772441541	1	2.3866	1	0.419
1413	1303772441559	1	2.3866	1	0.419
1414	1303772441577	1	2.3866	1	0.419
1415	1303772441595	1	2.3866	1	0.419
1416	1303772441613	1	2.3866	1	0.419
1417	1303772441632	1	2.3866	1	0.419
1418	1303772441650	1	2.3866	1	0.419
1419	1303772441671	1	2.3866	1	0.419
1420	1303772441689	1	2.3866	1	0.419
1421	1303772441707	1	2.3866	1	0.419
1422	1303772441724	1	2.3866	1	0.419
1423	1303772441742	1	2.3866	1	0.419
1424	1303772441760	1	2.3866	1	0.419
1425	1303772441778	1	2.3866	1	0.419
1426	1303772441828	1	2.3877	1	0.4188
1427	1303772441875	1	2.3875	1	0.4188
1428	1303772441900	1	2.3875	1	0.4188
1429	1303772441921	1	2.3875	1	0.4188
1430	1303772441940	1	2.3875	1	0.4188
1431	1303772441958	1	2.3875	1	0.4188
1432	1303772441978	1	2.3875	1	0.4188
1433	1303772441997	1	2.3875	1	0.4188
1434	1303772442015	1	2.3875	1	0.4188
1435	1303772442033	1	2.3875	1	0.4188
1436	1303772442050	1	2.3875	1	0.4188
1437	1303772442068	1	2.3875	1	0.4188
1438	1303772442086	1	2.3875	1	0.4188
1439	1303772442103	1	2.3875	1	0.4188
1440	1303772442123	1	2.3875	1	0.4188
1441	1303772442140	1	2.3875	1	0.4188
1442	1303772442158	1	2.3875	1	0.4188
1443	1303772442175	1	2.3875	1	0.4188
1444	1303772442193	1	2.3875	1	0.4188
1445	1303772442210	1	2.3875	1	0.4188
1446	1303772442228	1	2.3875	1	0.4188
1447	1303772442246	1	2.3875	1	0.4188
1448	1303772442266	1	2.3875	1	0.4188
1449	1303772442284	1	2.3875	1	0.4188
1450	1303772442343	1	2.3875	1	0.4188
1451	1303772442360	1	2.3875	1	0.4188
1452	1303772442378	1	2.3875	1	0.4188
1453	1303772442396	1	2.3875	1	0.4188
1454	1303772442414	1	2.3875	1	0.4188
1455	1303772442432	1	2.3875	1	0.4188
1456	1303772442453	1	2.3875	1	0.4188
1457	1303772442470	1	2.3875	1	0.4188
1458	1303772442490	1	2.3875	1	0.4188
1459	1303772442509	1	2.3892	1	0.4186
1460	1303772442528	1	2.3892	1	0.4186
1461	1303772442546	1	2.3892	1	0.4186
1462	1303772442564	1	2.3892	1	0.4186
1463	1303772442586	1	2.3892	1	0.4186
1464	1303772442603	1	2.3892	1	0.4186
1465	1303772442620	1	2.3892	1	0.4186
1466	1303772442639	1	2.3892	1	0.4186
1467	1303772442657	1	2.3892	1	0.4186
1468	1303772442674	1	2.3892	1	0.4186
1469	1303772442733	1	2.3892	1	0.4186
1470	1303772442751	1	2.3892	1	0.4186
1471	1303772442772	1	2.3892	1	0.4186
1472	1303772442790	1	2.3892	1	0.4186
1473	1303772442807	1	2.3892	1	0.4186
1474	1303772442825	1	2.3892	1	0.4186
1475	1303772442883	1	2.3892	1	0.4186
1476	1303772442900	1	2.3892	1	0.4186
1477	1303772442960	1	2.3892	1	0.4186
1478	1303772442981	1	2.3892	1	0.4186
1479	1303772442999	1	2.3892	1	0.4186
1480	1303772443017	1	2.3892	1	0.4186
1481	1303772443036	1	2.3892	1	0.4186
1482	1303772443053	1	2.3892	1	0.4186
1483	1303772443071	1	2.3892	1	0.4186
1484	1303772443130	1	2.3892	1	0.4186
1485	1303772443147	1	2.3892	1	0.4186
1486	1303772443168	1	2.3892	1	0.4186
1487	1303772443222	1	2.393	1	0.4179
1488	1303772443270	1	2.3929	1	0.4179
1489	1303772443299	1	2.393	1	0.4179
1490	1303772443324	1	2.393	1	0.4179
1491	1303772443348	1	2.393	1	0.4179
1492	1303772443367	1	2.393	1	0.4179
1493	1303772443385	1	2.393	1	0.4179
1494	1303772443403	1	2.393	1	0.4179
1495	1303772443421	1	2.393	1	0.4179
1496	1303772443438	1	2.393	1	0.4179
1497	1303772443456	1	2.393	1	0.4179
1498	1303772443473	1	2.393	1	0.4179
1499	1303772443494	1	2.393	1	0.4179
1500	1303772443512	1	2.393	1	0.4179
1501	1303772443529	1	2.393	1	0.4179
1502	1303772443547	1	2.393	1	0.4179
1503	1303772443565	1	2.393	1	0.4179
1504	1303772443582	1	2.393	1	0.4179
1505	1303772443600	1	2.393	1	0.4179
1506	1303772443618	1	2.393	1	0.4179
1507	1303772443638	1	2.393	1	0.4179
1508	1303772443656	1	2.393	1	0.4179
1509	1303772443674	1	2.393	1	0.4179
1510	1303772443693	1	2.393	1	0.4179
1511	1303772443711	1	2.393	1	0.4179
1512	1303772443730	1	2.393	1	0.4179
1513	1303772443748	1	2.393	1	0.4179
1514	1303772443769	1	2.393	1	0.4179
1515	1303772443787	1	2.393	1	0.4179
1516	1303772443804	1	2.393	1	0.4179
1517	1303772443822	1	2.393	1	0.4179
1518	1303772443841	1	2.393	1	0.4179
1519	1303772443860	1	2.393	1	0.4179
1520	1303772443880	1	2.393	1	0.4179
1521	1303772443900	1	2.393	1	0.4179
1522	1303772443922	1	2.393	1	0.4179
1523	1303772443941	1	2.393	1	0.4179
1524	1303772443958	1	2.393	1	0.4179
1525	1303772443976	1	2.3979	1	0.417
1526	1303772443993	1	2.3979	1	0.417
1527	1303772444011	1	2.3979	1	0.417
1528	1303772444029	1	2.3979	1	0.417
1529	1303772444050	1	2.3979	1	0.417
1530	1303772444067	1	2.3979	1	0.417
1531	1303772444125	1	2.3979	1	0.417
1532	1303772444143	1	2.3979	1	0.417
1533	1303772444161	1	2.3979	1	0.417
1534	1303772444178	1	2.3979	1	0.417
1535	1303772444196	1	2.3979	1	0.417
1536	1303772444214	1	2.3979	1	0.417
1537	1303772444235	1	2.3979	1	0.417
1538	1303772444252	1	2.3979	1	0.417
1539	1303772444270	1	2.3979	1	0.417
1540	1303772444287	1	2.3979	1	0.417
1541	1303772444305	1	2.3979	1	0.417
1542	1303772444323	1	2.3979	1	0.417
1543	1303772444342	1	2.3979	1	0.417
1544	1303772444360	1	2.3979	1	0.417
1545	1303772444380	1	2.3979	1	0.417
1546	1303772444398	1	2.3979	1	0.417
1547	1303772444416	1	2.3979	1	0.417
1548	1303772444471	1	2.3992	1	0.4168
1549	1303772444565	1	1.4043	1	0.7121
1550	1303772444642	1	1.4043	1	0.7121
1551	1303772444707	1	1.4043	1	0.7121
1552	1303772444728	1	1.4043	1	0.7121
1553	1303772444747	1	1.4043	1	0.7121
1554	1303772444764	1	1.4043	1	0.7121
1555	1303772444782	1	1.4043	1	0.7121
1556	1303772444800	1	1.4043	1	0.7121
1557	1303772444824	1	1.4043	1	0.7121
1558	1303772444883	1	1.4043	1	0.7121
1559	1303772444901	1	1.4043	1	0.7121
1560	1303772444918	1	1.4043	1	0.7121
1561	1303772444937	1	1.4043	1	0.7121
1562	1303772444955	1	1.4043	1	0.7121
1563	1303772444973	1	1.4043	1	0.7121
1564	1303772445034	1	1.4043	1	0.7121
1565	1303772445052	1	1.4043	1	0.7121
1566	1303772445070	1	1.4043	1	0.7121
1567	1303772445089	1	1.4043	1	0.7121
1568	1303772445106	1	1.4043	1	0.7121
1569	1303772445129	1	1.4043	1	0.7121
1570	1303772445147	1	1.4043	1	0.7121
1571	1303772445165	1	1.4043	1	0.7121
1572	1303772445185	1	1.4043	1	0.7121
1573	1303772445203	1	1.4043	1	0.7121
1574	1303772445220	1	1.4043	1	0.7121
1575	1303772445238	1	1.4043	1	0.7121
1576	1303772445257	1	1.4043	1	0.7121
1577	1303772445276	1	1.4043	1	0.7121
1578	1303772445335	1	1.4043	1	0.7121
1579	1303772445353	1	1.4043	1	0.7121
1580	1303772445376	1	1.4043	1	0.7121
1581	1303772445397	1	1.5502	1	0.6451
1582	1303772445416	1	1.5502	1	0.6451
1583	1303772445434	1	1.5502	1	0.6451
1584	1303772445452	1	1.5502	1	0.6451
1585	1303772445469	1	1.5502	1	0.6451
1586	1303772445488	1	1.5502	1	0.6451
1587	1303772445509	1	1.5502	1	0.6451
1588	1303772445527	1	1.5502	1	0.6451
1589	1303772445544	1	1.5502	1	0.6451
1590	1303772445602	1	1.5502	1	0.6451
1591	1303772445620	1	1.5502	1	0.6451
1592	1303772445638	1	1.5502	1	0.6451
1593	1303772445657	1	1.5502	1	0.6451
1594	1303772445675	1	1.5502	1	0.6451
1595	1303772445696	1	1.5502	1	0.6451
1596	1303772445715	1	1.5502	1	0.6451
1597	1303772445732	1	1.5502	1	0.6451
1598	1303772445794	1	1.5502	1	0.6451
1599	1303772445812	1	1.5502	1	0.6451
1600	1303772445829	1	1.5502	1	0.6451
1601	1303772445847	1	1.5502	1	0.6451
1602	1303772445865	1	1.5502	1	0.6451
1603	1303772445885	1	1.5502	1	0.6451
1604	1303772445903	1	1.5502	1	0.6451
1605	1303772445920	1	1.5502	1	0.6451
1606	1303772445978	1	1.5502	1	0.6451
1607	1303772445996	1	1.5502	1	0.6451
1608	1303772446014	1	1.5502	1	0.6451
1609	1303772446062	1	1.5502	1	0.6451
1610	1303772446101	1	1.6506	1	0.6058
1611	1303772446126	1	1.6506	1	0.6058
1612	1303772446146	1	1.6506	1	0.6058
1613	1303772446206	1	1.6421	1	0.609
1614	1303772446224	1	1.6421	1	0.609
1615	1303772446241	1	1.6421	1	0.609
1616	1303772446262	1	1.6421	1	0.609
1617	1303772446280	1	1.6421	1	0.609
1618	1303772446298	1	1.6421	1	0.609
1619	1303772446315	1	1.6421	1	0.609
1620	1303772446334	1	1.6421	1	0.609
1621	1303772446353	1	1.6421	1	0.609
1622	1303772446371	1	1.6421	1	0.609
1623	1303772446391	1	1.6421	1	0.609
1624	1303772446408	1	1.6421	1	0.609
1625	1303772446426	1	1.6421	1	0.609
1626	1303772446443	1	1.6421	1	0.609
1627	1303772446501	1	1.6421	1	0.609
1628	1303772446518	1	1.6421	1	0.609
1629	1303772446536	1	1.6421	1	0.609
1630	1303772446553	1	1.6421	1	0.609
1631	1303772446575	1	1.6421	1	0.609
1632	1303772446634	1	1.6421	1	0.609
1633	1303772446652	1	1.6421	1	0.609
1634	1303772446670	1	1.6421	1	0.609
1635	1303772446688	1	1.6421	1	0.609
1636	1303772446706	1	1.6421	1	0.609
1637	1303772446724	1	1.6421	1	0.609
1638	1303772446743	1	1.6421	1	0.609
1639	1303772446764	1	1.6421	1	0.609
1640	1303772446782	1	1.6421	1	0.609
1641	1303772446841	1	1.6421	1	0.609
1642	1303772446862	1	1.5598	1	0.6411
1643	1303772446881	1	1.5598	1	0.6411
1644	1303772446900	1	1.5598	1	0.6411
1645	1303772446918	1	1.5598	1	0.6411
1646	1303772446939	1	1.5598	1	0.6411
1647	1303772446956	1	1.5598	1	0.6411
1648	1303772446974	1	1.5598	1	0.6411
1649	1303772446993	1	1.5598	1	0.6411
1650	1303772447010	1	1.5598	1	0.6411
1651	1303772447028	1	1.5598	1	0.6411
1652	1303772447045	1	1.5598	1	0.6411
1653	1303772447062	1	1.5598	1	0.6411
1654	1303772447083	1	1.5598	1	0.6411
1655	1303772447100	1	1.5598	1	0.6411
1656	1303772447118	1	1.5598	1	0.6411
1657	1303772447177	1	1.5598	1	0.6411
1658	1303772447194	1	1.5598	1	0.6411
1659	1303772447212	1	1.5598	1	0.6411
1660	1303772447270	1	1.5598	1	0.6411
1661	1303772447288	1	1.5598	1	0.6411
1662	1303772447309	1	1.5598	1	0.6411
1663	1303772447327	1	1.5598	1	0.6411
1664	1303772447345	1	1.5598	1	0.6411
1665	1303772447363	1	1.5598	1	0.6411
1666	1303772447381	1	1.5598	1	0.6411
1667	1303772447399	1	1.5598	1	0.6411
1668	1303772447416	1	1.5598	1	0.6411
1669	1303772447437	1	1.5598	1	0.6411
1670	1303772447484	1	1.5598	1	0.6411
1671	1303772447526	1	1.5598	1	0.6411
1672	1303772447564	1	1.5598	1	0.6411
1673	1303772447599	1	1.5598	1	0.6411
1674	1303772447620	1	1.5538	1	0.6436
1675	1303772447679	1	1.5538	1	0.6436
1676	1303772447698	1	1.5538	1	0.6436
1677	1303772447716	1	1.5538	1	0.6436
1678	1303772447734	1	1.5538	1	0.6436
1679	1303772447752	1	1.5538	1	0.6436
1680	1303772447769	1	1.5538	1	0.6436
1681	1303772447786	1	1.5538	1	0.6436
1682	1303772447807	1	1.5538	1	0.6436
1683	1303772447869	1	1.5538	1	0.6436
1684	1303772447887	1	1.5538	1	0.6436
1685	1303772447905	1	1.5538	1	0.6436
1686	1303772447923	1	1.5538	1	0.6436
1687	1303772447986	1	1.5538	1	0.6436
1688	1303772448004	1	1.5538	1	0.6436
1689	1303772448025	1	1.5538	1	0.6436
1690	1303772448043	1	1.5538	1	0.6436
1691	1303772448101	1	1.7758	1	0.5631
1692	1303772448119	1	1.7758	1	0.5631
1693	1303772448138	1	1.7758	1	0.5631
1694	1303772448157	1	1.7758	1	0.5631
1695	1303772448175	1	1.7758	1	0.5631
1696	1303772448193	1	1.7758	1	0.5631
1697	1303772448214	1	1.7758	1	0.5631
1698	1303772448272	1	1.7758	1	0.5631
1699	1303772448289	1	1.7758	1	0.5631
1700	1303772448307	1	1.7758	1	0.5631
1701	1303772448325	1	1.7758	1	0.5631
1702	1303772448345	1	1.7758	1	0.5631
1703	1303772448365	1	1.7758	1	0.5631
1704	1303772448428	1	1.3351	1	0.749
1705	1303772448448	1	1.3351	1	0.749
1706	1303772448466	1	1.3351	1	0.749
1707	1303772448484	1	1.3351	1	0.749
1708	1303772448502	1	1.3351	1	0.749
1709	1303772448519	1	1.3351	1	0.749
1710	1303772448537	1	1.3351	1	0.749
1711	1303772448557	1	1.3351	1	0.749
1712	1303772448575	1	1.3351	1	0.749
1713	1303772448634	1	1.0453	1	0.9566
1714	1303772448651	1	1.0453	1	0.9566
1715	1303772448669	1	1.0453	1	0.9566
1716	1303772448686	1	1.0453	1	0.9566
1717	1303772448703	1	1.0453	1	0.9566
1718	1303772448721	1	1.0453	1	0.9566
1719	1303772448742	1	1.0453	1	0.9566
1720	1303772448760	1	1.0453	1	0.9566
1721	1303772448777	1	1.0453	1	0.9566
1722	1303772448805	1	1.0453	1	0.9566
1723	1303772448822	1	1.0453	1	0.9566
1724	1303772448840	1	1.0453	1	0.9566
1725	1303772448858	1	1.0453	1	0.9566
1726	1303772448876	1	1.0453	1	0.9566
1727	1303772448897	1	1.0453	1	0.9566
1728	1303772448915	1	1.0453	1	0.9566
1729	1303772448934	1	1.0453	1	0.9566
1730	1303772448953	1	1.0453	1	0.9566
1731	1303772449008	1	1.0453	1	0.9566
1732	1303772449064	1	1.0453	1	0.9567
1733	1303772449103	1	1.0453	1	0.9567
1734	1303772449128	1	1.0453	1	0.9567
1735	1303772449147	1	1.0453	1	0.9567
1736	1303772449165	1	1.0453	1	0.9567
1737	1303772449183	1	1.0453	1	0.9567
1738	1303772449202	1	1.0453	1	0.9567
1739	1303772449223	1	1.0453	1	0.9567
1740	1303772449282	1	1.0453	1	0.9567
1741	1303772449300	1	1.0453	1	0.9567
1742	1303772449318	1	1.0453	1	0.9567
1743	1303772449336	1	1.0453	1	0.9567
1744	1303772449355	1	1.0453	1	0.9567
1745	1303772449413	1	1.0453	1	0.9567
1746	1303772449435	1	1.0453	1	0.9567
1747	1303772449454	1	1.0453	1	0.9567
1748	1303772449472	1	1.0453	1	0.9567
1749	1303772449490	1	1.0453	1	0.9567
1750	1303772449508	1	1.0453	1	0.9567
1751	1303772449526	1	1.0453	1	0.9567
1752	1303772449545	1	1.0453	1	0.9567
1753	1303772449563	1	1.0453	1	0.9567
1754	1303772449584	1	1.0453	1	0.9567
1755	1303772449601	1	1.0453	1	0.9567
1756	1303772449660	1	1.0453	1	0.9567
1757	1303772449678	1	1.0453	1	0.9567
1758	1303772449696	1	1.0453	1	0.9567
1759	1303772449714	1	1.0453	1	0.9567
1760	1303772449732	1	1.0453	1	0.9567
1761	1303772449749	1	1.0453	1	0.9567
1762	1303772449770	1	1.0453	1	0.9567
1763	1303772449790	1	1.0453	1	0.9567
1764	1303772449810	1	1.0448	1	0.9571
1765	1303772449830	1	1.0428	1	0.959
1766	1303772449849	1	1.0428	1	0.959
1767	1303772449868	1	1.0428	1	0.959
1768	1303772449886	1	1.0428	1	0.959
1769	1303772449907	1	1.0428	1	0.959
1770	1303772449925	1	1.0428	1	0.959
1771	1303772449943	1	1.0428	1	0.959
1772	1303772449961	1	1.0428	1	0.959
1773	1303772449978	1	1.0428	1	0.959
1774	1303772449996	1	1.0428	1	0.959
1775	1303772450014	1	1.0428	1	0.959
1776	1303772450032	1	1.0428	1	0.959
1777	1303772450055	1	1.0428	1	0.959
1778	1303772450073	1	1.0428	1	0.959
1779	1303772450091	1	1.0428	1	0.959
1780	1303772450109	1	1.0428	1	0.959
1781	1303772450127	1	1.0428	1	0.959
1782	1303772450145	1	1.0428	1	0.959
1783	1303772450163	1	1.0428	1	0.959
1784	1303772450184	1	1.0428	1	0.959
1785	1303772450202	1	1.0428	1	0.959
1786	1303772450220	1	1.0428	1	0.959
1787	1303772450239	1	1.0428	1	0.959
1788	1303772450257	1	1.0428	1	0.959
1789	1303772450274	1	1.0428	1	0.959
1790	1303772450292	1	1.0428	1	0.959
1791	1303772450311	1	1.0428	1	0.959
1792	1303772450364	1	1.0428	1	0.959
1793	1303772450416	1	1.0424	1	0.9593
1794	1303772450449	1	1.0424	1	0.9593
1795	1303772450473	1	1.0385	1	0.9629
1796	1303772450494	1	1.0385	1	0.9629
1797	1303772450515	1	1.0385	1	0.9629
1798	1303772450534	1	1.0385	1	0.9629
1799	1303772450553	1	1.0385	1	0.9629
1800	1303772450572	1	1.0385	1	0.9629
