0	1303772216239	0	0	0	0
1	1303772216248	0	0	0	0
2	1303772216258	0	0	0	0
3	1303772216271	0	0	0	0
4	1303772216281	0	0	0	0
5	1303772216292	0	0	0	0
6	1303772216304	0	0	0	0
7	1303772216318	0	0	0	0
8	1303772216329	0	0	0	0
9	1303772216341	0	0	0	0
10	1303772216485	0	0	0	0
11	1303772216497	0	0	0	0
12	1303772216512	0.5	0	0	0
13	1303772216551	0.5	0	0	0
14	1303772216588	0.5	0	0	0
15	1303772216602	0.5	0	0	0
16	1303772216623	0.5	1.0376	0	0
17	1303772216646	0.5	1.0376	0	0
18	1303772216660	0.5	1.0376	0	0
19	1303772216675	0.5	1.0376	0	0
20	1303772216689	0.5	1.0376	1.5	0.3213
21	1303772216705	0.5	1.0376	1.5	0.3213
22	1303772216720	0.5	1.0376	1.5	0.3213
23	1303772216734	0.5	1.0376	1.25	0.3855
24	1303772216790	0.5	1.0376	1.125	0.4284
25	1303772216804	0.5	1.0376	1.1667	0.4131
26	1303772216818	0.5	1.0376	1.25	0.3855
27	1303772216832	0.5	1.0376	1.125	0.4284
28	1303772216850	0.5	1.0376	1	0.4819
29	1303772216910	0.5	1.0376	1.1	0.4381
30	1303772216925	0.5	1.0376	1.1	0.4381
31	1303772216942	0.5	1.0376	1.2	0.4016
32	1303772216957	0.5	1.0376	1.2	0.4016
33	1303772216973	0.5	1.0376	1.2	0.4016
34	1303772216989	0.5	1.0376	1.1	0.4381
35	1303772217004	0.5	1.0376	1.1	0.4381
36	1303772217059	0.5	1.0376	1.1	0.4381
37	1303772217074	0.5	1.0376	1.1	0.4381
38	1303772217092	0.5	1.0376	1	0.4819
39	1303772217108	0.5	1.0376	1	0.4819
40	1303772217125	0.5	1.0376	1.1	0.4381
41	1303772217142	0.5	1.0376	1.2	0.4016
42	1303772217203	0.5	1.0376	1.1	0.4381
43	1303772217220	0.5	1.0376	1.1	0.4381
44	1303772217237	0.5	1.0376	1.2	0.4016
45	1303772217297	0.5	1.0376	1.1	0.4381
46	1303772217314	0.5	1.0376	1.1	0.4381
47	1303772217331	0.5	1.0376	1.2	0.4016
48	1303772217347	0.5	1.0376	1.1	0.4381
49	1303772217363	0.5	1.0376	1.1	0.4381
50	1303772217381	0.5	1.0376	1.2	0.4016
51	1303772217397	0.5	1.0376	1.2	0.4016
52	1303772217414	0.5	1.0376	1.1	0.4381
53	1303772217433	0.5	1.0376	1.2	0.4016
54	1303772217451	0.5	1.0376	1.2	0.4016
55	1303772217467	0.5	1.0376	1.2	0.4016
56	1303772217526	0.5	1.0376	1.1	0.4381
57	1303772217542	0.5	1.0376	1.2	0.4016
58	1303772217558	0.5	1.0376	1.2	0.4016
59	1303772217576	0.5	1.0376	1.2	0.4016
60	1303772217592	0.5	1.0376	1.2	0.4016
61	1303772217608	0.5	1.0376	1.2	0.4016
62	1303772217624	0.5	1.0376	1.2	0.4016
63	1303772217642	0.5	1.0376	1.2	0.4016
64	1303772217659	0.5	1.0376	1.2	0.4016
65	1303772217676	0.5	1.0376	1.2	0.4016
66	1303772217695	0.5	1.0376	1.2	0.4016
67	1303772217710	0.5	1.0376	1.2	0.4016
68	1303772217726	0.5	1.0376	1.2	0.4016
69	1303772217747	1	1.0376	1.2	0.8032
70	1303772217783	1	1.0376	1.2	0.8032
71	1303772217821	1	1.0376	1.2	0.8032
72	1303772217842	1	1.0376	1.25	0.771
73	1303772217860	1	1.0376	1.1667	0.8261
74	1303772217876	1	1.0376	1.0833	0.8897
75	1303772217893	1	1.0376	1.0833	0.8897
76	1303772217909	1	1.0376	1.0833	0.8897
77	1303772217929	1	1.0043	1.0833	0.9191
78	1303772217949	1	1.0043	1.0833	0.9191
79	1303772217970	1	1.0043	1.0833	0.9191
80	1303772217988	1	1.0043	1.0833	0.9191
81	1303772218008	1	1.0043	1.0833	0.9191
82	1303772218027	1	1.0043	1.0833	0.9191
83	1303772218047	1	1.0043	1.0833	0.9191
84	1303772218066	1	1.0043	1.0833	0.9191
85	1303772218087	1	1.0043	1.0833	0.9191
86	1303772218106	1	1.0043	1.0833	0.9191
87	1303772218125	1	1.0043	1.0833	0.9191
88	1303772218187	1	1.0043	1.0833	0.9191
89	1303772218207	1	1.0043	1.0833	0.9191
90	1303772218229	1	1.0043	1.0833	0.9191
91	1303772218248	1	1.0043	1.0833	0.9191
92	1303772218268	1	1.0043	1.1667	0.8535
93	1303772218287	1	1.0043	1.0833	0.9191
94	1303772218348	1	1.0043	1.0833	0.9191
95	1303772218367	1	1.0043	1.1667	0.8535
96	1303772218387	1	1.0043	1.1667	0.8535
97	1303772218406	1	1.0043	1.0833	0.9191
98	1303772218425	1	1.0043	1.0833	0.9191
99	1303772218446	1	1.0043	1.1667	0.8535
100	1303772218466	1	1.0043	1.1667	0.8535
101	1303772218489	1	1.0043	1.0833	0.9191
102	1303772218509	1	1.0043	1.1667	0.8535
103	1303772218571	1	1.0043	1.1667	0.8535
104	1303772218590	1	1.0043	1.1667	0.8535
105	1303772218608	1	1.0043	1.0833	0.9191
106	1303772218629	1	1.0043	1.1667	0.8535
107	1303772218648	1	1.0043	1.1667	0.8535
108	1303772218668	1	1.0043	1.1667	0.8535
109	1303772218687	1	1.0043	1.0833	0.9191
110	1303772218705	1	1.0043	1.1667	0.8535
111	1303772218727	1	1.0043	1.1667	0.8535
112	1303772218745	1	1.0043	1.1667	0.8535
113	1303772218765	1	1.0043	1.0833	0.9191
114	1303772218784	1	1.0043	1.1667	0.8535
115	1303772218802	1	1.0043	1.1667	0.8535
116	1303772218823	1	1.0043	1.1667	0.8535
117	1303772218882	1	1.0043	1.0833	0.9191
118	1303772218943	1	1.0043	1.1667	0.8535
119	1303772218962	1	1.0043	1.1667	0.8535
120	1303772218982	1	1.0043	1.1667	0.8535
121	1303772219000	1	1.0043	1.0833	0.9191
122	1303772219019	1	1.0043	1.1667	0.8535
123	1303772219039	1	1.0043	1.1667	0.8535
124	1303772219057	1	1.0043	1.1667	0.8535
125	1303772219077	1	1.0043	1.0833	0.9191
126	1303772219096	1	1.0043	1.1667	0.8535
127	1303772219114	1	1.0043	1.1667	0.8535
128	1303772219134	1	1.0043	1.1667	0.8535
129	1303772219152	1	1.0043	1.0833	0.9191
130	1303772219172	1	1.0043	1.1667	0.8535
131	1303772219192	1	1.6182	1.1667	0.5297
132	1303772219214	1	1.0494	1.1667	0.8168
133	1303772219233	1	1.0494	1.25	0.7623
134	1303772219253	1	1.0494	1.1667	0.8168
135	1303772219274	1	1.0494	1.25	0.7623
136	1303772219335	1	1.0494	1.2143	0.7847
137	1303772219356	1	1.0494	1.25	0.7623
138	1303772219375	1	1.049	1.2778	0.7461
139	1303772219396	1	1.049	1.2778	0.7461
140	1303772219415	1	1.049	1.2778	0.7461
141	1303772219433	1	1.049	1.2778	0.7461
142	1303772219494	1	1.049	1.2222	0.78
143	1303772219512	1	1.049	1.2222	0.78
144	1303772219533	1	1.049	1.3	0.7333
145	1303772219552	1	1.049	1.2273	0.7768
146	1303772219570	1	1.049	1.2	0.7944
147	1303772219590	1	1.049	1.2	0.7944
148	1303772219609	1	1.049	1.2	0.7944
149	1303772219667	1	1.049	1.2	0.7944
150	1303772219687	1	1.049	1.2273	0.7768
151	1303772219706	1	1.049	1.2273	0.7768
152	1303772219727	1	1.049	1.2	0.7944
153	1303772219746	1	1.049	1.2	0.7944
154	1303772219764	1	1.049	1.2273	0.7768
155	1303772219785	1	1.049	1.2273	0.7768
156	1303772219804	1	1.049	1.2273	0.7768
157	1303772219865	1	1.049	1.2273	0.7768
158	1303772219883	1	1.049	1.2273	0.7768
159	1303772219943	1	1.049	1.2273	0.7768
160	1303772219964	1	1.049	1.2273	0.7768
161	1303772219983	1	1.049	1.25	0.7626
162	1303772220003	1	1.049	1.1667	0.8171
163	1303772220021	1	1.049	1.2083	0.7889
164	1303772220039	1	1.049	1.2273	0.7768
165	1303772220060	1	1.049	1.25	0.7626
166	1303772220078	1	1.049	1.1667	0.8171
167	1303772220096	1	1.049	1.2083	0.7889
168	1303772220116	1	1.049	1.2143	0.7851
169	1303772220135	1	1.049	1.1538	0.8262
170	1303772220155	1	1.049	1.1786	0.8089
171	1303772220173	1	1.049	1.1538	0.8262
172	1303772220232	1	1.049	1.1786	0.8089
173	1303772220252	1	1.049	1.1429	0.8341
174	1303772220272	1	1.049	1.1071	0.8611
175	1303772220291	1	1.049	1.1154	0.8547
176	1303772220355	1	1.049	1.1429	0.8341
177	1303772220375	1	1.049	1.0714	0.8898
178	1303772220396	1	1.049	1.1071	0.8611
179	1303772220415	1	1.049	1.1071	0.8611
180	1303772220434	1	1.049	1.1071	0.8611
181	1303772220454	1	1.049	1.0667	0.8937
182	1303772220473	1	1.049	1.1	0.8666
183	1303772220538	1	1.049	1.0714	0.8898
184	1303772220556	1	1.049	1.0667	0.8937
185	1303772220575	1	1.049	1.0667	0.8937
186	1303772220595	1	1.049	1.0667	0.8937
187	1303772220613	1	1.049	1.0667	0.8937
188	1303772220633	1	1.049	1.0667	0.8937
189	1303772220652	1	1.049	1.0667	0.8937
190	1303772220670	1	1.049	1.1	0.8666
191	1303772220691	1	1.049	1.1	0.8666
192	1303772220716	1	1.0204	1.1	0.8909
193	1303772220741	1	1.0181	1.0667	0.9208
194	1303772220763	1	1.0178	1.1	0.8932
195	1303772220782	1	1.0178	1.1	0.8932
196	1303772220803	1	1.0178	1.0667	0.9211
197	1303772220821	1	1.0178	1.0667	0.9211
198	1303772220840	1	1.0178	1.0667	0.9211
199	1303772220861	1	1.0178	1.0667	0.9211
200	1303772220880	1	1.0167	1.0667	0.9221
201	1303772220900	1	1.0167	1.0667	0.9221
202	1303772220919	1	1.0167	1.0667	0.9221
203	1303772220938	1	1.0167	1.0667	0.9221
204	1303772220958	1	1.0167	1.0667	0.9221
205	1303772220977	1	1.0167	1.0667	0.9221
206	1303772220995	1	1.0167	1.0667	0.9221
207	1303772221015	1	1.0167	1.0667	0.9221
208	1303772221034	1	1.0167	1.0667	0.9221
209	1303772221052	1	1.0167	1.0667	0.9221
210	1303772221071	1	1.0167	1.0667	0.9221
211	1303772221089	1	1.0167	1.0667	0.9221
212	1303772221109	1	1.0167	1.0667	0.9221
213	1303772221126	1	1.0167	1.0667	0.9221
214	1303772221144	1	1.0167	1.0667	0.9221
215	1303772221163	1	1.0167	1.0667	0.9221
216	1303772221181	1	1.0167	1.0667	0.9221
217	1303772221199	1	1.0167	1.0667	0.9221
218	1303772221219	1	1.0167	1.0667	0.9221
219	1303772221237	1	1.0167	1.0667	0.9221
220	1303772221255	1	1.0167	1.0667	0.9221
221	1303772221275	1	1.0167	1.0667	0.9221
222	1303772221293	1	1.0167	1.0667	0.9221
223	1303772221311	1	1.0167	1.0667	0.9221
224	1303772221330	1	1.0167	1.0667	0.9221
225	1303772221347	1	1.0167	1.0667	0.9221
226	1303772221365	1	1.0167	1.0667	0.9221
227	1303772221384	1	1.0167	1.0667	0.9221
228	1303772221442	1	1.0167	1.0667	0.9221
229	1303772221460	1	1.0167	1.0333	0.9518
230	1303772221480	1	1.0167	1.0667	0.9221
231	1303772221498	1	1.0167	1.0667	0.9221
232	1303772221518	1	1.0167	1.0667	0.9221
233	1303772221535	1	1.0167	1.0333	0.9518
234	1303772221553	1	1.0167	1.0667	0.9221
235	1303772221573	1	1.0167	1.0667	0.9221
236	1303772221590	1	1.0167	1.0667	0.9221
237	1303772221608	1	1.0167	1.0333	0.9518
238	1303772221627	1	1.0167	1.0667	0.9221
239	1303772221645	1	1.0167	1.0667	0.9221
240	1303772221703	1	1.0209	1.0667	0.9183
241	1303772221723	1	1.0209	1.0333	0.9479
242	1303772221742	1	1.0209	1.0667	0.9183
243	1303772221761	1	1.0209	1.0667	0.9183
244	1303772221780	1	1.0209	1.0667	0.9183
245	1303772221798	1	1.0209	1.0333	0.9479
246	1303772221817	1	1.0209	1.0667	0.9183
247	1303772221837	1	1.0209	1.0667	0.9183
248	1303772221900	1	1.0209	1.0667	0.9183
249	1303772221921	1	1.0209	1.0333	0.9479
250	1303772221939	1	1.0209	1.0667	0.9183
251	1303772221957	1	1.0209	1.0667	0.9183
252	1303772221976	1	1.0209	1.0667	0.9183
253	1303772222002	1	1.0209	1.0333	0.9479
254	1303772222043	1	1.0167	1.0667	0.9221
255	1303772222071	1	1.0161	1.0667	0.9227
256	1303772222093	1	1.0161	1.0667	0.9227
257	1303772222111	1	1.0161	1.0333	0.9525
258	1303772222129	1	1.0161	1.0333	0.9525
259	1303772222150	1	1.0161	1.0667	0.9227
260	1303772222168	1	1.0161	1.0667	0.9227
261	1303772222190	1	1.016	1.0333	0.9525
262	1303772222249	1	1.016	1.0333	0.9525
263	1303772222267	1	1.016	1.0667	0.9227
264	1303772222287	1	1.016	1.0667	0.9227
265	1303772222305	1	1.016	1.0333	0.9525
266	1303772222364	1	1.016	1.0333	0.9525
267	1303772222425	1	1.016	1.0667	0.9227
268	1303772222486	1	1.016	1.0667	0.9227
269	1303772222507	1	1.016	1.0333	0.9525
270	1303772222525	1	1.016	1.0333	0.9525
271	1303772222543	1	1.016	1.0667	0.9227
272	1303772222563	1	1.016	1.0667	0.9227
273	1303772222581	1	1.016	1.0333	0.9525
274	1303772222599	1	1.016	1.0333	0.9525
275	1303772222619	1	1.016	1.0667	0.9227
276	1303772222638	1	1.016	1.0667	0.9227
277	1303772222656	1	1.016	1.0333	0.9525
278	1303772222676	1	1.016	1.0667	0.9227
279	1303772222735	1	1.016	1.0667	0.9227
280	1303772222755	1	1.016	1.0667	0.9227
281	1303772222773	1	1.016	1.0333	0.9525
282	1303772222791	1	1.016	1.0667	0.9227
283	1303772222810	1	1.016	1.0667	0.9227
284	1303772222829	1	1.016	1.0667	0.9227
285	1303772222848	1	1.016	1.0333	0.9525
286	1303772222867	1	1.016	1.0667	0.9227
287	1303772222885	1	1.016	1.0667	0.9227
288	1303772222903	1	1.016	1.0667	0.9227
289	1303772222924	1	1.016	1.0333	0.9525
290	1303772222943	1	1.016	1.0667	0.9227
291	1303772222962	1	1.016	1.0667	0.9227
292	1303772222982	1	1.016	1.0667	0.9227
293	1303772222999	1	1.016	1.0333	0.9525
294	1303772223019	1	1.016	1.0667	0.9227
295	1303772223037	1	1.016	1.0667	0.9227
296	1303772223055	1	1.016	1.0667	0.9227
297	1303772223075	1	1.016	1.0333	0.9525
298	1303772223133	1	1.016	1.0667	0.9227
299	1303772223151	1	1.016	1.0667	0.9227
300	1303772223171	1	1.016	1.0667	0.9227
301	1303772223189	1	1.016	1.0333	0.9525
302	1303772223207	1	1.016	1.0667	0.9227
303	1303772223226	1	1.016	1.0667	0.9227
304	1303772223244	1	1.016	1.0667	0.9227
305	1303772223264	1	1.016	1.0333	0.9525
306	1303772223282	1	1.016	1.0667	0.9227
307	1303772223300	1	1.016	1.0667	0.9227
308	1303772223320	1	1.016	1.0667	0.9227
309	1303772223338	1	1.016	1.0667	0.9227
310	1303772223356	1	1.016	1.0667	0.9227
311	1303772223377	1	1.016	1.0667	0.9227
312	1303772223395	1	1.016	1.0667	0.9227
313	1303772223413	1	1.016	1.0667	0.9227
314	1303772223442	1	1.016	1.0667	0.9227
315	1303772223503	1	1.0162	1.0667	0.9225
316	1303772223538	1	1.0158	1.0667	0.9229
317	1303772223559	1	1.0157	1.0667	0.923
318	1303772223579	1	1.0157	1.0333	0.9528
319	1303772223598	1	1.0157	1.0667	0.923
320	1303772223618	1	1.0157	1.0667	0.923
321	1303772223637	1	1.0157	1.0667	0.923
322	1303772223657	1	1.0157	1.0333	0.9528
323	1303772223676	1	1.0159	1.0667	0.9228
324	1303772223694	1	1.0159	1.0667	0.9228
325	1303772223714	1	1.0159	1.0667	0.9228
326	1303772223732	1	1.0159	1.0333	0.9526
327	1303772223750	1	1.0159	1.0667	0.9228
328	1303772223770	1	1.0159	1.0667	0.9228
329	1303772223787	1	1.0159	1.0667	0.9228
330	1303772223844	1	1.0159	1.0333	0.9526
331	1303772223863	1	1.0159	1.0667	0.9228
332	1303772223881	1	1.0159	1.0667	0.9228
333	1303772223901	1	1.0159	1.0667	0.9228
334	1303772223919	1	1.0159	1.0333	0.9526
335	1303772223937	1	1.0159	1.0667	0.9228
336	1303772223956	1	1.0159	1.0667	0.9228
337	1303772223974	1	1.0159	1.0667	0.9228
338	1303772223992	1	1.0159	1.0333	0.9526
339	1303772224012	1	1.0159	1.0667	0.9228
340	1303772224031	1	1.0159	1.0667	0.9228
341	1303772224049	1	1.0159	1.0667	0.9228
342	1303772224069	1	1.0159	1.0333	0.9526
343	1303772224087	1	1.0159	1.0667	0.9228
344	1303772224105	1	1.0159	1.0667	0.9228
345	1303772224124	1	1.0159	1.0667	0.9228
346	1303772224143	1	1.0159	1.0333	0.9526
347	1303772224161	1	1.0159	1.0667	0.9228
348	1303772224180	1	1.0159	1.0667	0.9228
349	1303772224199	1	1.0159	1.0667	0.9228
350	1303772224218	1	1.0159	1.0333	0.9526
351	1303772224238	1	1.0159	1.0667	0.9228
352	1303772224257	1	1.0159	1.0667	0.9228
353	1303772224276	1	1.0159	1.0667	0.9228
354	1303772224294	1	1.0159	1.0667	0.9228
355	1303772224312	1	1.0159	1.0333	0.9526
356	1303772224332	1	1.0159	1.0667	0.9228
357	1303772224349	1	1.0159	1.0667	0.9228
358	1303772224369	1	1.0159	1.0667	0.9228
359	1303772224390	1	1.0159	1.0333	0.9526
360	1303772224408	1	1.0159	1.0667	0.9228
361	1303772224426	1	1.0159	1.0667	0.9228
362	1303772224445	1	1.0159	1.0667	0.9228
363	1303772224463	1	1.0159	1.0667	0.9228
364	1303772224481	1	1.0159	1.0333	0.9526
365	1303772224544	1	1.0159	1.0667	0.9228
366	1303772224562	1	1.0159	1.0667	0.9228
367	1303772224582	1	1.0159	1.0667	0.9228
368	1303772224600	1	1.0159	1.0667	0.9228
369	1303772224619	1	1.0159	1.0333	0.9526
370	1303772224639	1	1.0159	1.0667	0.9228
371	1303772224657	1	1.0159	1.0667	0.9228
372	1303772224675	1	1.0159	1.0667	0.9228
373	1303772224694	1	1.0159	1.0667	0.9228
374	1303772224713	1	1.0159	1.0333	0.9526
375	1303772224744	1	1.0159	1.0667	0.9228
376	1303772224803	1	1.0159	1.0667	0.9228
377	1303772224843	1	1.0171	1.0667	0.9218
378	1303772224863	1	1.0169	1.0333	0.9516
379	1303772224884	1	1.0169	1.0667	0.9219
380	1303772224903	1	1.0169	1.0667	0.9219
381	1303772224920	1	1.0169	1.0667	0.9219
382	1303772224940	1	1.0169	1.0333	0.9516
383	1303772224959	1	1.0169	1.0667	0.9219
384	1303772224980	1	1.0169	1.0667	0.9219
385	1303772224998	1	1.017	1.0667	0.9218
386	1303772225057	1	1.017	1.0333	0.9516
387	1303772225076	1	1.017	1.0667	0.9218
388	1303772225094	1	1.017	1.0667	0.9218
389	1303772225155	1	1.017	1.0667	0.9218
390	1303772225172	1	1.017	1.0333	0.9516
391	1303772225191	1	1.017	1.0667	0.9218
392	1303772225252	1	1.017	1.0667	0.9218
393	1303772225270	1	1.017	1.0667	0.9218
394	1303772225288	1	1.017	1.0333	0.9516
395	1303772225307	1	1.017	1.0667	0.9218
396	1303772225372	1	1.017	1.0667	0.9218
397	1303772225391	1	1.017	1.0667	0.9218
398	1303772225411	1	1.017	1.0667	0.9218
399	1303772225428	1	1.017	1.0667	0.9218
400	1303772225448	1	1.017	1.0667	0.9218
401	1303772225467	1	1.017	1.0667	0.9218
402	1303772225485	1	1.017	1.0333	0.9516
403	1303772225505	1	1.017	1.0667	0.9218
404	1303772225563	1	1.017	1.0667	0.9218
405	1303772225581	1	1.017	1.0667	0.9218
406	1303772225602	1	1.017	1.0667	0.9218
407	1303772225620	1	1.017	1.0333	0.9516
408	1303772225639	1	1.017	1.0667	0.9218
409	1303772225659	1	1.017	1.0667	0.9218
410	1303772225677	1	1.017	1.0667	0.9218
411	1303772225695	1	1.017	1.0667	0.9218
412	1303772225714	1	1.017	1.0333	0.9516
413	1303772225732	1	1.017	1.0667	0.9218
414	1303772225752	1	1.017	1.0667	0.9218
415	1303772225769	1	1.017	1.0667	0.9218
416	1303772225787	1	1.017	1.0667	0.9218
417	1303772225807	1	1.017	1.0333	0.9516
418	1303772225825	1	1.017	1.0667	0.9218
419	1303772225843	1	1.017	1.0667	0.9218
420	1303772225862	1	1.017	1.0667	0.9218
421	1303772225880	1	1.017	1.0667	0.9218
422	1303772225898	1	1.017	1.0333	0.9516
423	1303772225918	1	1.017	1.0667	0.9218
424	1303772225936	1	1.017	1.0667	0.9218
425	1303772225954	1	1.017	1.0667	0.9218
426	1303772225973	1	1.017	1.0667	0.9218
427	1303772225991	1	1.017	1.0333	0.9516
428	1303772226008	1	1.017	1.0667	0.9218
429	1303772226028	1	1.017	1.0667	0.9218
430	1303772226046	1	1.017	1.0667	0.9218
431	1303772226063	1	1.017	1.0667	0.9218
432	1303772226084	1	1.017	1.0333	0.9516
433	1303772226103	1	1.017	1.0667	0.9218
434	1303772226122	1	1.017	1.0667	0.9218
435	1303772226140	1	1.017	1.0667	0.9218
436	1303772226175	1	1.017	1.0667	0.9218
437	1303772226244	1	1.017	1.0333	0.9516
438	1303772226290	1	1.017	1.0667	0.9218
439	1303772226317	1	1.0182	1.0667	0.9207
440	1303772226338	1	1.0182	1.0333	0.9504
441	1303772226356	1	1.0182	1.0667	0.9207
442	1303772226416	1	1.0182	1.0667	0.9207
443	1303772226435	1	1.0182	1.0667	0.9207
444	1303772226455	1	1.0181	1.0333	0.9505
445	1303772226476	1	1.0181	1.0667	0.9208
446	1303772226494	1	1.0181	1.0667	0.9208
447	1303772226514	1	1.0181	1.0667	0.9208
448	1303772226532	1	1.0181	1.0333	0.9505
449	1303772226550	1	1.0181	1.0667	0.9208
450	1303772226571	1	1.0181	1.0667	0.9208
451	1303772226588	1	1.0181	1.0667	0.9208
452	1303772226607	1	1.0181	1.0667	0.9208
453	1303772226627	1	1.0181	1.0333	0.9505
454	1303772226685	1	1.0181	1.0667	0.9208
455	1303772226704	1	1.0181	1.0667	0.9208
456	1303772226725	1	1.0181	1.0667	0.9208
457	1303772226744	1	1.0181	1.0667	0.9208
458	1303772226761	1	1.0181	1.0333	0.9505
459	1303772226781	1	1.0181	1.0667	0.9208
460	1303772226800	1	1.0181	1.0667	0.9208
461	1303772226819	1	1.0181	1.0667	0.9208
462	1303772226838	1	1.0181	1.0667	0.9208
463	1303772226856	1	1.0181	1.0667	0.9208
464	1303772226877	1	1.0181	1.0667	0.9208
465	1303772226895	1	1.0181	1.0667	0.9208
466	1303772226914	1	1.0181	1.0667	0.9208
467	1303772226933	1	1.0181	1.0667	0.9208
468	1303772226951	1	1.0181	1.0667	0.9208
469	1303772226970	1	1.0181	1.0667	0.9208
470	1303772226990	1	1.0181	1.0667	0.9208
471	1303772227008	1	1.0181	1.0667	0.9208
472	1303772227026	1	1.0181	1.0667	0.9208
473	1303772227046	1	1.0181	1.0667	0.9208
474	1303772227064	1	1.0181	1.0667	0.9208
475	1303772227082	1	1.0181	1.0667	0.9208
476	1303772227102	1	1.0181	1.0667	0.9208
477	1303772227120	1	1.0181	1.0667	0.9208
478	1303772227138	1	1.0181	1.0667	0.9208
479	1303772227157	1	1.0181	1.0667	0.9208
480	1303772227175	1	1.0181	1.0667	0.9208
481	1303772227194	1	1.0181	1.0667	0.9208
482	1303772227213	1	1.0181	1.0667	0.9208
483	1303772227272	1	1.0181	1.0333	0.9505
484	1303772227292	1	1.0181	1.0667	0.9208
485	1303772227310	1	1.0181	1.0667	0.9208
486	1303772227328	1	1.0181	1.0667	0.9208
487	1303772227348	1	1.0181	1.0667	0.9208
488	1303772227365	1	1.0181	1.0667	0.9208
489	1303772227383	1	1.0181	1.0667	0.9208
490	1303772227444	1	1.0181	1.0667	0.9208
491	1303772227463	1	1.0181	1.0667	0.9208
492	1303772227481	1	1.0181	1.0667	0.9208
493	1303772227502	1	1.0181	1.0667	0.9208
494	1303772227521	1	1.0181	1.0667	0.9208
495	1303772227541	1	1.0181	1.0667	0.9208
496	1303772227559	1	1.0181	1.0667	0.9208
497	1303772227642	1	1.0181	1.0667	0.9208
498	1303772227704	1	1.0181	1.0667	0.9208
499	1303772227739	1	1.0181	1.0667	0.9208
500	1303772227769	1	1.0193	1.0667	0.9198
501	1303772227791	1	1.0193	1.0667	0.9198
502	1303772227811	1	1.0193	1.0333	0.9495
503	1303772227832	1	1.0193	1.0667	0.9198
504	1303772227852	1	1.0193	1.0667	0.9198
505	1303772227913	1	1.0193	1.0667	0.9198
506	1303772227934	1	1.0193	1.0333	0.9495
507	1303772227953	1	1.0193	1.0667	0.9197
508	1303772228013	1	1.0193	1.0667	0.9197
509	1303772228032	1	1.0193	1.0667	0.9197
510	1303772228089	1	1.023	1.0667	0.9164
511	1303772228109	1	1.023	1.0667	0.9164
512	1303772228128	1	1.023	1.0667	0.9164
513	1303772228147	1	1.023	1.0667	0.9164
514	1303772228166	1	1.023	1.0667	0.9164
515	1303772228185	1	1.023	1.0667	0.9164
516	1303772228202	1	1.023	1.0667	0.9164
517	1303772228222	1	1.023	1.0667	0.9164
518	1303772228241	1	1.023	1.0667	0.9164
519	1303772228260	1	1.023	1.0667	0.9164
520	1303772228280	1	1.023	1.0667	0.9164
521	1303772228341	1	1.023	1.0667	0.9164
522	1303772228359	1	1.023	1.0667	0.9164
523	1303772228379	1	1.023	1.0667	0.9164
524	1303772228397	1	1.023	1.0667	0.9164
525	1303772228418	1	1.023	1.0667	0.9164
526	1303772228477	1	1.023	1.0667	0.9164
527	1303772228495	1	1.023	1.0667	0.9164
528	1303772228516	1	1.023	1.0667	0.9164
529	1303772228535	1	1.023	1.0667	0.9164
530	1303772228553	1	1.023	1.0667	0.9164
531	1303772228573	1	1.023	1.0667	0.9164
532	1303772228591	1	1.023	1.0667	0.9164
533	1303772228608	1	1.023	1.0667	0.9164
534	1303772228628	1	1.023	1.0667	0.9164
535	1303772228646	1	1.023	1.0667	0.9164
536	1303772228664	1	1.023	1.0667	0.9164
537	1303772228725	1	1.023	1.0667	0.9164
538	1303772228742	1	1.023	1.0667	0.9164
539	1303772228762	1	1.023	1.0667	0.9164
540	1303772228780	1	1.023	1.0667	0.9164
541	1303772228798	1	1.023	1.0667	0.9164
542	1303772228818	1	1.023	1.0667	0.9164
543	1303772228837	1	1.023	1.0667	0.9164
544	1303772228856	1	1.023	1.0667	0.9164
545	1303772228876	1	1.023	1.0667	0.9164
546	1303772228894	1	1.023	1.0667	0.9164
547	1303772228912	1	1.023	1.0667	0.9164
548	1303772228933	1	1.023	1.0667	0.9164
549	1303772228951	1	1.023	1.0667	0.9164
550	1303772229009	1	1.023	1.0667	0.9164
551	1303772229029	1	1.023	1.0667	0.9164
552	1303772229048	1	1.023	1.0667	0.9164
553	1303772229069	1	1.023	1.0667	0.9164
554	1303772229107	1	1.023	1.0667	0.9164
555	1303772229126	1	1.023	1.0667	0.9164
556	1303772229186	1	1.023	1.0667	0.9164
557	1303772229204	1	1.023	1.0667	0.9164
558	1303772229242	1	1.023	1.0667	0.9164
559	1303772229324	1	1.023	1.0667	0.9164
560	1303772229360	1	1.023	1.0667	0.9164
561	1303772229384	1	1.0247	1.0667	0.9149
562	1303772229404	1	1.0219	1.0667	0.9174
563	1303772229423	1	1.0219	1.0667	0.9174
564	1303772229443	1	1.0219	1.0667	0.9174
565	1303772229462	1	1.0219	1.0667	0.9174
566	1303772229483	1	1.0219	1.0667	0.9174
567	1303772229502	1	1.0219	1.0667	0.9174
568	1303772229522	1	1.0219	1.0667	0.9174
569	1303772229542	1	1.0219	1.0667	0.9174
570	1303772229560	1	1.0219	1.0667	0.9174
571	1303772229578	1	1.0219	1.0667	0.9174
572	1303772229598	1	1.0219	1.0667	0.9174
573	1303772229616	1	1.0219	1.0667	0.9174
574	1303772229635	1	1.0219	1.0667	0.9174
575	1303772229655	1	1.0219	1.0667	0.9174
576	1303772229713	1	1.0219	1.0667	0.9174
577	1303772229731	1	1.0219	1.0667	0.9174
578	1303772229752	1	1.0219	1.0667	0.9174
579	1303772229812	1	1.0219	1.0667	0.9174
580	1303772229831	1	1.0219	1.0667	0.9174
581	1303772229850	1	1.0219	1.0667	0.9174
582	1303772229867	1	1.0219	1.0667	0.9174
583	1303772229887	1	1.0219	1.0667	0.9174
584	1303772229905	1	1.0219	1.0667	0.9174
585	1303772229963	1	1.0219	1.0667	0.9174
586	1303772229983	1	1.0219	1.0667	0.9174
587	1303772230001	1	1.0219	1.0667	0.9174
588	1303772230019	1	1.0219	1.0667	0.9174
589	1303772230038	1	1.0219	1.0667	0.9174
590	1303772230057	1	1.0219	1.0667	0.9174
591	1303772230077	1	1.0219	1.0667	0.9174
592	1303772230095	1	1.0219	1.0667	0.9174
593	1303772230114	1	1.0219	1.0667	0.9174
594	1303772230134	1	1.0219	1.0667	0.9174
595	1303772230193	1	1.0219	1.0667	0.9174
596	1303772230251	1	1.0219	1.0667	0.9174
597	1303772230271	1	1.0219	1.0667	0.9174
598	1303772230289	1	1.0219	1.0667	0.9174
599	1303772230307	1	1.0219	1.0667	0.9174
600	1303772230327	1	1.0219	1.0667	0.9174
601	1303772230345	1	1.0219	1.0667	0.9174
602	1303772230363	1	1.0219	1.0667	0.9174
603	1303772230383	1	1.0219	1.0667	0.9174
604	1303772230401	1	1.0219	1.0667	0.9174
605	1303772230421	1	1.0219	1.0667	0.9174
606	1303772230439	1	1.0219	1.0667	0.9174
607	1303772230457	1	1.0219	1.0667	0.9174
608	1303772230477	1	1.0219	1.0667	0.9174
609	1303772230496	1	1.0219	1.0667	0.9174
610	1303772230514	1	1.0219	1.0667	0.9174
611	1303772230576	1	1.0219	1.0667	0.9174
612	1303772230594	1	1.0219	1.0667	0.9174
613	1303772230612	1	1.0219	1.0667	0.9174
614	1303772230631	1	1.0219	1.0667	0.9174
615	1303772230649	1	1.0219	1.0667	0.9174
616	1303772230667	1	1.0219	1.0667	0.9174
617	1303772230686	1	1.0219	1.0667	0.9174
618	1303772230704	1	1.0219	1.0667	0.9174
619	1303772230732	1	1.0219	1.0667	0.9174
620	1303772230788	1	1.0219	1.0667	0.9174
621	1303772230831	1	1.0219	1.0667	0.9174
622	1303772230863	1	1.0219	1.0667	0.9174
623	1303772230883	1	1.023	1.0667	0.9164
624	1303772230901	1	1.023	1.0667	0.9164
625	1303772230921	1	1.023	1.0667	0.9164
626	1303772230984	1	1.023	1.0667	0.9164
627	1303772231003	1	1.023	1.0667	0.9164
628	1303772231065	1	1.023	1.0667	0.9164
629	1303772231083	1	1.023	1.0667	0.9164
630	1303772231103	1	1.0233	1.0667	0.9161
631	1303772231121	1	1.0233	1.0667	0.9161
632	1303772231139	1	1.0233	1.0667	0.9161
633	1303772231159	1	1.0233	1.0333	0.9457
634	1303772231177	1	1.0233	1.0667	0.9161
635	1303772231236	1	1.0233	1.0667	0.9161
636	1303772231256	1	1.0233	1.0667	0.9161
637	1303772231275	1	1.0233	1.0333	0.9457
638	1303772231295	1	1.0233	1.0667	0.9161
639	1303772231316	1	1.0233	1.0667	0.9161
640	1303772231335	1	1.0233	1.0667	0.9161
641	1303772231355	1	1.0233	1.0667	0.9161
642	1303772231374	1	1.0233	1.0667	0.9161
643	1303772231393	1	1.0233	1.0667	0.9161
644	1303772231413	1	1.0233	1.0667	0.9161
645	1303772231431	1	1.0233	1.0667	0.9161
646	1303772231450	1	1.0233	1.0667	0.9161
647	1303772231471	1	1.0233	1.0667	0.9161
648	1303772231490	1	1.0233	1.0667	0.9161
649	1303772231508	1	1.0233	1.0667	0.9161
650	1303772231528	1	1.0233	1.0667	0.9161
651	1303772231546	1	1.0233	1.0667	0.9161
652	1303772231564	1	1.0233	1.0667	0.9161
653	1303772231584	1	1.0233	1.0667	0.9161
654	1303772231603	1	1.0233	1.0667	0.9161
655	1303772231624	1	1.0233	1.0667	0.9161
656	1303772231642	1	1.0233	1.0667	0.9161
657	1303772231661	1	1.0233	1.0667	0.9161
658	1303772231681	1	1.0233	1.0667	0.9161
659	1303772231699	1	1.0233	1.0667	0.9161
660	1303772231717	1	1.0233	1.0667	0.9161
661	1303772231736	1	1.0233	1.0667	0.9161
662	1303772231755	1	1.0233	1.0667	0.9161
663	1303772231774	1	1.0233	1.0667	0.9161
664	1303772231793	1	1.0233	1.0667	0.9161
665	1303772231811	1	1.0233	1.0667	0.9161
666	1303772231829	1	1.0233	1.0667	0.9161
667	1303772231850	1	1.0233	1.0667	0.9161
668	1303772231909	1	1.0233	1.0667	0.9161
669	1303772231927	1	1.0233	1.0667	0.9161
670	1303772231947	1	1.0233	1.0667	0.9161
671	1303772231965	1	1.0233	1.0667	0.9161
672	1303772231985	1	1.0233	1.0667	0.9161
673	1303772232003	1	1.0233	1.0667	0.9161
674	1303772232021	1	1.0233	1.0667	0.9161
675	1303772232042	1	1.0233	1.0667	0.9161
676	1303772232060	1	1.0233	1.0667	0.9161
677	1303772232118	1	1.0233	1.0667	0.9161
678	1303772232138	1	1.0233	1.0667	0.9161
679	1303772232156	1	1.0233	1.0667	0.9161
680	1303772232189	1	1.0233	1.0667	0.9161
681	1303772232232	1	1.0233	1.0667	0.9161
682	1303772232271	1	1.0233	1.0667	0.9161
683	1303772232300	1	1.0233	1.0667	0.9161
684	1303772232320	1	1.028	1.0667	0.912
685	1303772232338	1	1.028	1.0667	0.912
686	1303772232356	1	1.028	1.0667	0.912
687	1303772232376	1	1.028	1.0667	0.912
688	1303772232394	1	1.028	1.0667	0.912
689	1303772232414	1	1.028	1.0667	0.912
690	1303772232433	1	1.028	1.0667	0.912
691	1303772232451	1	1.0282	1.0667	0.9118
692	1303772232471	1	1.0282	1.0667	0.9118
693	1303772232489	1	1.0282	1.0667	0.9118
694	1303772232506	1	1.0282	1.0667	0.9118
695	1303772232526	1	1.0282	1.0667	0.9118
696	1303772232543	1	1.0282	1.0667	0.9118
697	1303772232561	1	1.0282	1.0667	0.9118
698	1303772232581	1	1.0282	1.0667	0.9118
699	1303772232599	1	1.0282	1.0667	0.9118
700	1303772232617	1	1.0282	1.0667	0.9118
701	1303772232637	1	1.0282	1.0667	0.9118
702	1303772232655	1	1.0282	1.0667	0.9118
703	1303772232676	1	1.0282	1.0667	0.9118
704	1303772232693	1	1.0282	1.0667	0.9118
705	1303772232752	1	1.0282	1.0667	0.9118
706	1303772232773	1	1.0282	1.0667	0.9118
707	1303772232791	1	1.0282	1.0667	0.9118
708	1303772232808	1	1.0282	1.0667	0.9118
709	1303772232828	1	1.0282	1.0667	0.9118
710	1303772232846	1	1.0282	1.0667	0.9118
711	1303772232865	1	1.0282	1.0667	0.9118
712	1303772232885	1	1.0282	1.0667	0.9118
713	1303772232903	1	1.0282	1.0667	0.9118
714	1303772232922	1	1.0282	1.0667	0.9118
715	1303772232942	1	1.0282	1.0667	0.9118
716	1303772233000	1	1.0282	1.0667	0.9118
717	1303772233019	1	1.0282	1.0667	0.9118
718	1303772233037	1	1.0282	1.0667	0.9118
719	1303772233055	1	1.0282	1.0667	0.9118
720	1303772233075	1	1.0282	1.0667	0.9118
721	1303772233093	1	1.0282	1.0667	0.9118
722	1303772233112	1	1.0282	1.0667	0.9118
723	1303772233131	1	1.0282	1.0667	0.9118
724	1303772233149	1	1.0282	1.0667	0.9118
725	1303772233167	1	1.0282	1.0667	0.9118
726	1303772233187	1	1.0282	1.0667	0.9118
727	1303772233206	1	1.0282	1.0667	0.9118
728	1303772233224	1	1.0282	1.0667	0.9118
729	1303772233244	1	1.0282	1.0667	0.9118
730	1303772233262	1	1.0282	1.0667	0.9118
731	1303772233281	1	1.0282	1.0667	0.9118
732	1303772233301	1	1.0282	1.0667	0.9118
733	1303772233321	1	1.0282	1.0667	0.9118
734	1303772233339	1	1.0282	1.0667	0.9118
735	1303772233359	1	1.0282	1.0667	0.9118
736	1303772233377	1	1.0282	1.0667	0.9118
737	1303772233396	1	1.0282	1.0667	0.9118
738	1303772233414	1	1.0282	1.0667	0.9118
739	1303772233432	1	1.0282	1.0667	0.9118
740	1303772233452	1	1.0282	1.0667	0.9118
741	1303772233527	1	1.0282	1.0667	0.9118
742	1303772233575	1	1.0282	1.0667	0.9118
743	1303772233604	1	1.0282	1.0667	0.9118
744	1303772233625	1	1.0282	1.0667	0.9118
745	1303772233643	1	1.0316	1.0667	0.9088
746	1303772233663	1	1.0316	1.0667	0.9088
747	1303772233681	1	1.0316	1.0667	0.9088
748	1303772233699	1	1.0316	1.0667	0.9088
749	1303772233759	1	1.0316	1.0667	0.9088
750	1303772233778	1	1.0316	1.0667	0.9088
751	1303772233796	1	1.0316	1.0667	0.9088
752	1303772233816	1	1.0316	1.0667	0.9088
753	1303772233834	1	1.0316	1.0667	0.9088
754	1303772233851	1	1.0316	1.0667	0.9088
755	1303772233871	1	1.0316	1.0667	0.9088
756	1303772233888	1	1.0316	1.0667	0.9088
757	1303772233948	1	1.0316	1.0667	0.9088
758	1303772233965	1	1.0316	1.0667	0.9088
759	1303772233983	1	1.0316	1.0667	0.9088
760	1303772234003	1	1.0316	1.0667	0.9088
761	1303772234021	1	1.0316	1.0667	0.9088
762	1303772234039	1	1.0316	1.0667	0.9088
763	1303772234058	1	1.0316	1.0667	0.9088
764	1303772234075	1	1.0316	1.0667	0.9088
765	1303772234133	1	1.0316	1.0667	0.9088
766	1303772234153	1	1.0316	1.0667	0.9088
767	1303772234171	1	1.0316	1.0667	0.9088
768	1303772234189	1	1.0316	1.0667	0.9088
769	1303772234209	1	1.0316	1.0667	0.9088
770	1303772234228	1	1.0316	1.0667	0.9088
771	1303772234247	1	1.0316	1.0667	0.9088
772	1303772234267	1	1.0316	1.0667	0.9088
773	1303772234286	1	1.0316	1.0667	0.9088
774	1303772234305	1	1.0316	1.0667	0.9088
775	1303772234324	1	1.0316	1.0667	0.9088
776	1303772234343	1	1.0316	1.0667	0.9088
777	1303772234363	1	1.0316	1.0667	0.9088
778	1303772234381	1	1.0316	1.0667	0.9088
779	1303772234399	1	1.0316	1.0667	0.9088
780	1303772234419	1	1.0316	1.0667	0.9088
781	1303772234439	1	1.0316	1.0667	0.9088
782	1303772234457	1	1.0316	1.0667	0.9088
783	1303772234477	1	1.0316	1.0667	0.9088
784	1303772234495	1	1.0316	1.0667	0.9088
785	1303772234513	1	1.0316	1.0667	0.9088
786	1303772234533	1	1.0316	1.0667	0.9088
787	1303772234550	1	1.0316	1.0667	0.9088
788	1303772234568	1	1.0316	1.0667	0.9088
789	1303772234587	1	1.0316	1.0667	0.9088
790	1303772234606	1	1.0316	1.0667	0.9088
791	1303772234667	1	1.0292	1.0667	0.9109
792	1303772234686	1	1.0292	1.0667	0.9109
793	1303772234704	1	1.0292	1.0667	0.9109
794	1303772234723	1	1.0292	1.0667	0.9109
795	1303772234741	1	1.0292	1.0667	0.9109
796	1303772234759	1	1.0292	1.0667	0.9109
797	1303772234778	1	1.0292	1.0667	0.9109
798	1303772234796	1	1.0292	1.0667	0.9109
799	1303772234814	1	1.0292	1.0667	0.9109
800	1303772234833	1	1.0292	1.0667	0.9109
801	1303772234851	1	1.0292	1.0667	0.9109
802	1303772234883	1	1.0292	1.0667	0.9109
803	1303772234970	1	1.0292	1.0667	0.9109
804	1303772235005	1	1.0292	1.0667	0.9109
805	1303772235028	1	1.0292	1.0333	0.9403
806	1303772235047	1	1.0316	1.0667	0.9088
807	1303772235066	1	1.0316	1.0667	0.9088
808	1303772235086	1	1.0316	1.0667	0.9088
809	1303772235104	1	1.0316	1.0667	0.9088
810	1303772235125	1	1.0316	1.0667	0.9088
811	1303772235144	1	1.0316	1.0667	0.9088
812	1303772235162	1	1.0316	1.0667	0.9088
813	1303772235182	1	1.0318	1.0667	0.9086
814	1303772235201	1	1.0318	1.0667	0.9086
815	1303772235219	1	1.0318	1.0667	0.9086
816	1303772235239	1	1.0318	1.0667	0.9086
817	1303772235258	1	1.0318	1.0667	0.9086
818	1303772235276	1	1.0318	1.0667	0.9086
819	1303772235297	1	1.0318	1.0667	0.9086
820	1303772235317	1	1.0318	1.0667	0.9086
821	1303772235335	1	1.0318	1.0667	0.9086
822	1303772235356	1	1.0318	1.0667	0.9086
823	1303772235375	1	1.0318	1.0667	0.9086
824	1303772235434	1	1.0318	1.0667	0.9086
825	1303772235452	1	1.0318	1.0667	0.9086
826	1303772235470	1	1.0318	1.0667	0.9086
827	1303772235490	1	1.0318	1.0667	0.9086
828	1303772235508	1	1.0318	1.0667	0.9086
829	1303772235527	1	1.0318	1.0667	0.9086
830	1303772235587	1	1.0318	1.0667	0.9086
831	1303772235646	1	1.0318	1.0667	0.9086
832	1303772235664	1	1.0318	1.0667	0.9086
833	1303772235684	1	1.0318	1.0667	0.9086
834	1303772235701	1	1.0318	1.0667	0.9086
835	1303772235761	1	1.0318	1.0667	0.9086
836	1303772235779	1	1.0318	1.0667	0.9086
837	1303772235798	1	1.0318	1.0667	0.9086
838	1303772235817	1	1.0318	1.0667	0.9086
839	1303772235835	1	1.0318	1.0667	0.9086
840	1303772235893	1	1.0318	1.0667	0.9086
841	1303772235913	1	1.0318	1.0667	0.9086
842	1303772235931	1	1.0318	1.0667	0.9086
843	1303772235949	1	1.0318	1.0667	0.9086
844	1303772235969	1	1.0318	1.0667	0.9086
845	1303772235987	1	1.0318	1.0667	0.9086
846	1303772236047	1	1.0318	1.0667	0.9086
847	1303772236066	1	1.0318	1.0667	0.9086
848	1303772236086	1	1.0318	1.0667	0.9086
849	1303772236106	1	1.0318	1.0667	0.9086
850	1303772236124	1	1.0318	1.0667	0.9086
851	1303772236142	1	1.0318	1.0667	0.9086
852	1303772236162	1	1.0318	1.0667	0.9086
853	1303772236180	1	1.0318	1.0667	0.9086
854	1303772236198	1	1.0318	1.0667	0.9086
855	1303772236217	1	1.0318	1.0667	0.9086
856	1303772236234	1	1.0318	1.0667	0.9086
857	1303772236252	1	1.0318	1.0667	0.9086
858	1303772236272	1	1.0318	1.0667	0.9086
859	1303772236290	1	1.0318	1.0667	0.9086
860	1303772236308	1	1.0318	1.0667	0.9086
861	1303772236327	1	1.0318	1.0667	0.9086
862	1303772236345	1	1.0318	1.0667	0.9086
863	1303772236381	1	1.0318	1.0667	0.9086
864	1303772236435	1	1.0311	1.0667	0.9092
865	1303772236496	1	1.0308	1.0667	0.9095
866	1303772236534	1	1.0306	1.0667	0.9097
867	1303772236555	1	1.0306	1.0667	0.9097
868	1303772236576	1	1.0306	1.0667	0.9097
869	1303772236595	1	1.0306	1.0667	0.9097
870	1303772236613	1	1.0306	1.0667	0.9097
871	1303772236633	1	1.0306	1.0667	0.9097
872	1303772236652	1	1.0306	1.0667	0.9097
873	1303772236672	1	1.0306	1.0667	0.9097
874	1303772236689	1	1.0306	1.0667	0.9097
875	1303772236707	1	1.0306	1.0667	0.9097
876	1303772236726	1	1.0306	1.0667	0.9097
877	1303772236744	1	1.0306	1.0667	0.9097
878	1303772236762	1	1.0306	1.0667	0.9097
879	1303772236782	1	1.0306	1.0667	0.9097
880	1303772236801	1	1.0306	1.0667	0.9097
881	1303772236819	1	1.0306	1.0667	0.9097
882	1303772236839	1	1.0306	1.0667	0.9097
883	1303772236896	1	1.0306	1.0667	0.9097
884	1303772236914	1	1.0306	1.0667	0.9097
885	1303772236935	1	1.0306	1.0667	0.9097
886	1303772236953	1	1.0306	1.0667	0.9097
887	1303772236971	1	1.0306	1.0667	0.9097
888	1303772237018	1	1.0306	1.0667	0.9097
889	1303772237036	1	1.0306	1.0667	0.9097
890	1303772237056	1	1.0306	1.0667	0.9097
891	1303772237074	1	1.0306	1.0667	0.9097
892	1303772237092	1	1.0306	1.0667	0.9097
893	1303772237112	1	1.0306	1.0667	0.9097
894	1303772237175	1	1.0306	1.0667	0.9097
895	1303772237236	1	1.0306	1.0667	0.9097
896	1303772237256	1	1.0306	1.0667	0.9097
897	1303772237275	1	1.0306	1.0667	0.9097
898	1303772237293	1	1.0306	1.0667	0.9097
899	1303772237313	1	1.0306	1.0667	0.9097
900	1303772237331	1	1.0306	1.0667	0.9097
901	1303772237349	1	1.0306	1.0667	0.9097
902	1303772237369	1	1.0306	1.0667	0.9097
903	1303772237387	1	1.0306	1.0667	0.9097
904	1303772237407	1	1.0306	1.0667	0.9097
905	1303772237425	1	1.0306	1.0667	0.9097
906	1303772237443	1	1.0306	1.0667	0.9097
907	1303772237463	1	1.0306	1.0667	0.9097
908	1303772237481	1	1.0306	1.0667	0.9097
909	1303772237498	1	1.0306	1.0667	0.9097
910	1303772237518	1	1.0306	1.0667	0.9097
911	1303772237536	1	1.0306	1.0667	0.9097
912	1303772237554	1	1.0306	1.0667	0.9097
913	1303772237573	1	1.0306	1.0667	0.9097
914	1303772237592	1	1.0306	1.0667	0.9097
915	1303772237611	1	1.0306	1.0667	0.9097
916	1303772237671	1	1.0306	1.0667	0.9097
917	1303772237688	1	1.0306	1.0667	0.9097
918	1303772237706	1	1.0306	1.0667	0.9097
919	1303772237767	1	1.0292	1.0667	0.9109
920	1303772237786	1	1.0292	1.0667	0.9109
921	1303772237806	1	1.0292	1.0667	0.9109
922	1303772237824	1	1.0292	1.0667	0.9109
923	1303772237842	1	1.0292	1.0667	0.9109
924	1303772237869	1	1.0292	1.0667	0.9109
925	1303772237908	1	1.0292	1.0667	0.9109
926	1303772237941	1	1.0292	1.0333	0.9403
927	1303772237961	1	1.0292	1.0667	0.9109
928	1303772237982	1	1.0292	1.0667	0.9109
929	1303772238002	1	1.0292	1.0667	0.9109
930	1303772238021	1	1.0292	1.0333	0.9403
931	1303772238043	1	1.0292	1.0667	0.9109
932	1303772238063	1	1.0292	1.0667	0.9109
933	1303772238084	1	1.0294	1.0667	0.9107
934	1303772238103	1	1.0294	1.0667	0.9107
935	1303772238122	1	1.0294	1.0667	0.9107
936	1303772238143	1	1.0294	1.0667	0.9107
937	1303772238163	1	1.0294	1.0667	0.9107
938	1303772238181	1	1.0294	1.0667	0.9107
939	1303772238201	1	1.0294	1.0667	0.9107
940	1303772238219	1	1.0294	1.0667	0.9107
941	1303772238237	1	1.0294	1.0667	0.9107
942	1303772238258	1	1.0294	1.0667	0.9107
943	1303772238276	1	1.0294	1.0667	0.9107
944	1303772238294	1	1.0294	1.0667	0.9107
945	1303772238354	1	1.0294	1.0667	0.9107
946	1303772238371	1	1.0294	1.0667	0.9107
947	1303772238392	1	1.0294	1.0667	0.9107
948	1303772238410	1	1.0294	1.0667	0.9107
949	1303772238429	1	1.0294	1.0667	0.9107
950	1303772238449	1	1.0294	1.0667	0.9107
951	1303772238466	1	1.0294	1.0667	0.9107
952	1303772238484	1	1.0294	1.0667	0.9107
953	1303772238504	1	1.0294	1.0667	0.9107
954	1303772238521	1	1.0294	1.0667	0.9107
955	1303772238539	1	1.0294	1.0667	0.9107
956	1303772238559	1	1.0294	1.0667	0.9107
957	1303772238576	1	1.0294	1.0667	0.9107
958	1303772238595	1	1.0294	1.0667	0.9107
959	1303772238614	1	1.0294	1.0667	0.9107
960	1303772238632	1	1.0294	1.0667	0.9107
961	1303772238691	1	1.0294	1.0667	0.9107
962	1303772238713	1	1.0294	1.0667	0.9107
963	1303772238731	1	1.0294	1.0667	0.9107
964	1303772238748	1	1.0294	1.0667	0.9107
965	1303772238768	1	1.0294	1.0667	0.9107
966	1303772238786	1	1.0294	1.0667	0.9107
967	1303772238806	1	1.0294	1.0667	0.9107
968	1303772238824	1	1.0294	1.0667	0.9107
969	1303772238843	1	1.0294	1.0667	0.9107
970	1303772238863	1	1.0294	1.0667	0.9107
971	1303772238881	1	1.0294	1.0667	0.9107
972	1303772238899	1	1.0294	1.0667	0.9107
973	1303772238918	1	1.0294	1.0667	0.9107
974	1303772238936	1	1.0294	1.0667	0.9107
975	1303772238954	1	1.0294	1.0667	0.9107
976	1303772238974	1	1.0294	1.0667	0.9107
977	1303772238992	1	1.0294	1.0667	0.9107
978	1303772239010	1	1.0294	1.0667	0.9107
979	1303772239030	1	1.0294	1.0667	0.9107
980	1303772239047	1	1.0294	1.0667	0.9107
981	1303772239065	1	1.0294	1.0667	0.9107
982	1303772239125	1	1.0294	1.0667	0.9107
983	1303772239143	1	1.0294	1.0667	0.9107
984	1303772239162	1	1.0294	1.0667	0.9107
985	1303772239185	1	1.0294	1.0667	0.9107
986	1303772239217	1	1.0294	1.0667	0.9107
987	1303772239286	1	1.0294	1.0333	0.9401
988	1303772239349	1	1.0294	1.0667	0.9107
989	1303772239412	1	1.0294	1.0667	0.9107
990	1303772239430	1	1.0294	1.0667	0.9107
991	1303772239450	1	1.0294	1.0333	0.9401
992	1303772239469	1	1.0294	1.0667	0.9107
993	1303772239488	1	1.0294	1.0667	0.9107
994	1303772239508	1	1.0294	1.0667	0.9107
995	1303772239526	1	1.0294	1.0667	0.9107
996	1303772239544	1	1.0294	1.0667	0.9107
997	1303772239605	1	1.0294	1.0667	0.9107
998	1303772239623	1	1.0294	1.0667	0.9107
999	1303772239642	1	1.0294	1.0667	0.9107
1000	1303772239661	1	1.0294	1.0667	0.9107
1001	1303772239680	1	1.0294	1.0667	0.9107
1002	1303772239699	1	1.0294	1.0667	0.9107
1003	1303772239718	1	1.0294	1.0667	0.9107
1004	1303772239737	1	1.0294	1.0667	0.9107
1005	1303772239756	1	1.0294	1.0667	0.9107
1006	1303772239820	1	1.0294	1.0667	0.9107
1007	1303772239839	1	1.0294	1.0667	0.9107
1008	1303772239860	1	1.0294	1.0667	0.9107
1009	1303772239878	1	1.0294	1.0667	0.9107
1010	1303772239896	1	1.0294	1.0667	0.9107
1011	1303772239918	1	1.0294	1.0667	0.9107
1012	1303772239936	1	1.0294	1.0667	0.9107
1013	1303772239954	1	1.0294	1.0667	0.9107
1014	1303772239973	1	1.0294	1.0667	0.9107
1015	1303772239991	1	1.0294	1.0667	0.9107
1016	1303772240009	1	1.0294	1.0667	0.9107
1017	1303772240028	1	1.0294	1.0667	0.9107
1018	1303772240046	1	1.0294	1.0667	0.9107
1019	1303772240066	1	1.0294	1.0667	0.9107
1020	1303772240084	1	1.0294	1.0667	0.9107
1021	1303772240102	1	1.0294	1.0667	0.9107
1022	1303772240122	1	1.0294	1.0667	0.9107
1023	1303772240140	1	1.0294	1.0667	0.9107
1024	1303772240201	1	1.0294	1.0667	0.9107
1025	1303772240222	1	1.0294	1.0667	0.9107
1026	1303772240241	1	1.0294	1.0667	0.9107
1027	1303772240260	1	1.0294	1.0667	0.9107
1028	1303772240279	1	1.0294	1.0667	0.9107
1029	1303772240297	1	1.0294	1.0667	0.9107
1030	1303772240316	1	1.0294	1.0667	0.9107
1031	1303772240335	1	1.0294	1.0667	0.9107
1032	1303772240353	1	1.0294	1.0667	0.9107
1033	1303772240371	1	1.0294	1.0667	0.9107
1034	1303772240390	1	1.0294	1.0667	0.9107
1035	1303772240409	1	1.0294	1.0667	0.9107
1036	1303772240429	1	1.0294	1.0667	0.9107
1037	1303772240448	1	1.0294	1.0667	0.9107
1038	1303772240466	1	1.0294	1.0667	0.9107
1039	1303772240486	1	1.0294	1.0667	0.9107
1040	1303772240504	1	1.0294	1.0667	0.9107
1041	1303772240523	1	1.0294	1.0667	0.9107
1042	1303772240543	1	1.0294	1.0667	0.9107
1043	1303772240606	1	1.0294	1.0667	0.9107
1044	1303772240624	1	1.0294	1.0667	0.9107
1045	1303772240644	1	1.0294	1.0667	0.9107
1046	1303772240666	1	1.0294	1.0667	0.9107
1047	1303772240696	1	1.0294	1.0667	0.9107
1048	1303772240725	1	1.0294	1.0667	0.9107
1049	1303772240749	1	1.0294	1.0667	0.9107
1050	1303772240768	1	1.0294	1.0333	0.9401
1051	1303772240787	1	1.035	1.0667	0.9058
1052	1303772240807	1	1.035	1.0667	0.9058
1053	1303772240825	1	1.035	1.0667	0.9058
1054	1303772240844	1	1.0348	1.0667	0.906
1055	1303772240866	1	1.0348	1.0667	0.906
1056	1303772240886	1	1.0348	1.0667	0.906
1057	1303772240906	1	1.0348	1.0667	0.906
1058	1303772240925	1	1.0348	1.0667	0.906
1059	1303772240943	1	1.0348	1.0667	0.906
1060	1303772240963	1	1.0348	1.0667	0.906
1061	1303772240980	1	1.0348	1.0667	0.906
1062	1303772240998	1	1.0348	1.0667	0.906
1063	1303772241017	1	1.0348	1.0667	0.906
1064	1303772241036	1	1.0348	1.0667	0.906
1065	1303772241095	1	1.0348	1.0667	0.906
1066	1303772241115	1	1.0348	1.0667	0.906
1067	1303772241134	1	1.0348	1.0667	0.906
1068	1303772241152	1	1.0348	1.0667	0.906
1069	1303772241171	1	1.0348	1.0667	0.906
1070	1303772241230	1	1.0416	1.0667	0.9001
1071	1303772241250	1	1.0416	1.0667	0.9001
1072	1303772241267	1	1.0416	1.0667	0.9001
1073	1303772241285	1	1.0416	1.0667	0.9001
1074	1303772241305	1	1.0416	1.0667	0.9001
1075	1303772241323	1	1.0416	1.0667	0.9001
1076	1303772241340	1	1.0416	1.0667	0.9001
1077	1303772241361	1	1.0416	1.0667	0.9001
1078	1303772241379	1	1.0416	1.0667	0.9001
1079	1303772241397	1	1.0416	1.0667	0.9001
1080	1303772241416	1	1.0416	1.0667	0.9001
1081	1303772241435	1	1.0416	1.0667	0.9001
1082	1303772241453	1	1.0416	1.0667	0.9001
1083	1303772241473	1	1.0416	1.0667	0.9001
1084	1303772241491	1	1.0416	1.0667	0.9001
1085	1303772241510	1	1.0416	1.0667	0.9001
1086	1303772241530	1	1.0416	1.0667	0.9001
1087	1303772241548	1	1.0416	1.0667	0.9001
1088	1303772241565	1	1.0416	1.0667	0.9001
1089	1303772241585	1	1.0416	1.0667	0.9001
1090	1303772241647	1	1.0416	1.0667	0.9001
1091	1303772241665	1	1.0416	1.0667	0.9001
1092	1303772241684	1	1.0416	1.0667	0.9001
1093	1303772241702	1	1.0416	1.0667	0.9001
1094	1303772241722	1	1.0416	1.0667	0.9001
1095	1303772241739	1	1.0416	1.0667	0.9001
1096	1303772241757	1	1.0416	1.0667	0.9001
1097	1303772241777	1	1.0416	1.0667	0.9001
1098	1303772241795	1	1.0416	1.0667	0.9001
1099	1303772241812	1	1.0416	1.0667	0.9001
1100	1303772241832	1	1.0416	1.0667	0.9001
1101	1303772241850	1	1.0416	1.0667	0.9001
1102	1303772241908	1	1.0416	1.0667	0.9001
1103	1303772241928	1	1.0416	1.0667	0.9001
1104	1303772241947	1	1.0416	1.0667	0.9001
1105	1303772241966	1	1.0416	1.0667	0.9001
1106	1303772241985	1	1.0416	1.0667	0.9001
1107	1303772242008	1	1.0416	1.0667	0.9001
1108	1303772242035	1	1.0416	1.0667	0.9001
1109	1303772242060	1	1.0416	1.0667	0.9001
1110	1303772242084	1	1.0426	1.0333	0.9282
1111	1303772242105	1	1.0426	1.0667	0.8992
1112	1303772242123	1	1.0426	1.0667	0.8992
1113	1303772242183	1	1.0426	1.0667	0.8992
1114	1303772242247	1	1.0426	1.0667	0.8992
1115	1303772242268	1	1.0426	1.0667	0.8992
1116	1303772242287	1	1.0428	1.0667	0.899
1117	1303772242306	1	1.0428	1.0667	0.899
1118	1303772242327	1	1.0428	1.0667	0.899
1119	1303772242344	1	1.0428	1.0667	0.899
1120	1303772242362	1	1.0428	1.0667	0.899
1121	1303772242382	1	1.0428	1.0667	0.899
1122	1303772242401	1	1.0428	1.0667	0.899
1123	1303772242420	1	1.0428	1.0667	0.899
1124	1303772242481	1	1.0428	1.0667	0.899
1125	1303772242499	1	1.0428	1.0667	0.899
1126	1303772242517	1	1.0428	1.0667	0.899
1127	1303772242537	1	1.0428	1.0667	0.899
1128	1303772242555	1	1.0428	1.0667	0.899
1129	1303772242618	1	1.0428	1.0667	0.899
1130	1303772242636	1	1.0428	1.0667	0.899
1131	1303772242695	1	1.0428	1.0667	0.899
1132	1303772242715	1	1.0428	1.0667	0.899
1133	1303772242733	1	1.0428	1.0667	0.899
1134	1303772242751	1	1.0428	1.0667	0.899
1135	1303772242770	1	1.0428	1.0667	0.899
1136	1303772242788	1	1.0428	1.0667	0.899
1137	1303772242849	1	1.0428	1.0667	0.899
1138	1303772242869	1	1.0428	1.0667	0.899
1139	1303772242888	1	1.0428	1.0667	0.899
1140	1303772242909	1	1.0428	1.0667	0.899
1141	1303772242926	1	1.0428	1.0667	0.899
1142	1303772242944	1	1.0428	1.0667	0.899
1143	1303772242964	1	1.0428	1.0667	0.899
1144	1303772242982	1	1.0428	1.0667	0.899
1145	1303772243000	1	1.0428	1.0667	0.899
1146	1303772243020	1	1.0428	1.0667	0.899
1147	1303772243039	1	1.0428	1.0667	0.899
1148	1303772243057	1	1.0428	1.0667	0.899
1149	1303772243078	1	1.0428	1.0667	0.899
1150	1303772243096	1	1.0428	1.0667	0.899
1151	1303772243114	1	1.0428	1.0667	0.899
1152	1303772243134	1	1.0428	1.0667	0.899
1153	1303772243152	1	1.0428	1.0667	0.899
1154	1303772243172	1	1.0428	1.0667	0.899
1155	1303772243192	1	1.0428	1.0667	0.899
1156	1303772243209	1	1.0428	1.0667	0.899
1157	1303772243227	1	1.0428	1.0667	0.899
1158	1303772243247	1	1.0428	1.0667	0.899
1159	1303772243266	1	1.0428	1.0667	0.899
1160	1303772243286	1	1.0428	1.0667	0.899
1161	1303772243304	1	1.0428	1.0667	0.899
1162	1303772243324	1	1.0428	1.0667	0.899
1163	1303772243344	1	1.0428	1.0667	0.899
1164	1303772243362	1	1.0428	1.0667	0.899
1165	1303772243381	1	1.0428	1.0667	0.899
1166	1303772243400	1	1.0428	1.0667	0.899
1167	1303772243418	1	1.0428	1.0667	0.899
1168	1303772243443	1	1.0428	1.0667	0.899
1169	1303772243478	1	1.0428	1.0667	0.899
1170	1303772243505	1	1.0428	1.0667	0.899
1171	1303772243566	1	1.0428	1.0667	0.899
1172	1303772243585	1	1.0428	1.0333	0.928
1173	1303772243606	1	1.0428	1.0667	0.899
1174	1303772243624	1	1.0428	1.0667	0.899
1175	1303772243643	1	1.0467	1.0667	0.8957
1176	1303772243664	1	1.0467	1.0667	0.8957
1177	1303772243682	1	1.0467	1.0667	0.8957
1178	1303772243703	1	1.0467	1.0667	0.8957
1179	1303772243720	1	1.0467	1.0667	0.8957
1180	1303772243739	1	1.0467	1.0667	0.8957
1181	1303772243759	1	1.0467	1.0667	0.8957
1182	1303772243776	1	1.0467	1.0667	0.8957
1183	1303772243795	1	1.0467	1.0667	0.8957
1184	1303772243815	1	1.0467	1.0667	0.8957
1185	1303772243833	1	1.0467	1.0667	0.8957
1186	1303772243852	1	1.0467	1.0667	0.8957
1187	1303772243871	1	1.0467	1.0667	0.8957
1188	1303772243889	1	1.0467	1.0667	0.8957
1189	1303772243907	1	1.0467	1.0667	0.8957
1190	1303772243926	1	1.0467	1.0667	0.8957
1191	1303772243945	1	1.0467	1.0667	0.8957
1192	1303772243963	1	1.0467	1.0667	0.8957
1193	1303772243982	1	1.0467	1.0667	0.8957
1194	1303772244000	1	1.0467	1.0667	0.8957
1195	1303772244018	1	1.0467	1.0667	0.8957
1196	1303772244037	1	1.0467	1.0667	0.8957
1197	1303772244055	1	1.0467	1.0667	0.8957
1198	1303772244073	1	1.0467	1.0667	0.8957
1199	1303772244092	1	1.0467	1.0667	0.8957
1200	1303772244110	1	1.0467	1.0667	0.8957
1201	1303772244128	1	1.0467	1.0667	0.8957
1202	1303772244147	1	1.0467	1.0667	0.8957
1203	1303772244166	1	1.0467	1.0667	0.8957
1204	1303772244185	1	1.0467	1.0667	0.8957
1205	1303772244204	1	1.0467	1.0667	0.8957
1206	1303772244222	1	1.0467	1.0667	0.8957
1207	1303772244242	1	1.0467	1.0667	0.8957
1208	1303772244260	1	1.0467	1.0667	0.8957
1209	1303772244278	1	1.0467	1.0667	0.8957
1210	1303772244297	1	1.0467	1.0667	0.8957
1211	1303772244315	1	1.0467	1.0667	0.8957
1212	1303772244333	1	1.0467	1.0667	0.8957
1213	1303772244353	1	1.0467	1.0667	0.8957
1214	1303772244371	1	1.0467	1.0667	0.8957
1215	1303772244389	1	1.0467	1.0667	0.8957
1216	1303772244408	1	1.0467	1.0667	0.8957
1217	1303772244426	1	1.0467	1.0667	0.8957
1218	1303772244445	1	1.0467	1.0667	0.8957
1219	1303772244465	1	1.0467	1.0667	0.8957
1220	1303772244482	1	1.0467	1.0667	0.8957
1221	1303772244500	1	1.0467	1.0667	0.8957
1222	1303772244520	1	1.0467	1.0667	0.8957
1223	1303772244538	1	1.0467	1.0667	0.8957
1224	1303772244556	1	1.0467	1.0667	0.8957
1225	1303772244576	1	1.0467	1.0667	0.8957
1226	1303772244594	1	1.0467	1.0667	0.8957
1227	1303772244617	1	1.0467	1.0667	0.8957
1228	1303772244640	1	1.0467	1.0667	0.8957
1229	1303772244663	1	1.0467	1.0667	0.8957
1230	1303772244695	1	1.0467	1.0667	0.8957
1231	1303772244722	1	1.0467	1.1	0.8685
1232	1303772244744	1	1.0467	1.0333	0.9245
1233	1303772244764	1	1.0467	1.0667	0.8957
1234	1303772244782	1	1.0568	1.0667	0.8871
1235	1303772244803	1	1.0566	1.0667	0.8873
1236	1303772244821	1	1.0558	1.0667	0.8879
1237	1303772244842	1	1.0558	1.0667	0.8879
1238	1303772244860	1	1.0558	1.0667	0.8879
1239	1303772244879	1	1.0558	1.0667	0.8879
1240	1303772244899	1	1.0558	1.0667	0.8879
1241	1303772244917	1	1.0558	1.0667	0.8879
1242	1303772244935	1	1.0558	1.0667	0.8879
1243	1303772244954	1	1.0558	1.0667	0.8879
1244	1303772244973	1	1.0558	1.0667	0.8879
1245	1303772244992	1	1.0558	1.0667	0.8879
1246	1303772245012	1	1.0558	1.0667	0.8879
1247	1303772245030	1	1.0558	1.0667	0.8879
1248	1303772245048	1	1.0558	1.0667	0.8879
1249	1303772245068	1	1.0558	1.0667	0.8879
1250	1303772245086	1	1.0558	1.0667	0.8879
1251	1303772245145	1	1.0558	1.0667	0.8879
1252	1303772245165	1	1.0558	1.0667	0.8879
1253	1303772245183	1	1.0558	1.0667	0.8879
1254	1303772245201	1	1.0558	1.0667	0.8879
1255	1303772245221	1	1.0558	1.0667	0.8879
1256	1303772245240	1	1.0558	1.0667	0.8879
1257	1303772245260	1	1.0558	1.0667	0.8879
1258	1303772245278	1	1.0558	1.0667	0.8879
1259	1303772245297	1	1.0558	1.0667	0.8879
1260	1303772245318	1	1.0558	1.0667	0.8879
1261	1303772245336	1	1.0558	1.0667	0.8879
1262	1303772245354	1	1.0558	1.0667	0.8879
1263	1303772245374	1	1.0558	1.0667	0.8879
1264	1303772245392	1	1.0558	1.0667	0.8879
1265	1303772245410	1	1.0558	1.0667	0.8879
1266	1303772245430	1	1.0558	1.0667	0.8879
1267	1303772245449	1	1.0558	1.0667	0.8879
1268	1303772245467	1	1.0558	1.0667	0.8879
1269	1303772245487	1	1.0558	1.0667	0.8879
1270	1303772245506	1	1.0558	1.0667	0.8879
1271	1303772245567	1	1.0558	1.0667	0.8879
1272	1303772245628	1	1.0558	1.0667	0.8879
1273	1303772245646	1	1.0558	1.0667	0.8879
1274	1303772245665	1	1.0558	1.0667	0.8879
1275	1303772245683	1	1.0558	1.0667	0.8879
1276	1303772245701	1	1.0558	1.0667	0.8879
1277	1303772245721	1	1.0558	1.0667	0.8879
1278	1303772245740	1	1.0558	1.0667	0.8879
1279	1303772245758	1	1.0558	1.0667	0.8879
1280	1303772245777	1	1.0558	1.0667	0.8879
1281	1303772245795	1	1.0558	1.0667	0.8879
1282	1303772245813	1	1.0558	1.0667	0.8879
1283	1303772245833	1	1.0558	1.0667	0.8879
1284	1303772245851	1	1.0558	1.0667	0.8879
1285	1303772245870	1	1.0558	1.0667	0.8879
1286	1303772245891	1	1.0558	1.0667	0.8879
1287	1303772245909	1	1.0558	1.0667	0.8879
1288	1303772245928	1	1.0558	1.0667	0.8879
1289	1303772245949	1	1.0558	1.0667	0.8879
1290	1303772245972	1	1.0558	1.0667	0.8879
1291	1303772246008	1	1.0558	1.0667	0.8879
1292	1303772246033	1	1.0558	1.0667	0.8879
1293	1303772246055	1	1.0558	1.0667	0.8879
1294	1303772246076	1	1.0558	1.0333	0.9166
1295	1303772246095	1	1.0561	1.0667	0.8877
1296	1303772246158	1	1.057	1.0667	0.8869
1297	1303772246177	1	1.057	1.0667	0.8869
1298	1303772246197	1	1.057	1.0667	0.8869
1299	1303772246216	1	1.057	1.0667	0.8869
1300	1303772246235	1	1.057	1.0667	0.8869
1301	1303772246255	1	1.057	1.0667	0.8869
1302	1303772246274	1	1.057	1.0667	0.8869
1303	1303772246293	1	1.0578	1.0667	0.8863
1304	1303772246313	1	1.0578	1.0667	0.8863
1305	1303772246331	1	1.0578	1.0667	0.8863
1306	1303772246349	1	1.0578	1.0667	0.8863
1307	1303772246369	1	1.0578	1.0667	0.8863
1308	1303772246387	1	1.0578	1.0667	0.8863
1309	1303772246405	1	1.0578	1.0667	0.8863
1310	1303772246424	1	1.0578	1.0667	0.8863
1311	1303772246443	1	1.0578	1.0667	0.8863
1312	1303772246461	1	1.0578	1.0667	0.8863
1313	1303772246482	1	1.0578	1.0667	0.8863
1314	1303772246500	1	1.0578	1.0667	0.8863
1315	1303772246518	1	1.0578	1.0667	0.8863
1316	1303772246537	1	1.0578	1.0667	0.8863
1317	1303772246556	1	1.0578	1.0667	0.8863
1318	1303772246577	1	1.0578	1.0667	0.8863
1319	1303772246595	1	1.0578	1.0667	0.8863
1320	1303772246654	1	1.0578	1.0667	0.8863
1321	1303772246674	1	1.0578	1.0667	0.8863
1322	1303772246734	1	1.0578	1.0667	0.8863
1323	1303772246827	1	1.0578	1.0667	0.8863
1324	1303772246848	1	1.0578	1.0667	0.8863
1325	1303772246866	1	1.0578	1.0667	0.8863
1326	1303772246885	1	1.0578	1.0667	0.8863
1327	1303772246905	1	1.0578	1.0667	0.8863
1328	1303772246924	1	1.0578	1.0667	0.8863
1329	1303772246942	1	1.0578	1.0667	0.8863
1330	1303772246962	1	1.0578	1.0667	0.8863
1331	1303772246980	1	1.0578	1.0667	0.8863
1332	1303772247001	1	1.0578	1.0667	0.8863
1333	1303772247019	1	1.0578	1.0667	0.8863
1334	1303772247037	1	1.0578	1.0667	0.8863
1335	1303772247057	1	1.0578	1.0667	0.8863
1336	1303772247075	1	1.0578	1.0667	0.8863
1337	1303772247093	1	1.0578	1.0667	0.8863
1338	1303772247187	1	1.0578	1.0667	0.8863
1339	1303772247246	1	1.0578	1.0667	0.8863
1340	1303772247264	1	1.0578	1.0667	0.8863
1341	1303772247284	1	1.0578	1.0667	0.8863
1342	1303772247302	1	1.0578	1.0667	0.8863
1343	1303772247321	1	1.0578	1.0667	0.8863
1344	1303772247382	1	1.0578	1.0667	0.8863
1345	1303772247400	1	1.0578	1.0667	0.8863
1346	1303772247418	1	1.0578	1.0667	0.8863
1347	1303772247439	1	1.0578	1.0667	0.8863
1348	1303772247458	1	1.0578	1.0667	0.8863
1349	1303772247479	1	1.0578	1.0667	0.8863
1350	1303772247542	1	1.0578	1.0667	0.8863
1351	1303772247566	1	1.0578	1.0667	0.8863
1352	1303772247603	1	1.0578	1.0667	0.8863
1353	1303772247628	1	1.0578	1.0667	0.8863
1354	1303772247649	1	1.0583	1.0667	0.8858
1355	1303772247670	1	1.0583	1.0333	0.9144
1356	1303772247689	1	1.0583	1.0667	0.8858
1357	1303772247710	1	1.0583	1.0667	0.8858
1358	1303772247728	1	1.0583	1.0667	0.8858
1359	1303772247748	1	1.0583	1.0667	0.8858
1360	1303772247768	1	1.0583	1.0667	0.8858
1361	1303772247786	1	1.0583	1.0667	0.8858
1362	1303772247807	1	1.0583	1.0667	0.8858
1363	1303772247825	1	1.0583	1.0667	0.8858
1364	1303772247844	1	1.0583	1.0667	0.8858
1365	1303772247864	1	1.0583	1.0667	0.8858
1366	1303772247882	1	1.0583	1.0667	0.8858
1367	1303772247900	1	1.0583	1.0667	0.8858
1368	1303772247919	1	1.0583	1.0667	0.8858
1369	1303772247938	1	1.0583	1.0667	0.8858
1370	1303772247956	1	1.0583	1.0667	0.8858
1371	1303772248017	1	1.0583	1.0667	0.8858
1372	1303772248035	1	1.0583	1.0667	0.8858
1373	1303772248054	1	1.0583	1.0667	0.8858
1374	1303772248072	1	1.0583	1.0667	0.8858
1375	1303772248090	1	1.0583	1.0667	0.8858
1376	1303772248111	1	1.0583	1.0667	0.8858
1377	1303772248129	1	1.0583	1.0667	0.8858
1378	1303772248149	1	1.0583	1.0667	0.8858
1379	1303772248169	1	1.0583	1.0667	0.8858
1380	1303772248187	1	1.0583	1.0667	0.8858
1381	1303772248246	1	1.0583	1.0667	0.8858
1382	1303772248306	1	1.0583	1.0667	0.8858
1383	1303772248325	1	1.0583	1.0667	0.8858
1384	1303772248346	1	1.0583	1.0667	0.8858
1385	1303772248366	1	1.0583	1.0667	0.8858
1386	1303772248385	1	1.0583	1.0667	0.8858
1387	1303772248405	1	1.0583	1.0667	0.8858
1388	1303772248423	1	1.0583	1.0667	0.8858
1389	1303772248442	1	1.0583	1.0667	0.8858
1390	1303772248462	1	1.0583	1.0667	0.8858
1391	1303772248526	1	1.0583	1.0667	0.8858
1392	1303772248545	1	1.0583	1.0667	0.8858
1393	1303772248608	1	1.0583	1.0667	0.8858
1394	1303772248627	1	1.0583	1.0667	0.8858
1395	1303772248648	1	1.0583	1.0667	0.8858
1396	1303772248666	1	1.0583	1.0667	0.8858
1397	1303772248685	1	1.0583	1.0667	0.8858
1398	1303772248705	1	1.0583	1.0667	0.8858
1399	1303772248723	1	1.0583	1.0667	0.8858
1400	1303772248741	1	1.0583	1.0667	0.8858
1401	1303772248761	1	1.0583	1.0667	0.8858
1402	1303772248780	1	1.0583	1.0667	0.8858
1403	1303772248798	1	1.0583	1.0667	0.8858
1404	1303772248818	1	1.0583	1.0667	0.8858
1405	1303772248836	1	1.0583	1.0667	0.8858
1406	1303772248855	1	1.0583	1.0667	0.8858
1407	1303772248876	1	1.0583	1.0667	0.8858
1408	1303772248894	1	1.0583	1.0667	0.8858
1409	1303772248913	1	1.0583	1.0667	0.8858
1410	1303772248933	1	1.0583	1.0667	0.8858
1411	1303772248952	1	1.0583	1.0667	0.8858
1412	1303772248976	1	1.0583	1.0667	0.8858
1413	1303772249008	1	1.0583	1.0667	0.8858
1414	1303772249035	1	1.0583	1.0333	0.9144
1415	1303772249096	1	1.0583	1.0667	0.8858
1416	1303772249116	1	1.0583	1.0667	0.8858
1417	1303772249139	1	1.0613	1.0333	0.9119
1418	1303772249158	1	1.0613	1.0667	0.8834
1419	1303772249180	1	1.0611	1.0667	0.8835
1420	1303772249200	1	1.0611	1.0667	0.8835
1421	1303772249219	1	1.0611	1.0667	0.8835
1422	1303772249242	1	1.0611	1.0667	0.8835
1423	1303772249261	1	1.0611	1.0667	0.8835
1424	1303772249280	1	1.0611	1.0667	0.8835
1425	1303772249300	1	1.0611	1.0667	0.8835
1426	1303772249319	1	1.0611	1.0667	0.8835
1427	1303772249380	1	1.0611	1.0667	0.8835
1428	1303772249398	1	1.0611	1.0667	0.8835
1429	1303772249417	1	1.0611	1.0667	0.8835
1430	1303772249437	1	1.0611	1.0667	0.8835
1431	1303772249456	1	1.0611	1.0667	0.8835
1432	1303772249475	1	1.0611	1.0667	0.8835
1433	1303772249495	1	1.0611	1.0667	0.8835
1434	1303772249513	1	1.0611	1.0667	0.8835
1435	1303772249531	1	1.0611	1.0667	0.8835
1436	1303772249552	1	1.0611	1.0667	0.8835
1437	1303772249570	1	1.0611	1.0667	0.8835
1438	1303772249588	1	1.0611	1.0667	0.8835
1439	1303772249609	1	1.0611	1.0667	0.8835
1440	1303772249627	1	1.0611	1.0667	0.8835
1441	1303772249645	1	1.0611	1.0667	0.8835
1442	1303772249665	1	1.0611	1.0667	0.8835
1443	1303772249684	1	1.0611	1.0667	0.8835
1444	1303772249704	1	1.0611	1.0667	0.8835
1445	1303772249722	1	1.0611	1.0667	0.8835
1446	1303772249740	1	1.0611	1.0667	0.8835
1447	1303772249761	1	1.0611	1.0667	0.8835
1448	1303772249780	1	1.0611	1.0667	0.8835
1449	1303772249799	1	1.0611	1.0667	0.8835
1450	1303772249861	1	1.0611	1.0667	0.8835
1451	1303772249879	1	1.0611	1.0667	0.8835
1452	1303772249942	1	1.0611	1.0667	0.8835
1453	1303772249964	1	1.0611	1.0667	0.8835
1454	1303772249982	1	1.0611	1.0667	0.8835
1455	1303772250001	1	1.0611	1.0667	0.8835
1456	1303772250021	1	1.0611	1.0667	0.8835
1457	1303772250040	1	1.0611	1.0667	0.8835
1458	1303772250061	1	1.0611	1.0667	0.8835
1459	1303772250080	1	1.0611	1.0667	0.8835
1460	1303772250098	1	1.0611	1.0667	0.8835
1461	1303772250120	1	1.0611	1.0667	0.8835
1462	1303772250138	1	1.0611	1.0667	0.8835
1463	1303772250156	1	1.0611	1.0667	0.8835
1464	1303772250176	1	1.0611	1.0667	0.8835
1465	1303772250196	1	1.0611	1.0667	0.8835
1466	1303772250215	1	1.0611	1.0667	0.8835
1467	1303772250236	1	1.0611	1.0667	0.8835
1468	1303772250254	1	1.0611	1.0667	0.8835
1469	1303772250272	1	1.0611	1.0667	0.8835
1470	1303772250334	1	1.0611	1.0667	0.8835
1471	1303772250353	1	1.0611	1.0667	0.8835
1472	1303772250371	1	1.0611	1.0667	0.8835
1473	1303772250396	1	1.0611	1.0667	0.8835
1474	1303772250431	1	1.0612	1.0667	0.8835
1475	1303772250458	1	1.0617	1.0333	0.9115
1476	1303772250477	1	1.0617	1.0667	0.8831
1477	1303772250539	1	1.0617	1.0667	0.8831
1478	1303772250558	1	1.0617	1.0333	0.9115
1479	1303772250576	1	1.0617	1.0667	0.8831
1480	1303772250596	1	1.0605	1.0667	0.884
1481	1303772250615	1	1.0605	1.0667	0.884
1482	1303772250635	1	1.0605	1.0667	0.884
1483	1303772250653	1	1.0605	1.0667	0.884
1484	1303772250671	1	1.0605	1.0667	0.884
1485	1303772250731	1	1.0605	1.0667	0.884
1486	1303772250750	1	1.0605	1.0667	0.884
1487	1303772250769	1	1.0605	1.0667	0.884
1488	1303772250789	1	1.0605	1.0667	0.884
1489	1303772250807	1	1.0605	1.0667	0.884
1490	1303772250824	1	1.0605	1.0667	0.884
1491	1303772250844	1	1.0605	1.0667	0.884
1492	1303772250862	1	1.0605	1.0667	0.884
1493	1303772250880	1	1.0605	1.0667	0.884
1494	1303772250900	1	1.0605	1.0667	0.884
1495	1303772250920	1	1.0605	1.0667	0.884
1496	1303772250938	1	1.0605	1.0667	0.884
1497	1303772250958	1	1.0605	1.0667	0.884
1498	1303772250976	1	1.0605	1.0667	0.884
1499	1303772250995	1	1.0605	1.0667	0.884
1500	1303772251013	1	1.0605	1.0667	0.884
1501	1303772251032	1	1.0605	1.0667	0.884
1502	1303772251052	1	1.0605	1.0667	0.884
1503	1303772251111	1	1.0605	1.0667	0.884
1504	1303772251130	1	1.0605	1.0667	0.884
1505	1303772251150	1	1.0605	1.0667	0.884
1506	1303772251168	1	1.0605	1.0667	0.884
1507	1303772251187	1	1.0605	1.0667	0.884
1508	1303772251248	1	1.0605	1.0667	0.884
1509	1303772251311	1	1.0605	1.0667	0.884
1510	1303772251330	1	1.0605	1.0667	0.884
1511	1303772251350	1	1.0605	1.0667	0.884
1512	1303772251368	1	1.0605	1.0667	0.884
1513	1303772251388	1	1.0605	1.0667	0.884
1514	1303772251408	1	1.0605	1.0667	0.884
1515	1303772251426	1	1.0605	1.0667	0.884
1516	1303772251446	1	1.0605	1.0667	0.884
1517	1303772251464	1	1.0605	1.0667	0.884
1518	1303772251481	1	1.0605	1.0667	0.884
1519	1303772251542	1	1.0605	1.0667	0.884
1520	1303772251560	1	1.0605	1.0667	0.884
1521	1303772251578	1	1.0605	1.0667	0.884
1522	1303772251598	1	1.0605	1.0667	0.884
1523	1303772251616	1	1.0605	1.0667	0.884
1524	1303772251634	1	1.0605	1.0667	0.884
1525	1303772251654	1	1.0605	1.0667	0.884
1526	1303772251672	1	1.0605	1.0667	0.884
1527	1303772251690	1	1.0605	1.0667	0.884
1528	1303772251710	1	1.0605	1.0667	0.884
1529	1303772251728	1	1.0605	1.0667	0.884
1530	1303772251746	1	1.0605	1.0667	0.884
1531	1303772251766	1	1.0605	1.0667	0.884
1532	1303772251784	1	1.0605	1.0667	0.884
1533	1303772251802	1	1.0605	1.0667	0.884
1534	1303772251826	1	1.0605	1.0667	0.884
1535	1303772251859	1	1.0605	1.0667	0.884
1536	1303772251886	1	1.0605	1.0333	0.9126
1537	1303772251906	1	1.0605	1.0333	0.9126
1538	1303772251927	1	1.0603	1.0667	0.8842
1539	1303772251945	1	1.0603	1.0667	0.8842
1540	1303772251963	1	1.0603	1.0667	0.8842
1541	1303772252025	1	1.0603	1.0667	0.8842
1542	1303772252044	1	1.0603	1.0667	0.8842
1543	1303772252105	1	1.0603	1.0667	0.8842
1544	1303772252123	1	1.0603	1.0667	0.8842
1545	1303772252142	1	1.0603	1.0667	0.8842
1546	1303772252162	1	1.0603	1.0667	0.8842
1547	1303772252181	1	1.0603	1.0667	0.8842
1548	1303772252240	1	1.0603	1.0667	0.8842
1549	1303772252260	1	1.0603	1.0667	0.8842
1550	1303772252279	1	1.0603	1.0667	0.8842
1551	1303772252297	1	1.0603	1.0667	0.8842
1552	1303772252357	1	1.0603	1.0667	0.8842
1553	1303772252375	1	1.0603	1.0667	0.8842
1554	1303772252392	1	1.0603	1.0667	0.8842
1555	1303772252412	1	1.0603	1.0667	0.8842
1556	1303772252431	1	1.0603	1.0667	0.8842
1557	1303772252451	1	1.0603	1.0667	0.8842
1558	1303772252470	1	1.0603	1.0667	0.8842
1559	1303772252489	1	1.0603	1.0667	0.8842
1560	1303772252508	1	1.0603	1.0667	0.8842
1561	1303772252526	1	1.0603	1.0667	0.8842
1562	1303772252544	1	1.0603	1.0667	0.8842
1563	1303772252564	1	1.0603	1.0667	0.8842
1564	1303772252623	1	1.0603	1.0667	0.8842
1565	1303772252640	1	1.0603	1.0667	0.8842
1566	1303772252660	1	1.0603	1.0667	0.8842
1567	1303772252679	1	1.0603	1.0667	0.8842
1568	1303772252698	1	1.0603	1.0667	0.8842
1569	1303772252718	1	1.0603	1.0667	0.8842
1570	1303772252735	1	1.0603	1.0667	0.8842
1571	1303772252753	1	1.0603	1.0667	0.8842
1572	1303772252772	1	1.0603	1.0667	0.8842
1573	1303772252791	1	1.0603	1.0667	0.8842
1574	1303772252809	1	1.0603	1.0667	0.8842
1575	1303772252828	1	1.0603	1.0667	0.8842
1576	1303772252847	1	1.0603	1.0667	0.8842
1577	1303772252864	1	1.0603	1.0667	0.8842
1578	1303772252884	1	1.0603	1.0667	0.8842
1579	1303772252902	1	1.0603	1.0667	0.8842
1580	1303772252920	1	1.0603	1.0667	0.8842
1581	1303772252939	1	1.0603	1.0667	0.8842
1582	1303772252957	1	1.0603	1.0667	0.8842
1583	1303772252975	1	1.0603	1.0667	0.8842
1584	1303772252995	1	1.0603	1.0667	0.8842
1585	1303772253013	1	1.0603	1.0667	0.8842
1586	1303772253033	1	1.0603	1.0667	0.8842
1587	1303772253050	1	1.0603	1.0667	0.8842
1588	1303772253067	1	1.0603	1.0667	0.8842
1589	1303772253127	1	1.0603	1.0667	0.8842
1590	1303772253145	1	1.0603	1.0667	0.8842
1591	1303772253163	1	1.0603	1.0667	0.8842
1592	1303772253182	1	1.0603	1.0667	0.8842
1593	1303772253200	1	1.0603	1.0667	0.8842
1594	1303772253217	1	1.0603	1.0667	0.8842
1595	1303772253241	1	1.0603	1.0667	0.8842
1596	1303772253273	1	1.0603	1.0667	0.8842
1597	1303772253300	1	1.0603	1.0667	0.8842
1598	1303772253320	1	1.0603	1.0333	0.9127
1599	1303772253339	1	1.0624	1.0667	0.8824
1600	1303772253360	1	1.0624	1.0667	0.8824
1601	1303772253378	1	1.0535	1.0667	0.8899
1602	1303772253398	1	1.0535	1.0667	0.8899
1603	1303772253417	1	1.0535	1.0667	0.8899
1604	1303772253437	1	1.0535	1.0667	0.8899
1605	1303772253457	1	1.0535	1.0667	0.8899
1606	1303772253475	1	1.0535	1.0667	0.8899
1607	1303772253494	1	1.0535	1.0667	0.8899
1608	1303772253514	1	1.0535	1.0667	0.8899
1609	1303772253533	1	1.0535	1.0667	0.8899
1610	1303772253551	1	1.0535	1.0667	0.8899
1611	1303772253570	1	1.0535	1.0667	0.8899
1612	1303772253629	1	1.057	1.0667	0.8869
1613	1303772253647	1	1.057	1.0667	0.8869
1614	1303772253708	1	1.057	1.0667	0.8869
1615	1303772253726	1	1.057	1.0667	0.8869
1616	1303772253744	1	1.057	1.0667	0.8869
1617	1303772253765	1	1.057	1.0667	0.8869
1618	1303772253783	1	1.057	1.0667	0.8869
1619	1303772253843	1	1.057	1.0667	0.8869
1620	1303772253902	1	1.057	1.0667	0.8869
1621	1303772253920	1	1.057	1.0667	0.8869
1622	1303772253985	1	1.057	1.0667	0.8869
1623	1303772254003	1	1.057	1.0667	0.8869
1624	1303772254021	1	1.057	1.0667	0.8869
1625	1303772254041	1	1.057	1.0667	0.8869
1626	1303772254060	1	1.057	1.0667	0.8869
1627	1303772254120	1	1.057	1.0667	0.8869
1628	1303772254180	1	1.057	1.0667	0.8869
1629	1303772254198	1	1.057	1.0667	0.8869
1630	1303772254218	1	1.057	1.0667	0.8869
1631	1303772254237	1	1.057	1.0667	0.8869
1632	1303772254255	1	1.057	1.0667	0.8869
1633	1303772254274	1	1.057	1.0667	0.8869
1634	1303772254332	1	1.057	1.0667	0.8869
1635	1303772254351	1	1.057	1.0667	0.8869
1636	1303772254371	1	1.057	1.0667	0.8869
1637	1303772254390	1	1.057	1.0667	0.8869
1638	1303772254409	1	1.057	1.0667	0.8869
1639	1303772254429	1	1.057	1.0667	0.8869
1640	1303772254448	1	1.057	1.0667	0.8869
1641	1303772254466	1	1.057	1.0667	0.8869
1642	1303772254486	1	1.057	1.0667	0.8869
1643	1303772254504	1	1.057	1.0667	0.8869
1644	1303772254522	1	1.057	1.0667	0.8869
1645	1303772254541	1	1.057	1.0667	0.8869
1646	1303772254559	1	1.057	1.0667	0.8869
1647	1303772254577	1	1.057	1.0667	0.8869
1648	1303772254598	1	1.057	1.0667	0.8869
1649	1303772254616	1	1.057	1.0667	0.8869
1650	1303772254635	1	1.057	1.0667	0.8869
1651	1303772254655	1	1.057	1.0667	0.8869
1652	1303772254673	1	1.057	1.0667	0.8869
1653	1303772254736	1	1.057	1.0667	0.8869
1654	1303772254754	1	1.057	1.0667	0.8869
1655	1303772254773	1	1.057	1.0667	0.8869
1656	1303772254805	1	1.057	1.0667	0.8869
1657	1303772255426	1	1.057	1.0667	0.8869
1658	1303772256214	1	1.057	1.0667	0.8869
1659	1303772256298	1	1.057	1.0667	0.8869
1660	1303772256317	1	1.057	1.0667	0.8869
1661	1303772256337	1	1.0584	1.0667	0.8857
1662	1303772256355	1	1.0584	1.0667	0.8857
1663	1303772256374	1	1.0584	1.0667	0.8857
1664	1303772256394	1	1.0656	1.0667	0.8798
1665	1303772256413	1	1.0656	1.0667	0.8798
1666	1303772256433	1	1.0656	1.0667	0.8798
1667	1303772256451	1	1.0656	1.0667	0.8798
1668	1303772256469	1	1.0662	1.0667	0.8793
1669	1303772256489	1	1.0662	1.0667	0.8793
1670	1303772256507	1	1.0662	1.0667	0.8793
1671	1303772256525	1	1.0662	1.0667	0.8793
1672	1303772256544	1	1.0662	1.0667	0.8793
1673	1303772256563	1	1.0662	1.0667	0.8793
1674	1303772256582	1	1.0662	1.0667	0.8793
1675	1303772256602	1	1.0662	1.0667	0.8793
1676	1303772256621	1	1.0662	1.0667	0.8793
1677	1303772256640	1	1.0662	1.0667	0.8793
1678	1303772256660	1	1.0662	1.0667	0.8793
1679	1303772256678	1	1.0662	1.0667	0.8793
1680	1303772256696	1	1.0662	1.0667	0.8793
1681	1303772256716	1	1.0662	1.0667	0.8793
1682	1303772256735	1	1.0662	1.0667	0.8793
1683	1303772256753	1	1.0662	1.0667	0.8793
1684	1303772256774	1	1.0662	1.0667	0.8793
1685	1303772256793	1	1.0662	1.0667	0.8793
1686	1303772256811	1	1.0662	1.0667	0.8793
1687	1303772256832	1	1.0662	1.0667	0.8793
1688	1303772256850	1	1.0662	1.0667	0.8793
1689	1303772256870	1	1.0662	1.0667	0.8793
1690	1303772256889	1	1.0662	1.0667	0.8793
1691	1303772256908	1	1.0662	1.0667	0.8793
1692	1303772256928	1	1.0662	1.0667	0.8793
1693	1303772256946	1	1.0662	1.0667	0.8793
1694	1303772256965	1	1.0662	1.0667	0.8793
1695	1303772256984	1	1.0662	1.0667	0.8793
1696	1303772257003	1	1.0662	1.0667	0.8793
1697	1303772257021	1	1.0662	1.0667	0.8793
1698	1303772257041	1	1.0662	1.0667	0.8793
1699	1303772257059	1	1.0662	1.0667	0.8793
1700	1303772257077	1	1.0662	1.0667	0.8793
1701	1303772257096	1	1.0662	1.0667	0.8793
1702	1303772257114	1	1.0662	1.0667	0.8793
1703	1303772257132	1	1.0662	1.0667	0.8793
1704	1303772257153	1	1.0662	1.0667	0.8793
1705	1303772257171	1	1.0662	1.0667	0.8793
1706	1303772257189	1	1.0662	1.0667	0.8793
1707	1303772257208	1	1.0662	1.0667	0.8793
1708	1303772257268	1	1.3698	1.0667	0.6844
1709	1303772257286	1	1.3698	1.0667	0.6844
1710	1303772257306	1	1.3698	1.0667	0.6844
1711	1303772257324	1	1.3698	1.0667	0.6844
1712	1303772257344	1	1.3698	1.0667	0.6844
1713	1303772257363	1	1.3698	1.0667	0.6844
1714	1303772257382	1	1.3698	1.0667	0.6844
1715	1303772257402	1	1.3698	1.0667	0.6844
1716	1303772257422	1	1.3698	1.0667	0.6844
1717	1303772257453	1	1.3698	1.0667	0.6844
1718	1303772258048	1	1.368	1.0667	0.6853
1719	1303772258967	1	1.368	1.0667	0.6853
1720	1303772259065	1	1.3701	1.0667	0.6842
1721	1303772259085	1	1.3697	1.0667	0.6845
1722	1303772259105	1	1.3697	1.0667	0.6845
1723	1303772259126	1	1.3697	1.0667	0.6845
1724	1303772259144	1	1.3697	1.0667	0.6845
1725	1303772259165	1	1.3697	1.0667	0.6845
1726	1303772259186	1	1.3697	1.0667	0.6845
1727	1303772259250	1	1.5733	1.0667	0.5959
1728	1303772259270	1	1.5733	1.0667	0.5959
1729	1303772259289	1	1.5733	1.0667	0.5959
1730	1303772259308	1	1.5733	1.0667	0.5959
1731	1303772259328	1	1.5733	1.0667	0.5959
1732	1303772259347	1	1.5733	1.0667	0.5959
1733	1303772259365	1	1.5733	1.0667	0.5959
1734	1303772259426	1	1.5733	1.0667	0.5959
1735	1303772259444	1	1.5733	1.0667	0.5959
1736	1303772259461	1	1.5733	1.0667	0.5959
1737	1303772259481	1	1.5733	1.0667	0.5959
1738	1303772259499	1	1.5733	1.0667	0.5959
1739	1303772259517	1	1.5733	1.0667	0.5959
1740	1303772259537	1	1.5733	1.0667	0.5959
1741	1303772259596	1	1.5733	1.0667	0.5959
1742	1303772259614	1	1.5733	1.0667	0.5959
1743	1303772259635	1	1.5733	1.0667	0.5959
1744	1303772259653	1	1.5733	1.0667	0.5959
1745	1303772259714	1	1.5733	1.0667	0.5959
1746	1303772259732	1	1.5733	1.0667	0.5959
1747	1303772259791	1	1.5733	1.0667	0.5959
1748	1303772259811	1	1.5733	1.0667	0.5959
1749	1303772259831	1	1.5733	1.0667	0.5959
1750	1303772259850	1	1.5733	1.0667	0.5959
1751	1303772259870	1	1.5733	1.0667	0.5959
1752	1303772259890	1	1.5733	1.0667	0.5959
1753	1303772259909	1	1.5733	1.0667	0.5959
1754	1303772259929	1	1.5733	1.0667	0.5959
1755	1303772259947	1	1.5733	1.0667	0.5959
1756	1303772260011	1	1.5733	1.0667	0.5959
1757	1303772260031	1	1.5733	1.0667	0.5959
1758	1303772260049	1	1.5733	1.0667	0.5959
1759	1303772260069	1	1.5733	1.0667	0.5959
1760	1303772260088	1	1.5733	1.0667	0.5959
1761	1303772260106	1	1.5733	1.0667	0.5959
1762	1303772260126	1	1.5733	1.0667	0.5959
1763	1303772260145	1	1.5733	1.0667	0.5959
1764	1303772260164	1	1.5733	1.0667	0.5959
1765	1303772260185	1	1.5733	1.0667	0.5959
1766	1303772260204	1	1.5733	1.0667	0.5959
1767	1303772260223	1	1.5733	1.0667	0.5959
1768	1303772260244	1	1.5733	1.0667	0.5959
1769	1303772260262	1	1.5733	1.0667	0.5959
1770	1303772260281	1	1.5733	1.0667	0.5959
1771	1303772260300	1	1.5733	1.0667	0.5959
1772	1303772260318	1	1.5733	1.0667	0.5959
1773	1303772260336	1	1.5733	1.0667	0.5959
1774	1303772260356	1	1.5733	1.0667	0.5959
1775	1303772260374	1	1.5733	1.0667	0.5959
1776	1303772260392	1	1.5733	1.0667	0.5959
1777	1303772260414	1	1.5733	1.0667	0.5959
1778	1303772260485	1	1.5733	1.0667	0.5959
1779	1303772260840	1	1.5646	1.0667	0.5992
1780	1303772261415	1	1.5668	1.0667	0.5983
1781	1303772261481	1	1.5673	1.0667	0.5982
1782	1303772261502	1	1.5673	1.0667	0.5982
1783	1303772261521	1	1.5673	1.0667	0.5982
1784	1303772261539	1	1.5673	1.0333	0.6175
1785	1303772261559	1	1.5673	1.0667	0.5982
1786	1303772261579	1	1.5673	1.0667	0.5982
1787	1303772261601	1	1.5673	1.0667	0.5982
1788	1303772261619	1	1.5673	1.0667	0.5982
1789	1303772261638	1	1.5673	1.0667	0.5982
1790	1303772261657	1	1.5673	1.0667	0.5982
1791	1303772261675	1	1.5673	1.0667	0.5982
1792	1303772261693	1	1.5673	1.0667	0.5982
1793	1303772261712	1	1.5673	1.0667	0.5982
1794	1303772261732	1	1.5673	1.0667	0.5982
1795	1303772261750	1	1.5673	1.0667	0.5982
1796	1303772261770	1	1.5673	1.0667	0.5982
1797	1303772261789	1	1.5673	1.0667	0.5982
1798	1303772261808	1	1.5673	1.0667	0.5982
1799	1303772261869	1	1.5673	1.0667	0.5982
1800	1303772261888	1	1.5673	1.0667	0.5982
