0	1303770913348	0	0	0	0
1	1303770913357	0	0	0	0
2	1303770913408	0	0	0	0
3	1303770913417	0	0	0	0
4	1303770913426	0	0	0	0
5	1303770913480	0	0	0	0
6	1303770913491	0	0	0	0
7	1303770913502	0	0	0	0
8	1303770913514	0	0	0	0
9	1303770913526	0	0	0	0
10	1303770913581	0	0	0	0
11	1303770913593	0	0	0	0
12	1303770913607	0	0	0	0
13	1303770913620	0	0	0	0
14	1303770913635	0	0	0	0
15	1303770913648	0	0	0	0
16	1303770913662	0	0	0	0
17	1303770913676	0	0	0	0
18	1303770913690	0	0	0	0
19	1303770913704	0	0	0	0
20	1303770913717	0	0	0	0
21	1303770913774	0	0	0	0
22	1303770913788	0	0	0	0
23	1303770913802	0	0	0	0
24	1303770913816	0	0	0	0
25	1303770913830	0	0	0	0
26	1303770913843	0	0	0	0
27	1303770913858	0	0	0	0
28	1303770913872	0	0	0	0
29	1303770913886	0	0	0	0
30	1303770913898	0	0	0	0
31	1303770913913	0	0	0	0
32	1303770913927	0	0	0	0
33	1303770913944	0	0	0	0
34	1303770913960	0	0	0	0
35	1303770913975	0	0	0	0
36	1303770913991	0	0	0	0
37	1303770914007	0	0	0	0
38	1303770914021	0	0	0	0
39	1303770914037	0	0	0	0
40	1303770914051	0	0	0	0
41	1303770914066	0	0	0	0
42	1303770914080	0	0	0	0
43	1303770914095	0	0	0	0
44	1303770914110	0	0	0	0
45	1303770914125	0	0	0	0
46	1303770914141	0	0	0	0
47	1303770914157	0	0	0	0
48	1303770914216	0	0	0	0
49	1303770914233	0	0	0	0
50	1303770914249	0	0	0	0
51	1303770914265	0	0	0	0
52	1303770914279	0	0	0	0
53	1303770914296	0	0	0	0
54	1303770914312	0	0	0	0
55	1303770914327	0	0	0	0
56	1303770914343	0	0	0	0
57	1303770914359	0	0	0	0
58	1303770914375	0	0	0	0
59	1303770914392	0	0	0	0
60	1303770914407	0	0	0	0
61	1303770914465	0	0	0	0
62	1303770914481	0	0	0	0
63	1303770914497	0	0	0	0
64	1303770914513	0	0	0	0
65	1303770914530	0	0	0	0
66	1303770914545	0	0	0	0
67	1303770914562	0	0	0	0
68	1303770914578	0	0	0	0
69	1303770914594	0	0	0	0
70	1303770914611	0	0	0	0
71	1303770914670	0	0	0	0
72	1303770914686	0	0	0	0
73	1303770914703	0	0	0	0
74	1303770914720	0	0	0	0
75	1303770914736	0	0	0	0
76	1303770914753	0	0	0	0
77	1303770914771	0	0	0	0
78	1303770914789	0	0	0	0
79	1303770914806	0	0	0	0
80	1303770914822	0	0	0	0
81	1303770914838	0	0	0	0
82	1303770914855	0	0	0	0
83	1303770914871	0	0	0	0
84	1303770914887	0	0	0	0
85	1303770914904	0	0	0	0
86	1303770914920	0	0	0	0
87	1303770914937	0	0	0	0
88	1303770914953	0	0	0	0
89	1303770914969	0	0	0	0
90	1303770915028	0	0	0	0
91	1303770915045	0	0	0	0
92	1303770915061	0	0	0	0
93	1303770915079	0	0	0	0
94	1303770915139	0	0	0	0
95	1303770915157	0	0	0	0
96	1303770915215	0	0	0	0
97	1303770915235	0	0	0	0
98	1303770915253	0	0	0	0
99	1303770915269	0	0	0	0
100	1303770915287	0	0	0	0
101	1303770915305	0	0	0	0
102	1303770915322	0	0	0	0
103	1303770915345	0	0	0	0
104	1303770915364	0	0	0	0
105	1303770915382	0	0	0	0
106	1303770915399	0	0	0	0
107	1303770915418	0	0	0	0
108	1303770915435	0	0	0	0
109	1303770915494	0	0	0	0
110	1303770915512	0	0	0	0
111	1303770915529	0	0	0	0
112	1303770915546	0	0	0	0
113	1303770915564	0	0	0	0
114	1303770915582	0	0	0	0
115	1303770915599	0	0	0	0
116	1303770915615	0	0	0	0
117	1303770915633	0	0	0	0
118	1303770915651	0	0	0	0
119	1303770915667	0	0	0	0
120	1303770915685	0	0	0	0
121	1303770915745	0	0	0	0
122	1303770915761	0	0	0	0
123	1303770915825	0	0	0	0
124	1303770915843	0	0	0	0
125	1303770915903	0	0	0	0
126	1303770915920	0	0	0	0
127	1303770915939	0	0	0	0
128	1303770915956	0	0	0	0
129	1303770915974	0	0	0	0
130	1303770916033	0	0	0	0
131	1303770916051	0	0	0	0
132	1303770916069	0	0	0	0
133	1303770916134	0	0	0	0
134	1303770916151	0	0	0	0
135	1303770916169	0	0	0	0
136	1303770916187	0	0	0	0
137	1303770916205	0	0	0	0
138	1303770916224	0	0	0	0
139	1303770916242	0	0	0	0
140	1303770916260	0	0	0	0
141	1303770916280	0	0	0	0
142	1303770916306	1	0	0	0
143	1303770916387	1	0	0	0
144	1303770916420	1	0	0	0
145	1303770916486	1	0	0	0
146	1303770916511	1	0	0	0
147	1303770916553	1	0	0	0
148	1303770916643	1	0	0	0
149	1303770916689	1	0	0	0
150	1303770916734	1	1.061	0	0
151	1303770916781	1	1.0598	0	0
152	1303770916829	1	1.0598	1.5	0.629
153	1303770916878	1	1.0598	1.5	0.629
154	1303770916926	1	1.0598	1.5	0.629
155	1303770916974	1	1.0598	1.5	0.629
156	1303770917021	1	1.0598	1.5	0.629
157	1303770917067	1	1.0598	1.5	0.629
158	1303770917112	1	1.0598	1.5	0.629
159	1303770917156	1	1.0598	1.5	0.629
160	1303770917200	1	1.0598	1.5	0.629
161	1303770917243	1	1.0598	1.5	0.629
162	1303770917289	1	1.0598	1.5	0.629
163	1303770917333	1	1.0598	1.5	0.629
164	1303770917375	1	1.0598	1.5	0.629
165	1303770917418	1	1.0598	1.5	0.629
166	1303770917461	1	1.0598	1.4286	0.6605
167	1303770917506	1	1.0598	1.2857	0.7339
168	1303770917550	1	1.0598	1.2857	0.7339
169	1303770917594	1	1.0598	1.2143	0.777
170	1303770917639	1	1.0598	1.2857	0.7339
171	1303770917681	1	1.0598	1.2857	0.7339
172	1303770917724	1	1.0598	1.2857	0.7339
173	1303770917767	1	1.0598	1.25	0.7548
174	1303770917811	1	1.0598	1.25	0.7548
175	1303770917854	1	1.0598	1.2857	0.7339
176	1303770917898	1	1.0598	1.25	0.7548
177	1303770917942	1	1.0598	1.25	0.7548
178	1303770917985	1	1.0598	1.25	0.7548
179	1303770918028	1	1.0598	1.25	0.7548
180	1303770918069	1	1.0598	1.25	0.7548
181	1303770918112	1	1.0598	1.25	0.7548
182	1303770918153	1	1.0598	1.25	0.7548
183	1303770918196	1	1.0598	1.25	0.7548
184	1303770918238	1	1.0598	1.25	0.7548
185	1303770918326	1	1.0598	1.25	0.7548
186	1303770918373	1	1.0598	1.25	0.7548
187	1303770918416	1	1.0598	1.25	0.7548
188	1303770918462	1	1.0325	1.25	0.7748
189	1303770918505	1	1.0325	1.25	0.7748
190	1303770918549	1	1.0325	1.25	0.7748
191	1303770918593	1	1.0325	1.25	0.7748
192	1303770918639	1	1.0325	1.25	0.7748
193	1303770918682	1	1.0325	1.25	0.7748
194	1303770918726	1	1.0325	1.25	0.7748
195	1303770918770	1	1.0325	1.25	0.7748
196	1303770918815	1	1.0325	1.25	0.7748
197	1303770918858	1	1.0325	1.25	0.7748
198	1303770918946	1	1.0325	1.2222	0.7924
199	1303770918992	1	1.0325	1.2222	0.7924
200	1303770919036	1	1.0325	1.1667	0.8301
201	1303770919079	1	1.0325	1.1667	0.8301
202	1303770919123	1	1.0325	1.1667	0.8301
203	1303770919167	1	1.0325	1.1667	0.8301
204	1303770919214	1	1.0325	1.1667	0.8301
205	1303770919258	1	1.0325	1.1667	0.8301
206	1303770919348	1	1.0325	1.1667	0.8301
207	1303770919392	1	1.0325	1.1667	0.8301
208	1303770919437	1	1.0325	1.1667	0.8301
209	1303770919481	1	1.0325	1.1667	0.8301
210	1303770919526	1	1.0325	1.1667	0.8301
211	1303770919570	1	1.0325	1.1667	0.8301
212	1303770919615	1	1.0325	1.1667	0.8301
213	1303770919658	1	1.0325	1.1667	0.8301
214	1303770919702	1	1.0325	1.1667	0.8301
215	1303770919746	1	1.0325	1.1667	0.8301
216	1303770919792	1	1.0325	1.1667	0.8301
217	1303770919835	1	1.0325	1.1667	0.8301
218	1303770919879	1	1.0325	1.1667	0.8301
219	1303770919924	1	1.0325	1.1667	0.8301
220	1303770920012	1	1.0325	1.15	0.8422
221	1303770920055	1	1.0325	1.15	0.8422
222	1303770920099	1	1.0325	1.15	0.8422
223	1303770920187	1	1.0325	1.15	0.8422
224	1303770920232	1	1.0325	1.15	0.8422
225	1303770920275	1	1.0325	1.15	0.8422
226	1303770920320	1	1.0325	1.15	0.8422
227	1303770920364	1	1.0325	1.15	0.8422
228	1303770920450	1	1.0325	1.15	0.8422
229	1303770920493	1	1.0325	1.15	0.8422
230	1303770920538	1	1.0325	1.15	0.8422
231	1303770920583	1	1.0325	1.15	0.8422
232	1303770920627	1	1.0325	1.15	0.8422
233	1303770920670	1	1.0325	1.15	0.8422
234	1303770920714	1	1.0325	1.15	0.8422
235	1303770920759	1	1.0325	1.15	0.8422
236	1303770920803	1	1.0325	1.15	0.8422
237	1303770920847	1	1.0325	1.15	0.8422
238	1303770920892	1	1.0325	1.15	0.8422
239	1303770920936	1	1.0325	1.15	0.8422
240	1303770920980	1	1.0325	1.15	0.8422
241	1303770921023	1	1.0325	1.15	0.8422
242	1303770921067	1	1.0325	1.15	0.8422
243	1303770921111	1	1.0325	1.15	0.8422
244	1303770921156	1	1.0325	1.15	0.8422
245	1303770921199	1	1.0325	1.15	0.8422
246	1303770921245	1	1.0586	1.15	0.8214
247	1303770921290	1	1.0589	1.15	0.8212
248	1303770921336	1	1.0589	1.1364	0.831
249	1303770921379	1	1.0589	1.1364	0.831
250	1303770921423	1	1.0589	1.1364	0.831
251	1303770921467	1	1.0589	1.15	0.8212
252	1303770921509	1	1.0589	1.1364	0.831
253	1303770921552	1	1.0589	1.125	0.8394
254	1303770921595	1	1.0589	1.125	0.8394
255	1303770921637	1	1.0589	1.125	0.8394
256	1303770921679	1	1.0589	1.125	0.8394
257	1303770921720	1	1.0589	1.1364	0.831
258	1303770921763	1	1.0589	1.125	0.8394
259	1303770921805	1	1.0589	1.125	0.8394
260	1303770921893	1	1.0589	1.1364	0.831
261	1303770921938	1	1.0589	1.1364	0.831
262	1303770921981	1	1.0589	1.125	0.8394
263	1303770922022	1	1.0589	1.125	0.8394
264	1303770922065	1	1.0589	1.125	0.8394
265	1303770922107	1	1.0589	1.125	0.8394
266	1303770922149	1	1.0589	1.125	0.8394
267	1303770922236	1	1.0589	1.125	0.8394
268	1303770922280	1	1.0589	1.125	0.8394
269	1303770922321	1	1.0589	1.125	0.8394
270	1303770922407	1	1.0589	1.125	0.8394
271	1303770922450	1	1.0589	1.125	0.8394
272	1303770922494	1	1.0589	1.125	0.8394
273	1303770922536	1	1.0589	1.125	0.8394
274	1303770922579	1	1.0589	1.125	0.8394
275	1303770922622	1	1.0589	1.125	0.8394
276	1303770922665	1	1.0589	1.125	0.8394
277	1303770922706	1	1.0589	1.125	0.8394
278	1303770922791	1	1.0589	1.125	0.8394
279	1303770922835	1	1.0589	1.125	0.8394
280	1303770922877	1	1.0589	1.125	0.8394
281	1303770922920	1	1.0589	1.125	0.8394
282	1303770922963	1	1.0589	1.125	0.8394
283	1303770923047	1	1.0589	1.125	0.8394
284	1303770923091	1	1.0589	1.125	0.8394
285	1303770923134	1	1.0589	1.125	0.8394
286	1303770923219	1	1.0589	1.125	0.8394
287	1303770923265	1	1.0589	1.125	0.8394
288	1303770923308	1	1.0589	1.125	0.8394
289	1303770923350	1	1.0589	1.125	0.8394
290	1303770923393	1	1.0589	1.125	0.8394
291	1303770923436	1	1.0589	1.125	0.8394
292	1303770923478	1	1.0589	1.125	0.8394
293	1303770923520	1	1.0589	1.125	0.8394
294	1303770923563	1	1.0589	1.125	0.8394
295	1303770923647	1	1.0589	1.125	0.8394
296	1303770923691	1	1.0589	1.125	0.8394
297	1303770923732	1	1.0589	1.125	0.8394
298	1303770923776	1	1.0589	1.125	0.8394
299	1303770923818	1	1.0589	1.125	0.8394
300	1303770923861	1	1.0589	1.125	0.8394
301	1303770923905	1	1.0589	1.125	0.8394
302	1303770923949	1	1.0589	1.125	0.8394
303	1303770924032	1	1.0589	1.125	0.8394
304	1303770924075	1	1.0589	1.125	0.8394
305	1303770924118	1	1.0589	1.125	0.8394
306	1303770924159	1	1.0589	1.125	0.8394
307	1303770924211	1	1.0589	1.125	0.8394
308	1303770924259	1	1.0589	1.125	0.8394
309	1303770924305	1	1.0589	1.125	0.8394
310	1303770924351	1	1.0416	1.125	0.8534
311	1303770924394	1	1.0416	1.125	0.8534
312	1303770924439	1	1.0416	1.125	0.8534
313	1303770924483	1	1.0416	1.125	0.8534
314	1303770924525	1	1.0416	1.125	0.8534
315	1303770924568	1	1.0416	1.125	0.8534
316	1303770924611	1	1.0416	1.125	0.8534
317	1303770924653	1	1.0416	1.125	0.8534
318	1303770924741	1	1.0416	1.125	0.8534
319	1303770924785	1	1.0416	1.125	0.8534
320	1303770924827	1	1.0416	1.125	0.8534
321	1303770924870	1	1.0416	1.125	0.8534
322	1303770924955	1	1.0416	1.125	0.8534
323	1303770924997	1	1.0416	1.0833	0.8862
324	1303770925041	1	1.0416	1.0833	0.8862
325	1303770925083	1	1.0416	1.0833	0.8862
326	1303770925126	1	1.0416	1.0833	0.8862
327	1303770925169	1	1.0416	1.0833	0.8862
328	1303770925210	1	1.0416	1.0833	0.8862
329	1303770925254	1	1.0416	1.0833	0.8862
330	1303770925297	1	1.0416	1.0833	0.8862
331	1303770925339	1	1.0416	1.0833	0.8862
332	1303770925381	1	1.0416	1.0833	0.8862
333	1303770925425	1	1.0416	1.0833	0.8862
334	1303770925468	1	1.0416	1.0769	0.8915
335	1303770925511	1	1.0416	1.0769	0.8915
336	1303770925552	1	1.0416	1.0769	0.8915
337	1303770925595	1	1.0416	1.0769	0.8915
338	1303770925638	1	1.0416	1.0769	0.8915
339	1303770925724	1	1.0416	1.0769	0.8915
340	1303770925768	1	1.0416	1.0769	0.8915
341	1303770925811	1	1.0416	1.0769	0.8915
342	1303770925898	1	1.0416	1.0769	0.8915
343	1303770925942	1	1.0416	1.0769	0.8915
344	1303770925985	1	1.0416	1.0769	0.8915
345	1303770926030	1	1.0416	1.0769	0.8915
346	1303770926074	1	1.0416	1.0769	0.8915
347	1303770926119	1	1.0416	1.0769	0.8915
348	1303770926203	1	1.0416	1.0769	0.8915
349	1303770926246	1	1.0416	1.0769	0.8915
350	1303770926331	1	1.0416	1.0769	0.8915
351	1303770926375	1	1.0416	1.0769	0.8915
352	1303770926420	1	1.0416	1.0769	0.8915
353	1303770926464	1	1.0416	1.0769	0.8915
354	1303770926509	1	1.0416	1.0769	0.8915
355	1303770926552	1	1.0416	1.0769	0.8915
356	1303770926595	1	1.0416	1.0769	0.8915
357	1303770926636	1	1.0416	1.0769	0.8915
358	1303770926680	1	1.0416	1.0769	0.8915
359	1303770926722	1	1.0416	1.0769	0.8915
360	1303770926765	1	1.0416	1.0769	0.8915
361	1303770926808	1	1.0416	1.0769	0.8915
362	1303770926850	1	1.0416	1.0769	0.8915
363	1303770926893	1	1.0416	1.0769	0.8915
364	1303770926935	1	1.0416	1.0769	0.8915
365	1303770926978	1	1.0416	1.0769	0.8915
366	1303770927021	1	1.0416	1.0769	0.8915
367	1303770927065	1	1.0416	1.0769	0.8915
368	1303770927122	1	1.0398	1.0769	0.893
369	1303770927182	1	1.041	1.0769	0.892
370	1303770927249	1	1.041	1.0769	0.892
371	1303770927303	1	1.041	1.0769	0.892
372	1303770927348	1	1.041	1.0769	0.892
373	1303770927432	1	1.041	1.0769	0.892
374	1303770927476	1	1.041	1.0769	0.892
375	1303770927518	1	1.041	1.0769	0.892
376	1303770927561	1	1.041	1.0769	0.892
377	1303770927604	1	1.041	1.0769	0.892
378	1303770927645	1	1.041	1.0769	0.892
379	1303770927688	1	1.041	1.0769	0.892
380	1303770927731	1	1.041	1.0769	0.892
381	1303770927773	1	1.041	1.0769	0.892
382	1303770927815	1	1.041	1.0769	0.892
383	1303770927857	1	1.041	1.0769	0.892
384	1303770927899	1	1.041	1.0769	0.892
385	1303770927942	1	1.041	1.0769	0.892
386	1303770927984	1	1.041	1.0769	0.892
387	1303770928027	1	1.041	1.0769	0.892
388	1303770928069	1	1.041	1.0769	0.892
389	1303770928111	1	1.041	1.0769	0.892
390	1303770928153	1	1.041	1.0769	0.892
391	1303770928196	1	1.041	1.0769	0.892
392	1303770928237	1	1.041	1.0769	0.892
393	1303770928280	1	1.041	1.0769	0.892
394	1303770928322	1	1.041	1.0769	0.892
395	1303770928366	1	1.041	1.0769	0.892
396	1303770928408	1	1.041	1.0769	0.892
397	1303770928451	1	1.041	1.0769	0.892
398	1303770928495	1	1.041	1.0769	0.892
399	1303770928539	1	1.041	1.0769	0.892
400	1303770928580	1	1.041	1.0769	0.892
401	1303770928624	1	1.041	1.0769	0.892
402	1303770928666	1	1.041	1.0769	0.892
403	1303770928709	1	1.041	1.0769	0.892
404	1303770928753	1	1.041	1.0769	0.892
405	1303770928838	1	1.041	1.0769	0.892
406	1303770928880	1	1.041	1.0769	0.892
407	1303770928922	1	1.041	1.0769	0.892
408	1303770928964	1	1.041	1.0769	0.892
409	1303770929006	1	1.041	1.0769	0.892
410	1303770929049	1	1.041	1.0769	0.892
411	1303770929091	1	1.041	1.0769	0.892
412	1303770929133	1	1.041	1.0769	0.892
413	1303770929177	1	1.041	1.0769	0.892
414	1303770929219	1	1.041	1.0769	0.892
415	1303770929262	1	1.041	1.0769	0.892
416	1303770929307	1	1.041	1.0769	0.892
417	1303770929351	1	1.041	1.0769	0.892
418	1303770929394	1	1.041	1.0769	0.892
419	1303770929436	1	1.041	1.0769	0.892
420	1303770929479	1	1.041	1.0769	0.892
421	1303770929522	1	1.041	1.0769	0.892
422	1303770929566	1	1.041	1.0769	0.892
423	1303770929608	1	1.041	1.0769	0.892
424	1303770929651	1	1.041	1.0769	0.892
425	1303770929693	1	1.041	1.0769	0.892
426	1303770929736	1	1.041	1.0769	0.892
427	1303770929779	1	1.041	1.0769	0.892
428	1303770929824	1	1.2832	1.0769	0.7236
429	1303770929869	1	1.0412	1.0769	0.8918
430	1303770929913	1	1.0412	1.0769	0.8918
431	1303770929956	1	1.0412	1.0769	0.8918
432	1303770930000	1	1.0412	1.0769	0.8918
433	1303770930043	1	1.0412	1.0769	0.8918
434	1303770930085	1	1.0412	1.0769	0.8918
435	1303770930128	1	1.0412	1.0769	0.8918
436	1303770930171	1	1.0412	1.0769	0.8918
437	1303770930255	1	1.0412	1.0769	0.8918
438	1303770930341	1	1.0412	1.0769	0.8918
439	1303770930429	1	1.0412	1.0769	0.8918
440	1303770930515	1	1.0412	1.0769	0.8918
441	1303770930557	1	1.0412	1.0769	0.8918
442	1303770930601	1	1.0412	1.0769	0.8918
443	1303770930686	1	1.0412	1.0769	0.8918
444	1303770930774	1	1.0412	1.0769	0.8918
445	1303770930818	1	1.0412	1.0769	0.8918
446	1303770930862	1	1.0412	1.0769	0.8918
447	1303770930903	1	1.0412	1.0769	0.8918
448	1303770930947	1	1.0412	1.0769	0.8918
449	1303770930989	1	1.0412	1.0769	0.8918
450	1303770931032	1	1.0412	1.0769	0.8918
451	1303770931075	1	1.0412	1.0769	0.8918
452	1303770931117	1	1.0412	1.0769	0.8918
453	1303770931160	1	1.0412	1.0769	0.8918
454	1303770931203	1	1.0412	1.0769	0.8918
455	1303770931245	1	1.0412	1.0769	0.8918
456	1303770931291	1	1.0412	1.0769	0.8918
457	1303770931334	1	1.0412	1.0769	0.8918
458	1303770931377	1	1.0412	1.0769	0.8918
459	1303770931464	1	1.0412	1.0769	0.8918
460	1303770931510	1	1.0412	1.0769	0.8918
461	1303770931552	1	1.0412	1.0769	0.8918
462	1303770931595	1	1.0412	1.0769	0.8918
463	1303770931639	1	1.0412	1.0769	0.8918
464	1303770931681	1	1.0412	1.0769	0.8918
465	1303770931724	1	1.0412	1.0769	0.8918
466	1303770931765	1	1.0412	1.0769	0.8918
467	1303770931810	1	1.0412	1.0769	0.8918
468	1303770931853	1	1.0412	1.0769	0.8918
469	1303770931894	1	1.0412	1.0769	0.8918
470	1303770931983	1	1.0412	1.0769	0.8918
471	1303770932026	1	1.0412	1.0769	0.8918
472	1303770932068	1	1.0412	1.0769	0.8918
473	1303770932111	1	1.0412	1.0769	0.8918
474	1303770932154	1	1.0412	1.0769	0.8918
475	1303770932239	1	1.0412	1.0769	0.8918
476	1303770932283	1	1.0412	1.0769	0.8918
477	1303770932326	1	1.0412	1.0769	0.8918
478	1303770932367	1	1.0412	1.0769	0.8918
479	1303770932410	1	1.0412	1.0769	0.8918
480	1303770932453	1	1.0412	1.0769	0.8918
481	1303770932495	1	1.0412	1.0769	0.8918
482	1303770932581	1	1.0412	1.0769	0.8918
483	1303770932623	1	1.0412	1.0769	0.8918
484	1303770932665	1	1.0412	1.0769	0.8918
485	1303770932709	1	1.0412	1.0769	0.8918
486	1303770932751	1	1.0412	1.0769	0.8918
487	1303770932794	1	1.0412	1.0769	0.8918
488	1303770932838	1	1.0412	1.0769	0.8918
489	1303770932882	1	1.0412	1.0769	0.8918
490	1303770932928	1	1.042	1.0769	0.8911
491	1303770933016	1	1.0642	1.0769	0.8725
492	1303770933062	1	1.0642	1.0769	0.8725
493	1303770933106	1	1.0642	1.0769	0.8725
494	1303770933150	1	1.0642	1.0769	0.8725
495	1303770933195	1	1.0642	1.0769	0.8725
496	1303770933237	1	1.0642	1.0769	0.8725
497	1303770933280	1	1.0642	1.0769	0.8725
498	1303770933324	1	1.0642	1.0769	0.8725
499	1303770933367	1	1.0642	1.0769	0.8725
500	1303770933410	1	1.0642	1.0769	0.8725
501	1303770933451	1	1.0642	1.0769	0.8725
502	1303770933536	1	1.0642	1.0769	0.8725
503	1303770933580	1	1.0642	1.0769	0.8725
504	1303770933622	1	1.0642	1.0769	0.8725
505	1303770933665	1	1.0642	1.0769	0.8725
506	1303770933708	1	1.0642	1.0769	0.8725
507	1303770933750	1	1.0642	1.0769	0.8725
508	1303770933836	1	1.0642	1.0769	0.8725
509	1303770933879	1	1.0642	1.0769	0.8725
510	1303770933921	1	1.0642	1.0769	0.8725
511	1303770933966	1	1.0642	1.0769	0.8725
512	1303770934010	1	1.0642	1.0769	0.8725
513	1303770934053	1	1.0642	1.0769	0.8725
514	1303770934096	1	1.0642	1.0769	0.8725
515	1303770934140	1	1.0642	1.0769	0.8725
516	1303770934182	1	1.0642	1.0769	0.8725
517	1303770934225	1	1.0642	1.0769	0.8725
518	1303770934268	1	1.0642	1.0769	0.8725
519	1303770934312	1	1.0642	1.0769	0.8725
520	1303770934355	1	1.0642	1.0769	0.8725
521	1303770934398	1	1.0642	1.0769	0.8725
522	1303770934441	1	1.0642	1.0769	0.8725
523	1303770934530	1	1.0642	1.0769	0.8725
524	1303770934573	1	1.0642	1.0769	0.8725
525	1303770934615	1	1.0642	1.0769	0.8725
526	1303770934659	1	1.0642	1.0769	0.8725
527	1303770934704	1	1.0642	1.0769	0.8725
528	1303770934747	1	1.0642	1.0769	0.8725
529	1303770934790	1	1.0642	1.0769	0.8725
530	1303770934832	1	1.0642	1.0769	0.8725
531	1303770934874	1	1.0642	1.0769	0.8725
532	1303770934959	1	1.0642	1.0769	0.8725
533	1303770935001	1	1.0642	1.0769	0.8725
534	1303770935085	1	1.0642	1.0769	0.8725
535	1303770935129	1	1.0642	1.0769	0.8725
536	1303770935174	1	1.0642	1.0769	0.8725
537	1303770935221	1	1.0642	1.0769	0.8725
538	1303770935265	1	1.0642	1.0769	0.8725
539	1303770935307	1	1.0642	1.0769	0.8725
540	1303770935351	1	1.0642	1.0769	0.8725
541	1303770935397	1	1.0642	1.0769	0.8725
542	1303770935440	1	1.0642	1.0769	0.8725
543	1303770935484	1	1.0642	1.0769	0.8725
544	1303770935526	1	1.0642	1.0769	0.8725
545	1303770935570	1	1.0642	1.0769	0.8725
546	1303770935658	1	1.0642	1.0769	0.8725
547	1303770935702	1	1.0642	1.0769	0.8725
548	1303770935744	1	1.0642	1.0769	0.8725
549	1303770935787	1	1.0642	1.0769	0.8725
550	1303770935830	1	1.0642	1.0769	0.8725
551	1303770935880	1	1.0642	1.0769	0.8726
552	1303770935926	1	1.0642	1.0769	0.8726
553	1303770935970	1	1.0641	1.0769	0.8726
554	1303770936060	1	1.0639	1.0769	0.8728
555	1303770936105	1	1.0639	1.0769	0.8728
556	1303770936193	1	1.0639	1.0769	0.8728
557	1303770936239	1	1.0639	1.0769	0.8728
558	1303770936283	1	1.0639	1.0769	0.8728
559	1303770936326	1	1.0639	1.0769	0.8728
560	1303770936371	1	1.0639	1.0769	0.8728
561	1303770936415	1	1.0639	1.0769	0.8728
562	1303770936460	1	1.0639	1.0769	0.8728
563	1303770936504	1	1.0639	1.0769	0.8728
564	1303770936546	1	1.0639	1.0769	0.8728
565	1303770936590	1	1.0639	1.0769	0.8728
566	1303770936633	1	1.0639	1.0769	0.8728
567	1303770936676	1	1.0639	1.0769	0.8728
568	1303770936720	1	1.0639	1.0769	0.8728
569	1303770936764	1	1.0639	1.0769	0.8728
570	1303770936808	1	1.0639	1.0769	0.8728
571	1303770936851	1	1.0639	1.0769	0.8728
572	1303770936893	1	1.0639	1.0769	0.8728
573	1303770936937	1	1.0639	1.0769	0.8728
574	1303770936979	1	1.0639	1.0769	0.8728
575	1303770937023	1	1.0639	1.0769	0.8728
576	1303770937110	1	1.0639	1.0769	0.8728
577	1303770937156	1	1.0639	1.0769	0.8728
578	1303770937199	1	1.0639	1.0769	0.8728
579	1303770937243	1	1.0639	1.0769	0.8728
580	1303770937287	1	1.0639	1.0769	0.8728
581	1303770937332	1	1.0639	1.0769	0.8728
582	1303770937375	1	1.0639	1.0769	0.8728
583	1303770937419	1	1.0639	1.0769	0.8728
584	1303770937505	1	1.0256	1.0769	0.9054
585	1303770937550	1	1.0256	1.0769	0.9054
586	1303770937593	1	1.0256	1.0769	0.9054
587	1303770937635	1	1.0256	1.0769	0.9054
588	1303770937679	1	1.0256	1.0769	0.9054
589	1303770937749	1	1.0256	1.0769	0.9054
590	1303770937791	1	1.0256	1.0769	0.9054
591	1303770937834	1	1.0256	1.0769	0.9054
592	1303770937876	1	1.0256	1.0769	0.9054
593	1303770937919	1	1.0256	1.0769	0.9054
594	1303770937962	1	1.0256	1.0769	0.9054
595	1303770938046	1	1.0256	1.0769	0.9054
596	1303770938090	1	1.0256	1.0769	0.9054
597	1303770938133	1	1.0256	1.0769	0.9054
598	1303770938175	1	1.0256	1.0769	0.9054
599	1303770938220	1	1.0256	1.0769	0.9054
600	1303770938264	1	1.0256	1.0769	0.9054
601	1303770938307	1	1.0256	1.0769	0.9054
602	1303770938350	1	1.0256	1.0769	0.9054
603	1303770938393	1	1.0256	1.0769	0.9054
604	1303770938436	1	1.0256	1.0769	0.9054
605	1303770938479	1	1.0256	1.0769	0.9054
606	1303770938522	1	1.0256	1.0769	0.9054
607	1303770938565	1	1.0256	1.0769	0.9054
608	1303770938609	1	1.0256	1.0769	0.9054
609	1303770938651	1	1.0256	1.0769	0.9054
610	1303770938696	1	1.0256	1.0769	0.9054
611	1303770938740	1	1.0256	1.0769	0.9054
612	1303770938786	1	1.0256	1.0769	0.9054
613	1303770938831	1	1.0223	1.0769	0.9083
614	1303770938920	1	1.0218	1.0769	0.9087
615	1303770938964	1	1.0218	1.0769	0.9087
616	1303770939008	1	1.0218	1.0769	0.9087
617	1303770939051	1	1.0218	1.0769	0.9087
618	1303770939094	1	1.0218	1.0769	0.9087
619	1303770939137	1	1.0218	1.0769	0.9087
620	1303770939181	1	1.0218	1.0769	0.9087
621	1303770939224	1	1.0218	1.0769	0.9087
622	1303770939267	1	1.0218	1.0769	0.9087
623	1303770939310	1	1.0218	1.0769	0.9087
624	1303770939353	1	1.0218	1.0769	0.9087
625	1303770939395	1	1.0218	1.0769	0.9087
626	1303770939438	1	1.0218	1.0769	0.9087
627	1303770939481	1	1.0218	1.0769	0.9087
628	1303770939523	1	1.0218	1.0769	0.9087
629	1303770939567	1	1.0218	1.0769	0.9087
630	1303770939610	1	1.0218	1.0769	0.9087
631	1303770939652	1	1.0218	1.0769	0.9087
632	1303770939694	1	1.0218	1.0769	0.9087
633	1303770939738	1	1.0218	1.0769	0.9087
634	1303770939779	1	1.0218	1.0769	0.9087
635	1303770939867	1	1.0218	1.0769	0.9087
636	1303770939911	1	1.0218	1.0769	0.9087
637	1303770939995	1	1.0218	1.0769	0.9087
638	1303770940038	1	1.0218	1.0769	0.9087
639	1303770940080	1	1.0218	1.0769	0.9087
640	1303770940122	1	1.0218	1.0769	0.9087
641	1303770940165	1	1.0218	1.0769	0.9087
642	1303770940207	1	1.0218	1.0769	0.9087
643	1303770940293	1	1.0218	1.0769	0.9087
644	1303770940337	1	1.0218	1.0769	0.9087
645	1303770940380	1	1.0218	1.0769	0.9087
646	1303770940424	1	1.0218	1.0769	0.9087
647	1303770940509	1	1.0218	1.0769	0.9087
648	1303770940552	1	1.0218	1.0769	0.9087
649	1303770940594	1	1.0218	1.0769	0.9087
650	1303770940637	1	1.0218	1.0769	0.9087
651	1303770940680	1	1.0218	1.0769	0.9087
652	1303770940723	1	1.0218	1.0769	0.9087
653	1303770940808	1	1.0218	1.0769	0.9087
654	1303770940852	1	1.0218	1.0769	0.9087
655	1303770940895	1	1.0218	1.0769	0.9087
656	1303770940938	1	1.0218	1.0769	0.9087
657	1303770940979	1	1.0218	1.0769	0.9087
658	1303770941022	1	1.0218	1.0769	0.9087
659	1303770941064	1	1.0218	1.0769	0.9087
660	1303770941107	1	1.0218	1.0769	0.9087
661	1303770941193	1	1.0218	1.0769	0.9087
662	1303770941240	1	1.0218	1.0769	0.9087
663	1303770941284	1	1.0218	1.0769	0.9087
664	1303770941328	1	1.0218	1.0769	0.9087
665	1303770941370	1	1.0218	1.0769	0.9087
666	1303770941415	1	1.0218	1.0769	0.9087
667	1303770941517	1	1.0218	1.0769	0.9087
668	1303770941558	1	1.0218	1.0769	0.9087
669	1303770941601	1	1.0218	1.0769	0.9087
670	1303770941643	1	1.0218	1.0769	0.9087
671	1303770941685	1	1.0218	1.0769	0.9087
672	1303770941729	1	1.0218	1.0769	0.9087
673	1303770941774	1	1.0218	1.0769	0.9087
674	1303770941820	1	1.0218	1.0769	0.9087
675	1303770941865	1	1.0218	1.0769	0.9087
676	1303770941909	1	1.0251	1.0769	0.9058
677	1303770941957	1	1.0251	1.0769	0.9058
678	1303770941999	1	1.0251	1.0769	0.9058
679	1303770942043	1	1.0251	1.0769	0.9058
680	1303770942085	1	1.0251	1.0769	0.9058
681	1303770942127	1	1.0251	1.0769	0.9058
682	1303770942171	1	1.0251	1.0769	0.9058
683	1303770942214	1	1.0251	1.0769	0.9058
684	1303770942301	1	1.0251	1.0769	0.9058
685	1303770942345	1	1.0251	1.0769	0.9058
686	1303770942387	1	1.0251	1.0769	0.9058
687	1303770942430	1	1.0251	1.0769	0.9058
688	1303770942473	1	1.0251	1.0769	0.9058
689	1303770942515	1	1.0251	1.0769	0.9058
690	1303770942558	1	1.0251	1.0769	0.9058
691	1303770942602	1	1.0251	1.0769	0.9058
692	1303770942645	1	1.0251	1.0769	0.9058
693	1303770942688	1	1.0251	1.0769	0.9058
694	1303770942733	1	1.0251	1.0769	0.9058
695	1303770942817	1	1.0251	1.0769	0.9058
696	1303770942863	1	1.0251	1.0769	0.9058
697	1303770942905	1	1.0251	1.0769	0.9058
698	1303770942949	1	1.0251	1.0769	0.9058
699	1303770942992	1	1.0251	1.0769	0.9058
700	1303770943036	1	1.0251	1.0769	0.9058
701	1303770943080	1	1.0251	1.0769	0.9058
702	1303770943123	1	1.0251	1.0769	0.9058
703	1303770943168	1	1.0251	1.0769	0.9058
704	1303770943212	1	1.0251	1.0769	0.9058
705	1303770943301	1	1.0251	1.0769	0.9058
706	1303770943387	1	1.0251	1.0769	0.9058
707	1303770943430	1	1.0251	1.0769	0.9058
708	1303770943473	1	1.0251	1.0769	0.9058
709	1303770943515	1	1.0251	1.0769	0.9058
710	1303770943558	1	1.0251	1.0769	0.9058
711	1303770943601	1	1.0251	1.0769	0.9058
712	1303770943643	1	1.0251	1.0769	0.9058
713	1303770943686	1	1.0251	1.0769	0.9058
714	1303770943729	1	1.0251	1.0769	0.9058
715	1303770943771	1	1.0251	1.0769	0.9058
716	1303770943813	1	1.0251	1.0769	0.9058
717	1303770943855	1	1.0251	1.0769	0.9058
718	1303770943898	1	1.0251	1.0769	0.9058
719	1303770943941	1	1.0251	1.0769	0.9058
720	1303770943983	1	1.0251	1.0769	0.9058
721	1303770944026	1	1.0251	1.0769	0.9058
722	1303770944068	1	1.0251	1.0769	0.9058
723	1303770944110	1	1.0251	1.0769	0.9058
724	1303770944153	1	1.0251	1.0769	0.9058
725	1303770944196	1	1.0251	1.0769	0.9058
726	1303770944238	1	1.0251	1.0769	0.9058
727	1303770944281	1	1.0251	1.0769	0.9058
728	1303770944371	1	1.0251	1.0769	0.9058
729	1303770944413	1	1.0251	1.0769	0.9058
730	1303770944456	1	1.0251	1.0769	0.9058
731	1303770944498	1	1.0251	1.0769	0.9058
732	1303770944541	1	1.0251	1.0769	0.9058
733	1303770944583	1	1.0222	1.0769	0.9084
734	1303770944626	1	1.0794	1.0769	0.8603
735	1303770944670	1	1.0794	1.0769	0.8603
736	1303770944713	1	1.0794	1.0769	0.8603
737	1303770944757	1	1.0794	1.0769	0.8603
738	1303770944799	1	1.0794	1.0769	0.8603
739	1303770944841	1	1.0794	1.0769	0.8603
740	1303770944885	1	1.0794	1.0769	0.8603
741	1303770944926	1	1.0794	1.0769	0.8603
742	1303770944968	1	1.0794	1.0769	0.8603
743	1303770945010	1	1.0794	1.0769	0.8603
744	1303770945052	1	1.0794	1.0769	0.8603
745	1303770945095	1	1.0794	1.0769	0.8603
746	1303770945136	1	1.0794	1.0769	0.8603
747	1303770945179	1	1.0794	1.0769	0.8603
748	1303770945222	1	1.0794	1.0769	0.8603
749	1303770945264	1	1.0794	1.0769	0.8603
750	1303770945306	1	1.0794	1.0769	0.8603
751	1303770945348	1	1.0794	1.0769	0.8603
752	1303770945433	1	1.1072	1.0769	0.8387
753	1303770945476	1	1.1072	1.0769	0.8387
754	1303770945518	1	1.1072	1.0769	0.8387
755	1303770945562	1	1.1072	1.0769	0.8387
756	1303770945605	1	1.1072	1.0769	0.8387
757	1303770945647	1	1.1072	1.0769	0.8387
758	1303770945691	1	1.1072	1.0769	0.8387
759	1303770945733	1	1.1072	1.0769	0.8387
760	1303770945775	1	1.1072	1.0769	0.8387
761	1303770945818	1	1.1072	1.0769	0.8387
762	1303770945859	1	1.1072	1.0769	0.8387
763	1303770945903	1	1.1072	1.0769	0.8387
764	1303770945945	1	1.1072	1.0769	0.8387
765	1303770946031	1	1.1072	1.0769	0.8387
766	1303770946074	1	1.1072	1.0769	0.8387
767	1303770946117	1	1.1072	1.0769	0.8387
768	1303770946159	1	1.1072	1.0769	0.8387
769	1303770946201	1	1.1072	1.0769	0.8387
770	1303770946244	1	1.1072	1.0769	0.8387
771	1303770946286	1	1.1072	1.0769	0.8387
772	1303770946328	1	1.1072	1.0769	0.8387
773	1303770946370	1	1.1072	1.0769	0.8387
774	1303770946413	1	1.1072	1.0769	0.8387
775	1303770946455	1	1.1072	1.0769	0.8387
776	1303770946497	1	1.1072	1.0769	0.8387
777	1303770946539	1	1.1072	1.0769	0.8387
778	1303770946585	1	1.1072	1.0769	0.8387
779	1303770946627	1	1.1072	1.0769	0.8387
780	1303770946670	1	1.1072	1.0769	0.8387
781	1303770946712	1	1.1072	1.0769	0.8387
782	1303770946754	1	1.1072	1.0769	0.8387
783	1303770946797	1	1.1072	1.0769	0.8387
784	1303770946838	1	1.1072	1.0769	0.8387
785	1303770946882	1	1.1072	1.0769	0.8387
786	1303770946925	1	1.1072	1.0769	0.8387
787	1303770946968	1	1.1072	1.0769	0.8387
788	1303770947011	1	1.1072	1.0769	0.8387
789	1303770947054	1	1.1072	1.0769	0.8387
790	1303770947098	1	1.1072	1.0769	0.8387
791	1303770947141	1	1.1072	1.0769	0.8387
792	1303770947184	1	1.1072	1.0769	0.8387
793	1303770947227	1	1.1072	1.0769	0.8387
794	1303770947271	1	1.1186	1.0769	0.8301
795	1303770947315	1	1.105	1.0769	0.8404
796	1303770947359	1	1.105	1.0769	0.8404
797	1303770947403	1	1.105	1.0769	0.8404
798	1303770947448	1	1.105	1.0769	0.8404
799	1303770947491	1	1.1077	1.0769	0.8383
800	1303770947535	1	1.1077	1.0769	0.8383
801	1303770947621	1	2.0886	1.0769	0.4446
802	1303770947665	1	2.0886	1.0769	0.4446
803	1303770947706	1	2.0886	1.0769	0.4446
804	1303770947750	1	2.0886	1.0769	0.4446
805	1303770947792	1	2.0886	1.0769	0.4446
806	1303770947834	1	2.0886	1.0769	0.4446
807	1303770947879	1	2.0886	1.0769	0.4446
808	1303770947965	1	2.0886	1.0769	0.4446
809	1303770948008	1	2.0886	1.0769	0.4446
810	1303770948051	1	2.0886	1.0769	0.4446
811	1303770948093	1	2.0886	1.0769	0.4446
812	1303770948138	1	2.0886	1.0769	0.4446
813	1303770948182	1	2.0886	1.0769	0.4446
814	1303770948225	1	2.0886	1.0769	0.4446
815	1303770948311	1	2.0886	1.0769	0.4446
816	1303770948354	1	2.0886	1.0769	0.4446
817	1303770948396	1	2.0886	1.0769	0.4446
818	1303770948439	1	2.0886	1.0769	0.4446
819	1303770948483	1	2.0886	1.0769	0.4446
820	1303770948526	1	2.0886	1.0769	0.4446
821	1303770948569	1	2.0886	1.0769	0.4446
822	1303770948612	1	2.0886	1.0769	0.4446
823	1303770948656	1	2.0886	1.0769	0.4446
824	1303770948698	1	2.0886	1.0769	0.4446
825	1303770948740	1	2.0886	1.0769	0.4446
826	1303770948783	1	2.0886	1.0769	0.4446
827	1303770948826	1	2.0886	1.0769	0.4446
828	1303770948868	1	2.0886	1.0769	0.4446
829	1303770948910	1	2.0886	1.0769	0.4446
830	1303770948953	1	2.0886	1.0769	0.4446
831	1303770948996	1	2.0886	1.0769	0.4446
832	1303770949039	1	2.0886	1.0769	0.4446
833	1303770949081	1	2.0886	1.0769	0.4446
834	1303770949167	1	2.0886	1.0769	0.4446
835	1303770949211	1	2.0886	1.0769	0.4446
836	1303770949255	1	2.0886	1.0769	0.4446
837	1303770949296	1	2.0886	1.0769	0.4446
838	1303770949339	1	2.0886	1.0769	0.4446
839	1303770949426	1	2.0886	1.0769	0.4446
840	1303770949469	1	2.0886	1.0769	0.4446
841	1303770949554	1	1.1077	1.0769	0.8383
842	1303770949597	1	1.1077	1.0769	0.8383
843	1303770949640	1	1.1077	1.0769	0.8383
844	1303770949682	1	1.1077	1.0769	0.8383
845	1303770949725	1	1.1077	1.0769	0.8383
846	1303770949768	1	1.1077	1.0769	0.8383
847	1303770949811	1	1.1077	1.0769	0.8383
848	1303770949853	1	1.1077	1.0769	0.8383
849	1303770949896	1	1.1077	1.0769	0.8383
850	1303770949939	1	1.1077	1.0769	0.8383
851	1303770949981	1	1.1077	1.0769	0.8383
852	1303770950024	1	1.1077	1.0769	0.8383
853	1303770950067	1	1.1077	1.0769	0.8383
854	1303770950109	1	1.1077	1.0769	0.8383
855	1303770950152	1	1.1118	1.0769	0.8352
856	1303770950198	1	1.1055	1.0769	0.84
857	1303770950243	1	1.1055	1.0769	0.84
858	1303770950289	1	1.1055	1.0769	0.84
859	1303770950380	1	1.1074	1.0769	0.8385
860	1303770950425	1	1.1074	1.0769	0.8385
861	1303770950467	1	1.1074	1.0769	0.8385
862	1303770950511	1	1.1074	1.0769	0.8385
863	1303770950555	1	1.1074	1.0769	0.8385
864	1303770950597	1	1.1074	1.0769	0.8385
865	1303770950641	1	1.1074	1.0769	0.8385
866	1303770950683	1	1.1074	1.0769	0.8385
867	1303770950772	1	1.1074	1.0769	0.8385
868	1303770950816	1	1.1074	1.0769	0.8385
869	1303770950863	1	1.1074	1.0769	0.8385
870	1303770950906	1	1.1074	1.0769	0.8385
871	1303770950949	1	1.1074	1.0769	0.8385
872	1303770950991	1	1.1074	1.0769	0.8385
873	1303770951034	1	1.1074	1.0769	0.8385
874	1303770951078	1	1.1074	1.0769	0.8385
875	1303770951121	1	1.1074	1.0769	0.8385
876	1303770951205	1	1.1074	1.0769	0.8385
877	1303770951249	1	1.1074	1.0769	0.8385
878	1303770951293	1	1.1074	1.0769	0.8385
879	1303770951335	1	1.1074	1.0769	0.8385
880	1303770951378	1	1.1074	1.0769	0.8385
881	1303770951420	1	1.1074	1.0769	0.8385
882	1303770951463	1	1.1074	1.0769	0.8385
883	1303770951550	1	1.1074	1.0769	0.8385
884	1303770951595	1	1.1074	1.0769	0.8385
885	1303770951638	1	1.1074	1.0769	0.8385
886	1303770951681	1	1.1074	1.0769	0.8385
887	1303770951723	1	1.1074	1.0769	0.8385
888	1303770951766	1	1.1074	1.0769	0.8385
889	1303770951809	1	1.1074	1.0769	0.8385
890	1303770951851	1	1.1074	1.0769	0.8385
891	1303770951896	1	1.1074	1.0769	0.8385
892	1303770951982	1	1.1074	1.0769	0.8385
893	1303770952025	1	1.1074	1.0769	0.8385
894	1303770952070	1	1.1074	1.0769	0.8385
895	1303770952156	1	1.1074	1.0769	0.8385
896	1303770952199	1	1.1074	1.0769	0.8385
897	1303770952242	1	1.1074	1.0769	0.8385
898	1303770952285	1	1.1074	1.0769	0.8385
899	1303770952328	1	1.1074	1.0769	0.8385
900	1303770952371	1	1.1074	1.0769	0.8385
901	1303770952414	1	1.1074	1.0769	0.8385
902	1303770952498	1	1.1074	1.0769	0.8385
903	1303770952542	1	1.1074	1.0769	0.8385
904	1303770952585	1	1.1074	1.0769	0.8385
905	1303770952627	1	1.1074	1.0769	0.8385
906	1303770952670	1	1.1074	1.0769	0.8385
907	1303770952713	1	1.1074	1.0769	0.8385
908	1303770952756	1	1.1074	1.0769	0.8385
909	1303770952800	1	1.1074	1.0769	0.8385
910	1303770952844	1	1.1074	1.0769	0.8385
911	1303770952889	1	1.1074	1.0769	0.8385
912	1303770952932	1	1.1074	1.0769	0.8385
913	1303770952974	1	1.1074	1.0769	0.8385
914	1303770953018	1	1.1074	1.0769	0.8385
915	1303770953062	1	1.1074	1.0769	0.8385
916	1303770953105	1	1.1074	1.0769	0.8385
917	1303770953150	1	1.1074	1.0769	0.8385
918	1303770953195	1	1.1074	1.0769	0.8385
919	1303770953284	1	1.1074	1.0769	0.8385
920	1303770953370	1	1.0846	1.0769	0.8562
921	1303770953455	1	1.0846	1.0769	0.8562
922	1303770953499	1	1.0846	1.0769	0.8562
923	1303770953541	1	1.0846	1.0769	0.8562
924	1303770953585	1	1.0846	1.0769	0.8562
925	1303770953670	1	1.0846	1.0769	0.8562
926	1303770953713	1	1.0846	1.0769	0.8562
927	1303770953755	1	1.0846	1.0769	0.8562
928	1303770953798	1	1.0846	1.0769	0.8562
929	1303770953840	1	1.0846	1.0769	0.8562
930	1303770953882	1	1.0846	1.0769	0.8562
931	1303770953925	1	1.0846	1.0769	0.8562
932	1303770953967	1	1.0846	1.0769	0.8562
933	1303770954010	1	1.0846	1.0769	0.8562
934	1303770954053	1	1.0846	1.0769	0.8562
935	1303770954095	1	1.0846	1.0769	0.8562
936	1303770954138	1	1.0846	1.0769	0.8562
937	1303770954180	1	1.0846	1.0769	0.8562
938	1303770954222	1	1.0846	1.0769	0.8562
939	1303770954265	1	1.0846	1.0769	0.8562
940	1303770954308	1	1.0846	1.0769	0.8562
941	1303770954350	1	1.0846	1.0769	0.8562
942	1303770954394	1	1.0846	1.0769	0.8562
943	1303770954436	1	1.0846	1.0769	0.8562
944	1303770954479	1	1.0846	1.0769	0.8562
945	1303770954521	1	1.0846	1.0769	0.8562
946	1303770954563	1	1.0846	1.0769	0.8562
947	1303770954606	1	1.0846	1.0769	0.8562
948	1303770954650	1	1.0846	1.0769	0.8562
949	1303770954691	1	1.0846	1.0769	0.8562
950	1303770954734	1	1.0846	1.0769	0.8562
951	1303770954777	1	1.0846	1.0769	0.8562
952	1303770954818	1	1.0846	1.0769	0.8562
953	1303770954861	1	1.0846	1.0769	0.8562
954	1303770954947	1	1.0846	1.0769	0.8562
955	1303770954989	1	1.0846	1.0769	0.8562
956	1303770955032	1	1.0846	1.0769	0.8562
957	1303770955074	1	1.0846	1.0769	0.8562
958	1303770955117	1	1.0846	1.0769	0.8562
959	1303770955160	1	1.0846	1.0769	0.8562
960	1303770955202	1	1.0846	1.0769	0.8562
961	1303770955246	1	1.0846	1.0769	0.8562
962	1303770955289	1	1.0846	1.0769	0.8562
963	1303770955331	1	1.0846	1.0769	0.8562
964	1303770955374	1	1.0846	1.0769	0.8562
965	1303770955418	1	1.0846	1.0769	0.8562
966	1303770955460	1	1.0846	1.0769	0.8562
967	1303770955502	1	1.0846	1.0769	0.8562
968	1303770955587	1	1.0846	1.0769	0.8562
969	1303770955629	1	1.0846	1.0769	0.8562
970	1303770955672	1	1.0846	1.0769	0.8562
971	1303770955762	1	1.0657	1.0769	0.8713
972	1303770955805	1	1.0657	1.0769	0.8713
973	1303770955848	1	1.0657	1.0769	0.8713
974	1303770955890	1	1.0657	1.0769	0.8713
975	1303770955933	1	1.0657	1.0769	0.8713
976	1303770955975	1	1.0657	1.0769	0.8713
977	1303770956017	1	1.0657	1.0769	0.8713
978	1303770956062	1	1.0657	1.0769	0.8713
979	1303770956107	1	1.0657	1.0769	0.8713
980	1303770956151	1	1.0749	1.0769	0.8639
981	1303770956194	1	1.0749	1.0769	0.8639
982	1303770956237	1	1.0749	1.0769	0.8639
983	1303770956280	1	1.0749	1.0769	0.8639
984	1303770956322	1	1.0749	1.0769	0.8639
985	1303770956364	1	1.0749	1.0769	0.8639
986	1303770956407	1	1.0749	1.0769	0.8639
987	1303770956450	1	1.0749	1.0769	0.8639
988	1303770956494	1	1.0749	1.0769	0.8639
989	1303770956579	1	1.0749	1.0769	0.8639
990	1303770956623	1	1.0749	1.0769	0.8639
991	1303770956666	1	1.0749	1.0769	0.8639
992	1303770956709	1	1.0749	1.0769	0.8639
993	1303770956752	1	1.0749	1.0769	0.8639
994	1303770956795	1	1.0749	1.0769	0.8639
995	1303770956837	1	1.0749	1.0769	0.8639
996	1303770956880	1	1.0749	1.0769	0.8639
997	1303770956923	1	1.0749	1.0769	0.8639
998	1303770956966	1	1.0749	1.0769	0.8639
999	1303770957010	1	1.0749	1.0769	0.8639
1000	1303770957052	1	1.0749	1.0769	0.8639
1001	1303770957094	1	1.0749	1.0769	0.8639
1002	1303770957137	1	1.0749	1.0769	0.8639
1003	1303770957179	1	1.0749	1.0769	0.8639
1004	1303770957222	1	1.0749	1.0769	0.8639
1005	1303770957265	1	1.0749	1.0769	0.8639
1006	1303770957307	1	1.0749	1.0769	0.8639
1007	1303770957350	1	1.0749	1.0769	0.8639
1008	1303770957392	1	1.0749	1.0769	0.8639
1009	1303770957434	1	1.0749	1.0769	0.8639
1010	1303770957477	1	1.0749	1.0769	0.8639
1011	1303770957520	1	1.0749	1.0769	0.8639
1012	1303770957561	1	1.0749	1.0769	0.8639
1013	1303770957647	1	1.0749	1.0769	0.8639
1014	1303770957690	1	1.0749	1.0769	0.8639
1015	1303770957775	1	1.0749	1.0769	0.8639
1016	1303770957819	1	1.0749	1.0769	0.8639
1017	1303770957861	1	1.0749	1.0769	0.8639
1018	1303770957904	1	1.0749	1.0769	0.8639
1019	1303770957947	1	1.0749	1.0769	0.8639
1020	1303770957989	1	1.0749	1.0769	0.8639
1021	1303770958034	1	1.0749	1.0769	0.8639
1022	1303770958078	1	1.0749	1.0769	0.8639
1023	1303770958120	1	1.0749	1.0769	0.8639
1024	1303770958164	1	1.0749	1.0769	0.8639
1025	1303770958249	1	1.0749	1.0769	0.8639
1026	1303770958293	1	1.0749	1.0769	0.8639
1027	1303770958336	1	1.0749	1.0769	0.8639
1028	1303770958380	1	1.0749	1.0769	0.8639
1029	1303770958422	1	1.0749	1.0769	0.8639
1030	1303770958467	1	1.0749	1.0769	0.8639
1031	1303770958514	1	1.0749	1.0769	0.8639
1032	1303770958557	1	1.0749	1.0769	0.8639
1033	1303770958600	1	1.0749	1.0769	0.8639
1034	1303770958652	1	1.0749	1.0769	0.8639
1035	1303770958738	1	1.0749	1.0769	0.8639
1036	1303770958781	1	1.0749	1.0769	0.8639
1037	1303770958822	1	1.0749	1.0769	0.8639
1038	1303770958866	1	1.0749	1.0769	0.8639
1039	1303770958911	1	1.168	1.0769	0.795
1040	1303770958956	1	1.0691	1.0769	0.8685
1041	1303770959002	1	1.0754	1.0769	0.8634
1042	1303770959089	1	1.0754	1.0769	0.8634
1043	1303770959177	1	1.0754	1.0769	0.8634
1044	1303770959221	1	1.0754	1.0769	0.8634
1045	1303770959264	1	1.0754	1.0769	0.8634
1046	1303770959307	1	1.0754	1.0769	0.8634
1047	1303770959349	1	1.0754	1.0769	0.8634
1048	1303770959391	1	1.0754	1.0769	0.8634
1049	1303770959435	1	1.0754	1.0769	0.8634
1050	1303770959477	1	1.0754	1.0769	0.8634
1051	1303770959521	1	1.0754	1.0769	0.8634
1052	1303770959564	1	1.0754	1.0769	0.8634
1053	1303770959606	1	1.0754	1.0769	0.8634
1054	1303770959650	1	1.0754	1.0769	0.8634
1055	1303770959693	1	1.0754	1.0769	0.8634
1056	1303770959736	1	1.0754	1.0769	0.8634
1057	1303770959778	1	1.0754	1.0769	0.8634
1058	1303770959821	1	1.0754	1.0769	0.8634
1059	1303770959862	1	1.0754	1.0769	0.8634
1060	1303770959905	1	1.0754	1.0769	0.8634
1061	1303770959947	1	1.0754	1.0769	0.8634
1062	1303770959990	1	1.0754	1.0769	0.8634
1063	1303770960037	1	1.0754	1.0769	0.8634
1064	1303770960080	1	1.0754	1.0769	0.8634
1065	1303770960124	1	1.0754	1.0769	0.8634
1066	1303770960209	1	1.0754	1.0769	0.8634
1067	1303770960253	1	1.0754	1.0769	0.8634
1068	1303770960296	1	1.0754	1.0769	0.8634
1069	1303770960339	1	1.0754	1.0769	0.8634
1070	1303770960382	1	1.0754	1.0769	0.8634
1071	1303770960427	1	1.0754	1.0769	0.8634
1072	1303770960512	1	1.0754	1.0769	0.8634
1073	1303770960555	1	1.0754	1.0769	0.8634
1074	1303770960597	1	1.0754	1.0769	0.8634
1075	1303770960682	1	1.0754	1.0769	0.8634
1076	1303770960726	1	1.0754	1.0769	0.8634
1077	1303770960770	1	1.0754	1.0769	0.8634
1078	1303770960813	1	1.0754	1.0769	0.8634
1079	1303770960855	1	1.0754	1.0769	0.8634
1080	1303770960899	1	1.0754	1.0769	0.8634
1081	1303770960941	1	1.0754	1.0769	0.8634
1082	1303770960983	1	1.0754	1.0769	0.8634
1083	1303770961027	1	1.0754	1.0769	0.8634
1084	1303770961111	1	1.0754	1.0769	0.8634
1085	1303770961156	1	1.0754	1.0769	0.8634
1086	1303770961242	1	1.0754	1.0769	0.8634
1087	1303770961285	1	1.0754	1.0769	0.8634
1088	1303770961327	1	1.0754	1.0769	0.8634
1089	1303770961370	1	1.0754	1.0769	0.8634
1090	1303770961454	1	1.0754	1.0769	0.8634
1091	1303770961501	1	1.0754	1.0769	0.8634
1092	1303770961546	1	1.0754	1.0769	0.8634
1093	1303770961588	1	1.0754	1.0769	0.8634
1094	1303770961632	1	1.0754	1.0769	0.8634
1095	1303770961674	1	1.0754	1.0769	0.8634
1096	1303770961718	1	1.0754	1.0769	0.8634
1097	1303770961807	1	1.0754	1.0769	0.8634
1098	1303770961851	1	1.0754	1.0769	0.8634
1099	1303770961893	1	1.0754	1.0769	0.8634
1100	1303770961938	1	1.0754	1.0769	0.8634
1101	1303770961984	1	1.0754	1.0769	0.8634
1102	1303770962029	1	1.0754	1.0769	0.8634
1103	1303770962073	1	1.0691	1.0769	0.8685
1104	1303770962116	1	1.0691	1.0769	0.8685
1105	1303770962160	1	1.0691	1.0769	0.8685
1106	1303770962202	1	1.0691	1.0769	0.8685
1107	1303770962245	1	1.0691	1.0769	0.8685
1108	1303770962289	1	1.0691	1.0769	0.8685
1109	1303770962332	1	1.0691	1.0769	0.8685
1110	1303770962375	1	1.0691	1.0769	0.8685
1111	1303770962418	1	1.0691	1.0769	0.8685
1112	1303770962461	1	1.0691	1.0769	0.8685
1113	1303770962504	1	1.0691	1.0769	0.8685
1114	1303770962547	1	1.0691	1.0769	0.8685
1115	1303770962590	1	1.0691	1.0769	0.8685
1116	1303770962633	1	1.0691	1.0769	0.8685
1117	1303770962675	1	1.0691	1.0769	0.8685
1118	1303770962719	1	1.0691	1.0769	0.8685
1119	1303770962762	1	1.0691	1.0769	0.8685
1120	1303770962804	1	1.0691	1.0769	0.8685
1121	1303770962847	1	1.0691	1.0769	0.8685
1122	1303770962889	1	1.0691	1.0769	0.8685
1123	1303770962934	1	1.0691	1.0769	0.8685
1124	1303770962977	1	1.0691	1.0769	0.8685
1125	1303770963019	1	1.0691	1.0769	0.8685
1126	1303770963062	1	1.0691	1.0769	0.8685
1127	1303770963106	1	1.0691	1.0769	0.8685
1128	1303770963197	1	1.0691	1.0769	0.8685
1129	1303770963243	1	1.0691	1.0769	0.8685
1130	1303770963287	1	1.0691	1.0769	0.8685
1131	1303770963329	1	1.0691	1.0769	0.8685
1132	1303770963373	1	1.0691	1.0769	0.8685
1133	1303770963418	1	1.0691	1.0769	0.8685
1134	1303770963460	1	1.0691	1.0769	0.8685
1135	1303770963505	1	1.0691	1.0769	0.8685
1136	1303770963548	1	1.0691	1.0769	0.8685
1137	1303770963590	1	1.0691	1.0769	0.8685
1138	1303770963633	1	1.0691	1.0769	0.8685
1139	1303770963675	1	1.0691	1.0769	0.8685
1140	1303770963718	1	1.0691	1.0769	0.8685
1141	1303770963761	1	1.0691	1.0769	0.8685
1142	1303770963804	1	1.0691	1.0769	0.8685
1143	1303770963848	1	1.0691	1.0769	0.8685
1144	1303770963892	1	1.0691	1.0769	0.8685
1145	1303770963934	1	1.0691	1.0769	0.8685
1146	1303770963977	1	1.0691	1.0769	0.8685
1147	1303770964020	1	1.0691	1.0769	0.8685
1148	1303770964062	1	1.0691	1.0769	0.8685
1149	1303770964105	1	1.0691	1.0769	0.8685
1150	1303770964149	1	1.0691	1.0769	0.8685
1151	1303770964190	1	1.0691	1.0769	0.8685
1152	1303770964233	1	1.0691	1.0769	0.8685
1153	1303770964276	1	1.0691	1.0769	0.8685
1154	1303770964366	1	1.0691	1.0769	0.8685
1155	1303770964409	1	1.0691	1.0769	0.8685
1156	1303770964451	1	1.0691	1.0769	0.8685
1157	1303770964495	1	1.0691	1.0769	0.8685
1158	1303770964539	1	1.0691	1.0769	0.8685
1159	1303770964626	1	1.0691	1.0769	0.8685
1160	1303770964670	1	1.0691	1.0769	0.8685
1161	1303770964715	1	1.0691	1.0769	0.8685
1162	1303770964762	1	1.0691	1.0769	0.8685
1163	1303770964806	1	1.0691	1.0769	0.8685
1164	1303770964851	1	1.0864	1.0769	0.8547
1165	1303770964895	1	1.0864	1.0769	0.8547
1166	1303770964939	1	1.0864	1.0769	0.8547
1167	1303770964982	1	1.0864	1.0769	0.8547
1168	1303770965026	1	1.0864	1.0769	0.8547
1169	1303770965112	1	1.0864	1.0769	0.8547
1170	1303770965159	1	1.0864	1.0769	0.8547
1171	1303770965203	1	1.0864	1.0769	0.8547
1172	1303770965251	1	1.0864	1.0769	0.8547
1173	1303770965296	1	1.0864	1.0769	0.8547
1174	1303770965343	1	1.0864	1.0769	0.8547
1175	1303770965388	1	1.0864	1.0769	0.8547
1176	1303770965433	1	1.0864	1.0769	0.8547
1177	1303770965479	1	1.0864	1.0769	0.8547
1178	1303770965524	1	1.0864	1.0769	0.8547
1179	1303770965614	1	1.0661	1.0769	0.871
1180	1303770965659	1	1.0661	1.0769	0.871
1181	1303770965703	1	1.0661	1.0769	0.871
1182	1303770965748	1	1.0661	1.0769	0.871
1183	1303770965793	1	1.0661	1.0769	0.871
1184	1303770965839	1	1.0661	1.0769	0.871
1185	1303770965883	1	1.0661	1.0769	0.871
1186	1303770965928	1	1.0661	1.0769	0.871
1187	1303770965972	1	1.0661	1.0769	0.871
1188	1303770966016	1	1.0661	1.0769	0.871
1189	1303770966061	1	1.0661	1.0769	0.871
1190	1303770966105	1	1.0661	1.0769	0.871
1191	1303770966148	1	1.0661	1.0769	0.871
1192	1303770966192	1	1.0661	1.0769	0.871
1193	1303770966236	1	1.0661	1.0769	0.871
1194	1303770966284	1	1.0661	1.0769	0.871
1195	1303770966328	1	1.0661	1.0769	0.871
1196	1303770966373	1	1.0661	1.0769	0.871
1197	1303770966418	1	1.0661	1.0769	0.871
1198	1303770966463	1	1.0661	1.0769	0.871
1199	1303770966507	1	1.0661	1.0769	0.871
1200	1303770966551	1	1.0661	1.0769	0.871
1201	1303770966595	1	1.0661	1.0769	0.871
1202	1303770966640	1	1.0661	1.0769	0.871
1203	1303770966684	1	1.0661	1.0769	0.871
1204	1303770966730	1	1.0661	1.0769	0.871
1205	1303770966775	1	1.0661	1.0769	0.871
1206	1303770966819	1	1.0661	1.0769	0.871
1207	1303770966862	1	1.0661	1.0769	0.871
1208	1303770966908	1	1.0661	1.0769	0.871
1209	1303770966952	1	1.0661	1.0769	0.871
1210	1303770966996	1	1.0661	1.0769	0.871
1211	1303770967042	1	1.0661	1.0769	0.871
1212	1303770967087	1	1.0661	1.0769	0.871
1213	1303770967131	1	1.0661	1.0769	0.871
1214	1303770967176	1	1.0661	1.0769	0.871
1215	1303770967223	1	1.0661	1.0769	0.871
1216	1303770967268	1	1.0661	1.0769	0.871
1217	1303770967313	1	1.0661	1.0769	0.871
1218	1303770967357	1	1.0661	1.0769	0.871
1219	1303770967400	1	1.0661	1.0769	0.871
1220	1303770967444	1	1.0661	1.0769	0.871
1221	1303770967489	1	1.0661	1.0769	0.871
1222	1303770967535	1	1.0661	1.0769	0.871
1223	1303770967580	1	1.0661	1.0769	0.871
1224	1303770967626	1	1.0661	1.0769	0.871
1225	1303770967671	1	1.0579	1.0769	0.8777
1226	1303770967757	1	1.0579	1.0769	0.8777
1227	1303770967802	1	1.0579	1.0769	0.8777
1228	1303770967846	1	1.0579	1.0769	0.8777
1229	1303770967892	1	1.0579	1.0769	0.8777
1230	1303770967937	1	1.0579	1.0769	0.8777
1231	1303770967982	1	1.0579	1.0769	0.8777
1232	1303770968027	1	1.0579	1.0769	0.8777
1233	1303770968114	1	1.0579	1.0769	0.8777
1234	1303770968160	1	1.0579	1.0769	0.8777
1235	1303770968206	1	1.0579	1.0769	0.8777
1236	1303770968250	1	1.0579	1.0769	0.8777
1237	1303770968296	1	1.0579	1.0769	0.8777
1238	1303770968383	1	1.0579	1.0769	0.8777
1239	1303770968428	1	1.0579	1.0769	0.8777
1240	1303770968471	1	1.0579	1.0769	0.8777
1241	1303770968516	1	1.0579	1.0769	0.8777
1242	1303770968561	1	1.0579	1.0769	0.8777
1243	1303770968609	1	1.0579	1.0769	0.8777
1244	1303770968652	1	1.0579	1.0769	0.8777
1245	1303770968696	1	1.0579	1.0769	0.8777
1246	1303770968783	1	1.0579	1.0769	0.8777
1247	1303770968828	1	1.0579	1.0769	0.8777
1248	1303770968871	1	1.0579	1.0769	0.8777
1249	1303770968915	1	1.0579	1.0769	0.8777
1250	1303770968960	1	1.0579	1.0769	0.8777
1251	1303770969005	1	1.0579	1.0769	0.8777
1252	1303770969049	1	1.0579	1.0769	0.8777
1253	1303770969093	1	1.0579	1.0769	0.8777
1254	1303770969139	1	1.0579	1.0769	0.8777
1255	1303770969183	1	1.0579	1.0769	0.8777
1256	1303770969226	1	1.0579	1.0769	0.8777
1257	1303770969271	1	1.0579	1.0769	0.8777
1258	1303770969316	1	1.0579	1.0769	0.8777
1259	1303770969360	1	1.0579	1.0769	0.8777
1260	1303770969404	1	1.0579	1.0769	0.8777
1261	1303770969448	1	1.0579	1.0769	0.8777
1262	1303770969493	1	1.0579	1.0769	0.8777
1263	1303770969580	1	1.0579	1.0769	0.8777
1264	1303770969624	1	1.0579	1.0769	0.8777
1265	1303770969668	1	1.0579	1.0769	0.8777
1266	1303770969713	1	1.0579	1.0769	0.8777
1267	1303770969758	1	1.0579	1.0769	0.8777
1268	1303770969803	1	1.0579	1.0769	0.8777
1269	1303770969848	1	1.0579	1.0769	0.8777
1270	1303770969892	1	1.0579	1.0769	0.8777
1271	1303770969937	1	1.0579	1.0769	0.8777
1272	1303770969980	1	1.0579	1.0769	0.8777
1273	1303770970024	1	1.0579	1.0769	0.8777
1274	1303770970069	1	1.0579	1.0769	0.8777
1275	1303770970155	1	1.0579	1.0769	0.8777
1276	1303770970199	1	1.0579	1.0769	0.8777
1277	1303770970243	1	1.0579	1.0769	0.8777
1278	1303770970287	1	1.0579	1.0769	0.8777
1279	1303770970333	1	1.0579	1.0769	0.8777
1280	1303770970377	1	1.0579	1.0769	0.8777
1281	1303770970421	1	1.0579	1.0769	0.8777
1282	1303770970467	1	1.0579	1.0769	0.8777
1283	1303770970512	1	1.0579	1.0769	0.8777
1284	1303770970557	1	1.0579	1.0769	0.8777
1285	1303770970603	1	1.0535	1.0769	0.8814
1286	1303770970648	1	1.0535	1.0769	0.8814
1287	1303770970694	1	1.0535	1.0769	0.8814
1288	1303770970738	1	1.0535	1.0769	0.8814
1289	1303770970782	1	1.0535	1.0769	0.8814
1290	1303770970827	1	1.0535	1.0769	0.8814
1291	1303770970873	1	1.0535	1.0769	0.8814
1292	1303770970917	1	1.0535	1.0769	0.8814
1293	1303770970962	1	1.0535	1.0769	0.8814
1294	1303770971007	1	1.0535	1.0769	0.8814
1295	1303770971052	1	1.0535	1.0769	0.8814
1296	1303770971097	1	1.0535	1.0769	0.8814
1297	1303770971141	1	1.0535	1.0769	0.8814
1298	1303770971186	1	1.0535	1.0769	0.8814
1299	1303770971231	1	1.0535	1.0769	0.8814
1300	1303770971275	1	1.0535	1.0769	0.8814
1301	1303770971321	1	1.0535	1.0769	0.8814
1302	1303770971367	1	1.0535	1.0769	0.8814
1303	1303770971411	1	1.0535	1.0769	0.8814
1304	1303770971455	1	1.0535	1.0769	0.8814
1305	1303770971499	1	1.0535	1.0769	0.8814
1306	1303770971544	1	1.0535	1.0769	0.8814
1307	1303770971589	1	1.0535	1.0769	0.8814
1308	1303770971690	1	1.0535	1.0769	0.8814
1309	1303770971734	1	1.0535	1.0769	0.8814
1310	1303770971778	1	1.0535	1.0769	0.8814
1311	1303770971823	1	1.0535	1.0769	0.8814
1312	1303770971867	1	1.0535	1.0769	0.8814
1313	1303770971911	1	1.0535	1.0769	0.8814
1314	1303770971956	1	1.0535	1.0769	0.8814
1315	1303770972002	1	1.0535	1.0769	0.8814
1316	1303770972047	1	1.0535	1.0769	0.8814
1317	1303770972093	1	1.0535	1.0769	0.8814
1318	1303770972138	1	1.0535	1.0769	0.8814
1319	1303770972183	1	1.0535	1.0769	0.8814
1320	1303770972226	1	1.0535	1.0769	0.8814
1321	1303770972271	1	1.0535	1.0769	0.8814
1322	1303770972315	1	1.0535	1.0769	0.8814
1323	1303770972360	1	1.0535	1.0769	0.8814
1324	1303770972404	1	1.0535	1.0769	0.8814
1325	1303770972448	1	1.0535	1.0769	0.8814
1326	1303770972493	1	1.0535	1.0769	0.8814
1327	1303770972539	1	1.0535	1.0769	0.8814
1328	1303770972583	1	1.0535	1.0769	0.8814
1329	1303770972631	1	1.0535	1.0769	0.8814
1330	1303770972676	1	1.0535	1.0769	0.8814
1331	1303770972763	1	1.0535	1.0769	0.8814
1332	1303770972807	1	1.0535	1.0769	0.8814
1333	1303770972852	1	1.0535	1.0769	0.8814
1334	1303770972896	1	1.0535	1.0769	0.8814
1335	1303770972942	1	1.0535	1.0769	0.8814
1336	1303770972986	1	1.0535	1.0769	0.8814
1337	1303770973030	1	1.0535	1.0769	0.8814
1338	1303770973075	1	1.0535	1.0769	0.8814
1339	1303770973121	1	1.0535	1.0769	0.8814
1340	1303770973165	1	1.0535	1.0769	0.8814
1341	1303770973211	1	1.0535	1.0769	0.8814
1342	1303770973256	1	1.0535	1.0769	0.8814
1343	1303770973301	1	1.0535	1.0769	0.8814
1344	1303770973347	1	1.1247	1.0769	0.8256
1345	1303770973395	1	1.0541	1.0769	0.8809
1346	1303770973441	1	1.0541	1.0769	0.8809
1347	1303770973486	1	1.0541	1.0769	0.8809
1348	1303770973573	1	1.0541	1.0769	0.8809
1349	1303770973618	1	1.0667	1.0769	0.8705
1350	1303770973664	1	1.0667	1.0769	0.8705
1351	1303770973708	1	1.0667	1.0769	0.8705
1352	1303770973750	1	1.0667	1.0769	0.8705
1353	1303770973793	1	1.0667	1.0769	0.8705
1354	1303770973879	1	1.0667	1.0769	0.8705
1355	1303770973921	1	1.0667	1.0769	0.8705
1356	1303770973965	1	1.0667	1.0769	0.8705
1357	1303770974008	1	1.0667	1.0769	0.8705
1358	1303770974050	1	1.0667	1.0769	0.8705
1359	1303770974094	1	1.0667	1.0769	0.8705
1360	1303770974137	1	1.0667	1.0769	0.8705
1361	1303770974179	1	1.0667	1.0769	0.8705
1362	1303770974222	1	1.0667	1.0769	0.8705
1363	1303770974266	1	1.0667	1.0769	0.8705
1364	1303770974308	1	1.0667	1.0769	0.8705
1365	1303770974350	1	1.0667	1.0769	0.8705
1366	1303770974392	1	1.0667	1.0769	0.8705
1367	1303770974439	1	1.0667	1.0769	0.8705
1368	1303770974483	1	1.0667	1.0769	0.8705
1369	1303770974525	1	1.0667	1.0769	0.8705
1370	1303770974568	1	1.0667	1.0769	0.8705
1371	1303770974612	1	1.0667	1.0769	0.8705
1372	1303770974654	1	1.0667	1.0769	0.8705
1373	1303770974698	1	1.0667	1.0769	0.8705
1374	1303770974742	1	1.0667	1.0769	0.8705
1375	1303770974784	1	1.0667	1.0769	0.8705
1376	1303770974827	1	1.0667	1.0769	0.8705
1377	1303770974869	1	1.0667	1.0769	0.8705
1378	1303770974912	1	1.0667	1.0769	0.8705
1379	1303770974955	1	1.0667	1.0769	0.8705
1380	1303770974997	1	1.0667	1.0769	0.8705
1381	1303770975040	1	1.0667	1.0769	0.8705
1382	1303770975083	1	1.0667	1.0769	0.8705
1383	1303770975125	1	1.0667	1.0769	0.8705
1384	1303770975171	1	1.0667	1.0769	0.8705
1385	1303770975214	1	1.0667	1.0769	0.8705
1386	1303770975258	1	1.0667	1.0769	0.8705
1387	1303770975301	1	1.0667	1.0769	0.8705
1388	1303770975345	1	1.0667	1.0769	0.8705
1389	1303770975389	1	1.0667	1.0769	0.8705
1390	1303770975433	1	1.0667	1.0769	0.8705
1391	1303770975475	1	1.0667	1.0769	0.8705
1392	1303770975518	1	1.0667	1.0769	0.8705
1393	1303770975561	1	1.0667	1.0769	0.8705
1394	1303770975603	1	1.0667	1.0769	0.8705
1395	1303770975646	1	1.0667	1.0769	0.8705
1396	1303770975689	1	1.0667	1.0769	0.8705
1397	1303770975731	1	1.0667	1.0769	0.8705
1398	1303770975818	1	1.0667	1.0769	0.8705
1399	1303770975861	1	1.0667	1.0769	0.8705
1400	1303770975903	1	1.0667	1.0769	0.8705
1401	1303770975948	1	1.0667	1.0769	0.8705
1402	1303770975991	1	1.0667	1.0769	0.8705
1403	1303770976035	1	1.0667	1.0769	0.8705
1404	1303770976080	1	1.0667	1.0769	0.8705
1405	1303770976125	1	1.0666	1.0769	0.8706
1406	1303770976170	1	1.0666	1.0769	0.8706
1407	1303770976258	1	1.0666	1.0769	0.8706
1408	1303770976303	1	1.0666	1.0769	0.8706
1409	1303770976347	1	1.0671	1.0769	0.8702
1410	1303770976390	1	1.0671	1.0769	0.8702
1411	1303770976433	1	1.0671	1.0769	0.8702
1412	1303770976518	1	1.0671	1.0769	0.8702
1413	1303770976563	1	1.0671	1.0769	0.8702
1414	1303770976606	1	1.0671	1.0769	0.8702
1415	1303770976649	1	1.0671	1.0769	0.8702
1416	1303770976691	1	1.0671	1.0769	0.8702
1417	1303770976777	1	1.0671	1.0769	0.8702
1418	1303770976821	1	1.0671	1.0769	0.8702
1419	1303770976864	1	1.0671	1.0769	0.8702
1420	1303770976907	1	1.0671	1.0769	0.8702
1421	1303770976950	1	1.0671	1.0769	0.8702
1422	1303770976995	1	1.0671	1.0769	0.8702
1423	1303770977040	1	1.0671	1.0769	0.8702
1424	1303770977084	1	1.0671	1.0769	0.8702
1425	1303770977170	1	1.0671	1.0769	0.8702
1426	1303770977215	1	1.0671	1.0769	0.8702
1427	1303770977259	1	1.0671	1.0769	0.8702
1428	1303770977303	1	1.0671	1.0769	0.8702
1429	1303770977349	1	1.0671	1.0769	0.8702
1430	1303770977392	1	1.0671	1.0769	0.8702
1431	1303770977436	1	1.0671	1.0769	0.8702
1432	1303770977479	1	1.0671	1.0769	0.8702
1433	1303770977521	1	1.0671	1.0769	0.8702
1434	1303770977565	1	1.0671	1.0769	0.8702
1435	1303770977609	1	1.0671	1.0769	0.8702
1436	1303770977653	1	1.0671	1.0769	0.8702
1437	1303770977696	1	1.0671	1.0769	0.8702
1438	1303770977782	1	1.0671	1.0769	0.8702
1439	1303770977825	1	1.0671	1.0769	0.8702
1440	1303770977868	1	1.0671	1.0769	0.8702
1441	1303770977911	1	1.0671	1.0769	0.8702
1442	1303770977954	1	1.0671	1.0769	0.8702
1443	1303770977997	1	1.0671	1.0769	0.8702
1444	1303770978083	1	1.0671	1.0769	0.8702
1445	1303770978127	1	1.0671	1.0769	0.8702
1446	1303770978171	1	1.0671	1.0769	0.8702
1447	1303770978214	1	1.0671	1.0769	0.8702
1448	1303770978258	1	1.0671	1.0769	0.8702
1449	1303770978301	1	1.0671	1.0769	0.8702
1450	1303770978344	1	1.0671	1.0769	0.8702
1451	1303770978389	1	1.0671	1.0769	0.8702
1452	1303770978432	1	1.0671	1.0769	0.8702
1453	1303770978475	1	1.0671	1.0769	0.8702
1454	1303770978520	1	1.0671	1.0769	0.8702
1455	1303770978564	1	1.0671	1.0769	0.8702
1456	1303770978650	1	1.0671	1.0769	0.8702
1457	1303770978695	1	1.0671	1.0769	0.8702
1458	1303770978738	1	1.0671	1.0769	0.8702
1459	1303770978780	1	1.0671	1.0769	0.8702
1460	1303770978824	1	1.0671	1.0769	0.8702
1461	1303770978867	1	1.0671	1.0769	0.8702
1462	1303770978909	1	1.0671	1.0769	0.8702
1463	1303770978994	1	1.0671	1.0769	0.8702
1464	1303770979039	1	1.0671	1.0769	0.8702
1465	1303770979082	1	1.0671	1.0769	0.8702
1466	1303770979127	1	1.0671	1.0769	0.8702
1467	1303770979173	1	1.0671	1.0769	0.8702
1468	1303770979219	1	1.0671	1.0769	0.8702
1469	1303770979264	1	1.0666	1.0769	0.8706
1470	1303770979308	1	1.0666	1.0769	0.8706
1471	1303770979352	1	1.0666	1.0769	0.8706
1472	1303770979394	1	1.0666	1.0769	0.8706
1473	1303770979437	1	1.0666	1.0769	0.8706
1474	1303770979479	1	1.0666	1.0769	0.8706
1475	1303770979523	1	1.0666	1.0769	0.8706
1476	1303770979567	1	1.0666	1.0769	0.8706
1477	1303770979610	1	1.0666	1.0769	0.8706
1478	1303770979653	1	1.0666	1.0769	0.8706
1479	1303770979696	1	1.0666	1.0769	0.8706
1480	1303770979739	1	1.0666	1.0769	0.8706
1481	1303770979783	1	1.0666	1.0769	0.8706
1482	1303770979827	1	1.0666	1.0769	0.8706
1483	1303770979869	1	1.0666	1.0769	0.8706
1484	1303770979912	1	1.0666	1.0769	0.8706
1485	1303770980003	1	1.0666	1.0769	0.8706
1486	1303770980046	1	1.0666	1.0769	0.8706
1487	1303770980090	1	1.0666	1.0769	0.8706
1488	1303770980133	1	1.0666	1.0769	0.8706
1489	1303770980220	1	1.0666	1.0769	0.8706
1490	1303770980265	1	1.0666	1.0769	0.8706
1491	1303770980351	1	1.0666	1.0769	0.8706
1492	1303770980394	1	1.0666	1.0769	0.8706
1493	1303770980438	1	1.0666	1.0769	0.8706
1494	1303770980481	1	1.0666	1.0769	0.8706
1495	1303770980524	1	1.0666	1.0769	0.8706
1496	1303770980567	1	1.0666	1.0769	0.8706
1497	1303770980611	1	1.0666	1.0769	0.8706
1498	1303770980655	1	1.0666	1.0769	0.8706
1499	1303770980741	1	1.0666	1.0769	0.8706
1500	1303770980784	1	1.0666	1.0769	0.8706
1501	1303770980828	1	1.0666	1.0769	0.8706
1502	1303770980871	1	1.0666	1.0769	0.8706
1503	1303770980913	1	1.0666	1.0769	0.8706
1504	1303770980956	1	1.0666	1.0769	0.8706
1505	1303770981000	1	1.0666	1.0769	0.8706
1506	1303770981041	1	1.0666	1.0769	0.8706
1507	1303770981085	1	1.0666	1.0769	0.8706
1508	1303770981171	1	1.0666	1.0769	0.8706
1509	1303770981214	1	1.0666	1.0769	0.8706
1510	1303770981259	1	1.0666	1.0769	0.8706
1511	1303770981302	1	1.0666	1.0769	0.8706
1512	1303770981346	1	1.0666	1.0769	0.8706
1513	1303770981390	1	1.0666	1.0769	0.8706
1514	1303770981434	1	1.0666	1.0769	0.8706
1515	1303770981476	1	1.0666	1.0769	0.8706
1516	1303770981520	1	1.0666	1.0769	0.8706
1517	1303770981562	1	1.0666	1.0769	0.8706
1518	1303770981606	1	1.0666	1.0769	0.8706
1519	1303770981653	1	1.0666	1.0769	0.8706
1520	1303770981700	1	1.0666	1.0769	0.8706
1521	1303770981743	1	1.0666	1.0769	0.8706
1522	1303770981786	1	1.0666	1.0769	0.8706
1523	1303770981828	1	1.0666	1.0769	0.8706
1524	1303770981872	1	1.0666	1.0769	0.8706
1525	1303770981915	1	1.0666	1.0769	0.8706
1526	1303770981958	1	1.0666	1.0769	0.8706
1527	1303770982004	1	1.0666	1.0769	0.8706
1528	1303770982050	1	1.0666	1.0769	0.8706
1529	1303770982094	1	1.0585	1.0769	0.8772
1530	1303770982138	1	1.0585	1.0769	0.8772
1531	1303770982181	1	1.0585	1.0769	0.8772
1532	1303770982224	1	1.0585	1.0769	0.8772
1533	1303770982267	1	1.0585	1.0769	0.8772
1534	1303770982309	1	1.0585	1.0769	0.8772
1535	1303770982351	1	1.0585	1.0769	0.8772
1536	1303770982394	1	1.0585	1.0769	0.8772
1537	1303770982437	1	1.0585	1.0769	0.8772
1538	1303770982480	1	1.0585	1.0769	0.8772
1539	1303770982523	1	1.0585	1.0769	0.8772
1540	1303770982566	1	1.0585	1.0769	0.8772
1541	1303770982610	1	1.0585	1.0769	0.8772
1542	1303770982654	1	1.0585	1.0769	0.8772
1543	1303770982696	1	1.0585	1.0769	0.8772
1544	1303770982739	1	1.0585	1.0769	0.8772
1545	1303770982782	1	1.0585	1.0769	0.8772
1546	1303770982824	1	1.0585	1.0769	0.8772
1547	1303770982866	1	1.0585	1.0769	0.8772
1548	1303770982909	1	1.0585	1.0769	0.8772
1549	1303770982953	1	1.0585	1.0769	0.8772
1550	1303770983038	1	1.0585	1.0769	0.8772
1551	1303770983082	1	1.0585	1.0769	0.8772
1552	1303770983125	1	1.0585	1.0769	0.8772
1553	1303770983171	1	1.0585	1.0769	0.8772
1554	1303770983215	1	1.0585	1.0769	0.8772
1555	1303770983258	1	1.0585	1.0769	0.8772
1556	1303770983302	1	1.0585	1.0769	0.8772
1557	1303770983346	1	1.0585	1.0769	0.8772
1558	1303770983388	1	1.0585	1.0769	0.8772
1559	1303770983432	1	1.0585	1.0769	0.8772
1560	1303770983475	1	1.0585	1.0769	0.8772
1561	1303770983519	1	1.0585	1.0769	0.8772
1562	1303770983562	1	1.0585	1.0769	0.8772
1563	1303770983604	1	1.0585	1.0769	0.8772
1564	1303770983647	1	1.0585	1.0769	0.8772
1565	1303770983689	1	1.0585	1.0769	0.8772
1566	1303770983731	1	1.0585	1.0769	0.8772
1567	1303770983774	1	1.0585	1.0769	0.8772
1568	1303770983816	1	1.0585	1.0769	0.8772
1569	1303770983861	1	1.0585	1.0769	0.8772
1570	1303770983904	1	1.0585	1.0769	0.8772
1571	1303770983946	1	1.0585	1.0769	0.8772
1572	1303770983989	1	1.0585	1.0769	0.8772
1573	1303770984076	1	1.0585	1.0769	0.8772
1574	1303770984162	1	1.0585	1.0769	0.8772
1575	1303770984206	1	1.0585	1.0769	0.8772
1576	1303770984250	1	1.0585	1.0769	0.8772
1577	1303770984293	1	1.0585	1.0769	0.8772
1578	1303770984336	1	1.0585	1.0769	0.8772
1579	1303770984379	1	1.0585	1.0769	0.8772
1580	1303770984423	1	1.0585	1.0769	0.8772
1581	1303770984466	1	1.0585	1.0769	0.8772
1582	1303770984511	1	1.0585	1.0769	0.8772
1583	1303770984553	1	1.0585	1.0769	0.8772
1584	1303770984598	1	1.0585	1.0769	0.8772
1585	1303770984641	1	1.0585	1.0769	0.8772
1586	1303770984683	1	1.0585	1.0769	0.8772
1587	1303770984726	1	1.0585	1.0769	0.8772
1588	1303770984771	1	1.0585	1.0769	0.8772
1589	1303770984815	1	1.0585	1.0769	0.8772
1590	1303770984860	1	1.0585	1.0769	0.8772
1591	1303770984904	1	1.0541	1.0769	0.8809
1592	1303770984948	1	1.0541	1.0769	0.8809
1593	1303770984991	1	1.0541	1.0769	0.8809
1594	1303770985034	1	1.0541	1.0769	0.8809
1595	1303770985076	1	1.0541	1.0769	0.8809
1596	1303770985119	1	1.0541	1.0769	0.8809
1597	1303770985162	1	1.0541	1.0769	0.8809
1598	1303770985204	1	1.0541	1.0769	0.8809
1599	1303770985248	1	1.0541	1.0769	0.8809
1600	1303770985291	1	1.0541	1.0769	0.8809
1601	1303770985334	1	1.0541	1.0769	0.8809
1602	1303770985377	1	1.0541	1.0769	0.8809
1603	1303770985419	1	1.0541	1.0769	0.8809
1604	1303770985504	1	1.0541	1.0769	0.8809
1605	1303770985549	1	1.0541	1.0769	0.8809
1606	1303770985590	1	1.0541	1.0769	0.8809
1607	1303770985635	1	1.0541	1.0769	0.8809
1608	1303770985679	1	1.0541	1.0769	0.8809
1609	1303770985720	1	1.0541	1.0769	0.8809
1610	1303770985765	1	1.0541	1.0769	0.8809
1611	1303770985808	1	1.0541	1.0769	0.8809
1612	1303770985851	1	1.0541	1.0769	0.8809
1613	1303770985894	1	1.0541	1.0769	0.8809
1614	1303770985936	1	1.0541	1.0769	0.8809
1615	1303770985979	1	1.0541	1.0769	0.8809
1616	1303770986024	1	1.0541	1.0769	0.8809
1617	1303770986066	1	1.0541	1.0769	0.8809
1618	1303770986109	1	1.0541	1.0769	0.8809
1619	1303770986152	1	1.0541	1.0769	0.8809
1620	1303770986237	1	1.0541	1.0769	0.8809
1621	1303770986323	1	1.0541	1.0769	0.8809
1622	1303770986367	1	1.0541	1.0769	0.8809
1623	1303770986410	1	1.0541	1.0769	0.8809
1624	1303770986452	1	1.0541	1.0769	0.8809
1625	1303770986495	1	1.0541	1.0769	0.8809
1626	1303770986539	1	1.0541	1.0769	0.8809
1627	1303770986582	1	1.0541	1.0769	0.8809
1628	1303770986625	1	1.0541	1.0769	0.8809
1629	1303770986667	1	1.0541	1.0769	0.8809
1630	1303770986710	1	1.0541	1.0769	0.8809
1631	1303770986752	1	1.0541	1.0769	0.8809
1632	1303770986796	1	1.0541	1.0769	0.8809
1633	1303770986839	1	1.0541	1.0769	0.8809
1634	1303770986926	1	1.0541	1.0769	0.8809
1635	1303770986969	1	1.0541	1.0769	0.8809
1636	1303770987013	1	1.0541	1.0769	0.8809
1637	1303770987055	1	1.0541	1.0769	0.8809
1638	1303770987099	1	1.0541	1.0769	0.8809
1639	1303770987142	1	1.0541	1.0769	0.8809
1640	1303770987184	1	1.0541	1.0769	0.8809
1641	1303770987227	1	1.0541	1.0769	0.8809
1642	1303770987270	1	1.0541	1.0769	0.8809
1643	1303770987312	1	1.0541	1.0769	0.8809
1644	1303770987356	1	1.0541	1.0769	0.8809
1645	1303770987401	1	1.0541	1.0769	0.8809
1646	1303770987444	1	1.0541	1.0769	0.8809
1647	1303770987487	1	1.0541	1.0769	0.8809
1648	1303770987530	1	1.0541	1.0769	0.8809
1649	1303770987616	1	1.0058	1.0769	0.9232
1650	1303770987662	1	1.0058	1.0769	0.9232
1651	1303770987749	1	1.0058	1.0769	0.9232
1652	1303770987794	1	1.0058	1.0769	0.9232
1653	1303770987836	1	1.0058	1.0769	0.9232
1654	1303770987880	1	1.0058	1.0769	0.9232
1655	1303770987923	1	1.0058	1.0769	0.9232
1656	1303770987965	1	1.0058	1.0769	0.9232
1657	1303770988008	1	1.0058	1.0769	0.9232
1658	1303770988051	1	1.0058	1.0769	0.9232
1659	1303770988093	1	1.0058	1.0769	0.9232
1660	1303770988136	1	1.0058	1.0769	0.9232
1661	1303770988178	1	1.0058	1.0769	0.9232
1662	1303770988221	1	1.0058	1.0769	0.9232
1663	1303770988265	1	1.0058	1.0769	0.9232
1664	1303770988307	1	1.0058	1.0769	0.9232
1665	1303770988350	1	1.0058	1.0769	0.9232
1666	1303770988393	1	1.0058	1.0769	0.9232
1667	1303770988435	1	1.0058	1.0769	0.9232
1668	1303770988478	1	1.0058	1.0769	0.9232
1669	1303770988521	1	1.0058	1.0769	0.9232
1670	1303770988565	1	1.0058	1.0769	0.9232
1671	1303770988608	1	1.0058	1.0769	0.9232
1672	1303770988649	1	1.0058	1.0769	0.9232
1673	1303770988693	1	1.0058	1.0769	0.9232
1674	1303770988738	1	1.0058	1.0769	0.9232
1675	1303770988780	1	1.0058	1.0769	0.9232
1676	1303770988822	1	1.0058	1.0769	0.9232
1677	1303770988865	1	1.0058	1.0769	0.9232
1678	1303770988907	1	1.0058	1.0769	0.9232
1679	1303770988950	1	1.0058	1.0769	0.9232
1680	1303770988993	1	1.0058	1.0769	0.9232
1681	1303770989082	1	1.0058	1.0769	0.9232
1682	1303770989126	1	1.0058	1.0769	0.9232
1683	1303770989170	1	1.0058	1.0769	0.9232
1684	1303770989213	1	1.0058	1.0769	0.9232
1685	1303770989256	1	1.0058	1.0769	0.9232
1686	1303770989298	1	1.0058	1.0769	0.9232
1687	1303770989341	1	1.0058	1.0769	0.9232
1688	1303770989384	1	1.0058	1.0769	0.9232
1689	1303770989469	1	1.0058	1.0769	0.9232
1690	1303770989513	1	1.0058	1.0769	0.9232
1691	1303770989555	1	1.0058	1.0769	0.9232
1692	1303770989597	1	1.0058	1.0769	0.9232
1693	1303770989641	1	1.0058	1.0769	0.9232
1694	1303770989684	1	1.0058	1.0769	0.9232
1695	1303770989726	1	1.0058	1.0769	0.9232
1696	1303770989769	1	1.0058	1.0769	0.9232
1697	1303770989810	1	1.0058	1.0769	0.9232
1698	1303770989856	1	1.0058	1.0769	0.9232
1699	1303770989899	1	1.0058	1.0769	0.9232
1700	1303770989941	1	1.0058	1.0769	0.9232
1701	1303770989983	1	1.0058	1.0769	0.9232
1702	1303770990027	1	1.0058	1.0769	0.9232
1703	1303770990070	1	1.0058	1.0769	0.9232
1704	1303770990160	1	1.0058	1.0769	0.9232
1705	1303770990204	1	1.0058	1.0769	0.9232
1706	1303770990247	1	1.0058	1.0769	0.9232
1707	1303770990290	1	1.0058	1.0769	0.9232
1708	1303770990376	1	1.0058	1.0769	0.9232
1709	1303770990419	1	1.0058	1.0769	0.9232
1710	1303770990464	1	1.0058	1.0769	0.9232
1711	1303770990511	1	1.0058	1.0769	0.9232
1712	1303770990556	1	1.0058	1.0769	0.9232
1713	1303770990601	1	1.0058	1.0769	0.9232
1714	1303770990644	1	1.0058	1.0769	0.9232
1715	1303770990686	1	1.0058	1.0769	0.9232
1716	1303770990729	1	1.0058	1.0769	0.9232
1717	1303770990771	1	1.0058	1.0769	0.9232
1718	1303770990813	1	1.0058	1.0769	0.9232
1719	1303770990856	1	1.0058	1.0769	0.9232
1720	1303770990946	1	1.0058	1.0769	0.9232
1721	1303770991034	1	1.0058	1.0769	0.9232
1722	1303770991079	1	1.0058	1.0769	0.9232
1723	1303770991122	1	1.0058	1.0769	0.9232
1724	1303770991164	1	1.0058	1.0769	0.9232
1725	1303770991207	1	1.0058	1.0769	0.9232
1726	1303770991251	1	1.0058	1.0769	0.9232
1727	1303770991293	1	1.0058	1.0769	0.9232
1728	1303770991336	1	1.0058	1.0769	0.9232
1729	1303770991379	1	1.0058	1.0769	0.9232
1730	1303770991422	1	1.0058	1.0769	0.9232
1731	1303770991466	1	1.0058	1.0769	0.9232
1732	1303770991552	1	1.0058	1.0769	0.9232
1733	1303770991596	1	1.0058	1.0769	0.9232
1734	1303770991639	1	1.0058	1.0769	0.9232
1735	1303770991683	1	1.0058	1.0769	0.9232
1736	1303770991725	1	1.0058	1.0769	0.9232
1737	1303770991768	1	1.0058	1.0769	0.9232
1738	1303770991810	1	1.0058	1.0769	0.9232
1739	1303770991853	1	1.0058	1.0769	0.9232
1740	1303770991896	1	1.0058	1.0769	0.9232
1741	1303770991938	1	1.0058	1.0769	0.9232
1742	1303770991981	1	1.0058	1.0769	0.9232
1743	1303770992024	1	1.0058	1.0769	0.9232
1744	1303770992066	1	1.0058	1.0769	0.9232
1745	1303770992152	1	1.0058	1.0769	0.9232
1746	1303770992195	1	1.0058	1.0769	0.9232
1747	1303770992238	1	1.0058	1.0769	0.9232
1748	1303770992282	1	1.0058	1.0769	0.9232
1749	1303770992325	1	1.0058	1.0769	0.9232
1750	1303770992369	1	1.0058	1.0769	0.9232
1751	1303770992412	1	1.0058	1.0769	0.9232
1752	1303770992454	1	1.0058	1.0769	0.9232
1753	1303770992497	1	1.0058	1.0769	0.9232
1754	1303770992541	1	1.0058	1.0769	0.9232
1755	1303770992584	1	1.0058	1.0769	0.9232
1756	1303770992627	1	1.0058	1.0769	0.9232
1757	1303770992671	1	1.0058	1.0769	0.9232
1758	1303770992714	1	1.0058	1.0769	0.9232
1759	1303770992757	1	1.0058	1.0769	0.9232
1760	1303770992799	1	1.0058	1.0769	0.9232
1761	1303770992842	1	1.0058	1.0769	0.9232
1762	1303770992886	1	1.0058	1.0769	0.9232
1763	1303770992928	1	1.0058	1.0769	0.9232
1764	1303770992972	1	1.0058	1.0769	0.9232
1765	1303770993015	1	1.0058	1.0769	0.9232
1766	1303770993057	1	1.0058	1.0769	0.9232
1767	1303770993146	1	1.0058	1.0769	0.9232
1768	1303770993190	1	1.0058	1.0769	0.9232
1769	1303770993232	1	1.0058	1.0769	0.9232
1770	1303770993276	1	1.0058	1.0769	0.9232
1771	1303770993341	1	1.0058	1.0769	0.9232
1772	1303770993400	1	1.0058	1.0769	0.9232
1773	1303770993444	1	1.0058	1.0769	0.9232
1774	1303770993531	1	1.0058	1.0769	0.9232
1775	1303770993574	1	1.0058	1.0769	0.9232
1776	1303770993618	1	1.0058	1.0769	0.9232
1777	1303770993662	1	1.0058	1.0769	0.9232
1778	1303770993704	1	1.0058	1.0769	0.9232
1779	1303770993747	1	1.0058	1.0769	0.9232
1780	1303770993833	1	1.0058	1.0769	0.9232
1781	1303770993876	1	1.0058	1.0769	0.9232
1782	1303770993919	1	1.0058	1.0769	0.9232
1783	1303770993961	1	1.0058	1.0769	0.9232
1784	1303770994006	1	1.0058	1.0769	0.9232
1785	1303770994049	1	1.0058	1.0769	0.9232
1786	1303770994091	1	1.0058	1.0769	0.9232
1787	1303770994136	1	1.0058	1.0769	0.9232
1788	1303770994222	1	1.0058	1.0769	0.9232
1789	1303770994265	1	1.0058	1.0769	0.9232
1790	1303770994308	1	1.0058	1.0769	0.9232
1791	1303770994353	1	1.0058	1.0769	0.9232
1792	1303770994395	1	1.0058	1.0769	0.9232
1793	1303770994438	1	1.0058	1.0769	0.9232
1794	1303770994480	1	1.0058	1.0769	0.9232
1795	1303770994522	1	1.0058	1.0769	0.9232
1796	1303770994565	1	1.0058	1.0769	0.9232
1797	1303770994607	1	1.0058	1.0769	0.9232
1798	1303770994691	1	1.0058	1.0769	0.9232
1799	1303770994735	1	1.0058	1.0769	0.9232
1800	1303770994777	1	1.0058	1.0769	0.9232
