0	1303771174769	0	0	0	0
1	1303771174777	0	0	0	0
2	1303771174827	0	0	0	0
3	1303771174836	0	0	0	0
4	1303771174847	0	0	0	0
5	1303771174858	0	0	0	0
6	1303771174913	0	0	0	0
7	1303771174927	0	0	0	0
8	1303771174940	0	0	0	0
9	1303771174950	0	0	0	0
10	1303771174961	0	0	0	0
11	1303771174971	0	0	0	0
12	1303771174985	0	0	0	0
13	1303771174997	0	0	0	0
14	1303771175049	0	0	0	0
15	1303771175061	0	0	0	0
16	1303771175072	0	0	0	0
17	1303771175126	0	0	0	0
18	1303771175137	0	0	0	0
19	1303771175149	0	0	0	0
20	1303771175160	0	0	0	0
21	1303771175175	0	0	0	0
22	1303771175188	0	0	0	0
23	1303771175201	0	0	0	0
24	1303771175213	0	0	0	0
25	1303771175229	0	0	0	0
26	1303771175243	0	0	0	0
27	1303771175257	0	0	0	0
28	1303771175274	1	0	0	0
29	1303771175312	1	0	0	0
30	1303771175348	1	0	0	0
31	1303771175406	1	0	0	0
32	1303771175426	1	1.078	0	0
33	1303771175447	1	1.078	0	0
34	1303771175461	1	1.078	0	0
35	1303771175477	1	1.078	1.5	0.6184
36	1303771175492	1	1.078	1.5	0.6184
37	1303771175507	1	1.078	1.5	0.6184
38	1303771175523	1	1.078	1.5	0.6184
39	1303771175538	1	1.078	1.1667	0.7951
40	1303771175554	1	1.078	1.375	0.6747
41	1303771175570	1	1.078	1.3333	0.6958
42	1303771175585	1	1.078	1.2	0.7731
43	1303771175600	1	1.078	1.25	0.7421
44	1303771175617	1	1.078	1.1	0.8433
45	1303771175633	1	1.078	1.125	0.8246
46	1303771175649	1	1.078	1.125	0.8246
47	1303771175666	1	1.078	1.2	0.7731
48	1303771175681	1	1.078	1.25	0.7421
49	1303771175697	1	1.078	1.1	0.8433
50	1303771175714	1	1.078	1.2	0.7731
51	1303771175729	1	1.078	1.1	0.8433
52	1303771175746	1	1.078	1.0714	0.8658
53	1303771175763	1	1.078	1.0714	0.8658
54	1303771175780	1	1.078	1	0.9277
55	1303771175798	1	1.078	1.1	0.8433
56	1303771175814	1	1.078	1.1	0.8433
57	1303771175831	1	1.078	1.1667	0.7951
58	1303771175849	1	1.078	1.2	0.7731
59	1303771175865	1	1.078	1.0714	0.8658
60	1303771175881	1	1.078	1.0833	0.8563
61	1303771175899	1	1.078	1	0.9277
62	1303771175916	1	1.078	1.0625	0.8731
63	1303771175933	1	1.078	1.125	0.8246
64	1303771175949	1	1.078	1.0714	0.8658
65	1303771175966	1	1.078	1.0625	0.8731
66	1303771175984	1	1.078	1.0625	0.8731
67	1303771176000	1	1.078	1.125	0.8246
68	1303771176019	1	1.078	1.125	0.8246
69	1303771176035	1	1.078	1.125	0.8246
70	1303771176053	1	1.078	1.125	0.8246
71	1303771176112	1	1.078	1.125	0.8246
72	1303771176130	1	1.078	1.125	0.8246
73	1303771176146	1	1.078	1.125	0.8246
74	1303771176165	1	1.078	1.125	0.8246
75	1303771176181	1	1.078	1.125	0.8246
76	1303771176198	1	1.078	1.125	0.8246
77	1303771176215	1	1.078	1.125	0.8246
78	1303771176230	1	1.078	1.125	0.8246
79	1303771176248	1	1.078	1.125	0.8246
80	1303771176264	1	1.078	1.125	0.8246
81	1303771176281	1	1.078	1.125	0.8246
82	1303771176299	1	1.078	1.125	0.8246
83	1303771176315	1	1.078	1.125	0.8246
84	1303771176331	1	1.078	1.0625	0.8731
85	1303771176349	1	1.078	1.125	0.8246
86	1303771176370	1	1.078	1.125	0.8246
87	1303771176388	1	1.078	1.125	0.8246
88	1303771176406	1	1.078	1.0625	0.8731
89	1303771176423	1	1.078	1.125	0.8246
90	1303771176442	1	1.078	1.125	0.8246
91	1303771176459	1	1.078	1.125	0.8246
92	1303771176478	1	1.078	1.0625	0.8731
93	1303771176497	1	1.025	1.125	0.8672
94	1303771176517	1	1.025	1.125	0.8672
95	1303771176538	1	1.025	1.125	0.8672
96	1303771176556	1	1.025	1.0625	0.9182
97	1303771176616	1	1.025	1.0625	0.9182
98	1303771176633	1	1.025	1.125	0.8672
99	1303771176652	1	1.025	1.125	0.8672
100	1303771176669	1	1.025	1.0625	0.9182
101	1303771176779	1	1.025	1.0625	0.9182
102	1303771176797	1	1.025	1.125	0.8672
103	1303771176815	1	1.025	1.125	0.8672
104	1303771176833	1	1.025	1.0625	0.9182
105	1303771176850	1	1.025	1.0625	0.9182
106	1303771176883	1	1.025	1.125	0.8672
107	1303771176900	1	1.025	1.125	0.8672
108	1303771176917	1	1.025	1.0625	0.9182
109	1303771176935	1	1.025	1.125	0.8672
110	1303771176952	1	1.025	1.125	0.8672
111	1303771176970	1	1.025	1.125	0.8672
112	1303771176988	1	1.025	1.0625	0.9182
113	1303771177006	1	1.025	1.125	0.8672
114	1303771177024	1	1.025	1.125	0.8672
115	1303771177041	1	1.025	1.125	0.8672
116	1303771177101	1	1.025	1.0625	0.9182
117	1303771177119	1	1.025	1.125	0.8672
118	1303771177136	1	1.025	1.125	0.8672
119	1303771177154	1	1.025	1.125	0.8672
120	1303771177172	1	1.025	1.0625	0.9182
121	1303771177192	1	1.025	1.125	0.8672
122	1303771177208	1	1.025	1.125	0.8672
123	1303771177267	1	1.025	1.125	0.8672
124	1303771177286	1	1.025	1.0625	0.9182
125	1303771177303	1	1.025	1.125	0.8672
126	1303771177322	1	1.025	1.125	0.8672
127	1303771177386	1	1.025	1.125	0.8672
128	1303771177405	1	1.025	1.0625	0.9182
129	1303771177422	1	1.025	1.125	0.8672
130	1303771177439	1	1.025	1.125	0.8672
131	1303771177458	1	1.025	1.125	0.8672
132	1303771177476	1	1.025	1.0625	0.9182
133	1303771177537	1	1.025	1.125	0.8672
134	1303771177553	1	1.025	1.125	0.8672
135	1303771177613	1	1.025	1.125	0.8672
136	1303771177634	1	1.025	1.0625	0.9182
137	1303771177651	1	1.025	1.125	0.8672
138	1303771177711	1	1.025	1.125	0.8672
139	1303771177727	1	1.025	1.125	0.8672
140	1303771177744	1	1.025	1.0625	0.9182
141	1303771177763	1	1.025	1.125	0.8672
142	1303771177780	1	1.025	1.125	0.8672
143	1303771177798	1	1.025	1.125	0.8672
144	1303771177856	1	1.025	1.0625	0.9182
145	1303771177875	1	1.025	1.125	0.8672
146	1303771177934	1	1.025	1.125	0.8672
147	1303771177951	1	1.025	1.125	0.8672
148	1303771177970	1	1.025	1.0625	0.9182
149	1303771177988	1	1.025	1.125	0.8672
150	1303771178008	1	1.025	1.125	0.8672
151	1303771178024	1	1.025	1.125	0.8672
152	1303771178043	1	1.025	1.0625	0.9182
153	1303771178062	1	1.025	1.125	0.8672
154	1303771178081	1	1.025	1.125	0.8672
155	1303771178143	1	1.025	1.125	0.8672
156	1303771178162	1	1.025	1.0625	0.9182
157	1303771178181	1	1.0464	1.125	0.8495
158	1303771178199	1	1.0464	1.125	0.8495
159	1303771178219	1	1.0464	1.125	0.8495
160	1303771178282	1	1.0464	1.0625	0.8995
161	1303771178302	1	1.0464	1.125	0.8495
162	1303771178321	1	1.0464	1.125	0.8495
163	1303771178383	1	1.0464	1.125	0.8495
164	1303771178401	1	1.0464	1.0625	0.8995
165	1303771178419	1	1.0464	1.125	0.8495
166	1303771178439	1	1.0464	1.125	0.8495
167	1303771178498	1	1.0464	1.125	0.8495
168	1303771178563	1	1.0464	1.0625	0.8995
169	1303771178581	1	1.0464	1.125	0.8495
170	1303771178600	1	1.0464	1.125	0.8495
171	1303771178619	1	1.0464	1.125	0.8495
172	1303771178679	1	1.0464	1.0625	0.8995
173	1303771178698	1	1.0464	1.125	0.8495
174	1303771178718	1	1.0464	1.125	0.8495
175	1303771178736	1	1.0464	1.125	0.8495
176	1303771178754	1	1.0464	1.0625	0.8995
177	1303771178774	1	1.0464	1.125	0.8495
178	1303771178793	1	1.0464	1.125	0.8495
179	1303771178815	1	1.0464	1.125	0.8495
180	1303771178833	1	1.0464	1.0625	0.8995
181	1303771178854	1	1.0464	1.125	0.8495
182	1303771178873	1	1.0464	1.125	0.8495
183	1303771178891	1	1.0464	1.125	0.8495
184	1303771178910	1	1.0464	1.125	0.8495
185	1303771178929	1	1.0464	1.125	0.8495
186	1303771178948	1	1.0464	1.125	0.8495
187	1303771178966	1	1.0464	1.125	0.8495
188	1303771179027	1	1.0464	1.125	0.8495
189	1303771179045	1	1.0464	1.125	0.8495
190	1303771179064	1	1.0464	1.125	0.8495
191	1303771179083	1	1.0464	1.125	0.8495
192	1303771179102	1	1.0464	1.125	0.8495
193	1303771179120	1	1.0464	1.0625	0.8995
194	1303771179139	1	1.0464	1.125	0.8495
195	1303771179157	1	1.0464	1.125	0.8495
196	1303771179176	1	1.0464	1.125	0.8495
197	1303771179195	1	1.0464	1.125	0.8495
198	1303771179214	1	1.0464	1.125	0.8495
199	1303771179233	1	1.0464	1.125	0.8495
200	1303771179294	1	1.0464	1.125	0.8495
201	1303771179313	1	1.0464	1.125	0.8495
202	1303771179332	1	1.0464	1.125	0.8495
203	1303771179352	1	1.0464	1.125	0.8495
204	1303771179370	1	1.0464	1.125	0.8495
205	1303771179390	1	1.0464	1.125	0.8495
206	1303771179408	1	1.0464	1.125	0.8495
207	1303771179426	1	1.0464	1.125	0.8495
208	1303771179446	1	1.0464	1.125	0.8495
209	1303771179464	1	1.0464	1.125	0.8495
210	1303771179484	1	1.0464	1.125	0.8495
211	1303771179502	1	1.0464	1.125	0.8495
212	1303771179522	1	1.0464	1.125	0.8495
213	1303771179582	1	1.0464	1.125	0.8495
214	1303771179602	1	1.0464	1.125	0.8495
215	1303771179621	1	1.0464	1.125	0.8495
216	1303771179639	1	1.0464	1.125	0.8495
217	1303771179700	1	1.0464	1.125	0.8495
218	1303771179718	1	1.0809	1.0625	0.8708
219	1303771179738	1	1.0809	1.125	0.8224
220	1303771179756	1	1.0809	1.125	0.8224
221	1303771179775	1	1.0809	1.125	0.8224
222	1303771179794	1	1.0809	1.0625	0.8708
223	1303771179814	1	1.0809	1.125	0.8224
224	1303771179832	1	1.0809	1.125	0.8224
225	1303771179851	1	1.0809	1.125	0.8224
226	1303771179871	1	1.0809	1.125	0.8224
227	1303771179890	1	1.0809	1.125	0.8224
228	1303771179910	1	1.0809	1.125	0.8224
229	1303771179929	1	1.0809	1.125	0.8224
230	1303771179948	1	1.0809	1.125	0.8224
231	1303771180008	1	1.0809	1.125	0.8224
232	1303771180026	1	1.0809	1.125	0.8224
233	1303771180046	1	1.0809	1.125	0.8224
234	1303771180064	1	1.0809	1.125	0.8224
235	1303771180084	1	1.0809	1.125	0.8224
236	1303771180143	1	1.0809	1.125	0.8224
237	1303771180163	1	1.0809	1.125	0.8224
238	1303771180181	1	1.0809	1.125	0.8224
239	1303771180201	1	1.0809	1.125	0.8224
240	1303771180219	1	1.0809	1.125	0.8224
241	1303771180237	1	1.0809	1.125	0.8224
242	1303771180256	1	1.0809	1.125	0.8224
243	1303771180274	1	1.0809	1.125	0.8224
244	1303771180293	1	1.0809	1.125	0.8224
245	1303771180311	1	1.0809	1.125	0.8224
246	1303771180331	1	1.0809	1.125	0.8224
247	1303771180349	1	1.0809	1.125	0.8224
248	1303771180367	1	1.0809	1.125	0.8224
249	1303771180428	1	1.0809	1.125	0.8224
250	1303771180446	1	1.0809	1.125	0.8224
251	1303771180465	1	1.0809	1.125	0.8224
252	1303771180483	1	1.0809	1.125	0.8224
253	1303771180503	1	1.0809	1.125	0.8224
254	1303771180521	1	1.0809	1.125	0.8224
255	1303771180541	1	1.0809	1.125	0.8224
256	1303771180600	1	1.0809	1.125	0.8224
257	1303771180618	1	1.0809	1.125	0.8224
258	1303771180638	1	1.0809	1.125	0.8224
259	1303771180655	1	1.0809	1.125	0.8224
260	1303771180675	1	1.0809	1.125	0.8224
261	1303771180693	1	1.0809	1.125	0.8224
262	1303771180712	1	1.0809	1.125	0.8224
263	1303771180731	1	1.0809	1.125	0.8224
264	1303771180749	1	1.0809	1.125	0.8224
265	1303771180768	1	1.0809	1.125	0.8224
266	1303771180786	1	1.0809	1.125	0.8224
267	1303771180856	1	1.0809	1.125	0.8224
268	1303771180874	1	1.0809	1.125	0.8224
269	1303771180893	1	1.0809	1.125	0.8224
270	1303771180913	1	1.0809	1.125	0.8224
271	1303771180933	1	1.0809	1.125	0.8224
272	1303771180951	1	1.0809	1.125	0.8224
273	1303771180969	1	1.0809	1.125	0.8224
274	1303771180989	1	1.0809	1.125	0.8224
275	1303771181052	1	1.0809	1.125	0.8224
276	1303771181073	1	1.0809	1.125	0.8224
277	1303771181092	1	1.0809	1.125	0.8224
278	1303771181111	1	1.0809	1.125	0.8224
279	1303771181130	1	1.0093	1.125	0.8807
280	1303771181150	1	1.0093	1.0625	0.9325
281	1303771181170	1	1.0093	1.125	0.8807
282	1303771181231	1	1.0093	1.125	0.8807
283	1303771181250	1	1.0093	1.125	0.8807
284	1303771181269	1	1.0093	1.0625	0.9325
285	1303771181289	1	1.0093	1.125	0.8807
286	1303771181308	1	1.0093	1.125	0.8807
287	1303771181328	1	1.0093	1.125	0.8807
288	1303771181347	1	1.0093	1.0625	0.9325
289	1303771181365	1	1.0093	1.125	0.8807
290	1303771181430	1	1.0093	1.125	0.8807
291	1303771181449	1	1.0093	1.125	0.8807
292	1303771181468	1	1.0093	1.0625	0.9325
293	1303771181487	1	1.0093	1.125	0.8807
294	1303771181549	1	1.0093	1.125	0.8807
295	1303771181567	1	1.0093	1.125	0.8807
296	1303771181587	1	1.0093	1.0625	0.9325
297	1303771181605	1	1.0093	1.125	0.8807
298	1303771181665	1	1.0093	1.125	0.8807
299	1303771181685	1	1.0093	1.125	0.8807
300	1303771181703	1	1.0093	1.0625	0.9325
301	1303771181722	1	1.0093	1.125	0.8807
302	1303771181740	1	1.0093	1.125	0.8807
303	1303771181760	1	1.0093	1.125	0.8807
304	1303771181778	1	1.0093	1.0625	0.9325
305	1303771181797	1	1.0093	1.125	0.8807
306	1303771181815	1	1.0093	1.125	0.8807
307	1303771181833	1	1.0093	1.125	0.8807
308	1303771181853	1	1.0093	1.125	0.8807
309	1303771181872	1	1.0093	1.125	0.8807
310	1303771181891	1	1.0093	1.125	0.8807
311	1303771181909	1	1.0093	1.125	0.8807
312	1303771181929	1	1.0093	1.125	0.8807
313	1303771181948	1	1.0093	1.125	0.8807
314	1303771181967	1	1.0093	1.125	0.8807
315	1303771181987	1	1.0093	1.125	0.8807
316	1303771182005	1	1.0093	1.125	0.8807
317	1303771182025	1	1.0093	1.125	0.8807
318	1303771182043	1	1.0093	1.125	0.8807
319	1303771182062	1	1.0093	1.125	0.8807
320	1303771182080	1	1.0093	1.125	0.8807
321	1303771182099	1	1.0093	1.125	0.8807
322	1303771182118	1	1.0093	1.125	0.8807
323	1303771182136	1	1.0093	1.125	0.8807
324	1303771182155	1	1.0093	1.125	0.8807
325	1303771182219	1	1.0093	1.125	0.8807
326	1303771182240	1	1.0093	1.125	0.8807
327	1303771182258	1	1.0093	1.125	0.8807
328	1303771182279	1	1.0093	1.125	0.8807
329	1303771182297	1	1.0093	1.125	0.8807
330	1303771182316	1	1.0093	1.125	0.8807
331	1303771182336	1	1.0093	1.125	0.8807
332	1303771182401	1	1.0093	1.125	0.8807
333	1303771182422	1	1.0093	1.125	0.8807
334	1303771182481	1	1.0093	1.125	0.8807
335	1303771182501	1	1.0093	1.125	0.8807
336	1303771182519	1	1.0093	1.125	0.8807
337	1303771182540	1	1.0093	1.125	0.8807
338	1303771182560	1	1.0246	1.125	0.8675
339	1303771182578	1	1.0246	1.125	0.8675
340	1303771182598	1	1.0246	1.125	0.8675
341	1303771182662	1	1.0246	1.125	0.8675
342	1303771182724	1	1.0246	1.125	0.8675
343	1303771182742	1	1.0246	1.125	0.8675
344	1303771182761	1	1.0246	1.125	0.8675
345	1303771182779	1	1.0246	1.125	0.8675
346	1303771182799	1	1.0246	1.125	0.8675
347	1303771182817	1	1.0246	1.125	0.8675
348	1303771182878	1	1.0246	1.125	0.8675
349	1303771182898	1	1.0246	1.125	0.8675
350	1303771182916	1	1.0246	1.125	0.8675
351	1303771182936	1	1.0246	1.125	0.8675
352	1303771182953	1	1.0246	1.125	0.8675
353	1303771182973	1	1.0246	1.125	0.8675
354	1303771182991	1	1.0246	1.125	0.8675
355	1303771183009	1	1.0246	1.125	0.8675
356	1303771183029	1	1.0246	1.125	0.8675
357	1303771183089	1	1.0246	1.125	0.8675
358	1303771183108	1	1.0246	1.125	0.8675
359	1303771183126	1	1.0246	1.125	0.8675
360	1303771183146	1	1.0246	1.125	0.8675
361	1303771183163	1	1.0246	1.125	0.8675
362	1303771183224	1	1.0246	1.125	0.8675
363	1303771183242	1	1.0246	1.125	0.8675
364	1303771183301	1	1.0246	1.125	0.8675
365	1303771183321	1	1.0246	1.125	0.8675
366	1303771183339	1	1.0246	1.125	0.8675
367	1303771183358	1	1.0246	1.125	0.8675
368	1303771183376	1	1.0246	1.125	0.8675
369	1303771183396	1	1.0246	1.125	0.8675
370	1303771183414	1	1.0246	1.125	0.8675
371	1303771183433	1	1.0246	1.125	0.8675
372	1303771183454	1	1.0246	1.125	0.8675
373	1303771183472	1	1.0246	1.125	0.8675
374	1303771183532	1	1.0246	1.125	0.8675
375	1303771183549	1	1.0246	1.125	0.8675
376	1303771183570	1	1.0246	1.125	0.8675
377	1303771183589	1	1.0246	1.125	0.8675
378	1303771183606	1	1.0246	1.125	0.8675
379	1303771183626	1	1.0246	1.125	0.8675
380	1303771183643	1	1.0246	1.125	0.8675
381	1303771183664	1	1.0246	1.125	0.8675
382	1303771183682	1	1.0246	1.125	0.8675
383	1303771183703	1	1.0246	1.125	0.8675
384	1303771183721	1	1.0246	1.125	0.8675
385	1303771183781	1	1.0246	1.125	0.8675
386	1303771183800	1	1.0246	1.125	0.8675
387	1303771183857	1	1.0246	1.125	0.8675
388	1303771183989	1	1.0246	1.125	0.8675
389	1303771184008	1	1.0246	1.125	0.8675
390	1303771184027	1	1.0246	1.125	0.8675
391	1303771184044	1	1.0246	1.125	0.8675
392	1303771184062	1	1.0246	1.125	0.8675
393	1303771184125	1	1.0246	1.125	0.8675
394	1303771184142	1	1.0246	1.125	0.8675
395	1303771184162	1	1.0246	1.125	0.8675
396	1303771184223	1	1.0246	1.125	0.8675
397	1303771184243	1	1.0246	1.125	0.8675
398	1303771184261	1	1.0246	1.125	0.8675
399	1303771184280	1	1.0246	1.125	0.8675
400	1303771184298	1	1.0246	1.0625	0.9185
401	1303771184317	1	1.0426	1.125	0.8526
402	1303771184337	1	1.0426	1.125	0.8526
403	1303771184355	1	1.0426	1.125	0.8526
404	1303771184374	1	1.0426	1.0625	0.9028
405	1303771184434	1	1.0426	1.125	0.8526
406	1303771184454	1	1.0426	1.125	0.8526
407	1303771184472	1	1.0426	1.125	0.8526
408	1303771184491	1	1.0426	1.125	0.8526
409	1303771184510	1	1.0426	1.125	0.8526
410	1303771184529	1	1.0426	1.125	0.8526
411	1303771184548	1	1.0426	1.125	0.8526
412	1303771184566	1	1.0426	1.125	0.8526
413	1303771184585	1	1.0426	1.125	0.8526
414	1303771184603	1	1.0426	1.125	0.8526
415	1303771184621	1	1.0426	1.125	0.8526
416	1303771184641	1	1.0426	1.125	0.8526
417	1303771184701	1	1.0426	1.125	0.8526
418	1303771184720	1	1.0426	1.125	0.8526
419	1303771184739	1	1.0426	1.125	0.8526
420	1303771184800	1	1.0426	1.125	0.8526
421	1303771184860	1	1.0426	1.125	0.8526
422	1303771184879	1	1.0426	1.125	0.8526
423	1303771184897	1	1.0426	1.125	0.8526
424	1303771184915	1	1.0426	1.125	0.8526
425	1303771184976	1	1.0426	1.125	0.8526
426	1303771184996	1	1.0426	1.125	0.8526
427	1303771185016	1	1.0426	1.125	0.8526
428	1303771185034	1	1.0426	1.125	0.8526
429	1303771185053	1	1.0426	1.125	0.8526
430	1303771185071	1	1.0426	1.125	0.8526
431	1303771185090	1	1.0426	1.125	0.8526
432	1303771185109	1	1.0426	1.125	0.8526
433	1303771185126	1	1.0426	1.125	0.8526
434	1303771185146	1	1.0426	1.125	0.8526
435	1303771185164	1	1.0426	1.125	0.8526
436	1303771185184	1	1.0426	1.125	0.8526
437	1303771185202	1	1.0426	1.125	0.8526
438	1303771185221	1	1.0426	1.125	0.8526
439	1303771185240	1	1.0426	1.125	0.8526
440	1303771185258	1	1.0426	1.125	0.8526
441	1303771185278	1	1.0426	1.125	0.8526
442	1303771185296	1	1.0426	1.125	0.8526
443	1303771185315	1	1.0426	1.125	0.8526
444	1303771185333	1	1.0426	1.125	0.8526
445	1303771185352	1	1.0426	1.125	0.8526
446	1303771185373	1	1.0426	1.125	0.8526
447	1303771185391	1	1.0426	1.125	0.8526
448	1303771185411	1	1.0426	1.125	0.8526
449	1303771185471	1	1.0426	1.125	0.8526
450	1303771185491	1	1.0426	1.125	0.8526
451	1303771185510	1	1.0426	1.125	0.8526
452	1303771185570	1	1.0426	1.125	0.8526
453	1303771185588	1	1.0426	1.125	0.8526
454	1303771185606	1	1.0426	1.125	0.8526
455	1303771185626	1	1.0426	1.125	0.8526
456	1303771185644	1	1.0426	1.125	0.8526
457	1303771185663	1	1.0426	1.125	0.8526
458	1303771185682	1	1.0426	1.125	0.8526
459	1303771185701	1	1.0426	1.125	0.8526
460	1303771185719	1	1.0426	1.125	0.8526
461	1303771185739	1	1.0426	1.0625	0.9028
462	1303771185760	1	1.0572	1.125	0.8408
463	1303771185778	1	1.0572	1.125	0.8408
464	1303771185839	1	1.0572	1.125	0.8408
465	1303771185857	1	1.0572	1.0625	0.8902
466	1303771185876	1	1.0572	1.125	0.8408
467	1303771185894	1	1.0572	1.125	0.8408
468	1303771185912	1	1.0572	1.125	0.8408
469	1303771185931	1	1.0572	1.125	0.8408
470	1303771185949	1	1.0572	1.125	0.8408
471	1303771185968	1	1.0572	1.125	0.8408
472	1303771185987	1	1.0572	1.125	0.8408
473	1303771186048	1	1.0572	1.125	0.8408
474	1303771186066	1	1.0572	1.125	0.8408
475	1303771186084	1	1.0572	1.125	0.8408
476	1303771186103	1	1.0572	1.125	0.8408
477	1303771186121	1	1.0572	1.125	0.8408
478	1303771186141	1	1.0572	1.125	0.8408
479	1303771186160	1	1.0572	1.125	0.8408
480	1303771186180	1	1.0572	1.125	0.8408
481	1303771186199	1	1.0572	1.125	0.8408
482	1303771186260	1	1.0572	1.125	0.8408
483	1303771186278	1	1.0572	1.125	0.8408
484	1303771186296	1	1.0572	1.125	0.8408
485	1303771186316	1	1.0572	1.125	0.8408
486	1303771186335	1	1.0572	1.125	0.8408
487	1303771186397	1	1.0572	1.125	0.8408
488	1303771186415	1	1.0572	1.125	0.8408
489	1303771186435	1	1.0572	1.125	0.8408
490	1303771186453	1	1.0572	1.125	0.8408
491	1303771186471	1	1.0572	1.125	0.8408
492	1303771186490	1	1.0572	1.125	0.8408
493	1303771186507	1	1.0572	1.125	0.8408
494	1303771186527	1	1.0572	1.125	0.8408
495	1303771186545	1	1.0572	1.125	0.8408
496	1303771186606	1	1.0572	1.125	0.8408
497	1303771186624	1	1.0572	1.125	0.8408
498	1303771186642	1	1.0572	1.125	0.8408
499	1303771186662	1	1.0572	1.125	0.8408
500	1303771186721	1	1.0572	1.125	0.8408
501	1303771186742	1	1.0572	1.125	0.8408
502	1303771186759	1	1.0572	1.125	0.8408
503	1303771186779	1	1.0572	1.125	0.8408
504	1303771186797	1	1.0572	1.125	0.8408
505	1303771186815	1	1.0572	1.125	0.8408
506	1303771186836	1	1.0572	1.125	0.8408
507	1303771186854	1	1.0572	1.125	0.8408
508	1303771186873	1	1.0572	1.125	0.8408
509	1303771186892	1	1.0572	1.125	0.8408
510	1303771186912	1	1.0572	1.125	0.8408
511	1303771186931	1	1.0572	1.125	0.8408
512	1303771186950	1	1.0572	1.125	0.8408
513	1303771186970	1	1.0572	1.125	0.8408
514	1303771187030	1	1.0572	1.125	0.8408
515	1303771187050	1	1.0572	1.125	0.8408
516	1303771187068	1	1.0572	1.125	0.8408
517	1303771187087	1	1.0572	1.125	0.8408
518	1303771187106	1	1.0572	1.125	0.8408
519	1303771187124	1	1.0572	1.125	0.8408
520	1303771187216	1	1.0572	1.125	0.8408
521	1303771187235	1	1.0572	1.125	0.8408
522	1303771187255	1	1.0572	1.125	0.8408
523	1303771187273	1	1.0886	1.0625	0.8646
524	1303771187293	1	1.0886	1.125	0.8166
525	1303771187311	1	1.0886	1.125	0.8166
526	1303771187329	1	1.0886	1.125	0.8166
527	1303771187350	1	1.0886	1.0625	0.8646
528	1303771187368	1	1.0886	1.125	0.8166
529	1303771187388	1	1.0886	1.125	0.8166
530	1303771187406	1	1.0886	1.125	0.8166
531	1303771187425	1	1.0886	1.125	0.8166
532	1303771187484	1	1.0886	1.125	0.8166
533	1303771187543	1	1.0886	1.125	0.8166
534	1303771187563	1	1.0886	1.125	0.8166
535	1303771187582	1	1.0886	1.125	0.8166
536	1303771187603	1	1.0886	1.125	0.8166
537	1303771187622	1	1.0886	1.125	0.8166
538	1303771187642	1	1.0886	1.125	0.8166
539	1303771187661	1	1.0886	1.125	0.8166
540	1303771187680	1	1.0886	1.125	0.8166
541	1303771187699	1	1.0886	1.125	0.8166
542	1303771187718	1	1.0886	1.125	0.8166
543	1303771187739	1	1.0886	1.125	0.8166
544	1303771187757	1	1.0886	1.125	0.8166
545	1303771187776	1	1.0886	1.125	0.8166
546	1303771187838	1	1.0886	1.125	0.8166
547	1303771187856	1	1.0886	1.125	0.8166
548	1303771187876	1	1.0886	1.125	0.8166
549	1303771187895	1	1.0886	1.125	0.8166
550	1303771187914	1	1.0886	1.125	0.8166
551	1303771187933	1	1.0886	1.125	0.8166
552	1303771187997	1	1.0886	1.125	0.8166
553	1303771188015	1	1.0886	1.125	0.8166
554	1303771188033	1	1.0886	1.125	0.8166
555	1303771188054	1	1.0886	1.125	0.8166
556	1303771188072	1	1.0886	1.125	0.8166
557	1303771188092	1	1.0886	1.125	0.8166
558	1303771188110	1	1.0886	1.125	0.8166
559	1303771188129	1	1.0886	1.125	0.8166
560	1303771188189	1	1.0886	1.125	0.8166
561	1303771188208	1	1.0886	1.125	0.8166
562	1303771188269	1	1.0886	1.125	0.8166
563	1303771188289	1	1.0886	1.125	0.8166
564	1303771188309	1	1.0886	1.125	0.8166
565	1303771188327	1	1.0886	1.125	0.8166
566	1303771188347	1	1.0886	1.125	0.8166
567	1303771188367	1	1.0886	1.125	0.8166
568	1303771188386	1	1.0886	1.125	0.8166
569	1303771188406	1	1.0886	1.125	0.8166
570	1303771188425	1	1.0886	1.125	0.8166
571	1303771188486	1	1.0886	1.125	0.8166
572	1303771188505	1	1.0886	1.125	0.8166
573	1303771188524	1	1.0886	1.125	0.8166
574	1303771188542	1	1.0886	1.125	0.8166
575	1303771188603	1	1.0403	1.125	0.8545
576	1303771188621	1	1.0403	1.125	0.8545
577	1303771188640	1	1.0403	1.125	0.8545
578	1303771188659	1	1.0403	1.125	0.8545
579	1303771188677	1	1.0403	1.125	0.8545
580	1303771188697	1	1.0403	1.125	0.8545
581	1303771188715	1	1.0403	1.125	0.8545
582	1303771188733	1	1.0403	1.0625	0.9047
583	1303771188794	1	1.0403	1.125	0.8545
584	1303771188812	1	1.0025	1.125	0.8866
585	1303771188832	1	1.0025	1.125	0.8866
586	1303771188893	1	1.0025	1.0625	0.9388
587	1303771188913	1	1.0025	1.125	0.8866
588	1303771188972	1	1.0025	1.125	0.8866
589	1303771188992	1	1.0025	1.125	0.8866
590	1303771189010	1	1.0025	1.0625	0.9388
591	1303771189028	1	1.0025	1.125	0.8866
592	1303771189048	1	1.0025	1.125	0.8866
593	1303771189066	1	1.0025	1.125	0.8866
594	1303771189086	1	1.0025	1.0625	0.9388
595	1303771189106	1	1.0025	1.125	0.8866
596	1303771189126	1	1.0025	1.125	0.8866
597	1303771189144	1	1.0025	1.125	0.8866
598	1303771189162	1	1.0025	1.0625	0.9388
599	1303771189224	1	1.0025	1.125	0.8866
600	1303771189243	1	1.0025	1.125	0.8866
601	1303771189263	1	1.0025	1.125	0.8866
602	1303771189281	1	1.0025	1.0625	0.9388
603	1303771189300	1	1.0025	1.125	0.8866
604	1303771189318	1	1.0025	1.125	0.8866
605	1303771189338	1	1.0025	1.125	0.8866
606	1303771189358	1	1.0025	1.0625	0.9388
607	1303771189376	1	1.0025	1.125	0.8866
608	1303771189397	1	1.0025	1.125	0.8866
609	1303771189416	1	1.0025	1.125	0.8866
610	1303771189434	1	1.0025	1.0625	0.9388
611	1303771189453	1	1.0025	1.125	0.8866
612	1303771189472	1	1.0025	1.125	0.8866
613	1303771189491	1	1.0025	1.125	0.8866
614	1303771189509	1	1.0025	1.125	0.8866
615	1303771189528	1	1.0025	1.125	0.8866
616	1303771189547	1	1.0025	1.125	0.8866
617	1303771189565	1	1.0025	1.125	0.8866
618	1303771189585	1	1.0025	1.125	0.8866
619	1303771189603	1	1.0025	1.125	0.8866
620	1303771189623	1	1.0025	1.125	0.8866
621	1303771189642	1	1.0025	1.125	0.8866
622	1303771189660	1	1.0025	1.125	0.8866
623	1303771189679	1	1.0025	1.125	0.8866
624	1303771189699	1	1.0025	1.125	0.8866
625	1303771189760	1	1.0025	1.125	0.8866
626	1303771189779	1	1.0025	1.125	0.8866
627	1303771189798	1	1.0025	1.125	0.8866
628	1303771189817	1	1.0025	1.125	0.8866
629	1303771189836	1	1.0025	1.125	0.8866
630	1303771189857	1	1.0025	1.125	0.8866
631	1303771189876	1	1.0025	1.125	0.8866
632	1303771189895	1	1.0025	1.125	0.8866
633	1303771189913	1	1.0025	1.125	0.8866
634	1303771189933	1	1.0025	1.125	0.8866
635	1303771189951	1	1.0025	1.125	0.8866
636	1303771189969	1	1.0025	1.125	0.8866
637	1303771189988	1	1.0025	1.125	0.8866
638	1303771190007	1	1.0025	1.125	0.8866
639	1303771190026	1	1.0025	1.125	0.8866
640	1303771190044	1	1.0025	1.125	0.8866
641	1303771190063	1	1.0025	1.125	0.8866
642	1303771190082	1	1.0025	1.125	0.8866
643	1303771190100	1	1.007	1.125	0.8827
644	1303771190120	1	1.007	1.125	0.8827
645	1303771190138	1	1.007	1.125	0.8827
646	1303771190157	1	1.007	1.0625	0.9346
647	1303771190175	1	1.007	1.125	0.8827
648	1303771190193	1	1.007	1.125	0.8827
649	1303771190254	1	1.007	1.125	0.8827
650	1303771190272	1	1.007	1.125	0.8827
651	1303771190292	1	1.007	1.125	0.8827
652	1303771190355	1	1.007	1.125	0.8827
653	1303771190376	1	1.007	1.125	0.8827
654	1303771190394	1	1.007	1.125	0.8827
655	1303771190455	1	1.007	1.125	0.8827
656	1303771190473	1	1.007	1.125	0.8827
657	1303771190491	1	1.007	1.125	0.8827
658	1303771190511	1	1.007	1.125	0.8827
659	1303771190530	1	1.007	1.125	0.8827
660	1303771190549	1	1.007	1.125	0.8827
661	1303771190567	1	1.007	1.125	0.8827
662	1303771190585	1	1.007	1.125	0.8827
663	1303771190605	1	1.007	1.125	0.8827
664	1303771190624	1	1.007	1.125	0.8827
665	1303771190643	1	1.007	1.125	0.8827
666	1303771190663	1	1.007	1.125	0.8827
667	1303771190682	1	1.007	1.125	0.8827
668	1303771190700	1	1.007	1.125	0.8827
669	1303771190717	1	1.007	1.125	0.8827
670	1303771190736	1	1.007	1.125	0.8827
671	1303771190755	1	1.007	1.125	0.8827
672	1303771190775	1	1.007	1.125	0.8827
673	1303771190793	1	1.007	1.125	0.8827
674	1303771190812	1	1.007	1.125	0.8827
675	1303771190833	1	1.007	1.125	0.8827
676	1303771190852	1	1.007	1.125	0.8827
677	1303771190872	1	1.007	1.125	0.8827
678	1303771190890	1	1.007	1.125	0.8827
679	1303771190909	1	1.007	1.125	0.8827
680	1303771190928	1	1.007	1.125	0.8827
681	1303771190946	1	1.007	1.125	0.8827
682	1303771190965	1	1.007	1.125	0.8827
683	1303771190983	1	1.007	1.125	0.8827
684	1303771191002	1	1.007	1.125	0.8827
685	1303771191061	1	1.007	1.125	0.8827
686	1303771191081	1	1.007	1.125	0.8827
687	1303771191099	1	1.007	1.125	0.8827
688	1303771191117	1	1.007	1.125	0.8827
689	1303771191136	1	1.007	1.125	0.8827
690	1303771191154	1	1.007	1.125	0.8827
691	1303771191173	1	1.007	1.125	0.8827
692	1303771191190	1	1.007	1.125	0.8827
693	1303771191208	1	1.007	1.125	0.8827
694	1303771191228	1	1.007	1.125	0.8827
695	1303771191245	1	1.007	1.125	0.8827
696	1303771191306	1	1.007	1.125	0.8827
697	1303771191324	1	1.007	1.125	0.8827
698	1303771191343	1	1.007	1.125	0.8827
699	1303771191361	1	1.007	1.125	0.8827
700	1303771191379	1	1.007	1.125	0.8827
701	1303771191398	1	1.007	1.125	0.8827
702	1303771191416	1	1.007	1.125	0.8827
703	1303771191435	1	1.007	1.125	0.8827
704	1303771191453	1	1.007	1.125	0.8827
705	1303771191471	1	1.007	1.125	0.8827
706	1303771191491	1	1.007	1.125	0.8827
707	1303771191509	1	1.007	1.125	0.8827
708	1303771191529	1	1.007	1.125	0.8827
709	1303771191546	1	1.007	1.125	0.8827
710	1303771191564	1	1.007	1.125	0.8827
711	1303771191583	1	1.007	1.125	0.8827
712	1303771191602	1	1.007	1.125	0.8827
713	1303771191622	1	1.007	1.125	0.8827
714	1303771191682	1	1.007	1.125	0.8827
715	1303771191700	1	1.007	1.125	0.8827
716	1303771191718	1	1.007	1.125	0.8827
717	1303771191737	1	1.007	1.125	0.8827
718	1303771191757	1	1.007	1.125	0.8827
719	1303771191775	1	1.007	1.125	0.8827
720	1303771191794	1	1.007	1.125	0.8827
721	1303771191812	1	1.007	1.125	0.8827
722	1303771191831	1	1.007	1.125	0.8827
723	1303771191849	1	1.007	1.125	0.8827
724	1303771191868	1	1.007	1.125	0.8827
725	1303771191888	1	1.007	1.125	0.8827
726	1303771191906	1	1.007	1.125	0.8827
727	1303771191925	1	1.007	1.125	0.8827
728	1303771191943	1	1.007	1.125	0.8827
729	1303771191961	1	1.007	1.125	0.8827
730	1303771191980	1	1.007	1.125	0.8827
731	1303771192039	1	1.007	1.125	0.8827
732	1303771192059	1	1.007	1.125	0.8827
733	1303771192078	1	1.007	1.125	0.8827
734	1303771192098	1	1.007	1.125	0.8827
735	1303771192115	1	1.007	1.125	0.8827
736	1303771192179	1	1.007	1.125	0.8827
737	1303771192199	1	1.007	1.125	0.8827
738	1303771192218	1	1.007	1.125	0.8827
739	1303771192238	1	1.007	1.125	0.8827
740	1303771192256	1	1.007	1.125	0.8827
741	1303771192274	1	1.007	1.125	0.8827
742	1303771192293	1	1.007	1.125	0.8827
743	1303771192311	1	1.0107	1.125	0.8795
744	1303771192331	1	1.0107	1.125	0.8795
745	1303771192390	1	1.0107	1.125	0.8795
746	1303771192409	1	1.0107	1.125	0.8795
747	1303771192427	1	1.0107	1.125	0.8795
748	1303771192487	1	1.0107	1.125	0.8795
749	1303771192506	1	1.0107	1.125	0.8795
750	1303771192524	1	1.0107	1.125	0.8795
751	1303771192543	1	1.0107	1.125	0.8795
752	1303771192562	1	1.0107	1.125	0.8795
753	1303771192581	1	1.0107	1.125	0.8795
754	1303771192599	1	1.0107	1.125	0.8795
755	1303771192617	1	1.0107	1.125	0.8795
756	1303771192678	1	1.0107	1.125	0.8795
757	1303771192695	1	1.0107	1.125	0.8795
758	1303771192715	1	1.0107	1.125	0.8795
759	1303771192732	1	1.0107	1.125	0.8795
760	1303771192750	1	1.0107	1.125	0.8795
761	1303771192769	1	1.0107	1.125	0.8795
762	1303771192787	1	1.0107	1.125	0.8795
763	1303771192806	1	1.0107	1.125	0.8795
764	1303771192824	1	1.0107	1.125	0.8795
765	1303771192844	1	1.0107	1.125	0.8795
766	1303771192862	1	1.0107	1.0625	0.9313
767	1303771192881	1	1.0107	1.125	0.8795
768	1303771192901	1	1.018	1.125	0.8731
769	1303771192918	1	1.018	1.125	0.8731
770	1303771192937	1	1.018	1.0625	0.9245
771	1303771192955	1	1.018	1.125	0.8731
772	1303771192973	1	1.018	1.125	0.8731
773	1303771192992	1	1.018	1.125	0.8731
774	1303771193011	1	1.018	1.125	0.8731
775	1303771193031	1	1.018	1.125	0.8731
776	1303771193049	1	1.018	1.125	0.8731
777	1303771193068	1	1.018	1.125	0.8731
778	1303771193086	1	1.018	1.125	0.8731
779	1303771193103	1	1.018	1.125	0.8731
780	1303771193164	1	1.018	1.125	0.8731
781	1303771193182	1	1.018	1.125	0.8731
782	1303771193202	1	1.018	1.125	0.8731
783	1303771193219	1	1.018	1.125	0.8731
784	1303771193237	1	1.018	1.125	0.8731
785	1303771193257	1	1.018	1.125	0.8731
786	1303771193275	1	1.018	1.125	0.8731
787	1303771193294	1	1.018	1.125	0.8731
788	1303771193312	1	1.018	1.125	0.8731
789	1303771193332	1	1.018	1.125	0.8731
790	1303771193351	1	1.018	1.125	0.8731
791	1303771193370	1	1.018	1.125	0.8731
792	1303771193434	1	1.018	1.125	0.8731
793	1303771193454	1	1.018	1.125	0.8731
794	1303771193474	1	1.018	1.125	0.8731
795	1303771193492	1	1.018	1.125	0.8731
796	1303771193510	1	1.018	1.125	0.8731
797	1303771193529	1	1.018	1.125	0.8731
798	1303771193548	1	1.018	1.125	0.8731
799	1303771193568	1	1.018	1.125	0.8731
800	1303771193586	1	1.018	1.125	0.8731
801	1303771193605	1	1.018	1.125	0.8731
802	1303771193623	1	1.018	1.125	0.8731
803	1303771193640	1	1.018	1.125	0.8731
804	1303771193701	1	1.018	1.125	0.8731
805	1303771193719	1	1.018	1.125	0.8731
806	1303771193738	1	1.018	1.125	0.8731
807	1303771193757	1	1.018	1.125	0.8731
808	1303771193777	1	1.018	1.125	0.8731
809	1303771193795	1	1.018	1.125	0.8731
810	1303771193813	1	1.018	1.125	0.8731
811	1303771193874	1	1.018	1.125	0.8731
812	1303771193892	1	1.018	1.125	0.8731
813	1303771193913	1	1.018	1.125	0.8731
814	1303771193931	1	1.018	1.125	0.8731
815	1303771193949	1	1.018	1.125	0.8731
816	1303771193968	1	1.018	1.125	0.8731
817	1303771193986	1	1.018	1.125	0.8731
818	1303771194006	1	1.018	1.125	0.8731
819	1303771194024	1	1.018	1.125	0.8731
820	1303771194043	1	1.018	1.125	0.8731
821	1303771194061	1	1.018	1.125	0.8731
822	1303771194079	1	1.018	1.125	0.8731
823	1303771194140	1	1.018	1.125	0.8731
824	1303771194158	1	1.018	1.125	0.8731
825	1303771194177	1	1.018	1.125	0.8731
826	1303771194196	1	1.018	1.125	0.8731
827	1303771194215	1	1.018	1.125	0.8731
828	1303771194233	1	1.018	1.125	0.8731
829	1303771194252	1	1.018	1.0625	0.9245
830	1303771194272	1	1.0025	1.125	0.8867
831	1303771194290	1	1.0025	1.125	0.8867
832	1303771194310	1	1.0025	1.125	0.8867
833	1303771194328	1	1.0025	1.0625	0.9388
834	1303771194346	1	1.0025	1.125	0.8867
835	1303771194366	1	1.0025	1.125	0.8867
836	1303771194425	1	1.0025	1.125	0.8867
837	1303771194445	1	1.0025	1.0625	0.9388
838	1303771194464	1	1.0025	1.125	0.8867
839	1303771194484	1	1.0025	1.125	0.8867
840	1303771194503	1	1.0025	1.125	0.8867
841	1303771194521	1	1.0025	1.0625	0.9388
842	1303771194541	1	1.0025	1.125	0.8867
843	1303771194559	1	1.0025	1.125	0.8867
844	1303771194579	1	1.0025	1.125	0.8867
845	1303771194598	1	1.0025	1.0625	0.9388
846	1303771194615	1	1.0025	1.125	0.8867
847	1303771194635	1	1.0025	1.125	0.8867
848	1303771194653	1	1.0025	1.125	0.8867
849	1303771194672	1	1.0025	1.0625	0.9388
850	1303771194690	1	1.0025	1.125	0.8867
851	1303771194708	1	1.0025	1.125	0.8867
852	1303771194728	1	1.0025	1.125	0.8867
853	1303771194746	1	1.0025	1.125	0.8867
854	1303771194767	1	1.0025	1.125	0.8867
855	1303771194786	1	1.0025	1.125	0.8867
856	1303771194846	1	1.0025	1.125	0.8867
857	1303771194864	1	1.0025	1.125	0.8867
858	1303771194883	1	1.0025	1.125	0.8867
859	1303771194903	1	1.0025	1.125	0.8867
860	1303771194921	1	1.0025	1.125	0.8867
861	1303771194940	1	1.0025	1.125	0.8867
862	1303771194958	1	1.0025	1.125	0.8867
863	1303771194978	1	1.0025	1.125	0.8867
864	1303771194996	1	1.0025	1.125	0.8867
865	1303771195014	1	1.0025	1.125	0.8867
866	1303771195033	1	1.0025	1.125	0.8867
867	1303771195051	1	1.0025	1.125	0.8867
868	1303771195071	1	1.0025	1.125	0.8867
869	1303771195089	1	1.0025	1.125	0.8867
870	1303771195108	1	1.0025	1.125	0.8867
871	1303771195127	1	1.0025	1.125	0.8867
872	1303771195145	1	1.0025	1.125	0.8867
873	1303771195165	1	1.0025	1.125	0.8867
874	1303771195182	1	1.0025	1.125	0.8867
875	1303771195244	1	1.0025	1.125	0.8867
876	1303771195262	1	1.0025	1.125	0.8867
877	1303771195281	1	1.0025	1.125	0.8867
878	1303771195300	1	1.0025	1.125	0.8867
879	1303771195318	1	1.0025	1.125	0.8867
880	1303771195338	1	1.0025	1.125	0.8867
881	1303771195397	1	1.0025	1.125	0.8867
882	1303771195415	1	1.0025	1.125	0.8867
883	1303771195435	1	1.0025	1.125	0.8867
884	1303771195453	1	1.0025	1.125	0.8867
885	1303771195473	1	1.0025	1.125	0.8867
886	1303771195491	1	1.0025	1.125	0.8867
887	1303771195510	1	1.0033	1.125	0.8859
888	1303771195528	1	1.0033	1.125	0.8859
889	1303771195546	1	1.0033	1.125	0.8859
890	1303771195565	1	1.0033	1.125	0.8859
891	1303771195583	1	1.0033	1.125	0.8859
892	1303771195602	1	1.0033	1.125	0.8859
893	1303771195620	1	1.0033	1.125	0.8859
894	1303771195638	1	1.0033	1.125	0.8859
895	1303771195657	1	1.0033	1.125	0.8859
896	1303771195716	1	1.0033	1.125	0.8859
897	1303771195735	1	1.0033	1.125	0.8859
898	1303771195753	1	1.0033	1.125	0.8859
899	1303771195773	1	1.0033	1.125	0.8859
900	1303771195791	1	1.0033	1.125	0.8859
901	1303771195810	1	1.0033	1.125	0.8859
902	1303771195831	1	1.0033	1.125	0.8859
903	1303771195850	1	1.0033	1.125	0.8859
904	1303771195870	1	1.0033	1.125	0.8859
905	1303771195889	1	1.0033	1.125	0.8859
906	1303771195908	1	1.0033	1.125	0.8859
907	1303771195927	1	1.0033	1.125	0.8859
908	1303771195944	1	1.0033	1.125	0.8859
909	1303771195964	1	1.0033	1.125	0.8859
910	1303771195982	1	1.0033	1.125	0.8859
911	1303771196001	1	1.0033	1.125	0.8859
912	1303771196018	1	1.0033	1.125	0.8859
913	1303771196036	1	1.0033	1.125	0.8859
914	1303771196055	1	1.0033	1.125	0.8859
915	1303771196073	1	1.0033	1.125	0.8859
916	1303771196093	1	1.0033	1.125	0.8859
917	1303771196110	1	1.0033	1.125	0.8859
918	1303771196128	1	1.0033	1.125	0.8859
919	1303771196147	1	1.0033	1.125	0.8859
920	1303771196166	1	1.0033	1.125	0.8859
921	1303771196186	1	1.0033	1.125	0.8859
922	1303771196204	1	1.0033	1.125	0.8859
923	1303771196222	1	1.0033	1.125	0.8859
924	1303771196242	1	1.0033	1.125	0.8859
925	1303771196260	1	1.0033	1.125	0.8859
926	1303771196320	1	1.0033	1.125	0.8859
927	1303771196339	1	1.0033	1.125	0.8859
928	1303771196358	1	1.0033	1.125	0.8859
929	1303771196376	1	1.0033	1.125	0.8859
930	1303771196394	1	1.0033	1.125	0.8859
931	1303771196412	1	1.0033	1.125	0.8859
932	1303771196430	1	1.0033	1.125	0.8859
933	1303771196449	1	1.0033	1.125	0.8859
934	1303771196467	1	1.0033	1.125	0.8859
935	1303771196484	1	1.0033	1.125	0.8859
936	1303771196504	1	1.0033	1.125	0.8859
937	1303771196563	1	1.0033	1.125	0.8859
938	1303771196582	1	1.0033	1.125	0.8859
939	1303771196599	1	1.0033	1.125	0.8859
940	1303771196618	1	1.0033	1.125	0.8859
941	1303771196677	1	1.0033	1.125	0.8859
942	1303771196695	1	1.0033	1.125	0.8859
943	1303771196714	1	1.0033	1.125	0.8859
944	1303771196732	1	1.0033	1.125	0.8859
945	1303771196751	1	1.0033	1.125	0.8859
946	1303771196769	1	1.0033	1.125	0.8859
947	1303771196786	1	1.0033	1.125	0.8859
948	1303771196806	1	1.0033	1.125	0.8859
949	1303771196825	1	1.0033	1.125	0.8859
950	1303771196844	1	1.0033	1.125	0.8859
951	1303771196862	1	1.0033	1.125	0.8859
952	1303771196881	1	1.0071	1.125	0.8827
953	1303771196900	1	1.0071	1.125	0.8827
954	1303771196918	1	1.0071	1.125	0.8827
955	1303771196938	1	1.0071	1.125	0.8827
956	1303771196955	1	1.0071	1.125	0.8827
957	1303771196975	1	1.0071	1.125	0.8827
958	1303771196994	1	1.0071	1.125	0.8827
959	1303771197012	1	1.0071	1.125	0.8827
960	1303771197032	1	1.0071	1.125	0.8827
961	1303771197051	1	1.0071	1.125	0.8827
962	1303771197071	1	1.0071	1.125	0.8827
963	1303771197090	1	1.0071	1.125	0.8827
964	1303771197109	1	1.0071	1.125	0.8827
965	1303771197128	1	1.0071	1.125	0.8827
966	1303771197146	1	1.0071	1.125	0.8827
967	1303771197208	1	1.0071	1.125	0.8827
968	1303771197225	1	1.0071	1.125	0.8827
969	1303771197245	1	1.0071	1.125	0.8827
970	1303771197306	1	1.0071	1.125	0.8827
971	1303771197325	1	1.0071	1.125	0.8827
972	1303771197343	1	1.0071	1.125	0.8827
973	1303771197362	1	1.0071	1.125	0.8827
974	1303771197382	1	1.0071	1.125	0.8827
975	1303771197401	1	1.0071	1.125	0.8827
976	1303771197462	1	1.0071	1.125	0.8827
977	1303771197521	1	1.0071	1.125	0.8827
978	1303771197540	1	1.0071	1.125	0.8827
979	1303771197558	1	1.0071	1.125	0.8827
980	1303771197575	1	1.0071	1.125	0.8827
981	1303771197594	1	1.0071	1.125	0.8827
982	1303771197612	1	1.0071	1.125	0.8827
983	1303771197631	1	1.0071	1.125	0.8827
984	1303771197689	1	1.0071	1.125	0.8827
985	1303771197707	1	1.0071	1.125	0.8827
986	1303771197727	1	1.0071	1.125	0.8827
987	1303771197745	1	1.0071	1.125	0.8827
988	1303771197764	1	1.0071	1.125	0.8827
989	1303771197782	1	1.0071	1.125	0.8827
990	1303771197799	1	1.0071	1.125	0.8827
991	1303771197818	1	1.0071	1.125	0.8827
992	1303771197837	1	1.0071	1.125	0.8827
993	1303771197898	1	1.0071	1.125	0.8827
994	1303771197916	1	1.0071	1.125	0.8827
995	1303771197936	1	1.0071	1.125	0.8827
996	1303771197954	1	1.0071	1.125	0.8827
997	1303771197973	1	1.0071	1.125	0.8827
998	1303771197991	1	1.0071	1.125	0.8827
999	1303771198009	1	1.0071	1.125	0.8827
1000	1303771198028	1	1.0071	1.125	0.8827
1001	1303771198088	1	1.0071	1.125	0.8827
1002	1303771198106	1	1.0071	1.125	0.8827
1003	1303771198124	1	1.0071	1.125	0.8827
1004	1303771198184	1	1.0071	1.125	0.8827
1005	1303771198203	1	1.0071	1.125	0.8827
1006	1303771198220	1	1.0071	1.125	0.8827
1007	1303771198239	1	1.0071	1.125	0.8827
1008	1303771198257	1	1.0071	1.125	0.8827
1009	1303771198275	1	1.0071	1.125	0.8827
1010	1303771198295	1	1.0071	1.125	0.8827
1011	1303771198314	1	1.0091	1.125	0.8808
1012	1303771198375	1	1.0091	1.125	0.8808
1013	1303771198394	1	1.0091	1.125	0.8808
1014	1303771198414	1	1.0091	1.125	0.8808
1015	1303771198432	1	1.0091	1.125	0.8808
1016	1303771198450	1	1.0091	1.125	0.8808
1017	1303771198469	1	1.0091	1.125	0.8808
1018	1303771198487	1	1.0091	1.125	0.8808
1019	1303771198508	1	1.0091	1.125	0.8808
1020	1303771198527	1	1.0091	1.125	0.8808
1021	1303771198545	1	1.0091	1.125	0.8808
1022	1303771198565	1	1.0091	1.125	0.8808
1023	1303771198584	1	1.0091	1.125	0.8808
1024	1303771198604	1	1.0091	1.125	0.8808
1025	1303771198623	1	1.0091	1.125	0.8808
1026	1303771198644	1	1.0091	1.125	0.8808
1027	1303771198663	1	1.0091	1.125	0.8808
1028	1303771198681	1	1.0091	1.125	0.8808
1029	1303771198744	1	1.0091	1.125	0.8808
1030	1303771198763	1	1.0091	1.125	0.8808
1031	1303771198783	1	1.0091	1.125	0.8808
1032	1303771198842	1	1.0091	1.125	0.8808
1033	1303771198862	1	1.0091	1.125	0.8808
1034	1303771198880	1	1.0091	1.125	0.8808
1035	1303771198898	1	1.0091	1.125	0.8808
1036	1303771198918	1	1.0091	1.125	0.8808
1037	1303771198936	1	1.0091	1.125	0.8808
1038	1303771198956	1	1.0091	1.125	0.8808
1039	1303771198975	1	1.0091	1.125	0.8808
1040	1303771198994	1	1.0091	1.125	0.8808
1041	1303771199013	1	1.0091	1.125	0.8808
1042	1303771199032	1	1.0091	1.125	0.8808
1043	1303771199052	1	1.0091	1.125	0.8808
1044	1303771199069	1	1.0091	1.125	0.8808
1045	1303771199087	1	1.0091	1.125	0.8808
1046	1303771199106	1	1.0091	1.125	0.8808
1047	1303771199125	1	1.0091	1.125	0.8808
1048	1303771199145	1	1.0091	1.125	0.8808
1049	1303771199165	1	1.0091	1.125	0.8808
1050	1303771199184	1	1.0091	1.125	0.8808
1051	1303771199202	1	1.0091	1.125	0.8808
1052	1303771199220	1	1.0091	1.125	0.8808
1053	1303771199240	1	1.0091	1.125	0.8808
1054	1303771199259	1	1.0091	1.125	0.8808
1055	1303771199320	1	1.0091	1.125	0.8808
1056	1303771199337	1	1.0091	1.125	0.8808
1057	1303771199357	1	1.0091	1.125	0.8808
1058	1303771199375	1	1.0091	1.125	0.8808
1059	1303771199393	1	1.0091	1.125	0.8808
1060	1303771199413	1	1.0091	1.125	0.8808
1061	1303771199430	1	1.0091	1.125	0.8808
1062	1303771199450	1	1.0091	1.125	0.8808
1063	1303771199468	1	1.0091	1.125	0.8808
1064	1303771199528	1	1.0091	1.125	0.8808
1065	1303771199547	1	1.0091	1.125	0.8808
1066	1303771199565	1	1.0091	1.125	0.8808
1067	1303771199584	1	1.0091	1.125	0.8808
1068	1303771199602	1	1.0091	1.125	0.8808
1069	1303771199621	1	1.0091	1.125	0.8808
1070	1303771199641	1	1.0091	1.125	0.8808
1071	1303771199659	1	1.0091	1.125	0.8808
1072	1303771199679	1	1.0091	1.125	0.8808
1073	1303771199742	1	1.0118	1.0625	0.9302
1074	1303771199763	1	1.0118	1.125	0.8786
1075	1303771199781	1	1.0118	1.125	0.8786
1076	1303771199800	1	1.0118	1.125	0.8786
1077	1303771199820	1	1.0118	1.125	0.8786
1078	1303771199839	1	1.0118	1.125	0.8786
1079	1303771199858	1	1.0118	1.125	0.8786
1080	1303771199877	1	1.0118	1.125	0.8786
1081	1303771199897	1	1.0118	1.125	0.8786
1082	1303771199915	1	1.0118	1.125	0.8786
1083	1303771199933	1	1.0118	1.125	0.8786
1084	1303771199953	1	1.0118	1.125	0.8786
1085	1303771199971	1	1.0118	1.125	0.8786
1086	1303771199990	1	1.0118	1.125	0.8786
1087	1303771200009	1	1.0118	1.125	0.8786
1088	1303771200028	1	1.0118	1.125	0.8786
1089	1303771200047	1	1.0118	1.125	0.8786
1090	1303771200066	1	1.0118	1.125	0.8786
1091	1303771200086	1	1.0118	1.125	0.8786
1092	1303771200107	1	1.0118	1.125	0.8786
1093	1303771200131	1	1.0118	1.125	0.8786
1094	1303771200149	1	1.0118	1.125	0.8786
1095	1303771200169	1	1.0118	1.125	0.8786
1096	1303771200191	1	1.0118	1.125	0.8786
1097	1303771200214	1	1.0118	1.125	0.8786
1098	1303771200233	1	1.0118	1.125	0.8786
1099	1303771200253	1	1.0118	1.125	0.8786
1100	1303771200272	1	1.0118	1.125	0.8786
1101	1303771200297	1	1.0118	1.125	0.8786
1102	1303771200315	1	1.0118	1.125	0.8786
1103	1303771200336	1	1.0118	1.125	0.8786
1104	1303771200364	1	1.0118	1.125	0.8786
1105	1303771200399	1	1.0118	1.125	0.8786
1106	1303771200416	1	1.0118	1.125	0.8786
1107	1303771200434	1	1.0118	1.125	0.8786
1108	1303771200454	1	1.0118	1.125	0.8786
1109	1303771200544	1	1.0118	1.125	0.8786
1110	1303771200859	1	1.0118	1.125	0.8786
1111	1303771200878	1	1.0118	1.125	0.8786
1112	1303771200896	1	1.0118	1.125	0.8786
1113	1303771200926	1	1.0118	1.125	0.8786
1114	1303771200944	1	1.0118	1.125	0.8786
1115	1303771200964	1	1.0118	1.125	0.8786
1116	1303771201024	1	1.0118	1.125	0.8786
1117	1303771201521	1	1.0118	1.125	0.8786
1118	1303771201539	1	1.0118	1.125	0.8786
1119	1303771201559	1	1.0118	1.125	0.8786
1120	1303771201578	1	1.0118	1.125	0.8786
1121	1303771201597	1	1.0118	1.125	0.8786
1122	1303771201617	1	1.0118	1.125	0.8786
1123	1303771201635	1	1.0118	1.125	0.8786
1124	1303771201654	1	1.0118	1.125	0.8786
1125	1303771201672	1	1.0118	1.125	0.8786
1126	1303771201690	1	1.0118	1.125	0.8786
1127	1303771201711	1	1.0118	1.125	0.8786
1128	1303771201730	1	1.0118	1.125	0.8786
1129	1303771201751	1	1.0118	1.125	0.8786
1130	1303771201770	1	1.0118	1.125	0.8786
1131	1303771201789	1	1.0118	1.0625	0.9302
1132	1303771201809	1	1.0118	1.125	0.8786
1133	1303771201827	1	1.0118	1.125	0.8786
1134	1303771201847	1	1.0156	1.125	0.8752
1135	1303771201880	1	1.0156	1.0625	0.9267
1136	1303771201900	1	1.0156	1.125	0.8752
1137	1303771201917	1	1.0156	1.125	0.8752
1138	1303771201935	1	1.0156	1.125	0.8752
1139	1303771201955	1	1.0156	1.125	0.8752
1140	1303771201972	1	1.0156	1.125	0.8752
1141	1303771201992	1	1.0156	1.125	0.8752
1142	1303771202052	1	1.0156	1.125	0.8752
1143	1303771202071	1	1.0156	1.125	0.8752
1144	1303771202089	1	1.0156	1.125	0.8752
1145	1303771202149	1	1.0156	1.125	0.8752
1146	1303771202169	1	1.0156	1.125	0.8752
1147	1303771202187	1	1.0156	1.125	0.8752
1148	1303771202207	1	1.0156	1.125	0.8752
1149	1303771202225	1	1.0156	1.125	0.8752
1150	1303771202243	1	1.0156	1.125	0.8752
1151	1303771202304	1	1.0156	1.125	0.8752
1152	1303771202322	1	1.0156	1.125	0.8752
1153	1303771202342	1	1.0156	1.125	0.8752
1154	1303771202360	1	1.0156	1.125	0.8752
1155	1303771202380	1	1.0156	1.125	0.8752
1156	1303771202399	1	1.0156	1.125	0.8752
1157	1303771202418	1	1.0156	1.125	0.8752
1158	1303771202438	1	1.0156	1.125	0.8752
1159	1303771202457	1	1.0156	1.125	0.8752
1160	1303771202477	1	1.0156	1.125	0.8752
1161	1303771202495	1	1.0156	1.125	0.8752
1162	1303771202512	1	1.0156	1.125	0.8752
1163	1303771202533	1	1.0156	1.125	0.8752
1164	1303771202552	1	1.0156	1.125	0.8752
1165	1303771202572	1	1.0156	1.125	0.8752
1166	1303771202590	1	1.0156	1.125	0.8752
1167	1303771202610	1	1.0156	1.125	0.8752
1168	1303771202629	1	1.0156	1.125	0.8752
1169	1303771202690	1	1.0156	1.125	0.8752
1170	1303771202709	1	1.0156	1.125	0.8752
1171	1303771202727	1	1.0156	1.125	0.8752
1172	1303771202747	1	1.0156	1.125	0.8752
1173	1303771202765	1	1.0156	1.125	0.8752
1174	1303771202784	1	1.0156	1.125	0.8752
1175	1303771202802	1	1.0156	1.125	0.8752
1176	1303771202821	1	1.0156	1.125	0.8752
1177	1303771202840	1	1.0156	1.125	0.8752
1178	1303771202859	1	1.0156	1.125	0.8752
1179	1303771202880	1	1.0156	1.125	0.8752
1180	1303771202899	1	1.0156	1.125	0.8752
1181	1303771202917	1	1.0156	1.125	0.8752
1182	1303771202936	1	1.0156	1.125	0.8752
1183	1303771202956	1	1.0156	1.125	0.8752
1184	1303771202976	1	1.0156	1.125	0.8752
1185	1303771202994	1	1.0156	1.125	0.8752
1186	1303771203014	1	1.0156	1.125	0.8752
1187	1303771203033	1	1.0156	1.125	0.8752
1188	1303771203052	1	1.0156	1.125	0.8752
1189	1303771203072	1	1.0156	1.125	0.8752
1190	1303771203090	1	1.0156	1.125	0.8752
1191	1303771203109	1	1.0156	1.125	0.8752
1192	1303771203128	1	1.0156	1.125	0.8752
1193	1303771203146	1	1.0156	1.125	0.8752
1194	1303771203166	1	1.0247	1.0625	0.9185
1195	1303771203185	1	1.0247	1.125	0.8675
1196	1303771203247	1	1.0247	1.125	0.8675
1197	1303771203265	1	1.0247	1.125	0.8675
1198	1303771203285	1	1.0247	1.125	0.8675
1199	1303771203303	1	1.0247	1.125	0.8675
1200	1303771203322	1	1.0247	1.125	0.8675
1201	1303771203342	1	1.0247	1.125	0.8675
1202	1303771203360	1	1.0247	1.125	0.8675
1203	1303771203379	1	1.0247	1.125	0.8675
1204	1303771203440	1	1.0247	1.125	0.8675
1205	1303771203460	1	1.0247	1.125	0.8675
1206	1303771203478	1	1.0247	1.125	0.8675
1207	1303771203496	1	1.0247	1.125	0.8675
1208	1303771203558	1	1.0247	1.125	0.8675
1209	1303771203619	1	1.0247	1.125	0.8675
1210	1303771203638	1	1.0247	1.125	0.8675
1211	1303771203657	1	1.0247	1.125	0.8675
1212	1303771203676	1	1.0247	1.125	0.8675
1213	1303771203694	1	1.0247	1.125	0.8675
1214	1303771203713	1	1.0247	1.125	0.8675
1215	1303771203733	1	1.0247	1.125	0.8675
1216	1303771203793	1	1.0247	1.125	0.8675
1217	1303771203812	1	1.0247	1.125	0.8675
1218	1303771203832	1	1.0247	1.125	0.8675
1219	1303771203852	1	1.0247	1.125	0.8675
1220	1303771203870	1	1.0247	1.125	0.8675
1221	1303771203889	1	1.0247	1.125	0.8675
1222	1303771203909	1	1.0247	1.125	0.8675
1223	1303771203928	1	1.0247	1.125	0.8675
1224	1303771203948	1	1.0247	1.125	0.8675
1225	1303771204008	1	1.0247	1.125	0.8675
1226	1303771204027	1	1.0247	1.125	0.8675
1227	1303771204048	1	1.0247	1.125	0.8675
1228	1303771204066	1	1.0247	1.125	0.8675
1229	1303771204086	1	1.0247	1.125	0.8675
1230	1303771204104	1	1.0247	1.125	0.8675
1231	1303771204125	1	1.0247	1.125	0.8675
1232	1303771204143	1	1.0247	1.125	0.8675
1233	1303771204162	1	1.0247	1.125	0.8675
1234	1303771204183	1	1.0247	1.125	0.8675
1235	1303771204201	1	1.0247	1.125	0.8675
1236	1303771204221	1	1.0247	1.125	0.8675
1237	1303771204241	1	1.0247	1.125	0.8675
1238	1303771204301	1	1.0247	1.125	0.8675
1239	1303771204322	1	1.0247	1.125	0.8675
1240	1303771204340	1	1.0247	1.125	0.8675
1241	1303771204360	1	1.0247	1.125	0.8675
1242	1303771204378	1	1.0247	1.125	0.8675
1243	1303771204398	1	1.0247	1.125	0.8675
1244	1303771204416	1	1.0247	1.125	0.8675
1245	1303771204477	1	1.0247	1.125	0.8675
1246	1303771204497	1	1.0247	1.125	0.8675
1247	1303771204515	1	1.0247	1.125	0.8675
1248	1303771204534	1	1.0247	1.125	0.8675
1249	1303771204552	1	1.0247	1.125	0.8675
1250	1303771204571	1	1.0247	1.125	0.8675
1251	1303771204590	1	1.0247	1.125	0.8675
1252	1303771204609	1	1.0247	1.125	0.8675
1253	1303771204629	1	1.0247	1.125	0.8675
1254	1303771204647	1	1.0247	1.0625	0.9185
1255	1303771204668	1	1.0247	1.125	0.8675
1256	1303771204687	1	1.0247	1.125	0.8675
1257	1303771204706	1	1.0247	1.125	0.8675
1258	1303771204725	1	1.0247	1.0625	0.9185
1259	1303771204744	1	1.0247	1.125	0.8675
1260	1303771204763	1	1.0247	1.125	0.8675
1261	1303771204782	1	1.0247	1.125	0.8675
1262	1303771204801	1	1.0247	1.0625	0.9185
1263	1303771204819	1	1.0247	1.125	0.8675
1264	1303771204838	1	1.0247	1.125	0.8675
1265	1303771204858	1	1.0247	1.125	0.8675
1266	1303771204876	1	1.0247	1.0625	0.9185
1267	1303771204895	1	1.0247	1.125	0.8675
1268	1303771204914	1	1.0247	1.125	0.8675
1269	1303771204932	1	1.0247	1.125	0.8675
1270	1303771204993	1	1.0247	1.0625	0.9185
1271	1303771205011	1	1.0247	1.125	0.8675
1272	1303771205031	1	1.0247	1.125	0.8675
1273	1303771205050	1	1.0247	1.125	0.8675
1274	1303771205070	1	1.0025	1.125	0.8866
1275	1303771205089	1	1.0025	1.125	0.8866
1276	1303771205108	1	1.0025	1.125	0.8866
1277	1303771205128	1	1.0025	1.125	0.8866
1278	1303771205146	1	1.0025	1.125	0.8866
1279	1303771205166	1	1.0025	1.125	0.8866
1280	1303771205184	1	1.0025	1.125	0.8866
1281	1303771205205	1	1.0025	1.125	0.8866
1282	1303771205265	1	1.0025	1.125	0.8866
1283	1303771205284	1	1.0025	1.125	0.8866
1284	1303771205304	1	1.0025	1.125	0.8866
1285	1303771205324	1	1.0025	1.125	0.8866
1286	1303771205386	1	1.0025	1.125	0.8866
1287	1303771205404	1	1.0025	1.125	0.8866
1288	1303771205424	1	1.0025	1.125	0.8866
1289	1303771205443	1	1.0025	1.125	0.8866
1290	1303771205462	1	1.0025	1.125	0.8866
1291	1303771205524	1	1.0025	1.125	0.8866
1292	1303771205542	1	1.0025	1.125	0.8866
1293	1303771205603	1	1.0025	1.125	0.8866
1294	1303771205622	1	1.0025	1.125	0.8866
1295	1303771205642	1	1.0025	1.125	0.8866
1296	1303771205701	1	1.0025	1.125	0.8866
1297	1303771205767	1	1.0025	1.125	0.8866
1298	1303771205785	1	1.0025	1.125	0.8866
1299	1303771205803	1	1.0025	1.125	0.8866
1300	1303771205823	1	1.0025	1.125	0.8866
1301	1303771205882	1	1.0025	1.125	0.8866
1302	1303771205902	1	1.0025	1.125	0.8866
1303	1303771205921	1	1.0025	1.125	0.8866
1304	1303771205939	1	1.0025	1.125	0.8866
1305	1303771205960	1	1.0025	1.125	0.8866
1306	1303771205978	1	1.0025	1.125	0.8866
1307	1303771205998	1	1.0025	1.125	0.8866
1308	1303771206017	1	1.0025	1.125	0.8866
1309	1303771206038	1	1.0025	1.125	0.8866
1310	1303771206057	1	1.0025	1.125	0.8866
1311	1303771206076	1	1.0025	1.125	0.8866
1312	1303771206096	1	1.0025	1.125	0.8866
1313	1303771206115	1	1.0025	1.125	0.8866
1314	1303771206135	1	1.0034	1.125	0.8859
1315	1303771206154	1	1.0034	1.125	0.8859
1316	1303771206173	1	1.0034	1.125	0.8859
1317	1303771206191	1	1.0034	1.125	0.8859
1318	1303771206209	1	1.0034	1.125	0.8859
1319	1303771206229	1	1.0034	1.125	0.8859
1320	1303771206247	1	1.0034	1.125	0.8859
1321	1303771206265	1	1.0034	1.125	0.8859
1322	1303771206284	1	1.0034	1.125	0.8859
1323	1303771206302	1	1.0034	1.125	0.8859
1324	1303771206321	1	1.0034	1.125	0.8859
1325	1303771206339	1	1.0034	1.125	0.8859
1326	1303771206358	1	1.0034	1.125	0.8859
1327	1303771206377	1	1.0034	1.125	0.8859
1328	1303771206396	1	1.0034	1.125	0.8859
1329	1303771206413	1	1.0034	1.125	0.8859
1330	1303771206431	1	1.0034	1.125	0.8859
1331	1303771206450	1	1.0034	1.125	0.8859
1332	1303771206469	1	1.0034	1.125	0.8859
1333	1303771206489	1	1.0034	1.125	0.8859
1334	1303771206507	1	1.0034	1.125	0.8859
1335	1303771206525	1	1.0034	1.125	0.8859
1336	1303771206545	1	1.0034	1.125	0.8859
1337	1303771206564	1	1.0034	1.125	0.8859
1338	1303771206584	1	1.0034	1.125	0.8859
1339	1303771206648	1	1.0034	1.125	0.8859
1340	1303771206668	1	1.0034	1.125	0.8859
1341	1303771206687	1	1.0034	1.125	0.8859
1342	1303771206706	1	1.0034	1.125	0.8859
1343	1303771206771	1	1.0034	1.125	0.8859
1344	1303771206790	1	1.0034	1.125	0.8859
1345	1303771206810	1	1.0034	1.125	0.8859
1346	1303771206870	1	1.0034	1.125	0.8859
1347	1303771206890	1	1.0034	1.125	0.8859
1348	1303771206908	1	1.0034	1.125	0.8859
1349	1303771206928	1	1.0034	1.125	0.8859
1350	1303771206946	1	1.0034	1.125	0.8859
1351	1303771206965	1	1.0034	1.125	0.8859
1352	1303771206985	1	1.0034	1.125	0.8859
1353	1303771207003	1	1.0034	1.125	0.8859
1354	1303771207022	1	1.0034	1.125	0.8859
1355	1303771207082	1	1.0034	1.125	0.8859
1356	1303771207102	1	1.0034	1.125	0.8859
1357	1303771207162	1	1.0034	1.125	0.8859
1358	1303771207181	1	1.0034	1.125	0.8859
1359	1303771207201	1	1.0034	1.125	0.8859
1360	1303771207219	1	1.0034	1.125	0.8859
1361	1303771207239	1	1.0034	1.125	0.8859
1362	1303771207257	1	1.0034	1.125	0.8859
1363	1303771207275	1	1.0034	1.125	0.8859
1364	1303771207295	1	1.0034	1.125	0.8859
1365	1303771207313	1	1.0034	1.125	0.8859
1366	1303771207332	1	1.0034	1.125	0.8859
1367	1303771207351	1	1.0034	1.125	0.8859
1368	1303771207370	1	1.0034	1.125	0.8859
1369	1303771207388	1	1.0034	1.125	0.8859
1370	1303771207406	1	1.0034	1.125	0.8859
1371	1303771207426	1	1.0034	1.125	0.8859
1372	1303771207443	1	1.0034	1.125	0.8859
1373	1303771207462	1	1.0034	1.125	0.8859
1374	1303771207480	1	1.0034	1.125	0.8859
1375	1303771207500	1	1.0041	1.125	0.8853
1376	1303771207518	1	1.0041	1.125	0.8853
1377	1303771207536	1	1.0041	1.125	0.8853
1378	1303771207555	1	1.0041	1.125	0.8853
1379	1303771207573	1	1.0041	1.125	0.8853
1380	1303771207593	1	1.0041	1.125	0.8853
1381	1303771207611	1	1.0041	1.125	0.8853
1382	1303771207629	1	1.0041	1.125	0.8853
1383	1303771207690	1	1.0041	1.125	0.8853
1384	1303771207708	1	1.0041	1.125	0.8853
1385	1303771207728	1	1.0041	1.125	0.8853
1386	1303771207745	1	1.0041	1.125	0.8853
1387	1303771207764	1	1.0041	1.125	0.8853
1388	1303771207782	1	1.0041	1.125	0.8853
1389	1303771207800	1	1.0041	1.125	0.8853
1390	1303771207819	1	1.0041	1.125	0.8853
1391	1303771207837	1	1.0041	1.125	0.8853
1392	1303771207857	1	1.0041	1.125	0.8853
1393	1303771207875	1	1.0041	1.125	0.8853
1394	1303771207895	1	1.0041	1.125	0.8853
1395	1303771207957	1	1.0041	1.125	0.8853
1396	1303771208019	1	1.0041	1.125	0.8853
1397	1303771208037	1	1.0041	1.125	0.8853
1398	1303771208055	1	1.0041	1.125	0.8853
1399	1303771208075	1	1.0041	1.125	0.8853
1400	1303771208093	1	1.0041	1.125	0.8853
1401	1303771208113	1	1.0041	1.125	0.8853
1402	1303771208132	1	1.0041	1.125	0.8853
1403	1303771208151	1	1.0041	1.125	0.8853
1404	1303771208171	1	1.0041	1.125	0.8853
1405	1303771208189	1	1.0041	1.125	0.8853
1406	1303771208209	1	1.0041	1.125	0.8853
1407	1303771208270	1	1.0041	1.125	0.8853
1408	1303771208290	1	1.0041	1.125	0.8853
1409	1303771208309	1	1.0041	1.125	0.8853
1410	1303771208328	1	1.0041	1.125	0.8853
1411	1303771208347	1	1.0041	1.125	0.8853
1412	1303771208365	1	1.0041	1.125	0.8853
1413	1303771208385	1	1.0041	1.125	0.8853
1414	1303771208403	1	1.0041	1.125	0.8853
1415	1303771208424	1	1.0041	1.125	0.8853
1416	1303771208443	1	1.0041	1.125	0.8853
1417	1303771208461	1	1.0041	1.125	0.8853
1418	1303771208482	1	1.0041	1.125	0.8853
1419	1303771208500	1	1.0041	1.125	0.8853
1420	1303771208519	1	1.0041	1.125	0.8853
1421	1303771208579	1	1.0041	1.125	0.8853
1422	1303771208598	1	1.0041	1.125	0.8853
1423	1303771208616	1	1.0041	1.125	0.8853
1424	1303771208635	1	1.0041	1.125	0.8853
1425	1303771208654	1	1.0041	1.125	0.8853
1426	1303771208672	1	1.0041	1.125	0.8853
1427	1303771208691	1	1.0041	1.125	0.8853
1428	1303771208709	1	1.0041	1.125	0.8853
1429	1303771208727	1	1.0041	1.125	0.8853
1430	1303771208746	1	1.0041	1.125	0.8853
1431	1303771208764	1	1.0041	1.125	0.8853
1432	1303771208825	1	1.0041	1.125	0.8853
1433	1303771208844	1	1.0041	1.125	0.8853
1434	1303771208863	1	1.0041	1.125	0.8853
1435	1303771208927	1	1.0041	1.125	0.8853
1436	1303771208948	1	1.0057	1.125	0.8839
1437	1303771208966	1	1.0057	1.125	0.8839
1438	1303771208984	1	1.0057	1.125	0.8839
1439	1303771209044	1	1.0057	1.125	0.8839
1440	1303771209063	1	1.0057	1.125	0.8839
1441	1303771209082	1	1.0057	1.125	0.8839
1442	1303771209100	1	1.0057	1.125	0.8839
1443	1303771209121	1	1.0057	1.125	0.8839
1444	1303771209139	1	1.0057	1.125	0.8839
1445	1303771209157	1	1.0057	1.125	0.8839
1446	1303771209176	1	1.0057	1.125	0.8839
1447	1303771209237	1	1.0057	1.125	0.8839
1448	1303771209303	1	1.0057	1.125	0.8839
1449	1303771209320	1	1.0057	1.125	0.8839
1450	1303771209340	1	1.0057	1.125	0.8839
1451	1303771209359	1	1.0057	1.125	0.8839
1452	1303771209377	1	1.0057	1.125	0.8839
1453	1303771209396	1	1.0057	1.125	0.8839
1454	1303771209414	1	1.0057	1.125	0.8839
1455	1303771209434	1	1.0057	1.125	0.8839
1456	1303771209452	1	1.0057	1.125	0.8839
1457	1303771209471	1	1.0057	1.125	0.8839
1458	1303771209491	1	1.0057	1.125	0.8839
1459	1303771209509	1	1.0057	1.125	0.8839
1460	1303771209528	1	1.0057	1.125	0.8839
1461	1303771209546	1	1.0057	1.125	0.8839
1462	1303771209565	1	1.0057	1.125	0.8839
1463	1303771209583	1	1.0057	1.125	0.8839
1464	1303771209601	1	1.0057	1.125	0.8839
1465	1303771209620	1	1.0057	1.125	0.8839
1466	1303771209640	1	1.0057	1.125	0.8839
1467	1303771209660	1	1.0057	1.125	0.8839
1468	1303771209678	1	1.0057	1.125	0.8839
1469	1303771209697	1	1.0057	1.125	0.8839
1470	1303771209715	1	1.0057	1.125	0.8839
1471	1303771209733	1	1.0057	1.125	0.8839
1472	1303771209753	1	1.0057	1.125	0.8839
1473	1303771209771	1	1.0057	1.125	0.8839
1474	1303771209790	1	1.0057	1.125	0.8839
1475	1303771209808	1	1.0057	1.125	0.8839
1476	1303771209826	1	1.0057	1.125	0.8839
1477	1303771209932	1	1.0057	1.125	0.8839
1478	1303771209951	1	1.0057	1.125	0.8839
1479	1303771209970	1	1.0057	1.125	0.8839
1480	1303771209988	1	1.0057	1.125	0.8839
1481	1303771210049	1	1.0057	1.125	0.8839
1482	1303771210068	1	1.0057	1.125	0.8839
1483	1303771210127	1	1.0057	1.125	0.8839
1484	1303771210147	1	1.0057	1.125	0.8839
1485	1303771210165	1	1.0057	1.125	0.8839
1486	1303771210185	1	1.0057	1.125	0.8839
1487	1303771210203	1	1.0057	1.125	0.8839
1488	1303771210222	1	1.0057	1.125	0.8839
1489	1303771210239	1	1.0057	1.125	0.8839
1490	1303771210257	1	1.0057	1.125	0.8839
1491	1303771210277	1	1.0057	1.125	0.8839
1492	1303771210296	1	1.0057	1.125	0.8839
1493	1303771210316	1	1.0057	1.125	0.8839
1494	1303771210335	1	1.0057	1.125	0.8839
1495	1303771210355	1	1.0057	1.125	0.8839
1496	1303771210374	1	1.0057	1.125	0.8839
1497	1303771210392	1	1.0057	1.125	0.8839
1498	1303771210412	1	1.0057	1.0625	0.9359
1499	1303771210430	1	1.0057	1.125	0.8839
1500	1303771210449	1	1.0108	1.125	0.8794
1501	1303771210467	1	1.0108	1.125	0.8794
1502	1303771210485	1	1.0108	1.125	0.8794
1503	1303771210505	1	1.0108	1.125	0.8794
1504	1303771210523	1	1.0108	1.125	0.8794
1505	1303771210542	1	1.0108	1.125	0.8794
1506	1303771210560	1	1.0108	1.125	0.8794
1507	1303771210580	1	1.0108	1.125	0.8794
1508	1303771210598	1	1.0108	1.125	0.8794
1509	1303771210658	1	1.0108	1.125	0.8794
1510	1303771210677	1	1.0108	1.125	0.8794
1511	1303771210695	1	1.0108	1.125	0.8794
1512	1303771210716	1	1.0108	1.125	0.8794
1513	1303771210735	1	1.0108	1.125	0.8794
1514	1303771210755	1	1.0108	1.125	0.8794
1515	1303771210774	1	1.0108	1.125	0.8794
1516	1303771210793	1	1.0108	1.125	0.8794
1517	1303771210814	1	1.0108	1.125	0.8794
1518	1303771210833	1	1.0108	1.125	0.8794
1519	1303771210852	1	1.0108	1.125	0.8794
1520	1303771210871	1	1.0108	1.125	0.8794
1521	1303771210890	1	1.0108	1.125	0.8794
1522	1303771210910	1	1.0108	1.125	0.8794
1523	1303771210929	1	1.0108	1.125	0.8794
1524	1303771210949	1	1.0108	1.125	0.8794
1525	1303771210967	1	1.0108	1.125	0.8794
1526	1303771211028	1	1.0108	1.125	0.8794
1527	1303771211046	1	1.0108	1.125	0.8794
1528	1303771211064	1	1.0108	1.125	0.8794
1529	1303771211126	1	1.0108	1.125	0.8794
1530	1303771211144	1	1.0108	1.125	0.8794
1531	1303771211164	1	1.0108	1.125	0.8794
1532	1303771211183	1	1.0108	1.125	0.8794
1533	1303771211203	1	1.0108	1.125	0.8794
1534	1303771211222	1	1.0108	1.125	0.8794
1535	1303771211241	1	1.0108	1.125	0.8794
1536	1303771211261	1	1.0108	1.125	0.8794
1537	1303771211279	1	1.0108	1.125	0.8794
1538	1303771211299	1	1.0108	1.125	0.8794
1539	1303771211317	1	1.0108	1.125	0.8794
1540	1303771211337	1	1.0108	1.125	0.8794
1541	1303771211355	1	1.0108	1.125	0.8794
1542	1303771211374	1	1.0108	1.125	0.8794
1543	1303771211395	1	1.0108	1.125	0.8794
1544	1303771211414	1	1.0108	1.125	0.8794
1545	1303771211490	1	1.0108	1.125	0.8794
1546	1303771211509	1	1.0108	1.125	0.8794
1547	1303771211529	1	1.0108	1.125	0.8794
1548	1303771211547	1	1.0108	1.125	0.8794
1549	1303771211565	1	1.0108	1.125	0.8794
1550	1303771211585	1	1.0108	1.125	0.8794
1551	1303771211603	1	1.0108	1.125	0.8794
1552	1303771211622	1	1.0108	1.125	0.8794
1553	1303771211641	1	1.0108	1.125	0.8794
1554	1303771211661	1	1.0108	1.125	0.8794
1555	1303771211680	1	1.0108	1.125	0.8794
1556	1303771211698	1	1.0108	1.125	0.8794
1557	1303771211718	1	1.0108	1.125	0.8794
1558	1303771211738	1	1.0108	1.125	0.8794
1559	1303771211758	1	1.0108	1.125	0.8794
1560	1303771211777	1	1.0108	1.125	0.8794
1561	1303771211795	1	1.0152	1.0625	0.9271
1562	1303771211814	1	1.0152	1.125	0.8756
1563	1303771211832	1	1.0152	1.125	0.8756
1564	1303771211853	1	1.0152	1.125	0.8756
1565	1303771211870	1	1.0152	1.0625	0.9271
1566	1303771211890	1	1.0152	1.125	0.8756
1567	1303771211950	1	1.0152	1.125	0.8756
1568	1303771211969	1	1.0152	1.125	0.8756
1569	1303771211989	1	1.0152	1.125	0.8756
1570	1303771212007	1	1.0152	1.125	0.8756
1571	1303771212027	1	1.0152	1.125	0.8756
1572	1303771212045	1	1.0152	1.125	0.8756
1573	1303771212066	1	1.0152	1.125	0.8756
1574	1303771212084	1	1.0152	1.125	0.8756
1575	1303771212102	1	1.0152	1.125	0.8756
1576	1303771212122	1	1.0152	1.125	0.8756
1577	1303771212141	1	1.0152	1.125	0.8756
1578	1303771212161	1	1.0152	1.125	0.8756
1579	1303771212222	1	1.0152	1.125	0.8756
1580	1303771212242	1	1.0152	1.125	0.8756
1581	1303771212261	1	1.0152	1.125	0.8756
1582	1303771212280	1	1.0152	1.125	0.8756
1583	1303771212299	1	1.0152	1.125	0.8756
1584	1303771212318	1	1.0152	1.125	0.8756
1585	1303771212338	1	1.0152	1.125	0.8756
1586	1303771212357	1	1.0152	1.125	0.8756
1587	1303771212377	1	1.0152	1.125	0.8756
1588	1303771212397	1	1.0152	1.125	0.8756
1589	1303771212415	1	1.0152	1.125	0.8756
1590	1303771212435	1	1.0152	1.125	0.8756
1591	1303771212454	1	1.0152	1.125	0.8756
1592	1303771212474	1	1.0152	1.125	0.8756
1593	1303771212533	1	1.0152	1.125	0.8756
1594	1303771212553	1	1.0152	1.125	0.8756
1595	1303771212572	1	1.0152	1.125	0.8756
1596	1303771212590	1	1.0152	1.125	0.8756
1597	1303771212610	1	1.0152	1.125	0.8756
1598	1303771212629	1	1.0152	1.125	0.8756
1599	1303771212648	1	1.0152	1.125	0.8756
1600	1303771212666	1	1.0152	1.125	0.8756
1601	1303771212684	1	1.0152	1.125	0.8756
1602	1303771212704	1	1.0152	1.125	0.8756
1603	1303771212722	1	1.0152	1.125	0.8756
1604	1303771212741	1	1.0152	1.125	0.8756
1605	1303771212760	1	1.0152	1.125	0.8756
1606	1303771212779	1	1.0152	1.125	0.8756
1607	1303771212798	1	1.0152	1.125	0.8756
1608	1303771212816	1	1.0152	1.125	0.8756
1609	1303771212836	1	1.0152	1.125	0.8756
1610	1303771212855	1	1.0152	1.125	0.8756
1611	1303771212875	1	1.0152	1.125	0.8756
1612	1303771212894	1	1.0152	1.125	0.8756
1613	1303771212914	1	1.0152	1.125	0.8756
1614	1303771212932	1	1.0152	1.125	0.8756
1615	1303771212951	1	1.0152	1.125	0.8756
1616	1303771212970	1	1.0152	1.125	0.8756
1617	1303771212989	1	1.0152	1.125	0.8756
1618	1303771213008	1	1.0152	1.125	0.8756
1619	1303771213026	1	1.0152	1.125	0.8756
1620	1303771213047	1	1.0152	1.125	0.8756
1621	1303771213066	1	1.0524	1.125	0.8446
1622	1303771213086	1	1.0524	1.0625	0.8943
1623	1303771213106	1	1.0524	1.125	0.8446
1624	1303771213125	1	1.0524	1.125	0.8446
1625	1303771213145	1	1.0524	1.125	0.8446
1626	1303771213164	1	1.0524	1.0625	0.8943
1627	1303771213182	1	1.0524	1.125	0.8446
1628	1303771213202	1	1.0524	1.125	0.8446
1629	1303771213222	1	1.0524	1.125	0.8446
1630	1303771213243	1	1.0524	1.125	0.8446
1631	1303771213261	1	1.0524	1.125	0.8446
1632	1303771213323	1	1.0524	1.125	0.8446
1633	1303771213343	1	1.0524	1.125	0.8446
1634	1303771213363	1	1.0524	1.125	0.8446
1635	1303771213424	1	1.0524	1.125	0.8446
1636	1303771213442	1	1.0524	1.125	0.8446
1637	1303771213462	1	1.0524	1.125	0.8446
1638	1303771213480	1	1.0524	1.125	0.8446
1639	1303771213501	1	1.0524	1.125	0.8446
1640	1303771213519	1	1.0524	1.125	0.8446
1641	1303771213539	1	1.0524	1.125	0.8446
1642	1303771213559	1	1.0524	1.125	0.8446
1643	1303771213578	1	1.0524	1.125	0.8446
1644	1303771213598	1	1.0524	1.125	0.8446
1645	1303771213617	1	1.0524	1.125	0.8446
1646	1303771213637	1	1.0524	1.125	0.8446
1647	1303771213655	1	1.0524	1.125	0.8446
1648	1303771213674	1	1.0524	1.125	0.8446
1649	1303771213735	1	1.0524	1.125	0.8446
1650	1303771213754	1	1.0524	1.125	0.8446
1651	1303771213774	1	1.0524	1.125	0.8446
1652	1303771213793	1	1.0524	1.125	0.8446
1653	1303771213813	1	1.0524	1.125	0.8446
1654	1303771213832	1	1.0524	1.125	0.8446
1655	1303771213852	1	1.0524	1.125	0.8446
1656	1303771213870	1	1.0524	1.125	0.8446
1657	1303771213931	1	1.0524	1.125	0.8446
1658	1303771213952	1	1.0524	1.125	0.8446
1659	1303771213971	1	1.0524	1.125	0.8446
1660	1303771214033	1	1.0524	1.125	0.8446
1661	1303771214051	1	1.0524	1.125	0.8446
1662	1303771214071	1	1.0524	1.125	0.8446
1663	1303771214089	1	1.0524	1.125	0.8446
1664	1303771214108	1	1.0524	1.125	0.8446
1665	1303771214127	1	1.0524	1.125	0.8446
1666	1303771214148	1	1.0524	1.125	0.8446
1667	1303771214263	1	1.0524	1.125	0.8446
1668	1303771214282	1	1.0524	1.125	0.8446
1669	1303771214303	1	1.0524	1.125	0.8446
1670	1303771214320	1	1.0524	1.125	0.8446
1671	1303771214339	1	1.0524	1.125	0.8446
1672	1303771214441	1	1.0524	1.125	0.8446
1673	1303771214459	1	1.0524	1.125	0.8446
1674	1303771214478	1	1.0524	1.125	0.8446
1675	1303771214497	1	1.0524	1.125	0.8446
1676	1303771214515	1	1.0524	1.125	0.8446
1677	1303771214535	1	1.0524	1.125	0.8446
1678	1303771214554	1	1.0524	1.125	0.8446
1679	1303771214574	1	1.0524	1.125	0.8446
1680	1303771214594	1	1.0524	1.0625	0.8943
1681	1303771214614	1	1.0524	1.125	0.8446
1682	1303771214634	1	1.0524	1.125	0.8446
1683	1303771214654	1	1.0028	1.125	0.8864
1684	1303771214674	1	1.0028	1.0625	0.9386
1685	1303771214692	1	1.0028	1.125	0.8864
1686	1303771214712	1	1.0028	1.125	0.8864
1687	1303771214732	1	1.0028	1.125	0.8864
1688	1303771214752	1	1.0028	1.0625	0.9386
1689	1303771214771	1	1.0028	1.125	0.8864
1690	1303771214790	1	1.0028	1.125	0.8864
1691	1303771214810	1	1.0028	1.125	0.8864
1692	1303771214830	1	1.0028	1.0625	0.9386
1693	1303771214850	1	1.0028	1.125	0.8864
1694	1303771214869	1	1.0028	1.125	0.8864
1695	1303771214889	1	1.0028	1.125	0.8864
1696	1303771214908	1	1.0028	1.0625	0.9386
1697	1303771214926	1	1.0028	1.125	0.8864
1698	1303771214946	1	1.0028	1.125	0.8864
1699	1303771214964	1	1.0028	1.125	0.8864
1700	1303771214984	1	1.0028	1.0625	0.9386
1701	1303771215002	1	1.0028	1.125	0.8864
1702	1303771215022	1	1.0028	1.125	0.8864
1703	1303771215041	1	1.0028	1.125	0.8864
1704	1303771215059	1	1.0028	1.0625	0.9386
1705	1303771215080	1	1.0028	1.125	0.8864
1706	1303771215099	1	1.0028	1.125	0.8864
1707	1303771215119	1	1.0028	1.125	0.8864
1708	1303771215138	1	1.0028	1.0625	0.9386
1709	1303771215156	1	1.0028	1.125	0.8864
1710	1303771215177	1	1.0028	1.125	0.8864
1711	1303771215196	1	1.0028	1.125	0.8864
1712	1303771215217	1	1.0028	1.125	0.8864
1713	1303771215235	1	1.0028	1.125	0.8864
1714	1303771215255	1	1.0028	1.125	0.8864
1715	1303771215275	1	1.0028	1.125	0.8864
1716	1303771215295	1	1.0028	1.125	0.8864
1717	1303771215316	1	1.0028	1.125	0.8864
1718	1303771215335	1	1.0028	1.125	0.8864
1719	1303771215355	1	1.0028	1.125	0.8864
1720	1303771215374	1	1.0028	1.125	0.8864
1721	1303771215394	1	1.0028	1.125	0.8864
1722	1303771215454	1	1.0028	1.125	0.8864
1723	1303771215473	1	1.0028	1.125	0.8864
1724	1303771215492	1	1.0028	1.125	0.8864
1725	1303771215511	1	1.0028	1.125	0.8864
1726	1303771215530	1	1.0028	1.125	0.8864
1727	1303771215549	1	1.0028	1.125	0.8864
1728	1303771215569	1	1.0028	1.125	0.8864
1729	1303771215587	1	1.0028	1.125	0.8864
1730	1303771215606	1	1.0028	1.125	0.8864
1731	1303771215626	1	1.0028	1.125	0.8864
1732	1303771215644	1	1.0028	1.125	0.8864
1733	1303771215665	1	1.0028	1.125	0.8864
1734	1303771215684	1	1.0028	1.125	0.8864
1735	1303771215703	1	1.0028	1.125	0.8864
1736	1303771215723	1	1.0028	1.125	0.8864
1737	1303771215741	1	1.0028	1.125	0.8864
1738	1303771215761	1	1.0028	1.125	0.8864
1739	1303771215780	1	1.0028	1.125	0.8864
1740	1303771215800	1	1.0028	1.125	0.8864
1741	1303771215819	1	1.007	1.125	0.8827
1742	1303771215838	1	1.007	1.125	0.8827
1743	1303771215857	1	1.007	1.125	0.8827
1744	1303771215875	1	1.007	1.0625	0.9346
1745	1303771215895	1	1.007	1.125	0.8827
1746	1303771215913	1	1.007	1.125	0.8827
1747	1303771215932	1	1.007	1.125	0.8827
1748	1303771215952	1	1.007	1.0625	0.9346
1749	1303771215970	1	1.007	1.125	0.8827
1750	1303771215990	1	1.007	1.125	0.8827
1751	1303771216049	1	1.007	1.125	0.8827
1752	1303771216070	1	1.007	1.125	0.8827
1753	1303771216089	1	1.007	1.125	0.8827
1754	1303771216108	1	1.007	1.125	0.8827
1755	1303771216126	1	1.007	1.125	0.8827
1756	1303771216144	1	1.007	1.125	0.8827
1757	1303771216164	1	1.007	1.125	0.8827
1758	1303771216182	1	1.007	1.125	0.8827
1759	1303771216201	1	1.007	1.125	0.8827
1760	1303771216219	1	1.007	1.125	0.8827
1761	1303771216240	1	1.007	1.125	0.8827
1762	1303771216257	1	1.007	1.125	0.8827
1763	1303771216276	1	1.007	1.125	0.8827
1764	1303771216295	1	1.007	1.125	0.8827
1765	1303771216314	1	1.007	1.125	0.8827
1766	1303771216334	1	1.007	1.125	0.8827
1767	1303771216352	1	1.007	1.125	0.8827
1768	1303771216370	1	1.007	1.125	0.8827
1769	1303771216391	1	1.007	1.125	0.8827
1770	1303771216410	1	1.007	1.125	0.8827
1771	1303771216430	1	1.007	1.125	0.8827
1772	1303771216448	1	1.007	1.125	0.8827
1773	1303771216468	1	1.007	1.125	0.8827
1774	1303771216487	1	1.007	1.125	0.8827
1775	1303771216505	1	1.007	1.125	0.8827
1776	1303771216525	1	1.007	1.125	0.8827
1777	1303771216543	1	1.007	1.125	0.8827
1778	1303771216562	1	1.007	1.125	0.8827
1779	1303771216580	1	1.007	1.125	0.8827
1780	1303771216601	1	1.007	1.125	0.8827
1781	1303771216619	1	1.007	1.125	0.8827
1782	1303771216639	1	1.007	1.125	0.8827
1783	1303771216659	1	1.007	1.125	0.8827
1784	1303771216678	1	1.007	1.125	0.8827
1785	1303771216698	1	1.007	1.125	0.8827
1786	1303771216716	1	1.007	1.125	0.8827
1787	1303771216736	1	1.007	1.125	0.8827
1788	1303771216753	1	1.007	1.125	0.8827
1789	1303771216771	1	1.007	1.125	0.8827
1790	1303771216791	1	1.007	1.125	0.8827
1791	1303771216811	1	1.007	1.125	0.8827
1792	1303771216872	1	1.007	1.125	0.8827
1793	1303771216890	1	1.007	1.125	0.8827
1794	1303771216910	1	1.007	1.125	0.8827
1795	1303771216928	1	1.007	1.125	0.8827
1796	1303771217014	1	1.007	1.125	0.8827
1797	1303771217033	1	1.007	1.125	0.8827
1798	1303771217052	1	1.007	1.125	0.8827
1799	1303771217071	1	1.007	1.125	0.8827
1800	1303771217090	1	1.007	1.125	0.8827
