0	1303772262780	0	0	0	0
1	1303772262789	0	0	0	0
2	1303772262799	0	0	0	0
3	1303772262809	0	0	0	0
4	1303772262820	0	0	0	0
5	1303772262831	0	0	0	0
6	1303772262842	0	0	0	0
7	1303772262857	0	0	0	0
8	1303772262869	0	0	0	0
9	1303772262881	0	0	0	0
10	1303772262893	0	0	0	0
11	1303772262906	0	0	0	0
12	1303772262922	0	0	0	0
13	1303772262935	0	0	0	0
14	1303772262947	0	0	0	0
15	1303772262960	0	0	0	0
16	1303772262974	0	0	0	0
17	1303772262987	0	0	0	0
18	1303772263041	0	0	0	0
19	1303772263055	0	0	0	0
20	1303772263071	0	0	0	0
21	1303772263085	0	0	0	0
22	1303772263099	0	0	0	0
23	1303772263115	0	0	0	0
24	1303772263170	0	0	0	0
25	1303772263183	0	0	0	0
26	1303772263197	0	0	0	0
27	1303772263213	0	0	0	0
28	1303772263227	0	0	0	0
29	1303772263240	0	0	0	0
30	1303772263254	0	0	0	0
31	1303772263267	0	0	0	0
32	1303772263283	0	0	0	0
33	1303772263297	0	0	0	0
34	1303772263312	0	0	0	0
35	1303772263327	0	0	0	0
36	1303772263343	0	0	0	0
37	1303772263399	0	0	0	0
38	1303772263415	0	0	0	0
39	1303772263432	0	0	0	0
40	1303772263448	0	0	0	0
41	1303772263463	0	0	0	0
42	1303772263480	0	0	0	0
43	1303772263495	0	0	0	0
44	1303772263510	0	0	0	0
45	1303772263525	0	0	0	0
46	1303772263542	0	0	0	0
47	1303772263557	0	0	0	0
48	1303772263572	0	0	0	0
49	1303772263629	0	0	0	0
50	1303772263645	0	0	0	0
51	1303772263661	0	0	0	0
52	1303772263677	0	0	0	0
53	1303772263694	0	0	0	0
54	1303772263709	0	0	0	0
55	1303772263725	0	0	0	0
56	1303772263740	0	0	0	0
57	1303772263758	0	0	0	0
58	1303772263773	0	0	0	0
59	1303772263789	0	0	0	0
60	1303772263806	0	0	0	0
61	1303772263822	0	0	0	0
62	1303772263838	0	0	0	0
63	1303772263854	0	0	0	0
64	1303772263873	0	0	0	0
65	1303772263889	0	0	0	0
66	1303772263906	0	0	0	0
67	1303772263923	0	0	0	0
68	1303772263939	0	0	0	0
69	1303772263955	0	0	0	0
70	1303772263971	0	0	0	0
71	1303772263989	0	0	0	0
72	1303772264047	0	0	0	0
73	1303772264064	0	0	0	0
74	1303772264082	0	0	0	0
75	1303772264098	0	0	0	0
76	1303772264115	0	0	0	0
77	1303772264133	0	0	0	0
78	1303772264149	0	0	0	0
79	1303772264165	0	0	0	0
80	1303772264182	0	0	0	0
81	1303772264200	0	0	0	0
82	1303772264255	0	0	0	0
83	1303772264272	0	0	0	0
84	1303772264290	0	0	0	0
85	1303772264306	0	0	0	0
86	1303772264323	0	0	0	0
87	1303772264383	0	0	0	0
88	1303772264400	0	0	0	0
89	1303772264417	0	0	0	0
90	1303772264434	0	0	0	0
91	1303772264452	0	0	0	0
92	1303772264469	0	0	0	0
93	1303772264486	0	0	0	0
94	1303772264505	0.5	0	0	0
95	1303772264527	0.5	0	0	0
96	1303772264602	0.5	0	0	0
97	1303772264639	0.5	0	0	0
98	1303772264666	0.5	0	0	0
99	1303772264698	0.5	0	0	0
100	1303772264737	0.5	0	0	0
101	1303772264779	0.5	0	0	0
102	1303772264830	0.5	1.2479	0	0
103	1303772264878	0.5	1.0655	0	0
104	1303772264924	0.5	1.0655	0	0
105	1303772264985	0.5	1.0655	1.5	0.3128
106	1303772265083	0.5	1.0655	1.5	0.3128
107	1303772265137	0.5	1.0655	1.5	0.3128
108	1303772265228	0.5	1.0655	1.5	0.3128
109	1303772265280	0.5	1.0655	1.5	0.3128
110	1303772265370	0.5	1.0655	1.5	0.3128
111	1303772265421	0.5	1.0655	1.5	0.3128
112	1303772265471	0.5	1.0655	1.5	0.3128
113	1303772265522	0.5	1.0655	1.5	0.3128
114	1303772265572	0.5	1.0655	1.5	0.3128
115	1303772265622	0.5	1.0655	1.5	0.3128
116	1303772265669	0.5	1.0655	1.2778	0.3672
117	1303772265717	0.5	1.0655	1.3125	0.3575
118	1303772265764	0.5	1.0655	1.3333	0.3519
119	1303772265809	0.5	1.0655	1.3333	0.3519
120	1303772265856	0.5	1.0655	1.2778	0.3672
121	1303772265901	0.5	1.0655	1.2	0.3911
122	1303772265948	0.5	1.0655	1.25	0.3754
123	1303772266043	0.5	1.0655	1.15	0.4081
124	1303772266090	1	1.0655	1.15	0.8161
125	1303772266139	1	1.0655	1.15	0.8161
126	1303772266186	1	1.0655	1.15	0.8161
127	1303772266235	1	1.0655	1.15	0.8161
128	1303772266324	1	1.0655	1.15	0.8161
129	1303772266373	1	1.0655	1.15	0.8161
130	1303772266421	1	1.0655	1.125	0.8342
131	1303772266468	1	1.0655	1.1364	0.8259
132	1303772266517	1	1.0655	1.0909	0.8603
133	1303772266564	1	1.0655	1.125	0.8342
134	1303772266611	1	1.0655	1.0909	0.8603
135	1303772266656	1	1.0655	1.125	0.8342
136	1303772266702	1	1.0655	1.125	0.8342
137	1303772266749	1	1.0655	1.0909	0.8603
138	1303772266794	1	1.0655	1.125	0.8342
139	1303772266842	1	1.0655	1.0833	0.8663
140	1303772266888	1	1.0655	1.0769	0.8715
141	1303772266937	1	1.0655	1.125	0.8342
142	1303772266985	1	1.0655	1.1154	0.8414
143	1303772267031	1	1.0655	1.1154	0.8414
144	1303772267078	1	1.0655	1.1154	0.8414
145	1303772267166	1	1.0655	1.1154	0.8414
146	1303772267216	1	1.0655	1.1154	0.8414
147	1303772267306	1	1.0655	1.1154	0.8414
148	1303772267356	1	1.0655	1.1154	0.8414
149	1303772267402	1	1.0655	1.1154	0.8414
150	1303772267453	1	1.0655	1.1154	0.8414
151	1303772267500	1	1.0655	1.1154	0.8414
152	1303772267546	1	1.0655	1.1154	0.8414
153	1303772267594	1	1.0655	1.1154	0.8414
154	1303772267642	1	1.0655	1.1154	0.8414
155	1303772267689	1	1.0655	1.1154	0.8414
156	1303772267738	1	1.0655	1.1154	0.8414
157	1303772267784	1	1.0655	1.1154	0.8414
158	1303772267832	1	1.0655	1.1154	0.8414
159	1303772267880	1	1.0655	1.1154	0.8414
160	1303772267970	1	1.1117	1.1154	0.8064
161	1303772268017	1	1.1117	1.1154	0.8064
162	1303772268067	1	1.1117	1.1154	0.8064
163	1303772268116	1	1.1117	1.1154	0.8064
164	1303772268164	1	1.1117	1.1154	0.8064
165	1303772268254	1	1.1117	1.1154	0.8064
166	1303772268305	1	1.1117	1.1154	0.8064
167	1303772268354	1	1.1117	1.1154	0.8064
168	1303772268405	1	1.1117	1.1154	0.8064
169	1303772268454	1	1.1117	1.1154	0.8064
170	1303772268504	1	1.1117	1.1154	0.8064
171	1303772269016	1	1.1117	1.1154	0.8064
172	1303772289512	1	1.052	1.1154	0.8523
173	1303772308666	1	1.052	1.1154	0.8523
174	1303772308901	1	1.052	1.1071	0.8586
175	1303772308989	1	1.052	1.0714	0.8872
176	1303772309082	1	1.052	1.0357	0.9178
177	1303772309140	1	1.052	1.0385	0.9154
178	1303772309187	1	1.052	1.0357	0.9178
179	1303772309239	1	1.052	1.0714	0.8872
180	1303772309287	1	1.052	1.0714	0.8872
181	1303772309388	1	1.052	1.0769	0.8827
182	1303772309448	1	1.052	1.0714	0.8872
183	1303772309495	1	1.052	1.0714	0.8872
184	1303772309542	1	1.052	1.0714	0.8872
185	1303772309587	1	1.052	1.0714	0.8872
186	1303772309633	1	1.052	1.0714	0.8872
187	1303772309680	1	1.052	1.0714	0.8872
188	1303772309726	1	1.052	1.0714	0.8872
189	1303772309773	1	1.1344	1.0714	0.8228
190	1303772309824	1	1.1344	1.0714	0.8228
191	1303772309871	1	1.1344	1.0714	0.8228
192	1303772309918	1	1.1344	1.0714	0.8228
193	1303772309966	1	1.1344	1.1471	0.7685
194	1303772310013	1	1.1344	1.1471	0.7685
195	1303772310058	1	1.1344	1.1471	0.7685
196	1303772310107	1	1.1344	1.1471	0.7685
197	1303772310156	1	1.1344	1.1471	0.7685
198	1303772310205	1	1.1344	1.1667	0.7556
199	1303772310254	1	1.1344	1.1667	0.7556
200	1303772310311	1	1.1344	1.1667	0.7556
201	1303772310359	1	1.1344	1.1842	0.7444
202	1303772310405	1	1.1344	1.1842	0.7444
203	1303772310452	1	1.1344	1.1842	0.7444
204	1303772310502	1	1.1344	1.2	0.7346
205	1303772310546	1	1.1344	1.1842	0.7444
206	1303772310591	1	1.1344	1.2	0.7346
207	1303772310635	1	1.1344	1.2	0.7346
208	1303772310683	1	1.1344	1.175	0.7502
209	1303772310730	1	1.1344	1.175	0.7502
210	1303772310777	1	1.1344	1.1579	0.7613
211	1303772310825	1	1.1344	1.175	0.7502
212	1303772310910	1	1.1344	1.2	0.7346
213	1303772310956	1	1.1344	1.175	0.7502
214	1303772311003	1	1.1344	1.175	0.7502
215	1303772311049	1	1.1344	1.175	0.7502
216	1303772311094	1	1.1344	1.175	0.7502
217	1303772311182	1	1.1344	1.175	0.7502
218	1303772311228	1	1.1344	1.1905	0.7405
219	1303772311274	1	1.1344	1.1667	0.7556
220	1303772311362	1	1.1344	1.1667	0.7556
221	1303772311410	1	1.1344	1.1429	0.7713
222	1303772311456	1	1.1344	1.1667	0.7556
223	1303772311503	1	1.1344	1.1591	0.7605
224	1303772311548	1	1.1344	1.1591	0.7605
225	1303772311592	1	1.1344	1.1304	0.7798
226	1303772311639	1	1.1344	1.1304	0.7798
227	1303772311685	1	1.1344	1.0909	0.8081
228	1303772311730	1	1.1344	1.1304	0.7798
229	1303772311777	1	1.1344	1.1136	0.7916
230	1303772311823	1	1.1344	1.1087	0.7951
231	1303772311869	1	1.1344	1.1304	0.7798
232	1303772311929	1	1.1344	1.1087	0.7951
233	1303772311984	1	1.1343	1.1087	0.7951
234	1303772312036	1	1.1343	1.1087	0.7951
235	1303772312126	1	1.1343	1.1087	0.7951
236	1303772312173	1	1.1343	1.1087	0.7951
237	1303772312220	1	1.1343	1.1087	0.7951
238	1303772312266	1	1.1343	1.0833	0.8138
239	1303772312310	1	1.1343	1.087	0.811
240	1303772312358	1	1.1343	1.0625	0.8297
241	1303772312403	1	1.1343	1.0625	0.8297
242	1303772312457	1	1.1343	1.0625	0.8297
243	1303772312505	1	1.1343	1.0625	0.8297
244	1303772312551	1	1.1343	1.0625	0.8297
245	1303772312596	1	1.1343	1.0625	0.8297
246	1303772312643	1	1.1343	1.0625	0.8297
247	1303772312688	1	1.1343	1.0625	0.8297
248	1303772312736	1	1.1343	1.0625	0.8297
249	1303772312785	1	1.1343	1.0625	0.8297
250	1303772312832	1	1.1343	1.08	0.8163
251	1303772312879	1	1.1343	1.08	0.8163
252	1303772312926	1	1.1589	1.06	0.814
253	1303772312975	1	1.1589	1.0417	0.8284
254	1303772313026	1	1.1589	1.04	0.8297
255	1303772313075	1	1.1589	1.06	0.814
256	1303772313123	1	1.1589	1.04	0.8297
257	1303772313172	1	1.1589	1.04	0.8297
258	1303772313219	1	1.1589	1.04	0.8297
259	1303772313269	1	1.1589	1.04	0.8297
260	1303772313317	1	1.1589	1.04	0.8297
261	1303772313366	1	1.1589	1.04	0.8297
262	1303772313414	1	1.1589	1.0385	0.8309
263	1303772313461	1	1.1589	1.0385	0.8309
264	1303772313510	1	1.1589	1.04	0.8297
265	1303772313558	1	1.1589	1.04	0.8297
266	1303772313606	1	1.1589	1.04	0.8297
267	1303772313694	1	1.1589	1.0385	0.8309
268	1303772313741	1	1.1589	1.0385	0.8309
269	1303772313792	1	1.1589	1.0385	0.8309
270	1303772313842	1	1.1589	1.04	0.8297
271	1303772313894	1	1.1589	1.04	0.8297
272	1303772313944	1	1.1589	1.0385	0.8309
273	1303772313994	1	1.1589	1.0385	0.8309
274	1303772314044	1	1.1589	1.0385	0.8309
275	1303772314138	1	1.1589	1.0385	0.8309
276	1303772314187	1	1.1589	1.0385	0.8309
277	1303772314238	1	1.1589	1.0385	0.8309
278	1303772314287	1	1.1589	1.0385	0.8309
279	1303772314342	1	1.1589	1.0385	0.8309
280	1303772314391	1	1.1589	1.0385	0.8309
281	1303772314440	1	1.1589	1.0385	0.8309
282	1303772314493	1	1.1589	1.0385	0.8309
283	1303772314541	1	1.1589	1.0385	0.8309
284	1303772314592	1	1.1589	1.0385	0.8309
285	1303772314640	1	1.1589	1.0385	0.8309
286	1303772314690	1	1.1589	1.0385	0.8309
287	1303772314738	1	1.1589	1.0385	0.8309
288	1303772314789	1	1.1589	1.0385	0.8309
289	1303772314839	1	1.1589	1.0385	0.8309
290	1303772314889	1	1.1589	1.0385	0.8309
291	1303772314937	1	1.1589	1.0385	0.8309
292	1303772314989	1	1.1589	1.0385	0.8309
293	1303772315059	1	1.1585	1.0385	0.8312
294	1303772315225	1	1.1584	1.0385	0.8313
295	1303772315285	1	1.1584	1.0385	0.8313
296	1303772315339	1	1.1584	1.0385	0.8313
297	1303772315387	1	1.1584	1.0385	0.8313
298	1303772315437	1	1.1584	1.0385	0.8313
299	1303772315487	1	1.1584	1.0385	0.8313
300	1303772315539	1	1.1584	1.0385	0.8313
301	1303772315589	1	1.1584	1.0385	0.8313
302	1303772315637	1	1.1584	1.0385	0.8313
303	1303772315686	1	1.1584	1.0385	0.8313
304	1303772315734	1	1.1584	1.0385	0.8313
305	1303772315783	1	1.1584	1.0385	0.8313
306	1303772315830	1	1.1584	1.0385	0.8313
307	1303772315879	1	1.1584	1.0385	0.8313
308	1303772315926	1	1.1584	1.0385	0.8313
309	1303772315976	1	1.1584	1.0385	0.8313
310	1303772316026	1	1.1546	1.0385	0.834
311	1303772316084	1	1.154	1.0385	0.8344
312	1303772316134	1	1.1539	1.0385	0.8346
313	1303772316225	1	1.1539	1.0385	0.8346
314	1303772316275	1	1.1539	1.0385	0.8346
315	1303772316324	1	1.1539	1.0385	0.8346
316	1303772316375	1	1.1539	1.0385	0.8346
317	1303772316422	1	1.1539	1.0385	0.8346
318	1303772316471	1	1.1539	1.0385	0.8346
319	1303772316518	1	1.1539	1.0385	0.8346
320	1303772316565	1	1.1539	1.0385	0.8346
321	1303772316657	1	1.1539	1.0385	0.8346
322	1303772316705	1	1.1539	1.0385	0.8346
323	1303772316796	1	1.1539	1.0385	0.8346
324	1303772316843	1	1.1539	1.0385	0.8346
325	1303772316896	1	1.1539	1.0385	0.8346
326	1303772316943	1	1.1539	1.0385	0.8346
327	1303772316990	1	1.1539	1.0385	0.8346
328	1303772317038	1	1.1539	1.0385	0.8346
329	1303772317085	1	1.1539	1.0385	0.8346
330	1303772317133	1	1.1539	1.0385	0.8346
331	1303772317179	1	1.1539	1.0385	0.8346
332	1303772317225	1	1.1539	1.0385	0.8346
333	1303772317272	1	1.1539	1.0385	0.8346
334	1303772317317	1	1.1539	1.0385	0.8346
335	1303772317362	1	1.1539	1.0385	0.8346
336	1303772317448	1	1.1539	1.0385	0.8346
337	1303772317493	1	1.1539	1.0385	0.8346
338	1303772317537	1	1.1539	1.0385	0.8346
339	1303772317622	1	1.1539	1.0385	0.8346
340	1303772317671	1	1.1539	1.0385	0.8346
341	1303772317716	1	1.1539	1.0385	0.8346
342	1303772317760	1	1.1539	1.0385	0.8346
343	1303772317847	1	1.1539	1.0385	0.8346
344	1303772317891	1	1.1539	1.0385	0.8346
345	1303772317935	1	1.1539	1.0385	0.8346
346	1303772317981	1	1.1539	1.0385	0.8346
347	1303772318026	1	1.1539	1.0385	0.8346
348	1303772318110	1	1.1539	1.0385	0.8346
349	1303772318157	1	1.1539	1.0385	0.8346
350	1303772318204	1	1.1539	1.0385	0.8346
351	1303772318248	1	1.1539	1.0385	0.8346
352	1303772318292	1	1.1539	1.0385	0.8346
353	1303772318336	1	1.1539	1.0385	0.8346
354	1303772318438	1	1.1537	1.0385	0.8347
355	1303772319390	1	1.1535	1.0385	0.8348
356	1303772319741	1	1.1535	1.0385	0.8348
357	1303772319787	1	1.1535	1.0385	0.8348
358	1303772319833	1	1.1535	1.0385	0.8348
359	1303772319880	1	1.1535	1.0385	0.8348
360	1303772319927	1	1.1535	1.0385	0.8348
361	1303772319972	1	1.1535	1.0385	0.8348
362	1303772320017	1	1.1535	1.0385	0.8348
363	1303772320063	1	1.1535	1.0385	0.8348
364	1303772320108	1	1.1535	1.0385	0.8348
365	1303772320153	1	1.1535	1.0385	0.8348
366	1303772320197	1	1.1535	1.0385	0.8348
367	1303772320244	1	1.1535	1.0385	0.8348
368	1303772320332	1	1.1535	1.0385	0.8348
369	1303772320419	1	1.1535	1.0385	0.8348
370	1303772320465	1	1.1535	1.0385	0.8348
371	1303772320515	1	1.1535	1.0385	0.8348
372	1303772320563	1	1.1535	1.0385	0.8348
373	1303772320612	1	1.1535	1.0385	0.8348
374	1303772320658	1	1.1376	1.0385	0.8465
375	1303772320703	1	1.1376	1.0385	0.8465
376	1303772320749	1	1.1376	1.0385	0.8465
377	1303772320835	1	1.1376	1.0385	0.8465
378	1303772320879	1	1.1376	1.0385	0.8465
379	1303772320925	1	1.1376	1.0385	0.8465
380	1303772321010	1	1.1376	1.0385	0.8465
381	1303772321054	1	1.1376	1.0385	0.8465
382	1303772321100	1	1.1376	1.0385	0.8465
383	1303772321145	1	1.1376	1.0385	0.8465
384	1303772321191	1	1.1376	1.0385	0.8465
385	1303772321236	1	1.1376	1.0385	0.8465
386	1303772321281	1	1.1376	1.0385	0.8465
387	1303772321326	1	1.1376	1.0385	0.8465
388	1303772321370	1	1.1376	1.0385	0.8465
389	1303772321416	1	1.1376	1.0385	0.8465
390	1303772321460	1	1.1376	1.0385	0.8465
391	1303772321506	1	1.1376	1.0385	0.8465
392	1303772321551	1	1.1376	1.0385	0.8465
393	1303772321598	1	1.1376	1.0385	0.8465
394	1303772321642	1	1.1376	1.037	0.8477
395	1303772321686	1	1.1376	1.0385	0.8465
396	1303772321732	1	1.1376	1.0385	0.8465
397	1303772321776	1	1.1376	1.037	0.8477
398	1303772321821	1	1.1376	1.037	0.8477
399	1303772321867	1	1.1376	1.0385	0.8465
400	1303772321914	1	1.1376	1.037	0.8477
401	1303772321959	1	1.1376	1.037	0.8477
402	1303772322003	1	1.1376	1.0385	0.8465
403	1303772322090	1	1.1376	1.037	0.8477
404	1303772322135	1	1.1376	1.0385	0.8465
405	1303772322179	1	1.1376	1.037	0.8477
406	1303772322225	1	1.1376	1.0357	0.8487
407	1303772322269	1	1.1376	1.0357	0.8487
408	1303772322314	1	1.1376	1.0357	0.8487
409	1303772322359	1	1.1376	1.0357	0.8487
410	1303772322405	1	1.1376	1.0357	0.8487
411	1303772322449	1	1.1376	1.0357	0.8487
412	1303772322494	1	1.1376	1.0357	0.8487
413	1303772322539	1	1.1376	1.0357	0.8487
414	1303772322585	1	1.1376	1.0357	0.8487
415	1303772322675	1	1.1376	1.0357	0.8487
416	1303772323492	1	1.1376	1.0357	0.8488
417	1303772324118	1	1.1376	1.0357	0.8488
418	1303772324211	1	1.1376	1.0357	0.8488
419	1303772324257	1	1.1376	1.0357	0.8488
420	1303772324301	1	1.1376	1.0357	0.8488
421	1303772324347	1	1.1376	1.0357	0.8488
422	1303772324392	1	1.1376	1.0357	0.8488
423	1303772324436	1	1.1376	1.0357	0.8488
424	1303772324480	1	1.1376	1.0357	0.8488
425	1303772324528	1	1.1376	1.0357	0.8488
426	1303772324575	1	1.1376	1.0357	0.8488
427	1303772324620	1	1.1376	1.0357	0.8488
428	1303772324665	1	1.1376	1.0357	0.8488
429	1303772324711	1	1.1376	1.0357	0.8488
430	1303772324754	1	1.1376	1.0357	0.8488
431	1303772324799	1	1.1376	1.0357	0.8488
432	1303772324849	1	1.1362	1.0357	0.8498
433	1303772324910	1	1.1366	1.0357	0.8495
434	1303772324962	1	1.1366	1.0357	0.8495
435	1303772325008	1	1.1366	1.0357	0.8495
436	1303772325054	1	1.1366	1.0357	0.8495
437	1303772325101	1	1.1366	1.0357	0.8495
438	1303772325145	1	1.1366	1.0357	0.8495
439	1303772325189	1	1.1366	1.0357	0.8495
440	1303772325232	1	1.1366	1.0357	0.8495
441	1303772325278	1	1.1366	1.0357	0.8495
442	1303772325324	1	1.1366	1.0357	0.8495
443	1303772325368	1	1.1366	1.0357	0.8495
444	1303772325414	1	1.1366	1.0357	0.8495
445	1303772325459	1	1.1366	1.0357	0.8495
446	1303772325544	1	1.1203	1.0357	0.8618
447	1303772325589	1	1.1203	1.0357	0.8618
448	1303772325638	1	1.1203	1.0357	0.8618
449	1303772325683	1	1.1203	1.0357	0.8618
450	1303772325727	1	1.1203	1.0357	0.8618
451	1303772325813	1	1.1203	1.0357	0.8618
452	1303772325857	1	1.1203	1.0357	0.8618
453	1303772325900	1	1.1203	1.0357	0.8618
454	1303772325944	1	1.1203	1.0357	0.8618
455	1303772325989	1	1.1203	1.0357	0.8618
456	1303772326033	1	1.1203	1.0357	0.8618
457	1303772326076	1	1.1203	1.0357	0.8618
458	1303772326122	1	1.1203	1.0357	0.8618
459	1303772326169	1	1.1203	1.0357	0.8618
460	1303772326214	1	1.1203	1.0357	0.8618
461	1303772326258	1	1.1203	1.0357	0.8618
462	1303772326304	1	1.1203	1.0357	0.8618
463	1303772326349	1	1.1203	1.0357	0.8618
464	1303772326393	1	1.1203	1.0357	0.8618
465	1303772326437	1	1.1203	1.0357	0.8618
466	1303772326485	1	1.1203	1.0357	0.8618
467	1303772326529	1	1.1203	1.0357	0.8618
468	1303772326572	1	1.1203	1.0357	0.8618
469	1303772326658	1	1.1203	1.0357	0.8618
470	1303772326702	1	1.1203	1.0357	0.8618
471	1303772326745	1	1.1203	1.0357	0.8618
472	1303772326788	1	1.1203	1.0357	0.8618
473	1303772326834	1	1.1203	1.0357	0.8618
474	1303772326878	1	1.1203	1.0357	0.8618
475	1303772326964	1	1.1203	1.0357	0.8618
476	1303772327043	1	1.1203	1.0357	0.8618
477	1303772327567	1	1.1203	1.0357	0.8618
478	1303772327782	1	1.1203	1.0357	0.8618
479	1303772327869	1	1.1299	1.0357	0.8545
480	1303772327914	1	1.1299	1.0357	0.8545
481	1303772327959	1	1.1299	1.0357	0.8545
482	1303772328005	1	1.1299	1.0357	0.8545
483	1303772328050	1	1.1299	1.0357	0.8545
484	1303772328096	1	1.1299	1.0357	0.8545
485	1303772328140	1	1.1299	1.0357	0.8545
486	1303772328185	1	1.1299	1.0357	0.8545
487	1303772328228	1	1.1299	1.0357	0.8545
488	1303772328273	1	1.1299	1.0357	0.8545
489	1303772328318	1	1.1299	1.0357	0.8545
490	1303772328362	1	1.1299	1.0357	0.8545
491	1303772328406	1	1.1299	1.0357	0.8545
492	1303772328451	1	1.1299	1.0357	0.8545
493	1303772328501	1	1.1299	1.0357	0.8545
494	1303772328564	1	1.1299	1.0357	0.8545
495	1303772328611	1	1.1299	1.0357	0.8545
496	1303772328655	1	1.1299	1.0357	0.8545
497	1303772328699	1	1.1299	1.0357	0.8545
498	1303772328744	1	1.1299	1.0357	0.8545
499	1303772328788	1	1.1299	1.0357	0.8545
500	1303772328831	1	1.1299	1.0357	0.8545
501	1303772328876	1	1.1299	1.0357	0.8545
502	1303772328921	1	1.1299	1.0357	0.8545
503	1303772328965	1	1.1299	1.0357	0.8545
504	1303772329008	1	1.1299	1.0357	0.8545
505	1303772329053	1	1.1299	1.0357	0.8545
506	1303772329099	1	1.1299	1.0357	0.8545
507	1303772329146	1	1.1299	1.0357	0.8545
508	1303772329190	1	1.1299	1.0357	0.8545
509	1303772329236	1	1.1299	1.0357	0.8545
510	1303772329281	1	1.1299	1.0357	0.8545
511	1303772329324	1	1.1299	1.0357	0.8545
512	1303772329367	1	1.1299	1.0357	0.8545
513	1303772329415	1	1.1299	1.0357	0.8545
514	1303772329458	1	1.1299	1.0357	0.8545
515	1303772329502	1	1.1299	1.0357	0.8545
516	1303772329548	1	1.1299	1.0357	0.8545
517	1303772329591	1	1.1299	1.0357	0.8545
518	1303772329676	1	1.1299	1.0357	0.8545
519	1303772329719	1	1.1299	1.0357	0.8545
520	1303772329765	1	1.1299	1.0357	0.8545
521	1303772329809	1	1.1299	1.0357	0.8545
522	1303772329851	1	1.1299	1.0357	0.8545
523	1303772329894	1	1.1299	1.0357	0.8545
524	1303772329939	1	1.1299	1.0357	0.8545
525	1303772329982	1	1.1299	1.0357	0.8545
526	1303772330025	1	1.1299	1.0357	0.8545
527	1303772330069	1	1.1299	1.0357	0.8545
528	1303772330114	1	1.1299	1.0357	0.8545
529	1303772330158	1	1.1299	1.0357	0.8545
530	1303772330203	1	1.1299	1.0357	0.8545
531	1303772330247	1	1.1299	1.0357	0.8545
532	1303772330333	1	1.1299	1.0357	0.8545
533	1303772330379	1	1.1299	1.0357	0.8545
534	1303772330423	1	1.1299	1.0357	0.8545
535	1303772330470	1	1.1299	1.0357	0.8545
536	1303772330513	1	1.1299	1.0357	0.8545
537	1303772330600	1	1.1299	1.0357	0.8545
538	1303772331110	1	1.1299	1.0357	0.8545
539	1303772331357	1	1.1299	1.0357	0.8545
540	1303772331402	1	1.1299	1.0357	0.8545
541	1303772331487	1	1.13	1.0357	0.8545
542	1303772331534	1	1.13	1.0357	0.8545
543	1303772331579	1	1.13	1.0357	0.8545
544	1303772331623	1	1.13	1.0357	0.8545
545	1303772331713	1	1.13	1.0357	0.8545
546	1303772331759	1	1.13	1.0357	0.8545
547	1303772331804	1	1.13	1.0357	0.8545
548	1303772331851	1	1.13	1.0357	0.8545
549	1303772331897	1	1.13	1.0357	0.8545
550	1303772331940	1	1.13	1.0357	0.8545
551	1303772331983	1	1.13	1.0357	0.8545
552	1303772332026	1	1.13	1.0357	0.8545
553	1303772332072	1	1.13	1.0357	0.8545
554	1303772332119	1	1.13	1.0357	0.8545
555	1303772332171	1	1.13	1.0357	0.8545
556	1303772332220	1	1.1298	1.0357	0.8546
557	1303772332265	1	1.1298	1.0357	0.8546
558	1303772332308	1	1.1298	1.0357	0.8546
559	1303772332351	1	1.1298	1.0357	0.8546
560	1303772332397	1	1.1298	1.0357	0.8546
561	1303772332443	1	1.1298	1.0357	0.8546
562	1303772332486	1	1.1298	1.0357	0.8546
563	1303772332529	1	1.1298	1.0357	0.8546
564	1303772332574	1	1.1298	1.0357	0.8546
565	1303772332617	1	1.1298	1.0357	0.8546
566	1303772332660	1	1.1298	1.0357	0.8546
567	1303772332703	1	1.1298	1.0357	0.8546
568	1303772332749	1	1.1298	1.0357	0.8546
569	1303772332792	1	1.1298	1.0357	0.8546
570	1303772332837	1	1.1298	1.0357	0.8546
571	1303772332883	1	1.1298	1.0357	0.8546
572	1303772332929	1	1.1298	1.0357	0.8546
573	1303772333013	1	1.1298	1.0357	0.8546
574	1303772333059	1	1.1298	1.0357	0.8546
575	1303772333106	1	1.1298	1.0357	0.8546
576	1303772333151	1	1.1298	1.0357	0.8546
577	1303772333196	1	1.1298	1.0357	0.8546
578	1303772333239	1	1.1298	1.0357	0.8546
579	1303772333285	1	1.1298	1.0357	0.8546
580	1303772333375	1	1.1298	1.0357	0.8546
581	1303772333420	1	1.1298	1.0357	0.8546
582	1303772333510	1	1.1298	1.0357	0.8546
583	1303772333554	1	1.1298	1.0357	0.8546
584	1303772333597	1	1.1298	1.0357	0.8546
585	1303772333642	1	1.1298	1.0357	0.8546
586	1303772333687	1	1.1298	1.0357	0.8546
587	1303772333730	1	1.1298	1.0357	0.8546
588	1303772333774	1	1.1298	1.0357	0.8546
589	1303772333819	1	1.1298	1.0357	0.8546
590	1303772333906	1	1.1298	1.0357	0.8546
591	1303772333949	1	1.1298	1.0357	0.8546
592	1303772334033	1	1.1298	1.0357	0.8546
593	1303772334078	1	1.1298	1.0357	0.8546
594	1303772334123	1	1.1298	1.0357	0.8546
595	1303772334167	1	1.1298	1.0357	0.8546
596	1303772334210	1	1.1298	1.0357	0.8546
597	1303772334255	1	1.1298	1.0357	0.8546
598	1303772334327	1	1.1298	1.0357	0.8546
599	1303772334785	1	1.1297	1.0357	0.8547
600	1303772335086	1	1.1297	1.0357	0.8547
601	1303772335129	1	1.1297	1.0357	0.8547
602	1303772335174	1	1.1297	1.0357	0.8547
603	1303772335218	1	1.1297	1.0357	0.8547
604	1303772335261	1	1.1297	1.0357	0.8547
605	1303772335306	1	1.1297	1.0357	0.8547
606	1303772335351	1	1.1297	1.0357	0.8547
607	1303772335393	1	1.1297	1.0357	0.8547
608	1303772335437	1	1.1297	1.0357	0.8547
609	1303772335479	1	1.1297	1.0357	0.8547
610	1303772335522	1	1.1297	1.0357	0.8547
611	1303772335567	1	1.1297	1.0357	0.8547
612	1303772335609	1	1.1297	1.0357	0.8547
613	1303772335652	1	1.1297	1.0357	0.8547
614	1303772335694	1	1.1297	1.0357	0.8547
615	1303772335741	1	1.1279	1.0357	0.856
616	1303772335792	1	1.1295	1.0357	0.8548
617	1303772335838	1	1.1295	1.0357	0.8548
618	1303772335925	1	1.1293	1.0357	0.855
619	1303772335970	1	1.1293	1.0357	0.855
620	1303772336014	1	1.1293	1.0357	0.855
621	1303772336058	1	1.1293	1.0357	0.855
622	1303772336102	1	1.1293	1.0357	0.855
623	1303772336146	1	1.1293	1.0357	0.855
624	1303772336189	1	1.1293	1.0357	0.855
625	1303772336273	1	1.1293	1.0357	0.855
626	1303772336318	1	1.1293	1.0357	0.855
627	1303772336361	1	1.1293	1.0357	0.855
628	1303772336405	1	1.1293	1.0357	0.855
629	1303772336449	1	1.1293	1.0357	0.855
630	1303772336493	1	1.1293	1.0357	0.855
631	1303772336535	1	1.1293	1.0357	0.855
632	1303772336577	1	1.1293	1.0357	0.855
633	1303772336620	1	1.1293	1.0357	0.855
634	1303772336663	1	1.1293	1.0357	0.855
635	1303772336707	1	1.1293	1.0357	0.855
636	1303772336750	1	1.1293	1.0357	0.855
637	1303772336794	1	1.1293	1.0357	0.855
638	1303772336837	1	1.1293	1.0357	0.855
639	1303772336882	1	1.1293	1.0357	0.855
640	1303772336926	1	1.1293	1.0357	0.855
641	1303772336969	1	1.1293	1.0357	0.855
642	1303772337011	1	1.1293	1.0357	0.855
643	1303772337056	1	1.1293	1.0357	0.855
644	1303772337099	1	1.1293	1.0357	0.855
645	1303772337141	1	1.1293	1.0357	0.855
646	1303772337183	1	1.1293	1.0357	0.855
647	1303772337226	1	1.1293	1.0357	0.855
648	1303772337271	1	1.1293	1.0357	0.855
649	1303772337314	1	1.1293	1.0357	0.855
650	1303772337357	1	1.1293	1.0357	0.855
651	1303772337400	1	1.1293	1.0357	0.855
652	1303772337445	1	1.1293	1.0357	0.855
653	1303772337489	1	1.1293	1.0357	0.855
654	1303772337532	1	1.1293	1.0357	0.855
655	1303772337577	1	1.1293	1.0357	0.855
656	1303772337632	1	1.1293	1.0357	0.855
657	1303772337726	1	1.1293	1.0357	0.855
658	1303772337770	1	1.1293	1.0357	0.855
659	1303772337840	1	1.1293	1.0357	0.855
660	1303772338183	1	1.1293	1.0357	0.855
661	1303772338332	1	1.1294	1.0357	0.8549
662	1303772338376	1	1.1294	1.0357	0.8549
663	1303772338421	1	1.1294	1.0357	0.8549
664	1303772338466	1	1.1294	1.0357	0.8549
665	1303772338510	1	1.1294	1.0357	0.8549
666	1303772338567	1	1.1294	1.0357	0.8549
667	1303772338613	1	1.1294	1.0357	0.8549
668	1303772338656	1	1.1294	1.0357	0.8549
669	1303772338699	1	1.1294	1.0357	0.8549
670	1303772338755	1	1.1294	1.0357	0.8549
671	1303772338800	1	1.1294	1.0357	0.8549
672	1303772338845	1	1.1294	1.0357	0.8549
673	1303772338887	1	1.1294	1.0357	0.8549
674	1303772338929	1	1.1294	1.0357	0.8549
675	1303772338974	1	1.1294	1.0357	0.8549
676	1303772339044	1	1.1276	1.0357	0.8563
677	1303772339333	1	1.1276	1.0357	0.8563
678	1303772339593	1	1.1273	1.0357	0.8565
679	1303772339667	1	1.1273	1.0357	0.8565
680	1303772339714	1	1.1273	1.0357	0.8565
681	1303772339798	1	1.1273	1.0357	0.8565
682	1303772339841	1	1.1273	1.0357	0.8565
683	1303772339884	1	1.1273	1.0357	0.8565
684	1303772339929	1	1.1273	1.0357	0.8565
685	1303772339973	1	1.1273	1.0357	0.8565
686	1303772340016	1	1.1273	1.0357	0.8565
687	1303772340059	1	1.1273	1.0357	0.8565
688	1303772340104	1	1.1273	1.0357	0.8565
689	1303772340149	1	1.1273	1.0357	0.8565
690	1303772340193	1	1.1273	1.0357	0.8565
691	1303772340235	1	1.1273	1.0357	0.8565
692	1303772340323	1	1.1273	1.0357	0.8565
693	1303772340366	1	1.1273	1.0357	0.8565
694	1303772340410	1	1.1273	1.0357	0.8565
695	1303772340452	1	1.1273	1.0357	0.8565
696	1303772340497	1	1.1273	1.0357	0.8565
697	1303772340542	1	1.1273	1.0357	0.8565
698	1303772340586	1	1.1273	1.0357	0.8565
699	1303772340628	1	1.1273	1.0357	0.8565
700	1303772340671	1	1.1273	1.0357	0.8565
701	1303772340715	1	1.1273	1.0357	0.8565
702	1303772340799	1	1.1273	1.0357	0.8565
703	1303772340843	1	1.1273	1.0357	0.8565
704	1303772340886	1	1.1273	1.0357	0.8565
705	1303772340931	1	1.1273	1.0357	0.8565
706	1303772340972	1	1.1273	1.0357	0.8565
707	1303772341015	1	1.1273	1.0357	0.8565
708	1303772341058	1	1.1273	1.0357	0.8565
709	1303772341148	1	1.1439	1.0357	0.8441
710	1303772341190	1	1.1439	1.0357	0.8441
711	1303772341233	1	1.1439	1.0357	0.8441
712	1303772341276	1	1.1439	1.0357	0.8441
713	1303772341319	1	1.1439	1.0357	0.8441
714	1303772341363	1	1.1439	1.0357	0.8441
715	1303772341406	1	1.1439	1.0357	0.8441
716	1303772341449	1	1.1439	1.0357	0.8441
717	1303772341491	1	1.1439	1.0357	0.8441
718	1303772341536	1	1.1439	1.0357	0.8441
719	1303772341620	1	1.1439	1.0357	0.8441
720	1303772341680	1	1.1439	1.0357	0.8441
721	1303772342062	1	1.1439	1.0357	0.8441
722	1303772342323	1	1.1439	1.0357	0.8441
723	1303772342408	1	1.1439	1.0357	0.8441
724	1303772342450	1	1.1439	1.0357	0.8441
725	1303772342497	1	1.1439	1.0357	0.8441
726	1303772342540	1	1.1439	1.0357	0.8441
727	1303772342585	1	1.1439	1.0357	0.8441
728	1303772342629	1	1.1439	1.0357	0.8441
729	1303772342748	1	1.1439	1.0357	0.8441
730	1303772342858	1	1.1439	1.0357	0.8441
731	1303772342930	1	1.1439	1.0357	0.8441
732	1303772343003	1	1.1439	1.0357	0.8441
733	1303772343046	1	1.1439	1.0357	0.8441
734	1303772343091	1	1.1439	1.0357	0.8441
735	1303772343134	1	1.1439	1.0357	0.8441
736	1303772343177	1	1.1439	1.0357	0.8441
737	1303772343246	1	1.1447	1.0357	0.8434
738	1303772343636	1	1.1445	1.0357	0.8436
739	1303772344379	1	1.1445	1.0357	0.8436
740	1303772344517	1	1.1445	1.0357	0.8436
741	1303772344610	1	1.1445	1.0357	0.8436
742	1303772344654	1	1.1445	1.0357	0.8436
743	1303772344697	1	1.1445	1.0357	0.8436
744	1303772344740	1	1.1445	1.0357	0.8436
745	1303772344784	1	1.1445	1.0357	0.8436
746	1303772344827	1	1.1445	1.0357	0.8436
747	1303772344869	1	1.1445	1.0357	0.8436
748	1303772344912	1	1.1445	1.0357	0.8436
749	1303772344956	1	1.1445	1.0357	0.8436
750	1303772344998	1	1.1445	1.0357	0.8436
751	1303772345058	1	1.1445	1.0357	0.8436
752	1303772345114	1	1.1445	1.0357	0.8436
753	1303772345157	1	1.1445	1.0357	0.8436
754	1303772345205	1	1.1445	1.0357	0.8436
755	1303772345248	1	1.1445	1.0357	0.8436
756	1303772345292	1	1.1445	1.0357	0.8436
757	1303772345335	1	1.1445	1.0357	0.8436
758	1303772345380	1	1.1445	1.0357	0.8436
759	1303772345424	1	1.1445	1.0357	0.8436
760	1303772345466	1	1.1445	1.0357	0.8436
761	1303772345508	1	1.1445	1.0357	0.8436
762	1303772345596	1	1.1445	1.0357	0.8436
763	1303772345641	1	1.1445	1.0357	0.8436
764	1303772345684	1	1.1445	1.0357	0.8436
765	1303772345727	1	1.1445	1.0357	0.8436
766	1303772345772	1	1.1445	1.0357	0.8436
767	1303772345855	1	1.1445	1.0357	0.8436
768	1303772345900	1	1.1445	1.0357	0.8436
769	1303772345942	1	1.1445	1.0357	0.8436
770	1303772345985	1	1.1445	1.0357	0.8436
771	1303772346033	1	1.1445	1.0357	0.8436
772	1303772346077	1	1.1445	1.0357	0.8436
773	1303772346120	1	1.1445	1.0357	0.8436
774	1303772346162	1	1.1445	1.0357	0.8436
775	1303772346247	1	1.1445	1.0357	0.8436
776	1303772346290	1	1.1445	1.0357	0.8436
777	1303772346332	1	1.1445	1.0357	0.8436
778	1303772346375	1	1.1445	1.0357	0.8436
779	1303772346423	1	1.1445	1.0357	0.8436
780	1303772346466	1	1.1445	1.0357	0.8436
781	1303772346516	1	1.1445	1.0357	0.8436
782	1303772346567	1	1.1445	1.0357	0.8436
783	1303772346615	1	1.1445	1.0357	0.8436
784	1303772346658	1	1.1443	1.0357	0.8437
785	1303772346700	1	1.1443	1.0357	0.8437
786	1303772346743	1	1.1443	1.0179	0.8585
787	1303772346790	1	1.1443	1.0357	0.8437
788	1303772346833	1	1.1443	1.0357	0.8437
789	1303772346875	1	1.1443	1.0357	0.8437
790	1303772346918	1	1.1443	1.0179	0.8585
791	1303772346974	1	1.1443	1.0357	0.8437
792	1303772347019	1	1.1443	1.0357	0.8437
793	1303772347063	1	1.1443	1.0357	0.8437
794	1303772347107	1	1.1443	1.0357	0.8437
795	1303772347152	1	1.1443	1.0357	0.8437
796	1303772347194	1	1.1443	1.0357	0.8437
797	1303772347237	1	1.1443	1.0357	0.8437
798	1303772347321	1	1.1452	1.0357	0.8431
799	1303772347653	1	1.1449	1.0357	0.8433
800	1303772348012	1	1.1449	1.0357	0.8433
801	1303772348102	1	1.1449	1.0357	0.8433
802	1303772348145	1	1.1449	1.0357	0.8433
803	1303772348189	1	1.1449	1.0357	0.8433
804	1303772348232	1	1.1449	1.0357	0.8433
805	1303772348274	1	1.1449	1.0357	0.8433
806	1303772348319	1	1.1449	1.0357	0.8433
807	1303772348362	1	1.1449	1.0357	0.8433
808	1303772348406	1	1.1449	1.0357	0.8433
809	1303772348449	1	1.1449	1.0357	0.8433
810	1303772348494	1	1.1449	1.0357	0.8433
811	1303772348537	1	1.1449	1.0357	0.8433
812	1303772348595	1	1.1449	1.0357	0.8433
813	1303772348678	1	1.1449	1.0357	0.8433
814	1303772348723	1	1.1449	1.0357	0.8433
815	1303772348766	1	1.1449	1.0357	0.8433
816	1303772348809	1	1.1449	1.0357	0.8433
817	1303772348852	1	1.1449	1.0357	0.8433
818	1303772348896	1	1.1449	1.0357	0.8433
819	1303772348939	1	1.1449	1.0357	0.8433
820	1303772348982	1	1.1449	1.0357	0.8433
821	1303772349025	1	1.1449	1.0357	0.8433
822	1303772349067	1	1.1449	1.0357	0.8433
823	1303772349132	1	1.1449	1.0357	0.8433
824	1303772349175	1	1.1449	1.0357	0.8433
825	1303772349217	1	1.1449	1.0357	0.8433
826	1303772349260	1	1.1449	1.0357	0.8433
827	1303772349305	1	1.1449	1.0357	0.8433
828	1303772349348	1	1.1449	1.0357	0.8433
829	1303772349392	1	1.1449	1.0357	0.8433
830	1303772349434	1	1.1449	1.0357	0.8433
831	1303772349477	1	1.1449	1.0357	0.8433
832	1303772349524	1	1.1449	1.0357	0.8433
833	1303772349566	1	1.1449	1.0357	0.8433
834	1303772349610	1	1.1449	1.0357	0.8433
835	1303772349653	1	1.1449	1.0357	0.8433
836	1303772349697	1	1.1449	1.0357	0.8433
837	1303772349739	1	1.1449	1.0357	0.8433
838	1303772349782	1	1.1449	1.0357	0.8433
839	1303772349824	1	1.1449	1.0357	0.8433
840	1303772349871	1	1.1449	1.0357	0.8433
841	1303772349914	1	1.1449	1.0357	0.8433
842	1303772350005	1	1.1456	1.0357	0.8428
843	1303772350059	1	1.1448	1.0357	0.8434
844	1303772350104	1	1.1448	1.0357	0.8434
845	1303772350149	1	1.1448	1.0357	0.8434
846	1303772350191	1	1.1448	1.0179	0.8582
847	1303772350236	1	1.1448	1.0357	0.8434
848	1303772350279	1	1.1448	1.0357	0.8434
849	1303772350322	1	1.1448	1.0357	0.8434
850	1303772350365	1	1.1448	1.0179	0.8582
851	1303772350409	1	1.1448	1.0357	0.8434
852	1303772350453	1	1.1448	1.0357	0.8434
853	1303772350495	1	1.1448	1.0357	0.8434
854	1303772350538	1	1.1448	1.0357	0.8434
855	1303772350582	1	1.1448	1.0357	0.8434
856	1303772350628	1	1.1448	1.0357	0.8434
857	1303772350672	1	1.1448	1.0357	0.8434
858	1303772350715	1	1.1448	1.0357	0.8434
859	1303772350781	1	1.1448	1.0357	0.8434
860	1303772351145	1	1.1448	1.0357	0.8434
861	1303772351914	1	1.1448	1.0357	0.8434
862	1303772352072	1	1.1448	1.0357	0.8434
863	1303772352156	1	1.1455	1.0357	0.8429
864	1303772352199	1	1.1455	1.0357	0.8429
865	1303772352242	1	1.1455	1.0357	0.8429
866	1303772352290	1	1.1455	1.0357	0.8429
867	1303772352379	1	1.1455	1.0357	0.8429
868	1303772352513	1	1.1455	1.0357	0.8429
869	1303772352555	1	1.1455	1.0357	0.8429
870	1303772352600	1	1.1455	1.0357	0.8429
871	1303772352644	1	1.1455	1.0357	0.8429
872	1303772352686	1	1.1455	1.0357	0.8429
873	1303772352728	1	1.1455	1.0357	0.8429
874	1303772352773	1	1.1455	1.0357	0.8429
875	1303772352822	1	1.1455	1.0357	0.8429
876	1303772352865	1	1.1455	1.0357	0.8429
877	1303772352908	1	1.1455	1.0357	0.8429
878	1303772352951	1	1.1455	1.0357	0.8429
879	1303772352996	1	1.1455	1.0357	0.8429
880	1303772353040	1	1.1455	1.0357	0.8429
881	1303772353082	1	1.1455	1.0357	0.8429
882	1303772353125	1	1.1455	1.0357	0.8429
883	1303772353170	1	1.1455	1.0357	0.8429
884	1303772353213	1	1.1455	1.0357	0.8429
885	1303772353255	1	1.1455	1.0357	0.8429
886	1303772353298	1	1.1455	1.0357	0.8429
887	1303772353342	1	1.1455	1.0357	0.8429
888	1303772353386	1	1.1455	1.0357	0.8429
889	1303772353429	1	1.1455	1.0357	0.8429
890	1303772353471	1	1.1455	1.0357	0.8429
891	1303772353513	1	1.1455	1.0357	0.8429
892	1303772353557	1	1.1455	1.0357	0.8429
893	1303772353602	1	1.1455	1.0357	0.8429
894	1303772353645	1	1.1455	1.0357	0.8429
895	1303772353687	1	1.1455	1.0357	0.8429
896	1303772353731	1	1.1455	1.0357	0.8429
897	1303772353776	1	1.1455	1.0357	0.8429
898	1303772353819	1	1.1455	1.0357	0.8429
899	1303772353861	1	1.1455	1.0357	0.8429
900	1303772353904	1	1.1455	1.0357	0.8429
901	1303772353948	1	1.1455	1.0357	0.8429
902	1303772353991	1	1.1455	1.0357	0.8429
903	1303772354083	1	1.1455	1.0357	0.8429
904	1303772354135	1	1.1457	1.0357	0.8427
905	1303772354180	1	1.1457	1.0357	0.8427
906	1303772354224	1	1.1457	1.0357	0.8427
907	1303772354268	1	1.1457	1.0179	0.8575
908	1303772354312	1	1.1457	1.0357	0.8427
909	1303772354355	1	1.1457	1.0357	0.8427
910	1303772354397	1	1.1457	1.0357	0.8427
911	1303772354481	1	1.1457	1.0179	0.8575
912	1303772354526	1	1.1457	1.0357	0.8427
913	1303772354570	1	1.1457	1.0357	0.8427
914	1303772354613	1	1.1457	1.0357	0.8427
915	1303772354700	1	1.1457	1.0357	0.8427
916	1303772354746	1	1.1457	1.0357	0.8427
917	1303772354791	1	1.1457	1.0357	0.8427
918	1303772354834	1	1.1457	1.0357	0.8427
919	1303772354876	1	1.1457	1.0357	0.8427
920	1303772354954	1	1.1457	1.0357	0.8427
921	1303772355262	1	1.1472	1.0357	0.8416
922	1303772355598	1	1.1469	1.0357	0.8418
923	1303772355720	1	1.1469	1.0357	0.8418
924	1303772355766	1	1.1469	1.0357	0.8418
925	1303772355809	1	1.1469	1.0357	0.8418
926	1303772355853	1	1.1469	1.0357	0.8418
927	1303772355896	1	1.1469	1.0357	0.8418
928	1303772355941	1	1.1469	1.0357	0.8418
929	1303772355984	1	1.1469	1.0357	0.8418
930	1303772356029	1	1.1469	1.0357	0.8418
931	1303772356072	1	1.1469	1.0357	0.8418
932	1303772356116	1	1.1469	1.0357	0.8418
933	1303772356162	1	1.1469	1.0357	0.8418
934	1303772356205	1	1.1469	1.0357	0.8418
935	1303772356249	1	1.1469	1.0357	0.8418
936	1303772356292	1	1.1469	1.0357	0.8418
937	1303772356336	1	1.1469	1.0357	0.8418
938	1303772356379	1	1.1469	1.0357	0.8418
939	1303772356422	1	1.1469	1.0357	0.8418
940	1303772356467	1	1.1469	1.0357	0.8418
941	1303772356514	1	1.1469	1.0357	0.8418
942	1303772356557	1	1.1469	1.0357	0.8418
943	1303772356601	1	1.1469	1.0357	0.8418
944	1303772356644	1	1.1469	1.0357	0.8418
945	1303772356687	1	1.1469	1.0357	0.8418
946	1303772356732	1	1.1469	1.0357	0.8418
947	1303772356774	1	1.1469	1.0357	0.8418
948	1303772356817	1	1.1469	1.0357	0.8418
949	1303772356860	1	1.1469	1.0357	0.8418
950	1303772356904	1	1.1469	1.0357	0.8418
951	1303772356947	1	1.1469	1.0357	0.8418
952	1303772356994	1	1.1469	1.0357	0.8418
953	1303772357038	1	1.1469	1.0357	0.8418
954	1303772357082	1	1.1469	1.0357	0.8418
955	1303772357125	1	1.1469	1.0357	0.8418
956	1303772357167	1	1.1469	1.0357	0.8418
957	1303772357211	1	1.1469	1.0357	0.8418
958	1303772357294	1	1.1469	1.0357	0.8418
959	1303772357344	1	1.1469	1.0357	0.8418
960	1303772357387	1	1.1469	1.0357	0.8418
961	1303772357430	1	1.1469	1.0357	0.8418
962	1303772357516	1	1.1469	1.0357	0.8418
963	1303772357562	1	1.1469	1.0357	0.8418
964	1303772357613	1	1.1469	1.0357	0.8418
965	1303772357663	1	1.147	1.0357	0.8418
966	1303772357711	1	1.1467	1.0357	0.842
967	1303772357758	1	1.1467	1.0357	0.842
968	1303772357801	1	1.1467	1.0357	0.842
969	1303772357845	1	1.1467	1.0179	0.8568
970	1303772357892	1	1.1467	1.0357	0.842
971	1303772357937	1	1.1467	1.0357	0.842
972	1303772357980	1	1.1467	1.0357	0.842
973	1303772358023	1	1.1467	1.0357	0.842
974	1303772358067	1	1.1467	1.0357	0.842
975	1303772358110	1	1.1467	1.0357	0.842
976	1303772358153	1	1.1467	1.0357	0.842
977	1303772358196	1	1.1467	1.0357	0.842
978	1303772358238	1	1.1467	1.0357	0.842
979	1303772358283	1	1.1467	1.0357	0.842
980	1303772358326	1	1.1467	1.0357	0.842
981	1303772358442	1	1.1467	1.0357	0.842
982	1303772359035	1	1.1467	1.0357	0.842
983	1303772360208	1	1.1464	1.0357	0.8422
984	1303772360426	1	1.1464	1.0357	0.8422
985	1303772360471	1	1.1464	1.0357	0.8422
986	1303772360516	1	1.1464	1.0357	0.8422
987	1303772360558	1	1.1464	1.0357	0.8422
988	1303772360601	1	1.1464	1.0357	0.8422
989	1303772360643	1	1.1464	1.0357	0.8422
990	1303772360688	1	1.1464	1.0357	0.8422
991	1303772360730	1	1.1464	1.0357	0.8422
992	1303772360773	1	1.1464	1.0357	0.8422
993	1303772360818	1	1.1464	1.0357	0.8422
994	1303772360861	1	1.1464	1.0357	0.8422
995	1303772360908	1	1.1464	1.0357	0.8422
996	1303772360951	1	1.1464	1.0357	0.8422
997	1303772360993	1	1.1464	1.0357	0.8422
998	1303772361036	1	1.1464	1.0357	0.8422
999	1303772361082	1	1.1464	1.0357	0.8422
1000	1303772361125	1	1.1464	1.0357	0.8422
1001	1303772361169	1	1.1464	1.0357	0.8422
1002	1303772361212	1	1.1464	1.0357	0.8422
1003	1303772361259	1	1.1464	1.0357	0.8422
1004	1303772361305	1	1.1464	1.0357	0.8422
1005	1303772361348	1	1.1464	1.0357	0.8422
1006	1303772361393	1	1.1464	1.0357	0.8422
1007	1303772361436	1	1.1464	1.0357	0.8422
1008	1303772361481	1	1.1464	1.0357	0.8422
1009	1303772361523	1	1.1464	1.0357	0.8422
1010	1303772361606	1	1.1464	1.0357	0.8422
1011	1303772361649	1	1.1464	1.0357	0.8422
1012	1303772361737	1	1.1464	1.0357	0.8422
1013	1303772361781	1	1.1464	1.0357	0.8422
1014	1303772361824	1	1.1464	1.0357	0.8422
1015	1303772361867	1	1.1464	1.0357	0.8422
1016	1303772361912	1	1.1464	1.0357	0.8422
1017	1303772361955	1	1.1464	1.0357	0.8422
1018	1303772361997	1	1.1464	1.0357	0.8422
1019	1303772362040	1	1.1464	1.0357	0.8422
1020	1303772362126	1	1.1464	1.0357	0.8422
1021	1303772362169	1	1.1464	1.0357	0.8422
1022	1303772362212	1	1.1464	1.0357	0.8422
1023	1303772362258	1	1.1464	1.0357	0.8422
1024	1303772362304	1	1.1464	1.0357	0.8422
1025	1303772362354	1	1.1467	1.0357	0.842
1026	1303772362399	1	1.1445	1.0357	0.8436
1027	1303772362443	1	1.1445	1.0357	0.8436
1028	1303772362489	1	1.1445	1.0357	0.8436
1029	1303772362532	1	1.1445	1.0357	0.8436
1030	1303772362577	1	1.1445	1.0357	0.8436
1031	1303772362622	1	1.1445	1.0357	0.8436
1032	1303772362670	1	1.1445	1.0357	0.8436
1033	1303772362715	1	1.1445	1.0357	0.8436
1034	1303772362757	1	1.1445	1.0357	0.8436
1035	1303772362801	1	1.1445	1.0357	0.8436
1036	1303772362845	1	1.1445	1.0357	0.8436
1037	1303772362888	1	1.1445	1.0357	0.8436
1038	1303772362931	1	1.1445	1.0357	0.8436
1039	1303772362975	1	1.1445	1.0357	0.8436
1040	1303772363017	1	1.1445	1.0357	0.8436
1041	1303772363062	1	1.1445	1.0357	0.8436
1042	1303772363155	1	1.1463	1.0357	0.8423
1043	1303772363925	1	1.146	1.0357	0.8425
1044	1303772364984	1	1.146	1.0357	0.8425
1045	1303772365159	1	1.146	1.0357	0.8425
1046	1303772365202	1	1.146	1.0357	0.8425
1047	1303772365245	1	1.146	1.0357	0.8425
1048	1303772365288	1	1.146	1.0357	0.8425
1049	1303772365334	1	1.146	1.0357	0.8425
1050	1303772365376	1	1.146	1.0357	0.8425
1051	1303772365462	1	1.146	1.0357	0.8425
1052	1303772365505	1	1.146	1.0357	0.8425
1053	1303772365549	1	1.146	1.0357	0.8425
1054	1303772365594	1	1.146	1.0357	0.8425
1055	1303772365639	1	1.146	1.0357	0.8425
1056	1303772365682	1	1.146	1.0357	0.8425
1057	1303772365773	1	1.146	1.0357	0.8425
1058	1303772365815	1	1.146	1.0357	0.8425
1059	1303772365906	1	1.146	1.0357	0.8425
1060	1303772365949	1	1.146	1.0357	0.8425
1061	1303772365994	1	1.146	1.0357	0.8425
1062	1303772366037	1	1.146	1.0357	0.8425
1063	1303772366081	1	1.146	1.0357	0.8425
1064	1303772366123	1	1.146	1.0357	0.8425
1065	1303772366166	1	1.146	1.0357	0.8425
1066	1303772366212	1	1.146	1.0357	0.8425
1067	1303772366255	1	1.146	1.0357	0.8425
1068	1303772366297	1	1.146	1.0357	0.8425
1069	1303772366340	1	1.146	1.0357	0.8425
1070	1303772366386	1	1.146	1.0357	0.8425
1071	1303772366428	1	1.146	1.0357	0.8425
1072	1303772366472	1	1.146	1.0357	0.8425
1073	1303772366515	1	1.146	1.0357	0.8425
1074	1303772366601	1	1.146	1.0357	0.8425
1075	1303772366645	1	1.146	1.0357	0.8425
1076	1303772366688	1	1.146	1.0357	0.8425
1077	1303772366733	1	1.146	1.0357	0.8425
1078	1303772366776	1	1.146	1.0357	0.8425
1079	1303772366821	1	1.146	1.0357	0.8425
1080	1303772366863	1	1.146	1.0357	0.8425
1081	1303772366905	1	1.146	1.0357	0.8425
1082	1303772366948	1	1.146	1.0357	0.8425
1083	1303772366993	1	1.146	1.0357	0.8425
1084	1303772367038	1	1.146	1.0357	0.8425
1085	1303772367082	1	1.146	1.0357	0.8425
1086	1303772367130	1	1.146	1.0357	0.8425
1087	1303772367177	1	1.146	1.0357	0.8425
1088	1303772367221	1	1.146	1.0357	0.8425
1089	1303772367306	1	1.146	1.0357	0.8425
1090	1303772367394	1	1.146	1.0357	0.8425
1091	1303772367438	1	1.146	1.0357	0.8425
1092	1303772367481	1	1.146	1.0357	0.8425
1093	1303772367524	1	1.146	1.0357	0.8425
1094	1303772367568	1	1.146	1.0357	0.8425
1095	1303772367609	1	1.146	1.0357	0.8425
1096	1303772367652	1	1.146	1.0357	0.8425
1097	1303772367695	1	1.146	1.0357	0.8425
1098	1303772367737	1	1.146	1.0357	0.8425
1099	1303772367784	1	1.146	1.0357	0.8425
1100	1303772367826	1	1.146	1.0357	0.8425
1101	1303772367870	1	1.146	1.0357	0.8425
1102	1303772368031	1	1.146	1.0357	0.8425
1103	1303772368088	1	1.146	1.0357	0.8425
1104	1303772368164	1	1.146	1.0357	0.8425
1105	1303772368213	1	1.146	1.0357	0.8425
1106	1303772368257	1	1.146	1.0357	0.8425
1107	1303772368300	1	1.146	1.0357	0.8425
1108	1303772368342	1	1.1486	1.0357	0.8406
1109	1303772368387	1	1.1486	1.0357	0.8406
1110	1303772368430	1	1.1486	1.0357	0.8406
1111	1303772368476	1	1.1486	1.0357	0.8406
1112	1303772368519	1	1.1486	1.0357	0.8406
1113	1303772368607	1	1.1486	1.0357	0.8406
1114	1303772368692	1	1.1486	1.0357	0.8406
1115	1303772368734	1	1.1486	1.0357	0.8406
1116	1303772368778	1	1.1486	1.0357	0.8406
1117	1303772368821	1	1.1486	1.0357	0.8406
1118	1303772368865	1	1.1486	1.0357	0.8406
1119	1303772368907	1	1.1486	1.0357	0.8406
1120	1303772368950	1	1.1486	1.0357	0.8406
1121	1303772368993	1	1.1486	1.0357	0.8406
1122	1303772369037	1	1.1486	1.0357	0.8406
1123	1303772369120	1	1.1486	1.0357	0.8406
1124	1303772369165	1	1.1486	1.0357	0.8406
1125	1303772369251	1	1.1486	1.0357	0.8406
1126	1303772369297	1	1.1486	1.0357	0.8406
1127	1303772369382	1	1.1486	1.0357	0.8406
1128	1303772369424	1	1.1486	1.0357	0.8406
1129	1303772369467	1	1.1486	1.0357	0.8406
1130	1303772369512	1	1.1486	1.0357	0.8406
1131	1303772369555	1	1.1486	1.0357	0.8406
1132	1303772369600	1	1.1486	1.0357	0.8406
1133	1303772369644	1	1.1486	1.0357	0.8406
1134	1303772369686	1	1.1486	1.0357	0.8406
1135	1303772369730	1	1.1486	1.0357	0.8406
1136	1303772369772	1	1.1486	1.0357	0.8406
1137	1303772369815	1	1.1486	1.0357	0.8406
1138	1303772369857	1	1.1486	1.0357	0.8406
1139	1303772369942	1	1.1486	1.0357	0.8406
1140	1303772369985	1	1.1486	1.0357	0.8406
1141	1303772370028	1	1.1486	1.0357	0.8406
1142	1303772370071	1	1.1486	1.0357	0.8406
1143	1303772370115	1	1.1486	1.0357	0.8406
1144	1303772370157	1	1.1486	1.0357	0.8406
1145	1303772370200	1	1.1486	1.0357	0.8406
1146	1303772370243	1	1.1486	1.0357	0.8406
1147	1303772370293	1	1.1486	1.0357	0.8406
1148	1303772370339	1	1.1486	1.0357	0.8406
1149	1303772370383	1	1.1486	1.0357	0.8406
1150	1303772370427	1	1.1486	1.0357	0.8406
1151	1303772370472	1	1.1486	1.0357	0.8406
1152	1303772370516	1	1.1486	1.0357	0.8406
1153	1303772370559	1	1.1486	1.0357	0.8406
1154	1303772370602	1	1.1486	1.0357	0.8406
1155	1303772370647	1	1.1486	1.0357	0.8406
1156	1303772370689	1	1.1486	1.0357	0.8406
1157	1303772370771	1	1.1486	1.0357	0.8406
1158	1303772370816	1	1.1486	1.0357	0.8406
1159	1303772370903	1	1.1486	1.0357	0.8406
1160	1303772370945	1	1.1486	1.0357	0.8406
1161	1303772371034	1	1.1486	1.0357	0.8406
1162	1303772371076	1	1.1486	1.0357	0.8406
1163	1303772371121	1	1.1486	1.0357	0.8406
1164	1303772371195	1	1.1486	1.0357	0.8406
1165	1303772371625	1	1.1486	1.0357	0.8406
1166	1303772372117	1	1.1486	1.0357	0.8406
1167	1303772372220	1	1.1486	1.0357	0.8406
1168	1303772372266	1	1.1486	1.0357	0.8406
1169	1303772372308	1	1.1486	1.0357	0.8406
1170	1303772372352	1	1.1496	1.0357	0.8399
1171	1303772372396	1	1.1496	1.0357	0.8399
1172	1303772372439	1	1.1496	1.0357	0.8399
1173	1303772372481	1	1.1496	1.0357	0.8399
1174	1303772372525	1	1.1496	1.0357	0.8399
1175	1303772372569	1	1.1496	1.0357	0.8399
1176	1303772372612	1	1.1496	1.0357	0.8399
1177	1303772372654	1	1.1496	1.0357	0.8399
1178	1303772372697	1	1.1496	1.0357	0.8399
1179	1303772372741	1	1.1496	1.0357	0.8399
1180	1303772372783	1	1.1496	1.0357	0.8399
1181	1303772372825	1	1.1496	1.0357	0.8399
1182	1303772372867	1	1.1496	1.0357	0.8399
1183	1303772372910	1	1.1496	1.0357	0.8399
1184	1303772372955	1	1.1496	1.0357	0.8399
1185	1303772372998	1	1.1496	1.0357	0.8399
1186	1303772373041	1	1.1496	1.0357	0.8399
1187	1303772373127	1	1.1415	1.0357	0.8458
1188	1303772373174	1	1.1415	1.0357	0.8458
1189	1303772373217	1	1.1415	1.0357	0.8458
1190	1303772373262	1	1.1415	1.0357	0.8458
1191	1303772373313	1	1.1415	1.0357	0.8458
1192	1303772373355	1	1.1415	1.0357	0.8458
1193	1303772373403	1	1.1415	1.0357	0.8458
1194	1303772373447	1	1.1415	1.0357	0.8458
1195	1303772373490	1	1.1415	1.0357	0.8458
1196	1303772373578	1	1.1415	1.0357	0.8458
1197	1303772373623	1	1.1415	1.0357	0.8458
1198	1303772373666	1	1.1415	1.0357	0.8458
1199	1303772373709	1	1.1415	1.0357	0.8458
1200	1303772373751	1	1.1415	1.0357	0.8458
1201	1303772373796	1	1.1415	1.0357	0.8458
1202	1303772373838	1	1.1415	1.0357	0.8458
1203	1303772373882	1	1.1415	1.0357	0.8458
1204	1303772373924	1	1.1415	1.0357	0.8458
1205	1303772373967	1	1.1415	1.0357	0.8458
1206	1303772374012	1	1.1415	1.0357	0.8458
1207	1303772374055	1	1.1415	1.0357	0.8458
1208	1303772374104	1	1.1415	1.0357	0.8458
1209	1303772374152	1	1.1415	1.0357	0.8458
1210	1303772374196	1	1.1415	1.0357	0.8458
1211	1303772374240	1	1.1415	1.0357	0.8458
1212	1303772374283	1	1.1415	1.0357	0.8458
1213	1303772374328	1	1.1415	1.0357	0.8458
1214	1303772374371	1	1.1415	1.0357	0.8458
1215	1303772374414	1	1.1415	1.0357	0.8458
1216	1303772374456	1	1.1415	1.0357	0.8458
1217	1303772374500	1	1.1415	1.0357	0.8458
1218	1303772374543	1	1.1415	1.0357	0.8458
1219	1303772374585	1	1.1415	1.0357	0.8458
1220	1303772374628	1	1.1415	1.0357	0.8458
1221	1303772374670	1	1.1415	1.0357	0.8458
1222	1303772374715	1	1.1415	1.0357	0.8458
1223	1303772374760	1	1.1415	1.0357	0.8458
1224	1303772374803	1	1.1415	1.0357	0.8458
1225	1303772374895	1	1.1415	1.0357	0.8458
1226	1303772375354	1	1.1415	1.0357	0.8458
1227	1303772375603	1	1.1415	1.0357	0.8458
1228	1303772375661	1	1.1415	1.0357	0.8458
1229	1303772375703	1	1.1415	1.0357	0.8458
1230	1303772375747	1	1.1415	1.0357	0.8458
1231	1303772375831	1	1.1467	1.0357	0.842
1232	1303772375876	1	1.1467	1.0357	0.842
1233	1303772375918	1	1.1467	1.0357	0.842
1234	1303772375961	1	1.1467	1.0357	0.842
1235	1303772376003	1	1.1467	1.0357	0.842
1236	1303772376046	1	1.1467	1.0357	0.842
1237	1303772376090	1	1.1467	1.0357	0.842
1238	1303772376134	1	1.1467	1.0357	0.842
1239	1303772376178	1	1.1467	1.0357	0.842
1240	1303772376221	1	1.1467	1.0357	0.842
1241	1303772376265	1	1.1467	1.0357	0.842
1242	1303772376310	1	1.1467	1.0357	0.842
1243	1303772376355	1	1.1467	1.0357	0.842
1244	1303772376400	1	1.1467	1.0357	0.842
1245	1303772376443	1	1.1467	1.0357	0.842
1246	1303772376489	1	1.1467	1.0357	0.842
1247	1303772376534	1	1.1467	1.0357	0.842
1248	1303772376578	1	1.1467	1.0357	0.842
1249	1303772376621	1	1.1467	1.0357	0.842
1250	1303772376706	1	1.1467	1.0357	0.842
1251	1303772376751	1	1.1467	1.0357	0.842
1252	1303772376794	1	1.1467	1.0357	0.842
1253	1303772376836	1	1.1467	1.0357	0.842
1254	1303772376921	1	1.1467	1.0357	0.842
1255	1303772376964	1	1.1467	1.0357	0.842
1256	1303772377006	1	1.1467	1.0357	0.842
1257	1303772377049	1	1.1467	1.0357	0.842
1258	1303772377091	1	1.1467	1.0357	0.842
1259	1303772377136	1	1.1467	1.0357	0.842
1260	1303772377178	1	1.1467	1.0357	0.842
1261	1303772377221	1	1.1467	1.0357	0.842
1262	1303772377264	1	1.1467	1.0357	0.842
1263	1303772377309	1	1.1467	1.0357	0.842
1264	1303772377351	1	1.1467	1.0357	0.842
1265	1303772377394	1	1.1467	1.0357	0.842
1266	1303772377436	1	1.1467	1.0357	0.842
1267	1303772377521	1	1.1467	1.0357	0.842
1268	1303772377565	1	1.1467	1.0357	0.842
1269	1303772377613	1	1.1467	1.0357	0.842
1270	1303772377660	1	1.1467	1.0357	0.842
1271	1303772377707	1	1.1467	1.0357	0.842
1272	1303772377750	1	1.1467	1.0357	0.842
1273	1303772377794	1	1.1471	1.0357	0.8417
1274	1303772377838	1	1.1471	1.0357	0.8417
1275	1303772377883	1	1.1471	1.0357	0.8417
1276	1303772377926	1	1.1471	1.0357	0.8417
1277	1303772377968	1	1.1471	1.0357	0.8417
1278	1303772378011	1	1.1471	1.0357	0.8417
1279	1303772378055	1	1.1471	1.0357	0.8417
1280	1303772378098	1	1.1471	1.0357	0.8417
1281	1303772378141	1	1.1471	1.0357	0.8417
1282	1303772378183	1	1.1471	1.0357	0.8417
1283	1303772378226	1	1.1471	1.0357	0.8417
1284	1303772378271	1	1.1471	1.0357	0.8417
1285	1303772378314	1	1.1471	1.0357	0.8417
1286	1303772378401	1	1.1471	1.0357	0.8417
1287	1303772378820	1	1.1471	1.0357	0.8417
1288	1303772379057	1	1.1471	1.0357	0.8417
1289	1303772379114	1	1.1471	1.0357	0.8417
1290	1303772379158	1	1.1471	1.0357	0.8417
1291	1303772379204	1	1.1471	1.0357	0.8417
1292	1303772379248	1	1.1499	1.0357	0.8397
1293	1303772379293	1	1.1499	1.0357	0.8397
1294	1303772379336	1	1.1499	1.0357	0.8397
1295	1303772379380	1	1.1499	1.0357	0.8397
1296	1303772379425	1	1.1499	1.0357	0.8397
1297	1303772379468	1	1.1499	1.0357	0.8397
1298	1303772379510	1	1.1499	1.0357	0.8397
1299	1303772379596	1	1.1499	1.0357	0.8397
1300	1303772379638	1	1.1499	1.0357	0.8397
1301	1303772379681	1	1.1499	1.0357	0.8397
1302	1303772379765	1	1.1499	1.0357	0.8397
1303	1303772379810	1	1.1499	1.0357	0.8397
1304	1303772379853	1	1.1499	1.0357	0.8397
1305	1303772379896	1	1.1499	1.0357	0.8397
1306	1303772379938	1	1.1499	1.0357	0.8397
1307	1303772379982	1	1.1499	1.0357	0.8397
1308	1303772380068	1	1.1499	1.0357	0.8397
1309	1303772380111	1	1.1499	1.0357	0.8397
1310	1303772380155	1	1.1499	1.0357	0.8397
1311	1303772380199	1	1.1499	1.0357	0.8397
1312	1303772380243	1	1.1499	1.0357	0.8397
1313	1303772380288	1	1.1499	1.0357	0.8397
1314	1303772380331	1	1.1499	1.0357	0.8397
1315	1303772380375	1	1.1499	1.0357	0.8397
1316	1303772380418	1	1.1499	1.0357	0.8397
1317	1303772380463	1	1.1499	1.0357	0.8397
1318	1303772380505	1	1.1499	1.0357	0.8397
1319	1303772380548	1	1.1499	1.0357	0.8397
1320	1303772380591	1	1.1499	1.0357	0.8397
1321	1303772380636	1	1.1499	1.0357	0.8397
1322	1303772380679	1	1.1499	1.0357	0.8397
1323	1303772380722	1	1.1499	1.0357	0.8397
1324	1303772380765	1	1.1499	1.0357	0.8397
1325	1303772380809	1	1.1499	1.0357	0.8397
1326	1303772380852	1	1.1499	1.0357	0.8397
1327	1303772380894	1	1.1499	1.0357	0.8397
1328	1303772380938	1	1.1499	1.0357	0.8397
1329	1303772380980	1	1.1499	1.0357	0.8397
1330	1303772381073	1	1.1499	1.0357	0.8397
1331	1303772381160	1	1.1499	1.0357	0.8397
1332	1303772381220	1	1.1499	1.0357	0.8397
1333	1303772381263	1	1.1499	1.0357	0.8397
1334	1303772381307	1	1.1499	1.0357	0.8397
1335	1303772381352	1	1.1499	1.0357	0.8397
1336	1303772381436	1	1.1494	1.0357	0.84
1337	1303772381481	1	1.1494	1.0357	0.84
1338	1303772381524	1	1.1494	1.0357	0.84
1339	1303772381613	1	1.1494	1.0357	0.84
1340	1303772381656	1	1.1494	1.0357	0.84
1341	1303772381700	1	1.1494	1.0357	0.84
1342	1303772381743	1	1.1494	1.0357	0.84
1343	1303772381787	1	1.1494	1.0357	0.84
1344	1303772381831	1	1.1494	1.0357	0.84
1345	1303772381874	1	1.1494	1.0357	0.84
1346	1303772381917	1	1.1494	1.0357	0.84
1347	1303772382042	1	1.1494	1.0357	0.84
1348	1303772382388	1	1.1494	1.0357	0.84
1349	1303772382553	1	1.1494	1.0357	0.84
1350	1303772382600	1	1.1494	1.0357	0.84
1351	1303772382644	1	1.1494	1.0357	0.84
1352	1303772382686	1	1.1494	1.0357	0.84
1353	1303772382729	1	1.1494	1.0357	0.84
1354	1303772382773	1	1.1494	1.0357	0.84
1355	1303772382816	1	1.1494	1.0357	0.84
1356	1303772382859	1	1.1494	1.0357	0.84
1357	1303772382903	1	1.1494	1.0357	0.84
1358	1303772382946	1	1.1494	1.0357	0.84
1359	1303772382992	1	1.1494	1.0357	0.84
1360	1303772383035	1	1.1494	1.0357	0.84
1361	1303772383079	1	1.1494	1.0357	0.84
1362	1303772383121	1	1.1494	1.0357	0.84
1363	1303772383166	1	1.1494	1.0357	0.84
1364	1303772383209	1	1.1494	1.0357	0.84
1365	1303772383252	1	1.1494	1.0357	0.84
1366	1303772383297	1	1.1494	1.0357	0.84
1367	1303772383343	1	1.1494	1.0357	0.84
1368	1303772383388	1	1.1494	1.0357	0.84
1369	1303772383432	1	1.1494	1.0357	0.84
1370	1303772383474	1	1.1494	1.0357	0.84
1371	1303772383517	1	1.1494	1.0357	0.84
1372	1303772383561	1	1.1494	1.0357	0.84
1373	1303772383643	1	1.1494	1.0357	0.84
1374	1303772383686	1	1.1494	1.0357	0.84
1375	1303772383729	1	1.1494	1.0357	0.84
1376	1303772383774	1	1.1494	1.0357	0.84
1377	1303772383816	1	1.1494	1.0357	0.84
1378	1303772383858	1	1.1494	1.0357	0.84
1379	1303772383900	1	1.1494	1.0357	0.84
1380	1303772383943	1	1.1494	1.0357	0.84
1381	1303772383987	1	1.1494	1.0357	0.84
1382	1303772384032	1	1.1494	1.0357	0.84
1383	1303772384075	1	1.1494	1.0357	0.84
1384	1303772384118	1	1.1494	1.0357	0.84
1385	1303772384162	1	1.1494	1.0357	0.84
1386	1303772384205	1	1.1494	1.0357	0.84
1387	1303772384248	1	1.1494	1.0357	0.84
1388	1303772384292	1	1.1494	1.0357	0.84
1389	1303772384335	1	1.1494	1.0357	0.84
1390	1303772384380	1	1.1494	1.0357	0.84
1391	1303772384431	1	1.1494	1.0357	0.84
1392	1303772384528	1	1.1494	1.0357	0.84
1393	1303772384582	1	1.1494	1.0357	0.84
1394	1303772384625	1	1.1494	1.0357	0.84
1395	1303772384673	1	1.1494	1.0357	0.84
1396	1303772384719	1	1.1494	1.0357	0.84
1397	1303772384810	1	1.1494	1.0357	0.84
1398	1303772384853	1	1.1494	1.0357	0.84
1399	1303772384899	1	1.1494	1.0357	0.84
1400	1303772384942	1	1.1494	1.0357	0.84
1401	1303772384996	1	1.1494	1.0357	0.84
1402	1303772385039	1	1.1494	1.0357	0.84
1403	1303772385083	1	1.1494	1.0357	0.84
1404	1303772385126	1	1.1494	1.0357	0.84
1405	1303772385168	1	1.1494	1.0357	0.84
1406	1303772385210	1	1.1494	1.0357	0.84
1407	1303772385253	1	1.1494	1.0357	0.84
1408	1303772385330	1	1.1494	1.0357	0.84
1409	1303772385598	1	1.1494	1.0357	0.84
1410	1303772385728	1	1.1494	1.0357	0.84
1411	1303772385773	1	1.1494	1.0357	0.84
1412	1303772385817	1	1.1494	1.0357	0.84
1413	1303772385862	1	1.1494	1.0357	0.84
1414	1303772385945	1	1.1494	1.0357	0.84
1415	1303772385989	1	1.1494	1.0357	0.84
1416	1303772386031	1	1.1494	1.0357	0.84
1417	1303772386077	1	1.1494	1.0357	0.84
1418	1303772386119	1	1.1494	1.0357	0.84
1419	1303772386163	1	1.1494	1.0357	0.84
1420	1303772386206	1	1.1494	1.0357	0.84
1421	1303772386251	1	1.1494	1.0357	0.84
1422	1303772386293	1	1.1494	1.0357	0.84
1423	1303772386335	1	1.1494	1.0357	0.84
1424	1303772386377	1	1.1494	1.0357	0.84
1425	1303772386462	1	1.1494	1.0357	0.84
1426	1303772386520	1	1.1494	1.0357	0.84
1427	1303772386603	1	1.1494	1.0357	0.84
1428	1303772386687	1	1.1494	1.0357	0.84
1429	1303772386732	1	1.1494	1.0357	0.84
1430	1303772386776	1	1.1494	1.0357	0.84
1431	1303772386819	1	1.1494	1.0357	0.84
1432	1303772386862	1	1.1494	1.0357	0.84
1433	1303772386905	1	1.1494	1.0357	0.84
1434	1303772386949	1	1.1494	1.0357	0.84
1435	1303772386992	1	1.1494	1.0357	0.84
1436	1303772387038	1	1.1494	1.0357	0.84
1437	1303772387081	1	1.1494	1.0357	0.84
1438	1303772387125	1	1.1494	1.0357	0.84
1439	1303772387168	1	1.1494	1.0357	0.84
1440	1303772387213	1	1.1494	1.0357	0.84
1441	1303772387256	1	1.1494	1.0357	0.84
1442	1303772387298	1	1.1494	1.0357	0.84
1443	1303772387343	1	1.1494	1.0357	0.84
1444	1303772387386	1	1.1494	1.0357	0.84
1445	1303772387428	1	1.1494	1.0357	0.84
1446	1303772387470	1	1.1494	1.0357	0.84
1447	1303772387514	1	1.1494	1.0357	0.84
1448	1303772387556	1	1.1494	1.0357	0.84
1449	1303772387599	1	1.1494	1.0357	0.84
1450	1303772387641	1	1.1494	1.0357	0.84
1451	1303772387688	1	1.1494	1.0357	0.84
1452	1303772387733	1	1.1494	1.0357	0.84
1453	1303772387778	1	1.1494	1.0357	0.84
1454	1303772387823	1	1.1495	1.0357	0.84
1455	1303772387873	1	1.1495	1.0357	0.84
1456	1303772387917	1	1.1495	1.0179	0.8547
1457	1303772387960	1	1.1495	1.0357	0.84
1458	1303772388003	1	1.1495	1.0357	0.84
1459	1303772388050	1	1.1495	1.0357	0.84
1460	1303772388092	1	1.1495	1.0179	0.8547
1461	1303772388135	1	1.1495	1.0357	0.84
1462	1303772388177	1	1.1495	1.0357	0.84
1463	1303772388219	1	1.1495	1.0357	0.84
1464	1303772388264	1	1.1495	1.0357	0.84
1465	1303772388307	1	1.1495	1.0357	0.84
1466	1303772388351	1	1.1495	1.0357	0.84
1467	1303772388394	1	1.1495	1.0357	0.84
1468	1303772388439	1	1.1495	1.0357	0.84
1469	1303772388553	1	1.1495	1.0357	0.84
1470	1303772388785	1	1.1495	1.0357	0.84
1471	1303772388934	1	1.1597	1.0357	0.8326
1472	1303772388978	1	1.1597	1.0357	0.8326
1473	1303772389024	1	1.1597	1.0357	0.8326
1474	1303772389067	1	1.1597	1.0357	0.8326
1475	1303772389109	1	1.1543	1.0357	0.8365
1476	1303772389152	1	1.1543	1.0357	0.8365
1477	1303772389197	1	1.1543	1.0357	0.8365
1478	1303772389241	1	1.1543	1.0357	0.8365
1479	1303772389284	1	1.1543	1.0357	0.8365
1480	1303772389328	1	1.1543	1.0357	0.8365
1481	1303772389372	1	1.1543	1.0357	0.8365
1482	1303772389456	1	1.1543	1.0357	0.8365
1483	1303772389499	1	1.1543	1.0357	0.8365
1484	1303772389541	1	1.1543	1.0357	0.8365
1485	1303772389584	1	1.1543	1.0357	0.8365
1486	1303772389629	1	1.1543	1.0357	0.8365
1487	1303772389672	1	1.1543	1.0357	0.8365
1488	1303772389714	1	1.1543	1.0357	0.8365
1489	1303772389798	1	1.1543	1.0357	0.8365
1490	1303772389843	1	1.1543	1.0357	0.8365
1491	1303772389886	1	1.1543	1.0357	0.8365
1492	1303772389929	1	1.1543	1.0357	0.8365
1493	1303772389972	1	1.1543	1.0357	0.8365
1494	1303772390018	1	1.1543	1.0357	0.8365
1495	1303772390061	1	1.1543	1.0357	0.8365
1496	1303772390103	1	1.1543	1.0357	0.8365
1497	1303772390146	1	1.1543	1.0357	0.8365
1498	1303772390232	1	1.1543	1.0357	0.8365
1499	1303772390280	1	1.1543	1.0357	0.8365
1500	1303772390324	1	1.1543	1.0357	0.8365
1501	1303772390367	1	1.1543	1.0357	0.8365
1502	1303772390409	1	1.1543	1.0357	0.8365
1503	1303772390494	1	1.1543	1.0357	0.8365
1504	1303772390537	1	1.1543	1.0357	0.8365
1505	1303772390580	1	1.1543	1.0357	0.8365
1506	1303772390623	1	1.1543	1.0357	0.8365
1507	1303772390709	1	1.1543	1.0357	0.8365
1508	1303772390751	1	1.1543	1.0357	0.8365
1509	1303772390840	1	1.1543	1.0357	0.8365
1510	1303772390883	1	1.1543	1.0357	0.8365
1511	1303772390928	1	1.1543	1.0357	0.8365
1512	1303772390974	1	1.1543	1.0357	0.8365
1513	1303772391019	1	1.1543	1.0357	0.8365
1514	1303772391064	1	1.1543	1.0357	0.8365
1515	1303772391110	1	1.1543	1.0357	0.8364
1516	1303772391200	1	1.1543	1.0357	0.8364
1517	1303772391246	1	1.1543	1.0179	0.8511
1518	1303772391288	1	1.1543	1.0357	0.8364
1519	1303772391333	1	1.1543	1.0357	0.8364
1520	1303772391378	1	1.1543	1.0357	0.8364
1521	1303772391420	1	1.1543	1.0179	0.8511
1522	1303772391463	1	1.1543	1.0357	0.8364
1523	1303772391507	1	1.1543	1.0357	0.8364
1524	1303772391552	1	1.1543	1.0357	0.8364
1525	1303772391595	1	1.1543	1.0357	0.8364
1526	1303772391638	1	1.1543	1.0357	0.8364
1527	1303772391680	1	1.1543	1.0357	0.8364
1528	1303772391766	1	1.1543	1.0357	0.8364
1529	1303772391809	1	1.1543	1.0357	0.8364
1530	1303772391889	1	1.1543	1.0357	0.8364
1531	1303772392118	1	1.1543	1.0357	0.8364
1532	1303772392233	1	1.1543	1.0357	0.8364
1533	1303772392278	1	1.1543	1.0357	0.8364
1534	1303772392321	1	1.1543	1.0357	0.8364
1535	1303772392364	1	1.1777	1.0357	0.8198
1536	1303772392406	1	1.1777	1.0357	0.8198
1537	1303772392451	1	1.1777	1.0357	0.8198
1538	1303772392499	1	1.1777	1.0357	0.8198
1539	1303772392541	1	1.1777	1.0357	0.8198
1540	1303772392583	1	1.1777	1.0357	0.8198
1541	1303772392627	1	1.1777	1.0357	0.8198
1542	1303772392713	1	1.1777	1.0357	0.8198
1543	1303772392756	1	1.1777	1.0357	0.8198
1544	1303772392844	1	1.4016	1.0357	0.6889
1545	1303772392887	1	1.4016	1.0357	0.6889
1546	1303772392932	1	1.4016	1.0357	0.6889
1547	1303772392977	1	1.4016	1.0357	0.6889
1548	1303772393020	1	1.4016	1.0357	0.6889
1549	1303772393104	1	1.4016	1.0357	0.6889
1550	1303772393146	1	1.4016	1.0357	0.6889
1551	1303772393191	1	1.4016	1.0357	0.6889
1552	1303772393234	1	1.4016	1.0357	0.6889
1553	1303772393281	1	1.4016	1.0357	0.6889
1554	1303772393323	1	1.4016	1.0357	0.6889
1555	1303772393370	1	1.4016	1.0357	0.6889
1556	1303772393413	1	1.4016	1.0357	0.6889
1557	1303772393456	1	1.4016	1.0357	0.6889
1558	1303772393498	1	1.4016	1.0357	0.6889
1559	1303772393543	1	1.4016	1.0357	0.6889
1560	1303772393588	1	1.4016	1.0357	0.6889
1561	1303772393630	1	1.4016	1.0357	0.6889
1562	1303772393674	1	1.4016	1.0357	0.6889
1563	1303772393716	1	1.4016	1.0357	0.6889
1564	1303772393761	1	1.4016	1.0357	0.6889
1565	1303772393803	1	1.4016	1.0357	0.6889
1566	1303772393846	1	1.4016	1.0357	0.6889
1567	1303772393928	1	1.4016	1.0357	0.6889
1568	1303772394013	1	1.7389	1.0357	0.5552
1569	1303772394059	1	1.7389	1.0357	0.5552
1570	1303772394102	1	1.7389	1.0357	0.5552
1571	1303772394187	1	1.7389	1.0357	0.5552
1572	1303772394231	1	1.7389	1.0357	0.5552
1573	1303772394316	1	1.7389	1.0357	0.5552
1574	1303772394362	1	1.7389	1.0357	0.5552
1575	1303772394407	1	1.7389	1.0357	0.5552
1576	1303772394453	1	1.7389	1.0357	0.5552
1577	1303772394497	1	1.7389	1.0357	0.5552
1578	1303772394541	1	1.7387	1.0179	0.565
1579	1303772394585	1	1.7387	1.0357	0.5553
1580	1303772394629	1	1.7387	1.0357	0.5553
1581	1303772394672	1	1.7387	1.0357	0.5553
1582	1303772394715	1	1.7387	1.0179	0.565
1583	1303772394757	1	1.7387	1.0357	0.5553
1584	1303772394800	1	1.7387	1.0357	0.5553
1585	1303772394845	1	1.7387	1.0357	0.5553
1586	1303772394887	1	1.7387	1.0357	0.5553
1587	1303772394931	1	1.7387	1.0357	0.5553
1588	1303772394975	1	1.7387	1.0357	0.5553
1589	1303772395018	1	1.7387	1.0357	0.5553
1590	1303772395061	1	1.7387	1.0357	0.5553
1591	1303772395147	1	1.7387	1.0357	0.5553
1592	1303772395449	1	1.7387	1.0357	0.5553
1593	1303772395593	1	1.7387	1.0357	0.5553
1594	1303772395638	1	1.7387	1.0357	0.5553
1595	1303772395683	1	1.7387	1.0357	0.5553
1596	1303772395726	1	1.768	1.0357	0.5461
1597	1303772395768	1	1.768	1.0357	0.5461
1598	1303772395812	1	1.768	1.0357	0.5461
1599	1303772395855	1	1.768	1.0357	0.5461
1600	1303772395899	1	1.768	1.0357	0.5461
1601	1303772395942	1	1.768	1.0357	0.5461
1602	1303772395985	1	1.768	1.0357	0.5461
1603	1303772396028	1	1.768	1.0357	0.5461
1604	1303772396072	1	1.768	1.0357	0.5461
1605	1303772396115	1	1.768	1.0357	0.5461
1606	1303772396157	1	1.768	1.0357	0.5461
1607	1303772396240	1	1.768	1.0357	0.5461
1608	1303772396285	1	1.768	1.0357	0.5461
1609	1303772396328	1	1.768	1.0357	0.5461
1610	1303772396371	1	1.768	1.0357	0.5461
1611	1303772396413	1	1.768	1.0357	0.5461
1612	1303772396455	1	1.768	1.0357	0.5461
1613	1303772396499	1	1.768	1.0357	0.5461
1614	1303772396542	1	1.768	1.0357	0.5461
1615	1303772396584	1	1.768	1.0357	0.5461
1616	1303772396627	1	1.768	1.0357	0.5461
1617	1303772396674	1	1.768	1.0357	0.5461
1618	1303772396716	1	1.768	1.0357	0.5461
1619	1303772396758	1	1.768	1.0357	0.5461
1620	1303772396800	1	1.768	1.0357	0.5461
1621	1303772396844	1	1.768	1.0357	0.5461
1622	1303772396887	1	1.768	1.0357	0.5461
1623	1303772396929	1	1.768	1.0357	0.5461
1624	1303772397012	1	1.768	1.0357	0.5461
1625	1303772397097	1	1.768	1.0357	0.5461
1626	1303772397140	1	1.768	1.0357	0.5461
1627	1303772397182	1	1.768	1.0357	0.5461
1628	1303772397225	1	1.768	1.0357	0.5461
1629	1303772397268	1	1.768	1.0357	0.5461
1630	1303772397313	1	1.768	1.0357	0.5461
1631	1303772397354	1	1.768	1.0357	0.5461
1632	1303772397397	1	1.768	1.0357	0.5461
1633	1303772397441	1	1.768	1.0357	0.5461
1634	1303772397485	1	1.768	1.0357	0.5461
1635	1303772397534	1	1.768	1.0357	0.5461
1636	1303772397588	1	1.768	1.0357	0.5461
1637	1303772397639	1	1.768	1.0357	0.5461
1638	1303772397684	1	1.768	1.0357	0.5461
1639	1303772397728	1	1.768	1.0357	0.5461
1640	1303772397773	1	1.768	1.0179	0.5557
1641	1303772397819	1	1.768	1.0357	0.5461
1642	1303772397863	1	1.768	1.0357	0.5461
1643	1303772397908	1	1.768	1.0357	0.5461
1644	1303772397954	1	1.768	1.0179	0.5557
1645	1303772397998	1	1.768	1.0357	0.5461
1646	1303772398043	1	1.768	1.0357	0.5461
1647	1303772398087	1	1.768	1.0357	0.5461
1648	1303772398134	1	1.768	1.0357	0.5461
1649	1303772398179	1	1.768	1.0357	0.5461
1650	1303772398324	1	1.768	1.0357	0.5461
1651	1303772398370	1	1.768	1.0357	0.5461
1652	1303772398446	1	1.768	1.0357	0.5461
1653	1303772398747	1	1.768	1.0357	0.5461
1654	1303772398923	1	1.768	1.0357	0.5461
1655	1303772398967	1	1.768	1.0357	0.5461
1656	1303772399013	1	1.768	1.0357	0.5461
1657	1303772399060	1	1.7775	1.0357	0.5432
1658	1303772399106	1	1.7775	1.0357	0.5432
1659	1303772399190	1	1.7775	1.0357	0.5432
1660	1303772399236	1	1.7775	1.0357	0.5432
1661	1303772399330	1	1.7775	1.0357	0.5432
1662	1303772399414	1	1.786	1.0357	0.5406
1663	1303772399500	1	1.786	1.0357	0.5406
1664	1303772399586	1	1.786	1.0357	0.5406
1665	1303772399629	1	1.786	1.0357	0.5406
1666	1303772399673	1	1.786	1.0357	0.5406
1667	1303772399718	1	1.786	1.0357	0.5406
1668	1303772399762	1	1.786	1.0357	0.5406
1669	1303772399805	1	1.786	1.0357	0.5406
1670	1303772399892	1	1.786	1.0357	0.5406
1671	1303772399935	1	1.786	1.0357	0.5406
1672	1303772399979	1	1.786	1.0357	0.5406
1673	1303772400023	1	1.786	1.0357	0.5406
1674	1303772400069	1	1.786	1.0357	0.5406
1675	1303772400112	1	1.786	1.0357	0.5406
1676	1303772400155	1	1.786	1.0357	0.5406
1677	1303772400198	1	1.786	1.0357	0.5406
1678	1303772400244	1	1.786	1.0357	0.5406
1679	1303772400287	1	1.786	1.0357	0.5406
1680	1303772400330	1	1.786	1.0357	0.5406
1681	1303772400374	1	1.786	1.0357	0.5406
1682	1303772400419	1	1.786	1.0357	0.5406
1683	1303772400462	1	1.786	1.0357	0.5406
1684	1303772400506	1	1.786	1.0357	0.5406
1685	1303772400549	1	1.786	1.0357	0.5406
1686	1303772400596	1	1.786	1.0357	0.5406
1687	1303772400642	1	1.786	1.0357	0.5406
1688	1303772400686	1	1.786	1.0357	0.5406
1689	1303772400776	1	1.786	1.0357	0.5406
1690	1303772400822	1	1.786	1.0357	0.5406
1691	1303772400906	1	1.786	1.0357	0.5406
1692	1303772400989	1	1.786	1.0357	0.5406
1693	1303772401076	1	1.786	1.0357	0.5406
1694	1303772401160	1	1.786	1.0357	0.5406
1695	1303772401205	1	1.786	1.0357	0.5406
1696	1303772401255	1	1.786	1.0357	0.5406
1697	1303772401306	1	1.7861	1.0357	0.5406
1698	1303772401354	1	1.7861	1.0357	0.5406
1699	1303772401400	1	1.7861	1.0357	0.5406
1700	1303772401447	1	1.7861	1.0357	0.5406
1701	1303772401490	1	1.7861	1.0179	0.55
1702	1303772401533	1	1.7861	1.0357	0.5406
1703	1303772401577	1	1.7861	1.0357	0.5406
1704	1303772401620	1	1.7861	1.0357	0.5406
1705	1303772401663	1	1.7861	1.0179	0.55
1706	1303772401706	1	1.7861	1.0357	0.5406
1707	1303772401747	1	1.7861	1.0357	0.5406
1708	1303772401793	1	1.7861	1.0357	0.5406
1709	1303772401836	1	1.7861	1.0357	0.5406
1710	1303772401878	1	1.7861	1.0357	0.5406
1711	1303772401920	1	1.7861	1.0357	0.5406
1712	1303772402006	1	1.8402	1.0357	0.5247
1713	1303772402078	1	1.8402	1.0357	0.5247
1714	1303772402361	1	1.8402	1.0357	0.5247
1715	1303772402502	1	1.8402	1.0357	0.5247
1716	1303772402588	1	1.8402	1.0357	0.5247
1717	1303772402631	1	1.8402	1.0357	0.5247
1718	1303772402673	1	1.8402	1.0357	0.5247
1719	1303772402716	1	1.8519	1.0357	0.5214
1720	1303772402760	1	1.8519	1.0357	0.5214
1721	1303772402802	1	1.8519	1.0357	0.5214
1722	1303772402843	1	1.8519	1.0357	0.5214
1723	1303772402926	1	1.8519	1.0357	0.5214
1724	1303772402968	1	1.8519	1.0357	0.5214
1725	1303772403015	1	1.8519	1.0357	0.5214
1726	1303772403059	1	1.8519	1.0357	0.5214
1727	1303772403102	1	1.8519	1.0357	0.5214
1728	1303772403145	1	1.8519	1.0357	0.5214
1729	1303772403189	1	1.8519	1.0357	0.5214
1730	1303772403231	1	1.8519	1.0357	0.5214
1731	1303772403273	1	1.8519	1.0357	0.5214
1732	1303772403315	1	1.8519	1.0357	0.5214
1733	1303772403357	1	1.8519	1.0357	0.5214
1734	1303772403400	1	1.8519	1.0357	0.5214
1735	1303772403442	1	1.8519	1.0357	0.5214
1736	1303772403485	1	1.8519	1.0357	0.5214
1737	1303772403527	1	1.8519	1.0357	0.5214
1738	1303772403612	1	1.8519	1.0357	0.5214
1739	1303772403653	1	1.8519	1.0357	0.5214
1740	1303772403736	1	1.8519	1.0357	0.5214
1741	1303772403778	1	1.8519	1.0357	0.5214
1742	1303772403821	1	1.8519	1.0357	0.5214
1743	1303772403867	1	1.8519	1.0357	0.5214
1744	1303772403910	1	1.8519	1.0357	0.5214
1745	1303772403952	1	1.8519	1.0357	0.5214
1746	1303772403993	1	1.8519	1.0357	0.5214
1747	1303772404082	1	1.8519	1.0357	0.5214
1748	1303772404125	1	1.8519	1.0357	0.5214
1749	1303772404167	1	1.8519	1.0357	0.5214
1750	1303772404210	1	1.8519	1.0357	0.5214
1751	1303772404295	1	1.8519	1.0357	0.5214
1752	1303772404378	1	1.8519	1.0357	0.5214
1753	1303772404420	1	1.8519	1.0357	0.5214
1754	1303772404503	1	1.7815	1.0357	0.542
1755	1303772404547	1	1.7815	1.0357	0.542
1756	1303772404590	1	1.7815	1.0357	0.542
1757	1303772404637	1	1.7815	1.0357	0.542
1758	1303772404694	1	1.7815	1.0357	0.542
1759	1303772404738	1	1.7815	1.0357	0.542
1760	1303772404782	1	1.7815	1.0357	0.542
1761	1303772404826	1	1.7812	1.0357	0.5421
1762	1303772404871	1	1.7812	1.0179	0.5516
1763	1303772404953	1	1.7593	1.0357	0.5488
1764	1303772404996	1	1.7593	1.0357	0.5488
1765	1303772405039	1	1.7593	1.0357	0.5488
1766	1303772405084	1	1.7593	1.0179	0.5584
1767	1303772405126	1	1.7593	1.0357	0.5488
1768	1303772405169	1	1.7593	1.0357	0.5488
1769	1303772405212	1	1.7593	1.0357	0.5488
1770	1303772405257	1	1.7593	1.0357	0.5488
1771	1303772405299	1	1.7593	1.0357	0.5488
1772	1303772405342	1	1.7593	1.0357	0.5488
1773	1303772405386	1	1.7593	1.0357	0.5488
1774	1303772405461	1	1.7593	1.0357	0.5488
1775	1303772405745	1	1.7593	1.0357	0.5488
1776	1303772405941	1	1.7593	1.0357	0.5488
1777	1303772406029	1	1.7593	1.0357	0.5488
1778	1303772406073	1	1.7593	1.0357	0.5488
1779	1303772406116	1	1.7593	1.0357	0.5488
1780	1303772406160	1	1.7593	1.0357	0.5488
1781	1303772406205	1	1.7593	1.0357	0.5488
1782	1303772406248	1	1.7593	1.0357	0.5488
1783	1303772406291	1	1.7593	1.0357	0.5488
1784	1303772406334	1	1.7593	1.0357	0.5488
1785	1303772406376	1	1.7593	1.0357	0.5488
1786	1303772406421	1	1.7593	1.0357	0.5488
1787	1303772406464	1	1.7593	1.0357	0.5488
1788	1303772406506	1	1.7593	1.0357	0.5488
1789	1303772406548	1	1.7593	1.0357	0.5488
1790	1303772406592	1	1.7593	1.0357	0.5488
1791	1303772406634	1	1.7593	1.0357	0.5488
1792	1303772406677	1	1.7593	1.0357	0.5488
1793	1303772406719	1	1.7593	1.0357	0.5488
1794	1303772406764	1	1.7593	1.0357	0.5488
1795	1303772406808	1	1.7593	1.0357	0.5488
1796	1303772406851	1	1.7593	1.0357	0.5488
1797	1303772406893	1	1.7593	1.0357	0.5488
1798	1303772406938	1	1.7593	1.0357	0.5488
1799	1303772406983	1	1.7593	1.0357	0.5488
1800	1303772407027	1	1.7593	1.0357	0.5488
