0	1303771303848	0	0	0	0
1	1303771303857	0	0	0	0
2	1303771303866	0	0	0	0
3	1303771303875	0	0	0	0
4	1303771303885	0	0	0	0
5	1303771303937	0	0	0	0
6	1303771303948	0	0	0	0
7	1303771303961	0	0	0	0
8	1303771303973	0	0	0	0
9	1303771303985	0	0	0	0
10	1303771303998	0	0	0	0
11	1303771304012	0	0	0	0
12	1303771304066	0	0	0	0
13	1303771304078	0	0	0	0
14	1303771304092	0	0	0	0
15	1303771304105	0	0	0	0
16	1303771304118	0	0	0	0
17	1303771304176	0	0	0	0
18	1303771304190	0	0	0	0
19	1303771304203	0	0	0	0
20	1303771304217	0	0	0	0
21	1303771304231	0	0	0	0
22	1303771304245	0	0	0	0
23	1303771304260	0	0	0	0
24	1303771304275	0	0	0	0
25	1303771304289	0	0	0	0
26	1303771304305	0	0	0	0
27	1303771304320	0	0	0	0
28	1303771304335	0	0	0	0
29	1303771304352	1	0	0	0
30	1303771304433	1	0	0	0
31	1303771304475	1	0	0	0
32	1303771304500	1	1.0174	0	0
33	1303771304525	1	1.0174	0	0
34	1303771304542	1	1.0174	1.5	0.6553
35	1303771304558	1	1.0174	1.5	0.6553
36	1303771304577	1	1.0174	0	0
37	1303771304593	1	1.0174	1.5	0.6553
38	1303771304608	1	1.0174	1.5	0.6553
39	1303771304624	1	1.0174	1.5	0.6553
40	1303771304640	1	1.0174	1.5	0.6553
41	1303771304657	1	1.0174	1.5	0.6553
42	1303771304673	1	1.0174	1.5	0.6553
43	1303771304689	1	1.0174	1.5	0.6553
44	1303771304706	1	1.0174	1.3	0.7561
45	1303771304722	1	1.0174	1.3333	0.7372
46	1303771304740	1	1.0174	1.1667	0.8425
47	1303771304797	1	1.0174	1.2	0.8191
48	1303771304813	1	1.0174	1.2857	0.7645
49	1303771304831	1	1.0174	1.1667	0.8425
50	1303771304847	1	1.0174	1.0833	0.9073
51	1303771304863	1	1.0174	1.1429	0.8601
52	1303771304881	1	1.0174	1.1429	0.8601
53	1303771304897	1	1.0174	1.0833	0.9073
54	1303771304915	1	1.0174	1.0833	0.9073
55	1303771304931	1	1.0174	1.0833	0.9073
56	1303771304948	1	1.0174	1.1429	0.8601
57	1303771304965	1	1.0174	1.1429	0.8601
58	1303771304982	1	1.0174	1.0714	0.9174
59	1303771305001	1	1.0174	1.0714	0.9174
60	1303771305018	1	1.0174	1.0714	0.9174
61	1303771305035	1	1.0174	1.0714	0.9174
62	1303771305056	1	1.0174	1.1429	0.8601
63	1303771305174	1	1.0174	1.1429	0.8601
64	1303771305194	1	1.0174	1.1429	0.8601
65	1303771305211	1	1.0174	1.1429	0.8601
66	1303771305230	1	1.0174	1.1429	0.8601
67	1303771305247	1	1.0174	1.1429	0.8601
68	1303771305265	1	1.0174	1.1429	0.8601
69	1303771305284	1	1.0174	1.1429	0.8601
70	1303771305301	1	1.0174	1.1429	0.8601
71	1303771305320	1	1.0174	1.1429	0.8601
72	1303771305338	1	1.0174	1.1429	0.8601
73	1303771305360	1	1.0174	1.1429	0.8601
74	1303771305377	1	1.0174	1.1429	0.8601
75	1303771305394	1	1.0174	1.1429	0.8601
76	1303771305412	1	1.0174	1.1875	0.8277
77	1303771305430	1	1.0174	1.1429	0.8601
78	1303771305448	1	1.0174	1.0714	0.9174
79	1303771305466	1	1.0174	1.1429	0.8601
80	1303771305485	1	1.0174	1.125	0.8737
81	1303771305503	1	1.0174	1.125	0.8737
82	1303771305521	1	1.0174	1.0625	0.9251
83	1303771305541	1	1.0174	1.0625	0.9251
84	1303771305559	1	1.0174	1.1667	0.8425
85	1303771305620	1	1.0174	1.1667	0.8425
86	1303771305638	1	1.0174	1.1111	0.8846
87	1303771305658	1	1.0174	1.1111	0.8846
88	1303771305677	1	1.0174	1.0556	0.9312
89	1303771305697	1	1.0174	1.0556	0.9312
90	1303771305716	1	1.0174	1.0556	0.9312
91	1303771305735	1	1.0174	1.0556	0.9312
92	1303771305755	1	1.0228	1.1111	0.88
93	1303771305779	1	1.0305	1.1111	0.8734
94	1303771305802	1	1.0305	1.1111	0.8734
95	1303771305825	1	1.0305	1.1111	0.8734
96	1303771305846	1	1.0305	1.1111	0.8734
97	1303771305866	1	1.0305	1.1111	0.8734
98	1303771305888	1	1.0305	1.1111	0.8734
99	1303771305909	1	1.0305	1.1111	0.8734
100	1303771305930	1	1.0305	1.1111	0.8734
101	1303771305949	1	1.0305	1.1111	0.8734
102	1303771305970	1	1.0305	1.1111	0.8734
103	1303771305989	1	1.0305	1.1111	0.8734
104	1303771306010	1	1.0305	1.1111	0.8734
105	1303771306029	1	1.0305	1.1111	0.8734
106	1303771306050	1	1.0305	1.1111	0.8734
107	1303771306070	1	1.0305	1.1	0.8822
108	1303771306090	1	1.0305	1.1111	0.8734
109	1303771306109	1	1.0305	1.05	0.9242
110	1303771306176	1	1.0305	1.0909	0.8896
111	1303771306237	1	1	1.0455	0.9565
112	1303771306258	1	1	1.05	0.9523
113	1303771306276	1	1	1.0455	0.9565
114	1303771306296	1	1	1.0455	0.9565
115	1303771306315	1	1	1.0455	0.9565
116	1303771306336	1	1	1.0833	0.923
117	1303771306355	1	1	1.0455	0.9565
118	1303771306418	1	1	1.0909	0.9166
119	1303771306439	1	1	1.0909	0.9166
120	1303771306459	1	1	1.0909	0.9166
121	1303771306480	1	1	1.0417	0.96
122	1303771306500	1	1	1.0833	0.923
123	1303771306522	1	1	1.0909	0.9166
124	1303771306582	1	1	1.0833	0.923
125	1303771306604	1	1	1.0417	0.96
126	1303771306623	1	1	1.0417	0.96
127	1303771306685	1	1	1.0833	0.923
128	1303771306705	1	1	1.0833	0.923
129	1303771306768	1	1	1.0417	0.96
130	1303771306828	1	1	1.0417	0.96
131	1303771306848	1	1	1.0417	0.96
132	1303771306868	1	1	1.0417	0.96
133	1303771306888	1	1	1.0417	0.96
134	1303771306908	1	1	1.0417	0.96
135	1303771306929	1	1	1.0417	0.96
136	1303771306949	1	1	1.0417	0.96
137	1303771306969	1	1	1.0417	0.96
138	1303771306989	1	1	1.0417	0.96
139	1303771307011	1	1	1.0417	0.96
140	1303771307031	1	1	1.0417	0.96
141	1303771307092	1	1	1.0417	0.96
142	1303771307112	1	1	1.0417	0.96
143	1303771307133	1	1	1.0417	0.96
144	1303771307196	1	1	1.0417	0.96
145	1303771307217	1	1	1.0417	0.96
146	1303771307238	1	1	1.0417	0.96
147	1303771307258	1	1	1.0417	0.96
148	1303771307279	1	1	1.0417	0.96
149	1303771307340	1	1	1.0417	0.96
150	1303771307361	1	1	1.0417	0.96
151	1303771307380	1	1	1.0417	0.96
152	1303771307401	1	1	1.0417	0.96
153	1303771307421	1	1	1.0417	0.96
154	1303771307451	1	1.002	1.0417	0.9581
155	1303771307475	1	1.0005	1.0417	0.9595
156	1303771307498	1	1.0005	1.0417	0.9595
157	1303771307561	1	1.0005	1.0417	0.9595
158	1303771307580	1	1.0005	1.0417	0.9595
159	1303771307598	1	1.0005	1.0417	0.9595
160	1303771307618	1	1.0005	1.0417	0.9595
161	1303771307637	1	1.0005	1.0417	0.9595
162	1303771307657	1	1.0005	1.0417	0.9595
163	1303771307718	1	1.0005	1.0417	0.9595
164	1303771307739	1	1.0005	1.0417	0.9595
165	1303771307757	1	1.0005	1.0417	0.9595
166	1303771307777	1	1.0005	1.0417	0.9595
167	1303771307796	1	1.0005	1.0417	0.9595
168	1303771307816	1	1.0005	1.0417	0.9595
169	1303771307835	1	1.0005	1.0417	0.9595
170	1303771307856	1	1.0005	1.0417	0.9595
171	1303771307875	1	1.0005	1	0.9995
172	1303771307895	1	1.0005	1.0417	0.9595
173	1303771307914	1	1.0005	1.0833	0.9226
174	1303771307934	1	1.0005	1.0417	0.9595
175	1303771307952	1	1.0005	1	0.9995
176	1303771307972	1	1.0005	1.0833	0.9226
177	1303771307991	1	1.0005	1.0417	0.9595
178	1303771308011	1	1.0005	1.0417	0.9595
179	1303771308030	1	1.0005	1.0417	0.9595
180	1303771308050	1	1.0005	1.0417	0.9595
181	1303771308069	1	1.0005	1.0417	0.9595
182	1303771308090	1	1.0005	1.0833	0.9226
183	1303771308109	1	1.0005	1	0.9995
184	1303771308128	1	1.0005	1.0417	0.9595
185	1303771308149	1	1.0005	1.0833	0.9226
186	1303771308168	1	1.0005	1.0417	0.9595
187	1303771308188	1	1.0005	1	0.9995
188	1303771308207	1	1.0005	1.0833	0.9226
189	1303771308227	1	1.0005	1.0417	0.9595
190	1303771308246	1	1.0005	1.0417	0.9595
191	1303771308266	1	1.0005	1.0417	0.9595
192	1303771308284	1	1.0005	1.0417	0.9595
193	1303771308304	1	1.0005	1.0417	0.9595
194	1303771308323	1	1.0005	1.0833	0.9226
195	1303771308343	1	1.0005	1	0.9995
196	1303771308404	1	1.0005	1.0417	0.9595
197	1303771308425	1	1.0005	1.0833	0.9226
198	1303771308444	1	1.0005	1.0417	0.9595
199	1303771308506	1	1.0005	1	0.9995
200	1303771308524	1	1.0005	1.0833	0.9226
201	1303771308545	1	1.0005	1.0417	0.9595
202	1303771308564	1	1.0005	1.0417	0.9595
203	1303771308584	1	1.0005	1.0417	0.9595
204	1303771308602	1	1.0005	1.0417	0.9595
205	1303771308623	1	1.0005	1.0417	0.9595
206	1303771308642	1	1.0005	1.0833	0.9226
207	1303771308662	1	1.0005	1	0.9995
208	1303771308680	1	1.0005	1.0417	0.9595
209	1303771308699	1	1.0005	1.0833	0.9226
210	1303771308719	1	1.0005	1.0417	0.9595
211	1303771308737	1	1.0005	1	0.9995
212	1303771308758	1	1.0005	1.0833	0.9226
213	1303771308776	1	1.0005	1.0417	0.9595
214	1303771308797	1	1.0005	1.0417	0.9595
215	1303771308818	1	0.9992	1.0417	0.9607
216	1303771308880	1	0.9992	1.0417	0.9607
217	1303771308902	1	0.9992	1.0417	0.9607
218	1303771308920	1	0.9992	1.0833	0.9238
219	1303771308939	1	0.9992	1	1.0008
220	1303771308959	1	0.9992	1.0417	0.9607
221	1303771308977	1	0.9992	1.0833	0.9238
222	1303771308997	1	0.9992	1.0417	0.9607
223	1303771309016	1	0.9992	1	1.0008
224	1303771309115	1	0.9992	1.0833	0.9238
225	1303771309133	1	0.9992	1.0417	0.9607
226	1303771309152	1	0.9992	1.0417	0.9607
227	1303771309170	1	0.9992	1.0417	0.9607
228	1303771309190	1	0.9992	1.0417	0.9607
229	1303771309209	1	0.9992	1.0417	0.9607
230	1303771309228	1	0.9992	1.0833	0.9238
231	1303771309246	1	0.9992	1.0417	0.9607
232	1303771309265	1	0.9992	1.0417	0.9607
233	1303771309285	1	0.9992	1.0417	0.9607
234	1303771309303	1	0.9992	1.0833	0.9238
235	1303771309323	1	0.9992	1	1.0008
236	1303771309382	1	0.9992	1	1.0008
237	1303771309402	1	0.9992	1.0833	0.9238
238	1303771309421	1	0.9992	1.0417	0.9607
239	1303771309483	1	0.9992	1	1.0008
240	1303771309501	1	0.9992	1.0417	0.9607
241	1303771309563	1	0.9992	1.0833	0.9238
242	1303771309581	1	0.9992	1.0417	0.9607
243	1303771309601	1	0.9992	1	1.0008
244	1303771309619	1	0.9992	1.0417	0.9607
245	1303771309640	1	0.9992	1.0417	0.9607
246	1303771309659	1	0.9992	1.0417	0.9607
247	1303771309679	1	0.9992	1.0417	0.9607
248	1303771309698	1	0.9992	1	1.0008
249	1303771309717	1	0.9992	1.0417	0.9607
250	1303771309738	1	0.9992	1.0833	0.9238
251	1303771309757	1	0.9992	1.0417	0.9607
252	1303771309777	1	0.9992	1	1.0008
253	1303771309842	1	0.9992	1.0417	0.9607
254	1303771309863	1	0.9992	1.0833	0.9238
255	1303771309881	1	0.9992	1	1.0008
256	1303771309902	1	0.9992	1	1.0008
257	1303771309920	1	0.9992	1.0833	0.9238
258	1303771309940	1	0.9992	1.0833	0.9238
259	1303771309958	1	0.9992	1	1.0008
260	1303771309978	1	0.9992	1	1.0008
261	1303771309997	1	0.9992	1.0833	0.9238
262	1303771310017	1	0.9992	1.0417	0.9607
263	1303771310077	1	0.9992	1	1.0008
264	1303771310096	1	0.9992	1.0417	0.9607
265	1303771310116	1	0.9992	1.0833	0.9238
266	1303771310134	1	0.9992	1.0417	0.9607
267	1303771310153	1	0.9992	1	1.0008
268	1303771310172	1	0.9992	1.0417	0.9607
269	1303771310191	1	0.9992	1.0417	0.9607
270	1303771310251	1	0.9992	1.0417	0.9607
271	1303771310272	1	0.9992	1.0417	0.9607
272	1303771310292	1	0.9992	1.0417	0.9607
273	1303771310312	1	0.9992	1.0417	0.9607
274	1303771310372	1	0.9992	1.0417	0.9607
275	1303771310394	1	0.9992	1.0417	0.9607
276	1303771310413	1	0.9992	1	1.0008
277	1303771310435	1	0.9992	1.0417	0.9607
278	1303771310454	1	0.9988	1.0833	0.9242
279	1303771310475	1	0.9988	1.0417	0.9611
280	1303771310495	1	0.9988	1	1.0012
281	1303771310515	1	0.9988	1.0417	0.9611
282	1303771310533	1	0.9988	1.0833	0.9242
283	1303771310553	1	0.9988	1	1.0012
284	1303771310573	1	0.9988	1	1.0012
285	1303771310592	1	0.9988	1.0833	0.9242
286	1303771310612	1	0.9988	1.0833	0.9242
287	1303771310630	1	0.9988	1	1.0012
288	1303771310650	1	0.9988	1	1.0012
289	1303771310669	1	0.9988	1.0833	0.9242
290	1303771310688	1	0.9988	1.0417	0.9611
291	1303771310708	1	0.9988	1	1.0012
292	1303771310728	1	0.9988	1.0417	0.9611
293	1303771310746	1	0.9988	1.0833	0.9242
294	1303771310808	1	0.9988	1.0417	0.9611
295	1303771310868	1	0.9988	1	1.0012
296	1303771310929	1	0.9988	1.0417	0.9611
297	1303771310948	1	0.9988	1.0417	0.9611
298	1303771310969	1	0.9988	1.0417	0.9611
299	1303771310986	1	0.9988	1.0417	0.9611
300	1303771311005	1	0.9988	1.0417	0.9611
301	1303771311025	1	0.9988	1.0417	0.9611
302	1303771311042	1	0.9988	1.0417	0.9611
303	1303771311062	1	0.9988	1.0417	0.9611
304	1303771311126	1	0.9988	1.0417	0.9611
305	1303771311146	1	0.9988	1.0417	0.9611
306	1303771311164	1	0.9988	1.0417	0.9611
307	1303771311183	1	0.9988	1.0417	0.9611
308	1303771311201	1	0.9988	1	1.0012
309	1303771311263	1	0.9988	1.0417	0.9611
310	1303771311282	1	0.9988	1.0833	0.9242
311	1303771311301	1	0.9988	1.0417	0.9611
312	1303771311321	1	0.9988	1	1.0012
313	1303771311339	1	0.9988	1.0417	0.9611
314	1303771311360	1	0.9988	1.0833	0.9242
315	1303771311379	1	0.9988	1.0417	0.9611
316	1303771311399	1	0.9988	1	1.0012
317	1303771311417	1	0.9988	1.0417	0.9611
318	1303771311437	1	0.9988	1.0833	0.9242
319	1303771311456	1	0.9988	1	1.0012
320	1303771311475	1	0.9988	1	1.0012
321	1303771311494	1	0.9988	1.0833	0.9242
322	1303771311513	1	0.9988	1.0833	0.9242
323	1303771311532	1	0.9988	1	1.0012
324	1303771311550	1	0.9988	1	1.0012
325	1303771311611	1	0.9988	1.0833	0.9242
326	1303771311629	1	0.9988	1.0833	0.9242
327	1303771311648	1	0.9988	1	1.0012
328	1303771311666	1	0.9988	1	1.0012
329	1303771311686	1	0.9988	1.0833	0.9242
330	1303771311704	1	0.9988	1.0417	0.9611
331	1303771311724	1	0.9988	1	1.0012
332	1303771311743	1	0.9988	1.0417	0.9611
333	1303771311763	1	0.9988	1.0833	0.9242
334	1303771311782	1	0.9988	1.0417	0.9611
335	1303771311844	1	0.9988	1	1.0012
336	1303771311863	1	0.9988	1.0417	0.9611
337	1303771311884	1	0.9988	1.0833	0.9242
338	1303771311904	1	0.9988	1.0417	0.9611
339	1303771311967	1	0.9988	1	1.0012
340	1303771311985	1	0.9988	1.0417	0.9611
341	1303771312005	1	0.9988	1.0833	0.9242
342	1303771312065	1	0.9988	1.0417	0.9611
343	1303771312085	1	0.9988	1	1.0012
344	1303771312103	1	0.9988	1.0417	0.9611
345	1303771312123	1	0.9988	1.0417	0.9611
346	1303771312183	1	0.9988	1.0417	0.9611
347	1303771312203	1	0.9988	1.0417	0.9611
348	1303771312223	1	0.9988	1.0417	0.9611
349	1303771312241	1	0.9988	1.0417	0.9611
350	1303771312261	1	0.9988	1.0417	0.9611
351	1303771312280	1	0.9988	1.0417	0.9611
352	1303771312300	1	0.9988	1.0417	0.9611
353	1303771312320	1	0.9988	1.0417	0.9611
354	1303771312340	1	0.9988	1.0417	0.9611
355	1303771312358	1	0.9988	1.0417	0.9611
356	1303771312378	1	0.9988	1.0417	0.9611
357	1303771312397	1	0.9988	1.0417	0.9611
358	1303771312417	1	0.9988	1.0417	0.9611
359	1303771312437	1	0.9988	1.0417	0.9611
360	1303771312455	1	0.9988	1.0417	0.9611
361	1303771312475	1	0.9988	1.0417	0.9611
362	1303771312494	1	0.9988	1.0417	0.9611
363	1303771312514	1	0.9988	1.0417	0.9611
364	1303771312532	1	0.9988	1	1.0012
365	1303771312552	1	0.9988	1.0417	0.9611
366	1303771312570	1	0.9988	1.0833	0.9242
367	1303771312590	1	0.9988	1.0417	0.9611
368	1303771312608	1	0.9988	1	1.0012
369	1303771312626	1	0.9988	1.0417	0.9611
370	1303771312688	1	0.9988	1.0833	0.9242
371	1303771312706	1	0.9988	1.0417	0.9611
372	1303771312726	1	0.9988	1	1.0012
373	1303771312786	1	0.9988	1.0417	0.9611
374	1303771312806	1	0.9988	1.0833	0.9242
375	1303771312825	1	0.9988	1.0417	0.9611
376	1303771312844	1	0.9988	1	1.0012
377	1303771312863	1	0.9988	1.0417	0.9611
378	1303771312882	1	0.9988	1.0833	0.9242
379	1303771312901	1	0.9988	1.0417	0.9611
380	1303771312921	1	0.9988	1	1.0012
381	1303771312939	1	0.9988	1.0417	0.9611
382	1303771313001	1	0.9988	1.0833	0.9242
383	1303771313020	1	0.9988	1.0417	0.9611
384	1303771313039	1	0.9988	1	1.0012
385	1303771313059	1	0.9988	1.0417	0.9611
386	1303771313077	1	0.9988	1.0833	0.9242
387	1303771313097	1	0.9988	1	1.0012
388	1303771313115	1	0.9988	1	1.0012
389	1303771313177	1	0.9988	1.0833	0.9242
390	1303771313195	1	0.9988	1.0833	0.9242
391	1303771313215	1	0.9988	1	1.0012
392	1303771313233	1	0.9988	1	1.0012
393	1303771313253	1	0.9988	1.0833	0.9242
394	1303771313271	1	0.9988	1.0833	0.9242
395	1303771313291	1	0.9988	1	1.0012
396	1303771313309	1	0.9988	1	1.0012
397	1303771313327	1	0.9988	1.0833	0.9242
398	1303771313349	1	0.9988	1.0833	0.9242
399	1303771313370	1	0.9988	1	1.0012
400	1303771313391	1	0.9988	1	1.0012
401	1303771313458	1	0.9988	1.0833	0.9242
402	1303771313477	1	0.9988	1.0833	0.9242
403	1303771313495	1	0.9988	1	1.0012
404	1303771313515	1	0.9988	1	1.0012
405	1303771313534	1	0.9988	1.0833	0.9242
406	1303771313554	1	0.9988	1.0833	0.9242
407	1303771313573	1	0.9988	1	1.0012
408	1303771313593	1	0.9988	1	1.0012
409	1303771313610	1	0.9988	1.0833	0.9242
410	1303771313630	1	0.9988	1.0833	0.9242
411	1303771313649	1	0.9988	1	1.0012
412	1303771313668	1	0.9988	1	1.0012
413	1303771313729	1	0.9988	1.0833	0.9242
414	1303771313747	1	0.9988	1.0833	0.9242
415	1303771313767	1	0.9988	1	1.0012
416	1303771313785	1	0.9988	1	1.0012
417	1303771313804	1	0.9988	1.0833	0.9242
418	1303771313822	1	0.9988	1.0833	0.9242
419	1303771313843	1	0.9988	1	1.0012
420	1303771313861	1	0.9988	1	1.0012
421	1303771313881	1	0.9988	1.0833	0.9242
422	1303771313899	1	0.9988	1.0833	0.9242
423	1303771313919	1	0.9988	1	1.0012
424	1303771313937	1	0.9988	1	1.0012
425	1303771313955	1	0.9988	1.0833	0.9242
426	1303771314015	1	0.9988	1.0833	0.9242
427	1303771314033	1	0.9988	1	1.0012
428	1303771314053	1	0.9988	1	1.0012
429	1303771314071	1	0.9988	1.0833	0.9242
430	1303771314133	1	0.9988	1.0833	0.9242
431	1303771314151	1	0.9988	1	1.0012
432	1303771314170	1	0.9988	1	1.0012
433	1303771314189	1	0.9988	1.0833	0.9242
434	1303771314208	1	0.9988	1.0833	0.9242
435	1303771314227	1	0.9988	1	1.0012
436	1303771314247	1	0.9988	1	1.0012
437	1303771314265	1	0.9988	1.0833	0.9242
438	1303771314283	1	0.9988	1.0833	0.9242
439	1303771314346	1	0.9988	1	1.0012
440	1303771314364	1	0.9988	1	1.0012
441	1303771314384	1	0.9988	1.0833	0.9242
442	1303771314403	1	0.9988	1.0833	0.9242
443	1303771314423	1	0.9988	1	1.0012
444	1303771314442	1	0.9988	1	1.0012
445	1303771314529	1	0.9988	1.0833	0.9242
446	1303771314547	1	0.9988	1.0833	0.9242
447	1303771314568	1	0.9988	1	1.0012
448	1303771314585	1	0.9988	1	1.0012
449	1303771314604	1	0.9988	1.0833	0.9242
450	1303771314625	1	0.9988	1.0833	0.9242
451	1303771314643	1	0.9988	1	1.0012
452	1303771314663	1	0.9988	1	1.0012
453	1303771314723	1	0.9988	1.0833	0.9242
454	1303771314743	1	0.9988	1.0833	0.9242
455	1303771314762	1	0.9988	1	1.0012
456	1303771314783	1	0.9988	1	1.0012
457	1303771314800	1	0.9988	1.0833	0.9242
458	1303771314822	1	0.9988	1.0833	0.9242
459	1303771314842	1	0.9988	1	1.0012
460	1303771314864	1	0.9988	1	1.0012
461	1303771314883	1	0.9989	1.0833	0.9241
462	1303771314904	1	0.9989	1.0833	0.9241
463	1303771314923	1	0.9989	1	1.0011
464	1303771314984	1	0.9989	1	1.0011
465	1303771315003	1	0.9989	1.0833	0.9241
466	1303771315021	1	0.9989	1.0417	0.961
467	1303771315041	1	0.9989	1	1.0011
468	1303771315060	1	0.9989	1.0417	0.961
469	1303771315124	1	0.9989	1.0417	0.961
470	1303771315184	1	0.9989	1.0417	0.961
471	1303771315204	1	0.9989	1.0417	0.961
472	1303771315222	1	0.9989	1.0417	0.961
473	1303771315285	1	0.9989	1.0417	0.961
474	1303771315305	1	0.9989	1.0417	0.961
475	1303771315325	1	0.9989	1.0417	0.961
476	1303771315344	1	0.9989	1.0417	0.961
477	1303771315363	1	0.9989	1.0417	0.961
478	1303771315381	1	0.9989	1.0417	0.961
479	1303771315401	1	0.9989	1.0417	0.961
480	1303771315420	1	0.9989	1.0417	0.961
481	1303771315482	1	0.9989	1.0417	0.961
482	1303771315500	1	0.9989	1.0417	0.961
483	1303771315520	1	0.9989	1.0417	0.961
484	1303771315538	1	0.9989	1.0417	0.961
485	1303771315557	1	0.9989	1.0417	0.961
486	1303771315580	1	0.9989	1.0417	0.961
487	1303771315598	1	0.9989	1.0417	0.961
488	1303771315618	1	0.9989	1.0417	0.961
489	1303771315637	1	0.9989	1.0417	0.961
490	1303771315701	1	0.9989	1.0417	0.961
491	1303771315719	1	0.9989	1.0417	0.961
492	1303771315739	1	0.9989	1.0417	0.961
493	1303771315757	1	0.9989	1.0417	0.961
494	1303771315778	1	0.9989	1.0417	0.961
495	1303771315796	1	0.9989	1.0417	0.961
496	1303771315816	1	0.9989	1.0417	0.961
497	1303771315833	1	0.9989	1.0417	0.961
498	1303771315853	1	0.9989	1.0417	0.961
499	1303771315873	1	0.9989	1.0417	0.961
500	1303771315893	1	0.9989	1.0417	0.961
501	1303771315913	1	0.9989	1.0417	0.961
502	1303771315931	1	0.9989	1.0417	0.961
503	1303771315950	1	0.9989	1.0417	0.961
504	1303771315969	1	0.9989	1.0417	0.961
505	1303771315989	1	0.9989	1.0417	0.961
506	1303771316007	1	0.9989	1.0417	0.961
507	1303771316026	1	0.9989	1.0417	0.961
508	1303771316045	1	0.9989	1.0417	0.961
509	1303771316064	1	0.9989	1.0417	0.961
510	1303771316084	1	0.9989	1.0417	0.961
511	1303771316103	1	0.9989	1.0417	0.961
512	1303771316124	1	0.9989	1.0417	0.961
513	1303771316185	1	0.9989	1.0417	0.961
514	1303771316205	1	0.9989	1.0417	0.961
515	1303771316224	1	0.9989	1.0417	0.961
516	1303771316245	1	0.9989	1.0417	0.961
517	1303771316264	1	0.9989	1.0417	0.961
518	1303771316284	1	0.9989	1.0417	0.961
519	1303771316302	1	1.0016	1.0417	0.9585
520	1303771316324	1	0.9997	1.0417	0.9603
521	1303771316344	1	0.9997	1.0417	0.9603
522	1303771316407	1	0.9997	1.0417	0.9603
523	1303771316425	1	0.9997	1.0417	0.9603
524	1303771316445	1	0.9997	1.0417	0.9603
525	1303771316464	1	0.9997	1.0417	0.9603
526	1303771316482	1	0.9997	1.0833	0.9233
527	1303771316502	1	0.9997	1.0417	0.9603
528	1303771316521	1	0.9997	1.0417	0.9603
529	1303771316542	1	0.9997	1.0417	0.9603
530	1303771316561	1	0.9997	1.0833	0.9233
531	1303771316622	1	0.9997	1.0417	0.9603
532	1303771316641	1	0.9997	1.0417	0.9603
533	1303771316660	1	0.9997	1.0417	0.9603
534	1303771316678	1	0.9997	1.0833	0.9233
535	1303771316698	1	0.9997	1.0417	0.9603
536	1303771316716	1	0.9997	1.0417	0.9603
537	1303771316734	1	0.9997	1.0417	0.9603
538	1303771316753	1	0.9997	1.0417	0.9603
539	1303771316771	1	0.9997	1.0417	0.9603
540	1303771316791	1	0.9997	1.0417	0.9603
541	1303771316810	1	0.9997	1.0417	0.9603
542	1303771316831	1	0.9997	1.0417	0.9603
543	1303771316850	1	0.9997	1.0417	0.9603
544	1303771316870	1	0.9997	1.0417	0.9603
545	1303771316888	1	0.9997	1.0417	0.9603
546	1303771316907	1	0.9997	1.0417	0.9603
547	1303771316926	1	0.9997	1.0417	0.9603
548	1303771316945	1	0.9997	1.0417	0.9603
549	1303771316965	1	0.9997	1.0417	0.9603
550	1303771316983	1	0.9997	1.0417	0.9603
551	1303771317003	1	0.9997	1.0417	0.9603
552	1303771317021	1	0.9997	1.0417	0.9603
553	1303771317041	1	0.9997	1.0417	0.9603
554	1303771317059	1	0.9997	1.0417	0.9603
555	1303771317079	1	0.9997	1.0417	0.9603
556	1303771317097	1	0.9997	1.0417	0.9603
557	1303771317116	1	0.9997	1.0417	0.9603
558	1303771317136	1	0.9997	1.0417	0.9603
559	1303771317196	1	0.9997	1.0417	0.9603
560	1303771317216	1	0.9997	1.0417	0.9603
561	1303771317236	1	0.9997	1.0417	0.9603
562	1303771317256	1	0.9997	1.0417	0.9603
563	1303771317316	1	0.9997	1.0417	0.9603
564	1303771317337	1	0.9997	1.0417	0.9603
565	1303771317356	1	0.9997	1.0417	0.9603
566	1303771317376	1	0.9997	1.0417	0.9603
567	1303771317394	1	0.9997	1.0417	0.9603
568	1303771317414	1	0.9997	1.0417	0.9603
569	1303771317431	1	0.9997	1.0417	0.9603
570	1303771317449	1	0.9997	1.0417	0.9603
571	1303771317468	1	0.9997	1.0417	0.9603
572	1303771317488	1	0.9997	1.0417	0.9603
573	1303771317508	1	0.9997	1.0417	0.9603
574	1303771317527	1	0.9997	1.0417	0.9603
575	1303771317546	1	0.9997	1.0417	0.9603
576	1303771317565	1	0.9997	1.0417	0.9603
577	1303771317585	1	0.9997	1.0417	0.9603
578	1303771317603	1	0.9997	1.0417	0.9603
579	1303771317623	1	0.9997	1.0417	0.9603
580	1303771317643	1	0.9997	1.0417	0.9603
581	1303771317663	1	0.9997	1.0417	0.9603
582	1303771317684	1	0.9997	1.0417	0.9603
583	1303771317704	1	1.0013	1.0417	0.9587
584	1303771317725	1	1.0013	1.0417	0.9587
585	1303771317744	1	1.0013	1.0417	0.9587
586	1303771317764	1	1.0013	1.0417	0.9587
587	1303771317824	1	1.0013	1.0417	0.9587
588	1303771317844	1	1.0013	1.0417	0.9587
589	1303771317863	1	1.0013	1.0417	0.9587
590	1303771317883	1	1.0013	1.0417	0.9587
591	1303771317901	1	1.0013	1.0417	0.9587
592	1303771317922	1	1.0013	1.0417	0.9587
593	1303771317940	1	1.0013	1.0417	0.9587
594	1303771317958	1	1.0013	1.0417	0.9587
595	1303771317977	1	1.0013	1.0417	0.9587
596	1303771317995	1	1.0013	1.0417	0.9587
597	1303771318015	1	1.0013	1.0417	0.9587
598	1303771318033	1	1.0013	1.0417	0.9587
599	1303771318053	1	1.0013	1.0417	0.9587
600	1303771318071	1	1.0013	1.0417	0.9587
601	1303771318090	1	1.0013	1.0417	0.9587
602	1303771318108	1	1.0013	1.0417	0.9587
603	1303771318171	1	1.0013	1.0417	0.9587
604	1303771318188	1	1.0013	1.0417	0.9587
605	1303771318207	1	1.0013	1.0417	0.9587
606	1303771318227	1	1.0013	1.0417	0.9587
607	1303771318245	1	1.0013	1.0417	0.9587
608	1303771318265	1	1.0013	1.0417	0.9587
609	1303771318329	1	1.0013	1.0417	0.9587
610	1303771318349	1	1.0013	1.0417	0.9587
611	1303771318367	1	1.0013	1.0417	0.9587
612	1303771318387	1	1.0013	1.0417	0.9587
613	1303771318407	1	1.0013	1.0417	0.9587
614	1303771318427	1	1.0013	1.0417	0.9587
615	1303771318446	1	1.0013	1.0417	0.9587
616	1303771318464	1	1.0013	1.0417	0.9587
617	1303771318484	1	1.0013	1.0417	0.9587
618	1303771318503	1	1.0013	1.0417	0.9587
619	1303771318523	1	1.0013	1.0417	0.9587
620	1303771318543	1	1.0013	1.0417	0.9587
621	1303771318563	1	1.0013	1.0417	0.9587
622	1303771318581	1	1.0013	1.0417	0.9587
623	1303771318601	1	1.0013	1.0417	0.9587
624	1303771318620	1	1.0013	1.0417	0.9587
625	1303771318682	1	1.0013	1.0417	0.9587
626	1303771318700	1	1.0013	1.0417	0.9587
627	1303771318718	1	1.0013	1.0417	0.9587
628	1303771318738	1	1.0013	1.0417	0.9587
629	1303771318757	1	1.0013	1.0417	0.9587
630	1303771318777	1	1.0013	1.0417	0.9587
631	1303771318842	1	1.0013	1.0417	0.9587
632	1303771318862	1	1.0013	1.0417	0.9587
633	1303771318881	1	1.0013	1.0417	0.9587
634	1303771318900	1	1.0013	1.0417	0.9587
635	1303771318918	1	1.0013	1.0417	0.9587
636	1303771318938	1	1.0013	1.0417	0.9587
637	1303771318956	1	1.0013	1.0417	0.9587
638	1303771318975	1	1.0013	1.0417	0.9587
639	1303771319035	1	1.0013	1.0417	0.9587
640	1303771319067	1	1.0013	1.0417	0.9587
641	1303771319087	1	1.0013	1.0417	0.9587
642	1303771319106	1	1.0013	1.0417	0.9587
643	1303771319170	1	1.0013	1.0417	0.9587
644	1303771319189	1	1.0013	1.0417	0.9587
645	1303771319209	1	1.0013	1.0417	0.9587
646	1303771319228	1	1.0013	1.0417	0.9587
647	1303771319247	1	1.0013	1.0417	0.9587
648	1303771319265	1	1.0013	1.0417	0.9587
649	1303771319285	1	1.0013	1.0417	0.9587
650	1303771319302	1	1.0013	1.0417	0.9587
651	1303771319322	1	1.0013	1.0417	0.9587
652	1303771319340	1	1.0013	1.0417	0.9587
653	1303771319360	1	1.0013	1.0417	0.9587
654	1303771319378	1	1.0013	1.0417	0.9587
655	1303771319395	1	1.0013	1.0417	0.9587
656	1303771319415	1	1.0013	1.0417	0.9587
657	1303771319432	1	1.0013	1.0417	0.9587
658	1303771319451	1	1.0013	1.0417	0.9587
659	1303771319469	1	1.0013	1.0417	0.9587
660	1303771319489	1	1.0013	1.0417	0.9587
661	1303771319507	1	1.0013	1.0417	0.9587
662	1303771319526	1	1.0013	1.0417	0.9587
663	1303771319544	1	1.0013	1.0417	0.9587
664	1303771319563	1	1.0013	1.0417	0.9587
665	1303771319582	1	1.0013	1.0417	0.9587
666	1303771319641	1	1.0013	1.0417	0.9587
667	1303771319661	1	1.0013	1.0417	0.9587
668	1303771319679	1	1.0013	1.0417	0.9587
669	1303771319699	1	1.0013	1.0417	0.9587
670	1303771319717	1	1.0013	1.0417	0.9587
671	1303771319737	1	1.0013	1.0417	0.9587
672	1303771319755	1	1.0013	1.0417	0.9587
673	1303771319774	1	1.0013	1.0417	0.9587
674	1303771319793	1	1.0013	1.0417	0.9587
675	1303771319812	1	1.0013	1.0417	0.9587
676	1303771319831	1	1.0013	1.0417	0.9587
677	1303771319849	1	1.0013	1.0417	0.9587
678	1303771319910	1	1.0013	1.0417	0.9587
679	1303771319928	1	1.0013	1.0417	0.9587
680	1303771319948	1	1.0013	1.0417	0.9587
681	1303771319967	1	1.0013	1.0417	0.9587
682	1303771319987	1	1.0013	1.0417	0.9587
683	1303771320004	1	1.0013	1.0417	0.9587
684	1303771320022	1	1.0013	1.0417	0.9587
685	1303771320042	1	1.0013	1.0417	0.9587
686	1303771320061	1	1.0013	1.0417	0.9587
687	1303771320123	1	1.0013	1.0417	0.9587
688	1303771320141	1	1.0013	1.0417	0.9587
689	1303771320161	1	1.0013	1.0417	0.9587
690	1303771320180	1	1.0013	1.0417	0.9587
691	1303771320199	1	1.0013	1.0417	0.9587
692	1303771320217	1	1.0013	1.0417	0.9587
693	1303771320235	1	1.0013	1.0417	0.9587
694	1303771320255	1	1.0013	1.0417	0.9587
695	1303771320274	1	1.0013	1.0417	0.9587
696	1303771320294	1	1.0013	1.0417	0.9587
697	1303771320354	1	1.0013	1.0417	0.9587
698	1303771320373	1	1.0013	1.0417	0.9587
699	1303771320392	1	1.0013	1.0417	0.9587
700	1303771320412	1	1.0013	1.0417	0.9587
701	1303771320432	1	1.0013	1.0417	0.9587
702	1303771320452	1	1.0013	1.0417	0.9587
703	1303771320472	1	1.0013	1.0417	0.9587
704	1303771320540	1	1.0013	1.0417	0.9587
705	1303771320559	1	1.0013	1.0417	0.9587
706	1303771320579	1	1.0013	1.0417	0.9587
707	1303771320598	1	1.0013	1.0417	0.9587
708	1303771320616	1	1.0013	1.0417	0.9587
709	1303771320635	1	1.0013	1.0417	0.9587
710	1303771320696	1	1.0013	1	0.9987
711	1303771320715	1	1.0013	1.0417	0.9587
712	1303771320733	1	1.0013	1.0833	0.9218
713	1303771320753	1	1.0013	1.0417	0.9587
714	1303771320771	1	1.0013	1	0.9987
715	1303771320790	1	1.0013	1.0417	0.9587
716	1303771320809	1	1.0013	1.0833	0.9218
717	1303771320875	1	1.0013	1.0417	0.9587
718	1303771320892	1	1.0013	1	0.9987
719	1303771320911	1	1.0013	1.0417	0.9587
720	1303771320930	1	1.0013	1.0833	0.9218
721	1303771320948	1	1.0013	1.0417	0.9587
722	1303771320968	1	1.0013	1	0.9987
723	1303771320986	1	1.0013	1.0417	0.9587
724	1303771321005	1	1.0013	1.0833	0.9218
725	1303771321023	1	1.0013	1.0417	0.9587
726	1303771321042	1	1.0013	1	0.9987
727	1303771321102	1	1.0036	1.0417	0.9565
728	1303771321122	1	1.0036	1.0833	0.9197
729	1303771321140	1	1.0036	1.0417	0.9565
730	1303771321159	1	1.0036	1	0.9964
731	1303771321180	1	1.0036	1.0417	0.9565
732	1303771321199	1	1.0036	1.0833	0.9197
733	1303771321218	1	1.0036	1.0417	0.9565
734	1303771321236	1	1.0036	1	0.9964
735	1303771321256	1	1.0036	1.0417	0.9565
736	1303771321275	1	1.0036	1.0833	0.9197
737	1303771321295	1	1.0036	1.0417	0.9565
738	1303771321313	1	1.0036	1	0.9964
739	1303771321331	1	1.0036	1.0417	0.9565
740	1303771321351	1	1.0036	1.0833	0.9197
741	1303771321369	1	1.0036	1.0417	0.9565
742	1303771321389	1	1.0036	1.0417	0.9565
743	1303771321408	1	1.0036	1.0417	0.9565
744	1303771321429	1	1.0036	1.0833	0.9197
745	1303771321447	1	1.0036	1.0417	0.9565
746	1303771321466	1	1.0036	1.0417	0.9565
747	1303771321484	1	1.0036	1.0417	0.9565
748	1303771321503	1	1.0036	1.0833	0.9197
749	1303771321522	1	1.0036	1.0417	0.9565
750	1303771321540	1	1.0036	1.0417	0.9565
751	1303771321559	1	1.0036	1.0417	0.9565
752	1303771321576	1	1.0036	1.0833	0.9197
753	1303771321596	1	1.0036	1.0417	0.9565
754	1303771321614	1	1.0036	1.0417	0.9565
755	1303771321633	1	1.0036	1.0417	0.9565
756	1303771321652	1	1.0036	1.0833	0.9197
757	1303771321672	1	1.0036	1.0417	0.9565
758	1303771321690	1	1.0036	1.0417	0.9565
759	1303771321750	1	1.0036	1.0417	0.9565
760	1303771321769	1	1.0036	1.0833	0.9197
761	1303771321788	1	1.0036	1.0417	0.9565
762	1303771321807	1	1.0036	1.0417	0.9565
763	1303771321826	1	1.0036	1.0417	0.9565
764	1303771321847	1	1.0036	1.0833	0.9197
765	1303771321912	1	1.0036	1.0417	0.9565
766	1303771321934	1	1.0036	1.0417	0.9565
767	1303771321994	1	1.0036	1.0417	0.9565
768	1303771322014	1	1.0036	1.0833	0.9197
769	1303771322032	1	1.0036	1.0417	0.9565
770	1303771322051	1	1.0036	1.0417	0.9565
771	1303771322070	1	1.0036	1.0417	0.9565
772	1303771322089	1	1.0036	1.0833	0.9197
773	1303771322107	1	1.0036	1.0417	0.9565
774	1303771322125	1	1.0036	1.0417	0.9565
775	1303771322145	1	1.0036	1.0417	0.9565
776	1303771322163	1	1.0036	1.0833	0.9197
777	1303771322183	1	1.0036	1.0417	0.9565
778	1303771322202	1	1.0036	1.0417	0.9565
779	1303771322222	1	1.0036	1.0417	0.9565
780	1303771322241	1	1.0036	1.0833	0.9197
781	1303771322261	1	1.0036	1.0417	0.9565
782	1303771322280	1	1.0036	1.0417	0.9565
783	1303771322298	1	1.0036	1.0417	0.9565
784	1303771322319	1	1.0036	1.0833	0.9197
785	1303771322337	1	1.0036	1.0417	0.9565
786	1303771322357	1	1.0036	1.0417	0.9565
787	1303771322417	1	1.0036	1.0417	0.9565
788	1303771322437	1	1.0036	1.0833	0.9197
789	1303771322456	1	1.0036	1.0417	0.9565
790	1303771322476	1	1.0036	1.0417	0.9565
791	1303771322495	1	1.0036	1.0417	0.9565
792	1303771322514	1	1.0036	1.0833	0.9197
793	1303771322532	1	1.0036	1.0417	0.9565
794	1303771322592	1	1.0036	1.0417	0.9565
795	1303771322611	1	1.0036	1.0417	0.9565
796	1303771322629	1	1.0036	1.0833	0.9197
797	1303771322649	1	1.0036	1.0417	0.9565
798	1303771322667	1	1.0036	1.0417	0.9565
799	1303771322687	1	1.0036	1.0417	0.9565
800	1303771322705	1	1.0036	1.0833	0.9197
801	1303771322725	1	1.0036	1.0417	0.9565
802	1303771322785	1	1.0036	1.0417	0.9565
803	1303771322804	1	1.0036	1.0417	0.9565
804	1303771322823	1	1.0036	1.0833	0.9197
805	1303771322842	1	1.0036	1.0417	0.9565
806	1303771322862	1	1.0036	1.0417	0.9565
807	1303771322880	1	1.0036	1.0417	0.9565
808	1303771322899	1	1.0036	1.0833	0.9197
809	1303771322917	1	1.0036	1.0417	0.9565
810	1303771322936	1	1.0036	1.0417	0.9565
811	1303771322955	1	1.0036	1.0417	0.9565
812	1303771322974	1	1.0036	1.0833	0.9197
813	1303771322993	1	1.0036	1.0417	0.9565
814	1303771323012	1	1.0036	1.0417	0.9565
815	1303771323031	1	1.0036	1.0417	0.9565
816	1303771323050	1	1.0036	1.0833	0.9197
817	1303771323069	1	1.0036	1.0417	0.9565
818	1303771323132	1	1.0036	1.0417	0.9565
819	1303771323153	1	1.0036	1.0417	0.9565
820	1303771323172	1	1.0036	1.0833	0.9197
821	1303771323192	1	1.0036	1.0417	0.9565
822	1303771323210	1	1.0036	1.0417	0.9565
823	1303771323228	1	1.0036	1.0417	0.9565
824	1303771323248	1	1.0036	1.0833	0.9197
825	1303771323268	1	1.0036	1.0417	0.9565
826	1303771323290	1	1.0036	1.0417	0.9565
827	1303771323309	1	1.0036	1.0417	0.9565
828	1303771323329	1	1.0036	1.0833	0.9197
829	1303771323348	1	1.0036	1.0417	0.9565
830	1303771323410	1	1.0036	1.0417	0.9565
831	1303771323428	1	1.0036	1.0417	0.9565
832	1303771323447	1	1.0036	1.0833	0.9197
833	1303771323466	1	1.0036	1.0417	0.9565
834	1303771323527	1	1.0036	1	0.9964
835	1303771323545	1	1.0036	1.0417	0.9565
836	1303771323565	1	1.0036	1.0833	0.9197
837	1303771323583	1	1.0036	1.0417	0.9565
838	1303771323601	1	1.0036	1	0.9964
839	1303771323621	1	1.0036	1.0417	0.9565
840	1303771323639	1	1.0036	1.0833	0.9197
841	1303771323659	1	1.0036	1.0417	0.9565
842	1303771323678	1	1.0036	1	0.9964
843	1303771323698	1	1.0036	1.0417	0.9565
844	1303771323716	1	1.0036	1.0833	0.9197
845	1303771323778	1	1.0036	1.0417	0.9565
846	1303771323797	1	1.0036	1	0.9964
847	1303771323816	1	1.0036	1.0417	0.9565
848	1303771323835	1	1.0036	1.0833	0.9197
849	1303771323853	1	1.0036	1.0417	0.9565
850	1303771323874	1	1.0036	1	0.9964
851	1303771323892	1	1.0036	1.0417	0.9565
852	1303771323912	1	1.0036	1.0833	0.9197
853	1303771323977	1	1.0036	1.0417	0.9565
854	1303771323997	1	1.0036	1	0.9964
855	1303771324015	1	1.0036	1.0417	0.9565
856	1303771324035	1	1.0036	1.0833	0.9197
857	1303771324099	1	1.0036	1.0417	0.9565
858	1303771324118	1	1.0036	1	0.9964
859	1303771324138	1	1.0036	1.0417	0.9565
860	1303771324156	1	1.0036	1.0833	0.9197
861	1303771324176	1	1.0036	1.0417	0.9565
862	1303771324193	1	1.0036	1	0.9964
863	1303771324213	1	1.0036	1.0417	0.9565
864	1303771324231	1	1.0036	1.0833	0.9197
865	1303771324251	1	1.0036	1.0417	0.9565
866	1303771324270	1	1.0036	1	0.9964
867	1303771324288	1	1.0036	1.0417	0.9565
868	1303771324308	1	1.0036	1.0833	0.9197
869	1303771324371	1	1.0036	1.0417	0.9565
870	1303771324392	1	1.0036	1	0.9964
871	1303771324410	1	1.0036	1.0417	0.9565
872	1303771324429	1	1.0036	1.0833	0.9197
873	1303771324449	1	1.0036	1.0417	0.9565
874	1303771324469	1	1.0036	1	0.9964
875	1303771324488	1	1.0036	1.0417	0.9565
876	1303771324507	1	1.0036	1.0833	0.9197
877	1303771324526	1	1.0036	1.0417	0.9565
878	1303771324545	1	1.0036	1.0417	0.9565
879	1303771324565	1	1.0036	1.0417	0.9565
880	1303771324583	1	1.0036	1.0833	0.9197
881	1303771324644	1	1.0036	1.0417	0.9565
882	1303771324662	1	1.0036	1.0417	0.9565
883	1303771324725	1	1.0036	1.0417	0.9565
884	1303771324743	1	1.0036	1.0833	0.9197
885	1303771324763	1	1.0036	1.0417	0.9565
886	1303771324783	1	1.0036	1.0417	0.9565
887	1303771324804	1	1.0036	1.0417	0.9565
888	1303771324824	1	1.0036	1.0833	0.9197
889	1303771324844	1	1.0036	1.0417	0.9565
890	1303771324863	1	1.0036	1.0417	0.9565
891	1303771324883	1	1.0036	1.0417	0.9565
892	1303771324902	1	1.0036	1.0833	0.9197
893	1303771324921	1	1.0036	1.0417	0.9565
894	1303771324939	1	1.0036	1.0417	0.9565
895	1303771324999	1	1.0036	1.0417	0.9565
896	1303771325019	1	1.0036	1.0833	0.9197
897	1303771325037	1	1.0036	1.0417	0.9565
898	1303771325057	1	1.0036	1.0417	0.9565
899	1303771325075	1	1.0036	1.0417	0.9565
900	1303771325095	1	1.0036	1.0833	0.9197
901	1303771325113	1	1.0036	1.0417	0.9565
902	1303771325132	1	1.0036	1.0417	0.9565
903	1303771325150	1	1.0036	1.0417	0.9565
904	1303771325169	1	1.0036	1.0833	0.9197
905	1303771325231	1	1.0036	1.0417	0.9565
906	1303771325249	1	1.0036	1.0417	0.9565
907	1303771325270	1	1.0036	1.0417	0.9565
908	1303771325288	1	1.0036	1.0833	0.9197
909	1303771325307	1	1.0036	1.0417	0.9565
910	1303771325325	1	1.0036	1.0417	0.9565
911	1303771325345	1	1.0036	1.0417	0.9565
912	1303771325364	1	1.0036	1.0833	0.9197
913	1303771325383	1	1.0036	1.0417	0.9565
914	1303771325402	1	1.0036	1.0417	0.9565
915	1303771325421	1	1.0036	1.0417	0.9565
916	1303771325443	1	1.0036	1.0833	0.9197
917	1303771325461	1	1.0036	1.0417	0.9565
918	1303771325481	1	1.0036	1.0417	0.9565
919	1303771325500	1	1.0036	1.0417	0.9565
920	1303771325519	1	1.0036	1.0833	0.9197
921	1303771325537	1	1.0036	1.0417	0.9565
922	1303771325557	1	1.0036	1.0417	0.9565
923	1303771325575	1	1.0036	1.0417	0.9565
924	1303771325593	1	1.0036	1.0833	0.9197
925	1303771325612	1	1.0036	1.0417	0.9565
926	1303771325631	1	1.0036	1.0417	0.9565
927	1303771325650	1	1.0036	1.0417	0.9565
928	1303771325709	1	1.0036	1.0833	0.9197
929	1303771325729	1	1.0036	1.0417	0.9565
930	1303771325748	1	1.0036	1.0417	0.9565
931	1303771325768	1	1.0036	1.0417	0.9565
932	1303771325786	1	1.0036	1.0833	0.9197
933	1303771325805	1	1.0036	1.0417	0.9565
934	1303771325825	1	1.0036	1.0417	0.9565
935	1303771325844	1	1.0036	1.0417	0.9565
936	1303771325864	1	1.0036	1.0833	0.9197
937	1303771325881	1	1.0036	1.0417	0.9565
938	1303771325902	1	1.0036	1.0417	0.9565
939	1303771325920	1	1.0036	1.0417	0.9565
940	1303771325939	1	1.0036	1.0833	0.9197
941	1303771325957	1	1.0036	1.0417	0.9565
942	1303771325975	1	1.0036	1.0417	0.9565
943	1303771325996	1	1.0036	1.0417	0.9565
944	1303771326014	1	1.0036	1.0833	0.9197
945	1303771326034	1	1.0036	1.0417	0.9565
946	1303771326053	1	1.0036	1.0417	0.9565
947	1303771326075	1	1.0036	1.0417	0.9565
948	1303771326096	1	1.0036	1.0833	0.9197
949	1303771326116	1	1.0036	1.0417	0.9565
950	1303771326135	1	1.0036	1.0417	0.9565
951	1303771326154	1	1.0036	1.0417	0.9565
952	1303771326172	1	1.0036	1.0833	0.9197
953	1303771326192	1	1.0036	1.0417	0.9565
954	1303771326210	1	1.0036	1.0417	0.9565
955	1303771326228	1	1.0036	1.0417	0.9565
956	1303771326247	1	1.0036	1.0833	0.9197
957	1303771326265	1	1.0036	1.0417	0.9565
958	1303771326327	1	1.0036	1.0417	0.9565
959	1303771326345	1	1.0036	1.0417	0.9565
960	1303771326365	1	1.0036	1.0833	0.9197
961	1303771326383	1	1.0036	1.0417	0.9565
962	1303771326402	1	1.0036	1.0417	0.9565
963	1303771326420	1	1.0036	1.0417	0.9565
964	1303771326439	1	1.0036	1.0833	0.9197
965	1303771326457	1	1.0036	1.0417	0.9565
966	1303771326475	1	1.0036	1.0417	0.9565
967	1303771326536	1	1.0036	1.0417	0.9565
968	1303771326554	1	1.0036	1.0833	0.9197
969	1303771326574	1	1.0036	1.0417	0.9565
970	1303771326592	1	1.0036	1.0417	0.9565
971	1303771326611	1	1.0036	1.0417	0.9565
972	1303771326630	1	1.0036	1.0833	0.9197
973	1303771326691	1	1.0036	1.0417	0.9565
974	1303771326751	1	1.0036	1.0417	0.9565
975	1303771326771	1	1.0036	1.0417	0.9565
976	1303771326831	1	1.0036	1.0833	0.9197
977	1303771326850	1	1.0036	1.0417	0.9565
978	1303771326910	1	1.0036	1.0417	0.9565
979	1303771326971	1	1.0036	1.0417	0.9565
980	1303771326989	1	1.0036	1.0833	0.9197
981	1303771327008	1	1.0036	1.0417	0.9565
982	1303771327029	1	1.0036	1.0417	0.9565
983	1303771327047	1	1.0036	1.0417	0.9565
984	1303771327066	1	1.0036	1.0833	0.9197
985	1303771327084	1	1.0036	1.0417	0.9565
986	1303771327104	1	1.0036	1.0417	0.9565
987	1303771327123	1	1.0036	1.0417	0.9565
988	1303771327143	1	1.0036	1.0833	0.9197
989	1303771327160	1	1.0036	1.0417	0.9565
990	1303771327179	1	1.0036	1.0417	0.9565
991	1303771327198	1	1.0036	1.0417	0.9565
992	1303771327259	1	1.0036	1.0833	0.9197
993	1303771327278	1	1.0036	1.0417	0.9565
994	1303771327296	1	1.0036	1.0417	0.9565
995	1303771327357	1	1.0036	1.0417	0.9565
996	1303771327377	1	1.0036	1.0833	0.9197
997	1303771327397	1	1.0036	1.0417	0.9565
998	1303771327415	1	1.0036	1.0417	0.9565
999	1303771327434	1	1.0036	1.0417	0.9565
1000	1303771327452	1	1.0036	1.0833	0.9197
1001	1303771327471	1	1.0036	1.0417	0.9565
1002	1303771327492	1	1.0036	1.0417	0.9565
1003	1303771327552	1	1.0036	1.0417	0.9565
1004	1303771327572	1	1.0036	1.0833	0.9197
1005	1303771327591	1	1.0036	1.0417	0.9565
1006	1303771327612	1	1.0036	1.0417	0.9565
1007	1303771327631	1	1.0036	1.0417	0.9565
1008	1303771327653	1	1.0036	1.0833	0.9197
1009	1303771327672	1	1.0036	1.0417	0.9565
1010	1303771327693	1	1.0036	1	0.9964
1011	1303771327711	1	1.0036	1.0417	0.9565
1012	1303771327731	1	1.0036	1.0417	0.9565
1013	1303771327750	1	1.0036	1.0417	0.9565
1014	1303771327768	1	1.0036	1.0417	0.9565
1015	1303771327787	1	1.0036	1	0.9964
1016	1303771327806	1	1.0036	1.0417	0.9565
1017	1303771327825	1	1.0036	1.0833	0.9197
1018	1303771327843	1	1.0036	1.0417	0.9565
1019	1303771327863	1	1.0036	1	0.9964
1020	1303771327881	1	1.0036	1.0417	0.9565
1021	1303771327900	1	1.0036	1.0833	0.9197
1022	1303771327918	1	1.0036	1.0417	0.9565
1023	1303771327936	1	1.0036	1	0.9964
1024	1303771327955	1	1.0036	1.0417	0.9565
1025	1303771327974	1	1.0036	1.0833	0.9197
1026	1303771327994	1	1.0036	1.0417	0.9565
1027	1303771328013	1	1.0036	1	0.9964
1028	1303771328032	1	1.0036	1.0417	0.9565
1029	1303771328092	1	1.0036	1.0833	0.9197
1030	1303771328112	1	1.0036	1.0417	0.9565
1031	1303771328131	1	1.0036	1	0.9964
1032	1303771328149	1	1.0036	1.0417	0.9565
1033	1303771328169	1	1.0036	1.0833	0.9197
1034	1303771328187	1	1.0036	1.0417	0.9565
1035	1303771328207	1	1.0036	1.0417	0.9565
1036	1303771328225	1	1.0036	1.0833	0.9197
1037	1303771328244	1	1.0036	1.0833	0.9197
1038	1303771328263	1	1.0036	1.0417	0.9565
1039	1303771328284	1	1.0036	1.0417	0.9565
1040	1303771328302	1	1.0036	1.0833	0.9197
1041	1303771328320	1	1.0036	1.0833	0.9197
1042	1303771328340	1	1.0036	1.0417	0.9565
1043	1303771328359	1	1.0036	1.0417	0.9565
1044	1303771328421	1	1.0036	1.0833	0.9197
1045	1303771328441	1	1.0036	1.0833	0.9197
1046	1303771328461	1	1.0036	1.0417	0.9565
1047	1303771328479	1	1.0036	1.0417	0.9565
1048	1303771328498	1	1.0036	1.0833	0.9197
1049	1303771328563	1	1.0036	1.0833	0.9197
1050	1303771328584	1	1.0036	1.0417	0.9565
1051	1303771328603	1	1.0036	1.0417	0.9565
1052	1303771328622	1	1.0036	1.0833	0.9197
1053	1303771328642	1	1.0036	1.0833	0.9197
1054	1303771328660	1	1.0036	1.0417	0.9565
1055	1303771328679	1	1.0036	1.0417	0.9565
1056	1303771328698	1	1.0036	1.0833	0.9197
1057	1303771328719	1	1.0036	1.0833	0.9197
1058	1303771328737	1	1.0036	1.0417	0.9565
1059	1303771328757	1	1.0036	1.0417	0.9565
1060	1303771328775	1	1.0036	1.0833	0.9197
1061	1303771328793	1	1.0036	1.0833	0.9197
1062	1303771328812	1	1.0036	1.0417	0.9565
1063	1303771328831	1	1.0036	1.0417	0.9565
1064	1303771328850	1	1.0036	1.0833	0.9197
1065	1303771328868	1	1.0036	1.0833	0.9197
1066	1303771328889	1	1.0036	1.0417	0.9565
1067	1303771328906	1	1.0036	1.0417	0.9565
1068	1303771328927	1	1.0036	1.0833	0.9197
1069	1303771328946	1	1.0036	1.0833	0.9197
1070	1303771328965	1	1.0036	1.0417	0.9565
1071	1303771328985	1	1.0036	1	0.9964
1072	1303771329003	1	1.0036	1.0833	0.9197
1073	1303771329023	1	1.0036	1.0833	0.9197
1074	1303771329041	1	1.0036	1.0417	0.9565
1075	1303771329061	1	1.0036	1	0.9964
1076	1303771329121	1	1.0036	1.0833	0.9197
1077	1303771329141	1	1.0036	1.0833	0.9197
1078	1303771329159	1	1.0036	1.0417	0.9565
1079	1303771329178	1	1.0036	1	0.9964
1080	1303771329196	1	1.0036	1.0833	0.9197
1081	1303771329214	1	1.0036	1.0833	0.9197
1082	1303771329233	1	1.0036	1.0417	0.9565
1083	1303771329251	1	1.0036	1	0.9964
1084	1303771329271	1	1.0036	1.0833	0.9197
1085	1303771329289	1	1.0036	1.0833	0.9197
1086	1303771329309	1	1.0036	1.0417	0.9565
1087	1303771329327	1	1.0036	1	0.9964
1088	1303771329346	1	1.0036	1.0833	0.9197
1089	1303771329407	1	1.0036	1.0833	0.9197
1090	1303771329425	1	1.0036	1.0417	0.9565
1091	1303771329445	1	1.0036	1	0.9964
1092	1303771329462	1	1.0036	1.0833	0.9197
1093	1303771329528	1	1.0036	1.0833	0.9197
1094	1303771329546	1	1.0036	1.0417	0.9565
1095	1303771329566	1	1.0036	1	0.9964
1096	1303771329584	1	1.0036	1.0417	0.9565
1097	1303771329603	1	1.0036	1.0833	0.9197
1098	1303771329622	1	1.0036	1.0417	0.9565
1099	1303771329641	1	1.0036	1	0.9964
1100	1303771329661	1	1.0036	1.0417	0.9565
1101	1303771329681	1	1.0036	1.0833	0.9197
1102	1303771329701	1	1.0036	1.0417	0.9565
1103	1303771329719	1	1.0036	1	0.9964
1104	1303771329739	1	1.0036	1.0417	0.9565
1105	1303771329757	1	1.0036	1.0833	0.9197
1106	1303771329775	1	1.0036	1.0417	0.9565
1107	1303771329795	1	1.0036	1	0.9964
1108	1303771329813	1	1.0036	1.0417	0.9565
1109	1303771329833	1	1.0036	1.0833	0.9197
1110	1303771329851	1	1.0036	1.0417	0.9565
1111	1303771329871	1	1.0036	1	0.9964
1112	1303771329889	1	1.0036	1.0417	0.9565
1113	1303771329950	1	1.0036	1.0833	0.9197
1114	1303771329968	1	1.0036	1.0417	0.9565
1115	1303771329986	1	1.0036	1	0.9964
1116	1303771330006	1	1.0036	1.0417	0.9565
1117	1303771330025	1	1.0036	1.0833	0.9197
1118	1303771330045	1	1.0036	1.0417	0.9565
1119	1303771330064	1	1.0036	1	0.9964
1120	1303771330084	1	1.0036	1.0417	0.9565
1121	1303771330102	1	1.0036	1.0833	0.9197
1122	1303771330122	1	1.0036	1.0417	0.9565
1123	1303771330141	1	1.0036	1	0.9964
1124	1303771330203	1	1.0036	1.0417	0.9565
1125	1303771330263	1	1.0036	1.0833	0.9197
1126	1303771330281	1	1.0036	1.0417	0.9565
1127	1303771330301	1	1.0036	1	0.9964
1128	1303771330319	1	1.0036	1.0417	0.9565
1129	1303771330339	1	1.0036	1.0833	0.9197
1130	1303771330359	1	1.0174	1.0417	0.9436
1131	1303771330380	1	1.0173	1	0.983
1132	1303771330440	1	1.0173	1.0417	0.9437
1133	1303771330461	1	1.0173	1.0833	0.9074
1134	1303771330480	1	1.0173	1.0417	0.9437
1135	1303771330500	1	1.0173	1	0.983
1136	1303771330518	1	1.0173	1.0417	0.9437
1137	1303771330537	1	1.0173	1.0833	0.9074
1138	1303771330555	1	1.0173	1.0417	0.9437
1139	1303771330574	1	1.0173	1	0.983
1140	1303771330593	1	1.0173	1.0417	0.9437
1141	1303771330612	1	1.0173	1.0833	0.9074
1142	1303771330632	1	1.0173	1.0417	0.9437
1143	1303771330651	1	1.0173	1	0.983
1144	1303771330671	1	1.0173	1.0417	0.9437
1145	1303771330689	1	1.0173	1.0833	0.9074
1146	1303771330709	1	1.0173	1.0417	0.9437
1147	1303771330727	1	1.0173	1	0.983
1148	1303771330746	1	1.0173	1.0417	0.9437
1149	1303771330765	1	1.0173	1.0833	0.9074
1150	1303771330783	1	1.0173	1.0417	0.9437
1151	1303771330803	1	1.0173	1	0.983
1152	1303771330822	1	1.0173	1.0417	0.9437
1153	1303771330842	1	1.0173	1.0833	0.9074
1154	1303771330860	1	1.0173	1.0417	0.9437
1155	1303771330880	1	1.0173	1	0.983
1156	1303771330899	1	1.0173	1.0417	0.9437
1157	1303771330918	1	1.0173	1.0833	0.9074
1158	1303771330939	1	1.0173	1.0417	0.9437
1159	1303771330957	1	1.0173	1	0.983
1160	1303771330977	1	1.0173	1.0417	0.9437
1161	1303771330997	1	1.0173	1.0833	0.9074
1162	1303771331017	1	1.0173	1.0417	0.9437
1163	1303771331036	1	1.0173	1	0.983
1164	1303771331056	1	1.0173	1.0417	0.9437
1165	1303771331075	1	1.0173	1.0833	0.9074
1166	1303771331094	1	1.0173	1.0417	0.9437
1167	1303771331113	1	1.0173	1	0.983
1168	1303771331132	1	1.0173	1.0417	0.9437
1169	1303771331152	1	1.0173	1.0833	0.9074
1170	1303771331171	1	1.0173	1.0417	0.9437
1171	1303771331190	1	1.0173	1	0.983
1172	1303771331209	1	1.0173	1.0417	0.9437
1173	1303771331228	1	1.0173	1.0833	0.9074
1174	1303771331247	1	1.0173	1.0417	0.9437
1175	1303771331265	1	1.0173	1	0.983
1176	1303771331285	1	1.0173	1.0417	0.9437
1177	1303771331304	1	1.0173	1.0833	0.9074
1178	1303771331369	1	1.0173	1.0417	0.9437
1179	1303771331387	1	1.0173	1	0.983
1180	1303771331407	1	1.0173	1.0417	0.9437
1181	1303771331425	1	1.0173	1.0833	0.9074
1182	1303771331444	1	1.0173	1.0417	0.9437
1183	1303771331463	1	1.0173	1	0.983
1184	1303771331482	1	1.0173	1.0417	0.9437
1185	1303771331502	1	1.0173	1.0833	0.9074
1186	1303771331562	1	1.0173	1	0.983
1187	1303771331582	1	1.0173	1.0417	0.9437
1188	1303771331601	1	1.0173	1.0833	0.9074
1189	1303771331621	1	1.0173	1.0833	0.9074
1190	1303771331639	1	1.0173	1	0.983
1191	1303771331661	1	1.0173	1.0417	0.9437
1192	1303771331681	1	1.0173	1.0833	0.9074
1193	1303771331703	1	1.0173	1.0833	0.9074
1194	1303771331722	1	1.0036	1	0.9964
1195	1303771331742	1	1.0036	1	0.9964
1196	1303771331761	1	1.0036	1.0833	0.9197
1197	1303771331781	1	1.0036	1.0417	0.9565
1198	1303771331799	1	1.0036	1	0.9964
1199	1303771331817	1	1.0036	1.0417	0.9565
1200	1303771331837	1	1.0036	1.0417	0.9565
1201	1303771331854	1	1.0036	1.0417	0.9565
1202	1303771331874	1	1.0036	1.0417	0.9565
1203	1303771331892	1	1.0036	1.0417	0.9565
1204	1303771331912	1	1.0036	1.0417	0.9565
1205	1303771331930	1	1.0036	1.0417	0.9565
1206	1303771331948	1	1.0036	1.0417	0.9565
1207	1303771331967	1	1.0036	1	0.9964
1208	1303771331985	1	1.0036	1.0417	0.9565
1209	1303771332004	1	1.0036	1.0833	0.9197
1210	1303771332065	1	1.0036	1.0417	0.9565
1211	1303771332085	1	1.0036	1	0.9964
1212	1303771332150	1	1.0036	1.0417	0.9565
1213	1303771332171	1	1.0036	1.0833	0.9197
1214	1303771332189	1	1.0036	1.0417	0.9565
1215	1303771332210	1	1.0036	1	0.9964
1216	1303771332228	1	1.0036	1.0417	0.9565
1217	1303771332246	1	1.0036	1.0833	0.9197
1218	1303771332265	1	1.0036	1	0.9964
1219	1303771332325	1	1.0036	1	0.9964
1220	1303771332388	1	1.0036	1.0833	0.9197
1221	1303771332407	1	1.0036	1.0833	0.9197
1222	1303771332426	1	1.0036	1	0.9964
1223	1303771332486	1	1.0036	1	0.9964
1224	1303771332506	1	1.0036	1.0833	0.9197
1225	1303771332524	1	1.0036	1.0833	0.9197
1226	1303771332544	1	1.0036	1	0.9964
1227	1303771332563	1	1.0036	1	0.9964
1228	1303771332582	1	1.0036	1.0833	0.9197
1229	1303771332602	1	1.0036	1.0833	0.9197
1230	1303771332663	1	1.0036	1	0.9964
1231	1303771332729	1	1.0036	1	0.9964
1232	1303771332748	1	1.0036	1.0833	0.9197
1233	1303771332769	1	1.0036	1.0417	0.9565
1234	1303771332787	1	1.0036	1	0.9964
1235	1303771332808	1	1.0036	1.0417	0.9565
1236	1303771332825	1	1.0036	1.0833	0.9197
1237	1303771332843	1	1.0036	1.0417	0.9565
1238	1303771332863	1	1.0036	1	0.9964
1239	1303771332881	1	1.0036	1.0417	0.9565
1240	1303771332901	1	1.0036	1.0833	0.9197
1241	1303771332919	1	1.0036	1.0417	0.9565
1242	1303771332938	1	1.0036	1	0.9964
1243	1303771332957	1	1.0036	1.0417	0.9565
1244	1303771332976	1	1.0036	1.0833	0.9197
1245	1303771332995	1	1.0036	1.0417	0.9565
1246	1303771333013	1	1.0036	1	0.9964
1247	1303771333033	1	1.0036	1.0417	0.9565
1248	1303771333092	1	1.0036	1.0417	0.9565
1249	1303771333112	1	1.0036	1.0417	0.9565
1250	1303771333171	1	1.0013	1.0417	0.9587
1251	1303771333234	1	1.005	1.0417	0.9552
1252	1303771333253	1	1.0049	1.0417	0.9553
1253	1303771333275	1	1.0049	1.0417	0.9553
1254	1303771333295	1	1.0049	1.0417	0.9553
1255	1303771333315	1	1.0049	1.0417	0.9553
1256	1303771333334	1	1.0049	1.0417	0.9553
1257	1303771333354	1	1.0049	1.0417	0.9553
1258	1303771333372	1	1.0049	1.0417	0.9553
1259	1303771333393	1	1.0049	1.0417	0.9553
1260	1303771333411	1	1.0049	1.0417	0.9553
1261	1303771333430	1	1.0049	1.0417	0.9553
1262	1303771333451	1	1.0049	1.0417	0.9553
1263	1303771333469	1	1.0049	1.0417	0.9553
1264	1303771333489	1	1.0049	1.0417	0.9553
1265	1303771333507	1	1.0049	1.0417	0.9553
1266	1303771333527	1	1.0049	1.0417	0.9553
1267	1303771333545	1	1.0049	1	0.9951
1268	1303771333606	1	1.0049	1.0417	0.9553
1269	1303771333624	1	1.0049	1.0833	0.9185
1270	1303771333642	1	1.0049	1.0417	0.9553
1271	1303771333662	1	1.0049	1	0.9951
1272	1303771333680	1	1.0049	1.0417	0.9553
1273	1303771333701	1	1.0049	1.0833	0.9185
1274	1303771333719	1	1.0049	1.0417	0.9553
1275	1303771333739	1	1.0049	1	0.9951
1276	1303771333757	1	1.0049	1.0417	0.9553
1277	1303771333776	1	1.0049	1.0833	0.9185
1278	1303771333796	1	1.0049	1.0417	0.9553
1279	1303771333814	1	1.0049	1	0.9951
1280	1303771333834	1	1.0049	1.0417	0.9553
1281	1303771333853	1	1.0049	1.0833	0.9185
1282	1303771333872	1	1.0049	1	0.9951
1283	1303771333891	1	1.0049	1	0.9951
1284	1303771333954	1	1.0049	1.0833	0.9185
1285	1303771333972	1	1.0049	1.0833	0.9185
1286	1303771333992	1	1.0049	1	0.9951
1287	1303771334011	1	1.0049	1	0.9951
1288	1303771334072	1	1.0049	1.0833	0.9185
1289	1303771334091	1	1.0049	1.0833	0.9185
1290	1303771334109	1	1.0049	1	0.9951
1291	1303771334129	1	1.0049	1	0.9951
1292	1303771334148	1	1.0049	1.0833	0.9185
1293	1303771334168	1	1.0049	1.0833	0.9185
1294	1303771334186	1	1.0049	1	0.9951
1295	1303771334205	1	1.0049	1	0.9951
1296	1303771334266	1	1.0049	1.0833	0.9185
1297	1303771334283	1	1.0049	1.0417	0.9553
1298	1303771334303	1	1.0049	1	0.9951
1299	1303771334322	1	1.0049	1.0417	0.9553
1300	1303771334342	1	1.0049	1.0833	0.9185
1301	1303771334402	1	1.0049	1.0417	0.9553
1302	1303771334463	1	1.0049	1	0.9951
1303	1303771334481	1	1.0049	1.0417	0.9553
1304	1303771334543	1	1.0049	1.0833	0.9185
1305	1303771334561	1	1.0049	1.0417	0.9553
1306	1303771334579	1	1.0049	1	0.9951
1307	1303771334641	1	1.0049	1.0417	0.9553
1308	1303771334659	1	1.0049	1.0833	0.9185
1309	1303771334679	1	1.0049	1.0417	0.9553
1310	1303771334744	1	1.0049	1	0.9951
1311	1303771334764	1	1.0049	1.0417	0.9553
1312	1303771334783	1	1.0049	1.0417	0.9553
1313	1303771334847	1	1.0049	1.0417	0.9553
1314	1303771334867	1	1.0049	1.0417	0.9553
1315	1303771334889	1	1.0049	1.0833	0.9185
1316	1303771334909	1	1.0621	1.0417	0.9039
1317	1303771334929	1	1.0621	1.0417	0.9039
1318	1303771334949	1	1.0621	1.0417	0.9039
1319	1303771334969	1	1.0621	1.0417	0.9039
1320	1303771334987	1	1.0621	1.0417	0.9039
1321	1303771335007	1	1.0621	1.0833	0.8691
1322	1303771335025	1	1.0621	1	0.9415
1323	1303771335044	1	1.0621	1	0.9415
1324	1303771335063	1	1.0621	1.0833	0.8691
1325	1303771335082	1	1.0621	1.0833	0.8691
1326	1303771335101	1	1.0621	1	0.9415
1327	1303771335119	1	1.0621	1	0.9415
1328	1303771335139	1	1.0621	1.0833	0.8691
1329	1303771335157	1	1.0621	1.0833	0.8691
1330	1303771335175	1	1.0621	1	0.9415
1331	1303771335195	1	1.0621	1	0.9415
1332	1303771335256	1	1.0621	1.0833	0.8691
1333	1303771335277	1	1.0621	1.0417	0.9039
1334	1303771335295	1	1.0621	1	0.9415
1335	1303771335315	1	1.0621	1.0417	0.9039
1336	1303771335333	1	1.0621	1.0833	0.8691
1337	1303771335353	1	1.0621	1.0417	0.9039
1338	1303771335413	1	1.0621	1	0.9415
1339	1303771335502	1	1.0621	1.0417	0.9039
1340	1303771335520	1	1.0621	1.0833	0.8691
1341	1303771335539	1	1.0621	1.0417	0.9039
1342	1303771335559	1	1.0621	1	0.9415
1343	1303771335577	1	1.0621	1.0417	0.9039
1344	1303771335597	1	1.0621	1.0833	0.8691
1345	1303771335615	1	1.0621	1.0417	0.9039
1346	1303771335635	1	1.0621	1	0.9415
1347	1303771335653	1	1.0621	1.0417	0.9039
1348	1303771335671	1	1.0621	1.0417	0.9039
1349	1303771335691	1	1.0621	1.0417	0.9039
1350	1303771335710	1	1.0621	1.0417	0.9039
1351	1303771335729	1	1.0621	1.0417	0.9039
1352	1303771335747	1	1.0621	1.0417	0.9039
1353	1303771335767	1	1.0621	1.0417	0.9039
1354	1303771335786	1	1.0621	1.0417	0.9039
1355	1303771335806	1	1.0621	1.0417	0.9039
1356	1303771335825	1	1.0621	1.0417	0.9039
1357	1303771335843	1	1.0621	1.0417	0.9039
1358	1303771335863	1	1.0621	1.0417	0.9039
1359	1303771335882	1	1.0621	1.0417	0.9039
1360	1303771335901	1	1.0621	1.0417	0.9039
1361	1303771335918	1	1.0621	1.0417	0.9039
1362	1303771335938	1	1.0621	1.0417	0.9039
1363	1303771335998	1	1.0621	1	0.9415
1364	1303771336018	1	1.0621	1.0417	0.9039
1365	1303771336036	1	1.0621	1.0833	0.8691
1366	1303771336055	1	1.0621	1.0417	0.9039
1367	1303771336075	1	1.0621	1.0417	0.9039
1368	1303771336093	1	1.0621	1.0417	0.9039
1369	1303771336112	1	1.0621	1.0833	0.8691
1370	1303771336131	1	1.0621	1.0417	0.9039
1371	1303771336151	1	1.0621	1.0417	0.9039
1372	1303771336170	1	1.0621	1.0417	0.9039
1373	1303771336190	1	1.0621	1.0833	0.8691
1374	1303771336210	1	1.0621	1.0417	0.9039
1375	1303771336231	1	1.0621	1	0.9415
1376	1303771336251	1	1.0621	1.0417	0.9039
1377	1303771336270	1	1.0621	1.0833	0.8691
1378	1303771336290	1	1.0621	1	0.9415
1379	1303771336308	1	1.0621	1.0417	0.9039
1380	1303771336328	1	1.0621	1.0833	0.8691
1381	1303771336347	1	1.0621	1.0833	0.8691
1382	1303771336366	1	1.0621	1	0.9415
1383	1303771336384	1	1.0621	1.0417	0.9039
1384	1303771336404	1	1.0621	1.0833	0.8691
1385	1303771336503	1	1.0621	1.0833	0.8691
1386	1303771336522	1	1.0621	1	0.9415
1387	1303771336542	1	1.0621	1.0417	0.9039
1388	1303771336560	1	1.0621	1.0833	0.8691
1389	1303771336594	1	1.0621	1.0833	0.8691
1390	1303771336612	1	1.0621	1	0.9415
1391	1303771336632	1	1.0621	1.0417	0.9039
1392	1303771336651	1	1.0621	1.0833	0.8691
1393	1303771336670	1	1.0621	1.0833	0.8691
1394	1303771336690	1	1.0621	1	0.9415
1395	1303771336709	1	1.0621	1.0417	0.9039
1396	1303771336729	1	1.0621	1.0833	0.8691
1397	1303771336747	1	1.0621	1.0833	0.8691
1398	1303771336767	1	1.0621	1	0.9415
1399	1303771336785	1	1.0621	1.0417	0.9039
1400	1303771336847	1	1.0621	1.0833	0.8691
1401	1303771336864	1	1.0621	1.0417	0.9039
1402	1303771336883	1	1.0621	1	0.9415
1403	1303771336904	1	1.0621	1.0833	0.8691
1404	1303771336923	1	1.0621	1.0833	0.8691
1405	1303771336944	1	1.0621	1.0417	0.9039
1406	1303771336963	1	1.0621	1	0.9415
1407	1303771337028	1	1.0621	1.0833	0.8691
1408	1303771337047	1	1.0621	1.0833	0.8691
1409	1303771337067	1	1.0621	1.0417	0.9039
1410	1303771337085	1	1.0621	1	0.9415
1411	1303771337104	1	1.0621	1.0833	0.8691
1412	1303771337125	1	1.0621	1.0833	0.8691
1413	1303771337144	1	1.0621	1.0417	0.9039
1414	1303771337164	1	1.0621	1	0.9415
1415	1303771337182	1	1.0621	1.0833	0.8691
1416	1303771337201	1	1.0621	1.0833	0.8691
1417	1303771337220	1	1.0621	1.0417	0.9039
1418	1303771337240	1	1.0621	1	0.9415
1419	1303771337258	1	1.0621	1.0833	0.8691
1420	1303771337277	1	1.0621	1.0833	0.8691
1421	1303771337297	1	1.0621	1.0417	0.9039
1422	1303771337315	1	1.0621	1	0.9415
1423	1303771337377	1	1.1198	1.0833	0.8243
1424	1303771337395	1	1.1198	1.0833	0.8243
1425	1303771337415	1	1.1198	1.0417	0.8573
1426	1303771337433	1	1.1198	1	0.893
1427	1303771337452	1	1.1198	1.0833	0.8243
1428	1303771337471	1	1.1198	1.0833	0.8243
1429	1303771337489	1	1.1198	1.0417	0.8573
1430	1303771337509	1	1.1198	1	0.893
1431	1303771337527	1	1.1198	1.0833	0.8243
1432	1303771337548	1	1.1198	1.0833	0.8243
1433	1303771337565	1	1.1198	1.0417	0.8573
1434	1303771337586	1	1.1198	1	0.893
1435	1303771337607	1	1.1198	1.0833	0.8243
1436	1303771337628	1	1.1198	1.0833	0.8243
1437	1303771337648	1	1.1198	1.0417	0.8573
1438	1303771337670	1	1.1198	1	0.893
1439	1303771337690	1	1.1198	1.0417	0.8573
1440	1303771337710	1	1.1198	1.0833	0.8243
1441	1303771337729	1	1.1198	1.0417	0.8573
1442	1303771337748	1	1.1198	1	0.893
1443	1303771337769	1	1.1198	1.0417	0.8573
1444	1303771337788	1	1.1198	1.0833	0.8243
1445	1303771337807	1	1.1198	1.0417	0.8573
1446	1303771337868	1	1.1198	1	0.893
1447	1303771337889	1	1.1198	1.0417	0.8573
1448	1303771337907	1	1.1198	1.0833	0.8243
1449	1303771337927	1	1.1198	1.0417	0.8573
1450	1303771337945	1	1.1198	1	0.893
1451	1303771337964	1	1.1198	1.0417	0.8573
1452	1303771337984	1	1.1198	1.0833	0.8243
1453	1303771338002	1	1.1198	1.0417	0.8573
1454	1303771338022	1	1.1198	1	0.893
1455	1303771338041	1	1.1198	1.0417	0.8573
1456	1303771338061	1	1.1198	1.0833	0.8243
1457	1303771338081	1	1.1198	1.0417	0.8573
1458	1303771338101	1	1.1198	1	0.893
1459	1303771338119	1	1.1198	1.0417	0.8573
1460	1303771338138	1	1.1198	1.0833	0.8243
1461	1303771338158	1	1.1198	1.0417	0.8573
1462	1303771338176	1	1.1198	1	0.893
1463	1303771338196	1	1.1198	1.0417	0.8573
1464	1303771338215	1	1.1198	1.0833	0.8243
1465	1303771338235	1	1.1198	1.0417	0.8573
1466	1303771338253	1	1.1198	1	0.893
1467	1303771338273	1	1.1198	1.0417	0.8573
1468	1303771338292	1	1.1198	1.0833	0.8243
1469	1303771338311	1	1.1198	1.0417	0.8573
1470	1303771338330	1	1.1198	1	0.893
1471	1303771338348	1	1.1198	1.0417	0.8573
1472	1303771338368	1	1.1198	1.0833	0.8243
1473	1303771338387	1	1.1198	1.0417	0.8573
1474	1303771338407	1	1.1198	1	0.893
1475	1303771338425	1	1.1198	1.0417	0.8573
1476	1303771338443	1	1.1198	1.0833	0.8243
1477	1303771338463	1	1.1198	1.0417	0.8573
1478	1303771338482	1	1.1198	1	0.893
1479	1303771338503	1	1.1198	1.0417	0.8573
1480	1303771338568	1	1.1198	1.0833	0.8243
1481	1303771338589	1	1.1198	1.0417	0.8573
1482	1303771338649	1	1.1198	1	0.893
1483	1303771338710	1	1.1198	1.0417	0.8573
1484	1303771338728	1	1.1198	1.0833	0.8243
1485	1303771338749	1	1.1198	1.0417	0.8573
1486	1303771338767	1	1.1198	1	0.893
1487	1303771338785	1	1.1198	1.0417	0.8573
1488	1303771338804	1	1.1198	1.0833	0.8243
1489	1303771338822	1	1.1198	1.0417	0.8573
1490	1303771338842	1	1.1198	1	0.893
1491	1303771338860	1	1.1198	1.0417	0.8573
1492	1303771338922	1	1.1198	1.0833	0.8243
1493	1303771338941	1	1.1198	1.0417	0.8573
1494	1303771338961	1	1.1198	1	0.893
1495	1303771338980	1	1.1198	1.0417	0.8573
1496	1303771339046	1	1.1198	1.0833	0.8243
1497	1303771339068	1	1.1198	1.0417	0.8573
1498	1303771339090	1	1.1198	1	0.893
1499	1303771339109	1	1.1198	1.0417	0.8573
1500	1303771339129	1	1.1198	1.0833	0.8243
1501	1303771339150	1	1.1198	1.0417	0.8573
1502	1303771339170	1	1.1198	1.0417	0.8573
1503	1303771339190	1	1.1198	1.0417	0.8573
1504	1303771339209	1	1.1198	1.0833	0.8243
1505	1303771339229	1	1.1198	1.0417	0.8573
1506	1303771339248	1	1.1198	1	0.893
1507	1303771339268	1	1.1198	1.0417	0.8573
1508	1303771339286	1	1.1198	1.0833	0.8243
1509	1303771339304	1	1.1198	1.0417	0.8573
1510	1303771339366	1	1.1198	1	0.893
1511	1303771339385	1	1.1198	1.0417	0.8573
1512	1303771339406	1	1.1198	1.0833	0.8243
1513	1303771339466	1	1.1198	1.0417	0.8573
1514	1303771339532	1	1.1198	1	0.893
1515	1303771339550	1	1.1198	1.0417	0.8573
1516	1303771339570	1	1.1198	1.0833	0.8243
1517	1303771339589	1	1.1198	1.0417	0.8573
1518	1303771339609	1	1.1198	1	0.893
1519	1303771339628	1	1.1198	1.0417	0.8573
1520	1303771339701	1	1.1198	1.0833	0.8243
1521	1303771339721	1	1.1198	1.0417	0.8573
1522	1303771339740	1	1.1198	1	0.893
1523	1303771339760	1	1.1198	1.0417	0.8573
1524	1303771339779	1	1.1198	1.0833	0.8243
1525	1303771339843	1	1.1198	1.0417	0.8573
1526	1303771339903	1	1.1198	1	0.893
1527	1303771339924	1	1.1198	1.0417	0.8573
1528	1303771339942	1	1.1198	1.0833	0.8243
1529	1303771339962	1	1.1198	1.0417	0.8573
1530	1303771339980	1	1.1198	1	0.893
1531	1303771340000	1	1.1198	1.0417	0.8573
1532	1303771340020	1	1.1198	1.0833	0.8243
1533	1303771340038	1	1.1198	1.0417	0.8573
1534	1303771340101	1	1.1198	1	0.893
1535	1303771340119	1	1.1198	1.0417	0.8573
1536	1303771340139	1	1.1198	1.0833	0.8243
1537	1303771340157	1	1.1198	1.0417	0.8573
1538	1303771340219	1	1.1198	1.0417	0.8573
1539	1303771340237	1	1.1198	1.0417	0.8573
1540	1303771340255	1	1.1198	1.0833	0.8243
1541	1303771340275	1	1.1198	1.0417	0.8573
1542	1303771340293	1	1.1198	1.0417	0.8573
1543	1303771340313	1	1.1198	1.0417	0.8573
1544	1303771340333	1	1.1198	1.0833	0.8243
1545	1303771340352	1	1.1198	1.0417	0.8573
1546	1303771340371	1	1.1198	1.0417	0.8573
1547	1303771340392	1	1.1198	1.0417	0.8573
1548	1303771340458	1	1.1198	1.0833	0.8243
1549	1303771340477	1	1.1198	1.0417	0.8573
1550	1303771340498	1	1.1198	1.0417	0.8573
1551	1303771340518	1	1.1198	1.0417	0.8573
1552	1303771340538	1	1.1198	1.0833	0.8243
1553	1303771340598	1	1.1198	1.0417	0.8573
1554	1303771340617	1	1.1198	1.0417	0.8573
1555	1303771340635	1	1.1198	1.0417	0.8573
1556	1303771340657	1	1.1198	1.0833	0.8243
1557	1303771340678	1	1.1198	1.0417	0.8573
1558	1303771340699	1	1.1198	1.0417	0.8573
1559	1303771340719	1	1.1198	1.0417	0.8573
1560	1303771340782	1	1.1198	1.0833	0.8243
1561	1303771340803	1	1.1198	1.0417	0.8573
1562	1303771340823	1	1.1198	1.0417	0.8573
1563	1303771340888	1	1.1198	1.0417	0.8573
1564	1303771340907	1	1.1198	1.0833	0.8243
1565	1303771340927	1	1.1198	1.0417	0.8573
1566	1303771340946	1	1.1198	1.0417	0.8573
1567	1303771340967	1	1.1198	1.0417	0.8573
1568	1303771340986	1	1.1198	1.0833	0.8243
1569	1303771341053	1	1.1198	1.0417	0.8573
1570	1303771341072	1	1.1198	1.0417	0.8573
1571	1303771341092	1	1.1198	1.0417	0.8573
1572	1303771341110	1	1.1198	1.0833	0.8243
1573	1303771341128	1	1.1198	1.0417	0.8573
1574	1303771341149	1	1.1198	1.0417	0.8573
1575	1303771341167	1	1.1198	1.0417	0.8573
1576	1303771341187	1	1.1198	1.0833	0.8243
1577	1303771341206	1	1.1198	1.0417	0.8573
1578	1303771341226	1	1.1198	1.0417	0.8573
1579	1303771341245	1	1.1198	1.0417	0.8573
1580	1303771341265	1	1.1198	1.0833	0.8243
1581	1303771341284	1	1.1198	1.0417	0.8573
1582	1303771341302	1	1.1198	1.0417	0.8573
1583	1303771341322	1	1.1198	1.0417	0.8573
1584	1303771341341	1	1.1198	1.0833	0.8243
1585	1303771341403	1	1.1198	1.0417	0.8573
1586	1303771341421	1	1.1198	1.0417	0.8573
1587	1303771341441	1	1.1198	1.0417	0.8573
1588	1303771341459	1	1.1198	1.0833	0.8243
1589	1303771341479	1	1.1198	1.0417	0.8573
1590	1303771341498	1	1.1198	1.0417	0.8573
1591	1303771341516	1	1.1198	1.0417	0.8573
1592	1303771341536	1	1.1198	1.0833	0.8243
1593	1303771341555	1	1.1198	1.0417	0.8573
1594	1303771341575	1	1.1198	1.0417	0.8573
1595	1303771341594	1	1.1198	1.0417	0.8573
1596	1303771341613	1	1.1198	1.0833	0.8243
1597	1303771341632	1	1.1198	1.0417	0.8573
1598	1303771341651	1	1.1198	1.0417	0.8573
1599	1303771341669	1	1.1198	1.0417	0.8573
1600	1303771341688	1	1.1198	1.0833	0.8243
1601	1303771341707	1	1.1198	1.0417	0.8573
1602	1303771341726	1	1.1198	1.0417	0.8573
1603	1303771341745	1	1.1198	1.0417	0.8573
1604	1303771341764	1	1.1198	1.0833	0.8243
1605	1303771341784	1	1.1198	1.0417	0.8573
1606	1303771341802	1	1.1198	1.0417	0.8573
1607	1303771341821	1	1.1198	1.0417	0.8573
1608	1303771341841	1	1.1198	1.0833	0.8243
1609	1303771341860	1	1.1198	1.0417	0.8573
1610	1303771341880	1	1.1198	1.0417	0.8573
1611	1303771341899	1	1.1198	1.0417	0.8573
1612	1303771341920	1	1.1198	1.0833	0.8243
1613	1303771341939	1	1.1198	1.0417	0.8573
1614	1303771341960	1	1.1198	1.0417	0.8573
1615	1303771341978	1	1.1198	1.0417	0.8573
1616	1303771341997	1	1.1198	1.0833	0.8243
1617	1303771342017	1	1.1198	1.0417	0.8573
1618	1303771342037	1	1.1198	1.0417	0.8573
1619	1303771342058	1	1.0352	1.0417	0.9274
1620	1303771342078	1	1.0339	1.0833	0.8928
1621	1303771342098	1	1.0339	1.0417	0.9285
1622	1303771342117	1	1.0339	1.0417	0.9285
1623	1303771342137	1	1.0339	1.0417	0.9285
1624	1303771342157	1	1.0339	1.0833	0.8928
1625	1303771342224	1	1.0339	1.0417	0.9285
1626	1303771342243	1	1.0339	1.0417	0.9285
1627	1303771342264	1	1.0339	1.0417	0.9285
1628	1303771342283	1	1.0339	1.0833	0.8928
1629	1303771342302	1	1.0339	1.0417	0.9285
1630	1303771342322	1	1.0339	1.0417	0.9285
1631	1303771342340	1	1.0339	1.0417	0.9285
1632	1303771342360	1	1.0339	1.0833	0.8928
1633	1303771342420	1	1.0339	1.0417	0.9285
1634	1303771342440	1	1.0339	1.0417	0.9285
1635	1303771342459	1	1.0339	1.0417	0.9285
1636	1303771342478	1	1.0339	1.0833	0.8928
1637	1303771342497	1	1.0339	1.0417	0.9285
1638	1303771342515	1	1.0339	1.0417	0.9285
1639	1303771342535	1	1.0339	1.0417	0.9285
1640	1303771342595	1	1.0339	1.0833	0.8928
1641	1303771342616	1	1.0339	1.0417	0.9285
1642	1303771342676	1	1.0339	1.0417	0.9285
1643	1303771342696	1	1.0339	1.0417	0.9285
1644	1303771342757	1	1.0339	1.0833	0.8928
1645	1303771342777	1	1.0339	1.0417	0.9285
1646	1303771342795	1	1.0339	1.0417	0.9285
1647	1303771342816	1	1.0339	1.0417	0.9285
1648	1303771342834	1	1.0339	1.0833	0.8928
1649	1303771342852	1	1.0339	1.0417	0.9285
1650	1303771342913	1	1.0339	1.0417	0.9285
1651	1303771342932	1	1.0339	1.0417	0.9285
1652	1303771342952	1	1.0339	1.0833	0.8928
1653	1303771342970	1	1.0339	1.0417	0.9285
1654	1303771342990	1	1.0339	1.0417	0.9285
1655	1303771343009	1	1.0339	1.0417	0.9285
1656	1303771343029	1	1.0339	1.0833	0.8928
1657	1303771343047	1	1.0339	1.0417	0.9285
1658	1303771343068	1	1.0339	1.0417	0.9285
1659	1303771343087	1	1.0339	1.0417	0.9285
1660	1303771343147	1	1.0339	1.0833	0.8928
1661	1303771343167	1	1.0339	1.0417	0.9285
1662	1303771343186	1	1.0339	1.0417	0.9285
1663	1303771343205	1	1.0339	1.0833	0.8928
1664	1303771343224	1	1.0339	1.0833	0.8928
1665	1303771343244	1	1.0339	1.0417	0.9285
1666	1303771343305	1	1.0339	1.0417	0.9285
1667	1303771343326	1	1.0339	1.0833	0.8928
1668	1303771343344	1	1.0339	1.0833	0.8928
1669	1303771343362	1	1.0339	1.0417	0.9285
1670	1303771343382	1	1.0339	1.0417	0.9285
1671	1303771343400	1	1.0339	1.0833	0.8928
1672	1303771343420	1	1.0339	1.0833	0.8928
1673	1303771343439	1	1.0339	1.0417	0.9285
1674	1303771343459	1	1.0339	1.0417	0.9285
1675	1303771343477	1	1.0339	1.0833	0.8928
1676	1303771343498	1	1.0339	1.0833	0.8928
1677	1303771343517	1	1.0339	1.0417	0.9285
1678	1303771343536	1	1.0339	1.0417	0.9285
1679	1303771343557	1	1.0339	1.0833	0.8928
1680	1303771343576	1	1.0339	1.0833	0.8928
1681	1303771343597	1	1.0339	1.0417	0.9285
1682	1303771343616	1	1.0337	1.0417	0.9287
1683	1303771343636	1	1.0337	1.0833	0.893
1684	1303771343655	1	1.0337	1.0833	0.893
1685	1303771343675	1	1.0337	1.0417	0.9287
1686	1303771343693	1	1.0337	1.0417	0.9287
1687	1303771343713	1	1.0337	1.0833	0.893
1688	1303771343732	1	1.0337	1.0833	0.893
1689	1303771343752	1	1.0337	1.0417	0.9287
1690	1303771343815	1	1.0337	1.0417	0.9287
1691	1303771343877	1	1.0337	1.0833	0.893
1692	1303771343896	1	1.0337	1.0833	0.893
1693	1303771343914	1	1.0337	1.0417	0.9287
1694	1303771343934	1	1.0337	1.0417	0.9287
1695	1303771343952	1	1.0337	1.0833	0.893
1696	1303771343972	1	1.0337	1.0833	0.893
1697	1303771343991	1	1.0337	1.0417	0.9287
1698	1303771344010	1	1.0337	1.0417	0.9287
1699	1303771344028	1	1.0337	1.0833	0.893
1700	1303771344047	1	1.0337	1.0833	0.893
1701	1303771344109	1	1.0337	1.0417	0.9287
1702	1303771344129	1	1.0337	1.0417	0.9287
1703	1303771344150	1	1.0337	1.0833	0.893
1704	1303771344170	1	1.0337	1.0833	0.893
1705	1303771344190	1	1.0337	1.0417	0.9287
1706	1303771344209	1	1.0337	1.0417	0.9287
1707	1303771344230	1	1.0337	1.0833	0.893
1708	1303771344248	1	1.0337	1.0833	0.893
1709	1303771344267	1	1.0337	1.0417	0.9287
1710	1303771344329	1	1.0337	1.0417	0.9287
1711	1303771344349	1	1.0337	1.0833	0.893
1712	1303771344370	1	1.0337	1.0833	0.893
1713	1303771344388	1	1.0337	1.0417	0.9287
1714	1303771344408	1	1.0337	1.0417	0.9287
1715	1303771344427	1	1.0337	1.0833	0.893
1716	1303771344449	1	1.0337	1.0833	0.893
1717	1303771344468	1	1.0337	1.0417	0.9287
1718	1303771344486	1	1.0337	1.0417	0.9287
1719	1303771344507	1	1.0337	1.0833	0.893
1720	1303771344526	1	1.0337	1.0833	0.893
1721	1303771344547	1	1.0337	1.0417	0.9287
1722	1303771344566	1	1.0337	1.0417	0.9287
1723	1303771344586	1	1.0337	1.0833	0.893
1724	1303771344605	1	1.0337	1.0833	0.893
1725	1303771344624	1	1.0337	1.0417	0.9287
1726	1303771344643	1	1.0337	1.0417	0.9287
1727	1303771344663	1	1.0337	1.0833	0.893
1728	1303771344683	1	1.0337	1.0833	0.893
1729	1303771344701	1	1.0337	1.0833	0.893
1730	1303771344721	1	1.0337	1.0417	0.9287
1731	1303771344740	1	1.0337	1.0833	0.893
1732	1303771344761	1	1.0337	1.0833	0.893
1733	1303771344779	1	1.0337	1.0417	0.9287
1734	1303771344800	1	1.0337	1.0417	0.9287
1735	1303771344820	1	1.0337	1.0833	0.893
1736	1303771344839	1	1.0337	1.0833	0.893
1737	1303771344859	1	1.0337	1.0417	0.9287
1738	1303771344878	1	1.0337	1.0417	0.9287
1739	1303771344899	1	1.0337	1.0833	0.893
1740	1303771344921	1	1.0337	1.0833	0.893
1741	1303771344944	1	1.0337	1.0417	0.9287
1742	1303771344963	1	1.0337	1.0417	0.9287
1743	1303771344984	1	1.0333	1.0833	0.8934
1744	1303771345002	1	1.0333	1.0833	0.8934
1745	1303771345021	1	1.0333	1.0417	0.9291
1746	1303771345040	1	1.0333	1.0417	0.9291
1747	1303771345060	1	1.0333	1.0833	0.8934
1748	1303771345078	1	1.0333	1.0833	0.8934
1749	1303771345096	1	1.0333	1.0417	0.9291
1750	1303771345116	1	1.0333	1.0417	0.9291
1751	1303771345135	1	1.0333	1.0833	0.8934
1752	1303771345155	1	1.0333	1.0833	0.8934
1753	1303771345173	1	1.0333	1.0417	0.9291
1754	1303771345193	1	1.0333	1.0417	0.9291
1755	1303771345212	1	1.0333	1.0833	0.8934
1756	1303771345232	1	1.0333	1.0833	0.8934
1757	1303771345249	1	1.0333	1.0417	0.9291
1758	1303771345268	1	1.0333	1.0417	0.9291
1759	1303771345288	1	1.0333	1.0833	0.8934
1760	1303771345306	1	1.0333	1.0833	0.8934
1761	1303771345326	1	1.0333	1.0417	0.9291
1762	1303771345346	1	1.0333	1.0417	0.9291
1763	1303771345367	1	1.0333	1.0833	0.8934
1764	1303771345386	1	1.0333	1.0833	0.8934
1765	1303771345404	1	1.0333	1.0417	0.9291
1766	1303771345424	1	1.0333	1.0417	0.9291
1767	1303771345484	1	1.0333	1.0833	0.8934
1768	1303771345504	1	1.0333	1.0833	0.8934
1769	1303771345565	1	1.0333	1.0417	0.9291
1770	1303771345585	1	1.0333	1.0417	0.9291
1771	1303771345604	1	1.0333	1.0833	0.8934
1772	1303771345624	1	1.0333	1.0833	0.8934
1773	1303771345642	1	1.0333	1.0417	0.9291
1774	1303771345662	1	1.0333	1.0417	0.9291
1775	1303771345680	1	1.0333	1.0833	0.8934
1776	1303771345698	1	1.0333	1.0833	0.8934
1777	1303771345718	1	1.0333	1.0417	0.9291
1778	1303771345737	1	1.0333	1.0417	0.9291
1779	1303771345757	1	1.0333	1.0833	0.8934
1780	1303771345776	1	1.0333	1.0833	0.8934
1781	1303771345796	1	1.0333	1.0417	0.9291
1782	1303771345855	1	1.0333	1.0417	0.9291
1783	1303771345875	1	1.0333	1.0833	0.8934
1784	1303771345894	1	1.0333	1.0833	0.8934
1785	1303771345913	1	1.0333	1.0417	0.9291
1786	1303771345934	1	1.0333	1.0417	0.9291
1787	1303771345952	1	1.0333	1.0833	0.8934
1788	1303771345972	1	1.0333	1.0833	0.8934
1789	1303771345992	1	1.0333	1.0417	0.9291
1790	1303771346013	1	1.0333	1.0417	0.9291
1791	1303771346031	1	1.0333	1.0833	0.8934
1792	1303771346050	1	1.0333	1.0833	0.8934
1793	1303771346071	1	1.0333	1.0417	0.9291
1794	1303771346090	1	1.0333	1.0417	0.9291
1795	1303771346111	1	1.0333	1.0833	0.8934
1796	1303771346130	1	1.0333	1.0833	0.8934
1797	1303771346150	1	1.0333	1.0417	0.9291
1798	1303771346169	1	1.0333	1.0417	0.9291
1799	1303771346190	1	1.0333	1.0833	0.8934
1800	1303771346209	1	1.0333	1.0833	0.8934
