0	1303770674288	0	0	0	0
1	1303770674297	0	0	0	0
2	1303770674306	0	0	0	0
3	1303770674315	0	0	0	0
4	1303770674325	0	0	0	0
5	1303770674336	0	0	0	0
6	1303770674347	0	0	0	0
7	1303770674357	0	0	0	0
8	1303770674369	0	0	0	0
9	1303770674380	0	0	0	0
10	1303770674431	0	0	0	0
11	1303770674443	0	0	0	0
12	1303770674454	0	0	0	0
13	1303770674507	0	0	0	0
14	1303770674558	0	0	0	0
15	1303770674610	0	0	0	0
16	1303770674622	0	0	0	0
17	1303770674633	0	0	0	0
18	1303770674646	0	0	0	0
19	1303770674657	0	0	0	0
20	1303770674669	0	0	0	0
21	1303770674681	0	0	0	0
22	1303770674693	0	0	0	0
23	1303770674705	0	0	0	0
24	1303770674717	0	0	0	0
25	1303770674729	0	0	0	0
26	1303770674783	0	0	0	0
27	1303770674794	0	0	0	0
28	1303770674806	0	0	0	0
29	1303770674820	0	0	0	0
30	1303770674843	1	0	0	0
31	1303770674873	1	0	0	0
32	1303770674892	1	0	0	0
33	1303770674905	1	1.1661	0	0
34	1303770674962	1	1.1661	0	0
35	1303770674979	1	1.1661	0	0
36	1303770674992	1	1.1661	1.5	0.5717
37	1303770675006	1	1.1661	0	0
38	1303770675019	1	1.1661	1.5	0.5717
39	1303770675033	1	1.1661	1.5	0.5717
40	1303770675046	1	1.1661	1.5	0.5717
41	1303770675059	1	1.1661	1.5	0.5717
42	1303770675114	1	1.1661	1.5	0.5717
43	1303770675127	1	1.1661	1.3333	0.6432
44	1303770675142	1	1.1661	1.375	0.6237
45	1303770675155	1	1.1661	1.25	0.6861
46	1303770675170	1	1.1661	1.3	0.6597
47	1303770675184	1	1.1661	1.375	0.6237
48	1303770675198	1	1.1661	1.2	0.7147
49	1303770675211	1	1.1661	1.3	0.6597
50	1303770675226	1	1.1661	1.2	0.7147
51	1303770675240	1	1.1661	1.2	0.7147
52	1303770675254	1	1.1661	1.1667	0.7351
53	1303770675268	1	1.1661	1.1667	0.7351
54	1303770675281	1	1.1661	1.1	0.7796
55	1303770675296	1	1.1661	1.0833	0.7916
56	1303770675309	1	1.1661	1.1429	0.7504
57	1303770675324	1	1.1661	1.0833	0.7916
58	1303770675337	1	1.1661	1.0833	0.7916
59	1303770675352	1	1.1661	1.0714	0.8004
60	1303770675365	1	1.1661	1.1429	0.7504
61	1303770675379	1	1.1661	1.0714	0.8004
62	1303770675393	1	1.1661	1.0714	0.8004
63	1303770675406	1	1.1661	1.0714	0.8004
64	1303770675421	1	1.1661	1.1429	0.7504
65	1303770675475	1	1.1661	1.1429	0.7504
66	1303770675490	1	1.1661	1.1429	0.7504
67	1303770675543	1	1.1661	1.1429	0.7504
68	1303770675558	1	1.1661	1.1875	0.7222
69	1303770675572	1	1.1661	1.1429	0.7504
70	1303770675587	1	1.1661	1.125	0.7623
71	1303770675600	1	1.1661	1.1429	0.7504
72	1303770675655	1	1.1661	1.0714	0.8004
73	1303770675668	1	1.1661	1.1875	0.7222
74	1303770675684	1	1.1661	1.1875	0.7222
75	1303770675738	1	1.1661	1.125	0.7623
76	1303770675753	1	1.1661	1.0714	0.8004
77	1303770675766	1	1.1661	1.0625	0.8071
78	1303770675781	1	1.1661	1.125	0.7623
79	1303770675794	1	1.1661	1.0625	0.8071
80	1303770675808	1	1.1661	1.0556	0.8125
81	1303770675822	1	1.1661	1.0556	0.8125
82	1303770675836	1	1.1661	1.0625	0.8071
83	1303770675850	1	1.1661	1.0556	0.8125
84	1303770675863	1	1.1661	1.1111	0.7718
85	1303770675877	1	1.1661	1.0556	0.8125
86	1303770675891	1	1.1661	1.1111	0.7718
87	1303770675905	1	1.1661	1.1111	0.7718
88	1303770675918	1	1.1661	1.1111	0.7718
89	1303770675933	1	1.1661	1.1111	0.7718
90	1303770675947	1	1.1661	1.1111	0.7718
91	1303770675961	1	1.1661	1.1111	0.7718
92	1303770676016	1	1.1661	1.1111	0.7718
93	1303770676031	1	1.1387	1.1111	0.7904
94	1303770676047	1	1.0349	1.1111	0.8696
95	1303770676064	1	1.0349	1.1111	0.8696
96	1303770676080	1	1.0349	1.1111	0.8696
97	1303770676135	1	1.0349	1.1	0.8784
98	1303770676151	1	1.0349	1.1111	0.8696
99	1303770676165	1	1.0349	1.1111	0.8696
100	1303770676181	1	1.0349	1.1111	0.8696
101	1303770676197	1	1.0349	1.1	0.8784
102	1303770676211	1	1.0349	1.1	0.8784
103	1303770676226	1	1.0349	1.1	0.8784
104	1303770676241	1	1.0349	1.1	0.8784
105	1303770676256	1	1.0349	1.1	0.8784
106	1303770676271	1	1.0349	1.1	0.8784
107	1303770676286	1	1.0349	1.1	0.8784
108	1303770676301	1	1.0349	1.1	0.8784
109	1303770676317	1	1.0349	1.1	0.8784
110	1303770676331	1	1.0349	1.1	0.8784
111	1303770676387	1	1.0349	1.1	0.8784
112	1303770676403	1	1.0349	1.1	0.8784
113	1303770676418	1	1.0349	1.1	0.8784
114	1303770676433	1	1.0349	1.1	0.8784
115	1303770676448	1	1.0349	1.1	0.8784
116	1303770676504	1	1.0349	1.1	0.8784
117	1303770676519	1	1.0349	1.1	0.8784
118	1303770676534	1	1.0349	1.1	0.8784
119	1303770676550	1	1.0349	1.1	0.8784
120	1303770676565	1	1.0349	1.1	0.8784
121	1303770676580	1	1.0349	1.1	0.8784
122	1303770676595	1	1.0349	1.1	0.8784
123	1303770676611	1	1.0349	1.1	0.8784
124	1303770676625	1	1.0349	1.1	0.8784
125	1303770676641	1	1.0349	1.1	0.8784
126	1303770676656	1	1.0349	1.1	0.8784
127	1303770676671	1	1.0349	1.1	0.8784
128	1303770676686	1	1.0349	1.1	0.8784
129	1303770676701	1	1.0349	1.1	0.8784
130	1303770676716	1	1.0349	1.1	0.8784
131	1303770676731	1	1.0349	1.1	0.8784
132	1303770676747	1	1.0349	1.1	0.8784
133	1303770676762	1	1.0349	1.1	0.8784
134	1303770676778	1	1.0349	1.1	0.8784
135	1303770676832	1	1.0349	1.1	0.8784
136	1303770676848	1	1.0349	1.0909	0.8857
137	1303770676863	1	1.0349	1.0909	0.8857
138	1303770676879	1	1.0349	1.0909	0.8857
139	1303770676893	1	1.0349	1.1	0.8784
140	1303770676909	1	1.0349	1.0909	0.8857
141	1303770676923	1	1.0349	1.0909	0.8857
142	1303770676939	1	1.0349	1.0909	0.8857
143	1303770676955	1	1.0349	1.0909	0.8857
144	1303770676969	1	1.0349	1.0909	0.8857
145	1303770677025	1	1.0349	1.0909	0.8857
146	1303770677040	1	1.0349	1.0909	0.8857
147	1303770677056	1	1.0349	1.0909	0.8857
148	1303770677111	1	1.0349	1.0909	0.8857
149	1303770677127	1	1.0349	1.0909	0.8857
150	1303770677143	1	1.0349	1.0909	0.8857
151	1303770677159	1	1.0349	1.0909	0.8857
152	1303770677174	1	1.0349	1.0909	0.8857
153	1303770677230	1	1.0349	1.0909	0.8857
154	1303770677286	1	1.0365	1.0909	0.8844
155	1303770677302	1	1.0331	1.0909	0.8873
156	1303770677318	1	1.0309	1.0909	0.8892
157	1303770677375	1	1.0309	1.0909	0.8892
158	1303770677389	1	1.0309	1.0909	0.8892
159	1303770677444	1	1.0309	1.0909	0.8892
160	1303770677458	1	1.0309	1.0909	0.8892
161	1303770677474	1	1.0309	1.0909	0.8892
162	1303770677488	1	1.0309	1.0909	0.8892
163	1303770677503	1	1.0309	1.0909	0.8892
164	1303770677517	1	1.0309	1.0909	0.8892
165	1303770677531	1	1.0309	1.0909	0.8892
166	1303770677545	1	1.0309	1.0909	0.8892
167	1303770677560	1	1.0309	1.0909	0.8892
168	1303770677575	1	1.0309	1.0909	0.8892
169	1303770677590	1	1.0309	1.0909	0.8892
170	1303770677604	1	1.0309	1.0909	0.8892
171	1303770677619	1	1.0309	1.0909	0.8892
172	1303770677633	1	1.0309	1.0909	0.8892
173	1303770677648	1	1.0309	1.0909	0.8892
174	1303770677662	1	1.0309	1.0909	0.8892
175	1303770677677	1	1.0309	1.0909	0.8892
176	1303770677691	1	1.0309	1.0909	0.8892
177	1303770677706	1	1.0309	1.0909	0.8892
178	1303770677720	1	1.0309	1.0909	0.8892
179	1303770677735	1	1.0309	1.0909	0.8892
180	1303770677749	1	1.0309	1.0909	0.8892
181	1303770677764	1	1.0309	1.0909	0.8892
182	1303770677777	1	1.0309	1.0909	0.8892
183	1303770677793	1	1.0309	1.0909	0.8892
184	1303770677806	1	1.0309	1.0909	0.8892
185	1303770677822	1	1.0309	1.0909	0.8892
186	1303770677836	1	1.0309	1.0909	0.8892
187	1303770677851	1	1.0309	1.0909	0.8892
188	1303770677864	1	1.0309	1.0909	0.8892
189	1303770677879	1	1.0309	1.0909	0.8892
190	1303770677893	1	1.0309	1.0909	0.8892
191	1303770677907	1	1.0309	1.0909	0.8892
192	1303770677922	1	1.0309	1.0909	0.8892
193	1303770677936	1	1.0309	1.0909	0.8892
194	1303770677951	1	1.0309	1.0909	0.8892
195	1303770677965	1	1.0309	1.0909	0.8892
196	1303770677980	1	1.0309	1.0909	0.8892
197	1303770677994	1	1.0309	1.0909	0.8892
198	1303770678009	1	1.0309	1.0909	0.8892
199	1303770678023	1	1.0309	1.0909	0.8892
200	1303770678039	1	1.0309	1.0909	0.8892
201	1303770678093	1	1.0309	1.0909	0.8892
202	1303770678109	1	1.0309	1.0909	0.8892
203	1303770678123	1	1.0309	1.0909	0.8892
204	1303770678138	1	1.0309	1.0909	0.8892
205	1303770678151	1	1.0309	1.0909	0.8892
206	1303770678167	1	1.0309	1.0909	0.8892
207	1303770678181	1	1.0309	1.0909	0.8892
208	1303770678196	1	1.0309	1.0909	0.8892
209	1303770678210	1	1.0309	1.0909	0.8892
210	1303770678225	1	1.0309	1.0909	0.8892
211	1303770678239	1	1.0309	1.0909	0.8892
212	1303770678294	1	1.0309	1.0909	0.8892
213	1303770678310	1	1.0309	1.0909	0.8892
214	1303770678324	1	1.0309	1.0909	0.8892
215	1303770678340	1	1.0308	1.0909	0.8892
216	1303770678355	1	1.0304	1.0909	0.8896
217	1303770678371	1	1.0304	1.0909	0.8896
218	1303770678426	1	1.0304	1.0909	0.8896
219	1303770678442	1	1.0304	1.0909	0.8896
220	1303770678456	1	1.0304	1.0909	0.8896
221	1303770678471	1	1.0304	1.0909	0.8896
222	1303770678486	1	1.0304	1.0909	0.8896
223	1303770678501	1	1.0304	1.0909	0.8896
224	1303770678515	1	1.0304	1.0909	0.8896
225	1303770678530	1	1.0304	1.0909	0.8896
226	1303770678544	1	1.0304	1.0909	0.8896
227	1303770678559	1	1.0304	1.0909	0.8896
228	1303770678573	1	1.0304	1.0909	0.8896
229	1303770678588	1	1.0304	1.0909	0.8896
230	1303770678642	1	1.0304	1.0909	0.8896
231	1303770678698	1	1.0304	1.0909	0.8896
232	1303770678713	1	1.0304	1.0909	0.8896
233	1303770678766	1	1.0304	1.0909	0.8896
234	1303770678782	1	1.0304	1.0909	0.8896
235	1303770678796	1	1.0304	1.0909	0.8896
236	1303770678811	1	1.0304	1.0909	0.8896
237	1303770678825	1	1.0304	1.0909	0.8896
238	1303770678840	1	1.0304	1.0909	0.8896
239	1303770678854	1	1.0304	1.0909	0.8896
240	1303770678869	1	1.0304	1.0909	0.8896
241	1303770678884	1	1.0304	1.0909	0.8896
242	1303770678899	1	1.0304	1.0909	0.8896
243	1303770678913	1	1.0304	1.0909	0.8896
244	1303770678928	1	1.0304	1.0909	0.8896
245	1303770678943	1	1.0304	1.0909	0.8896
246	1303770678958	1	1.0304	1.0909	0.8896
247	1303770678972	1	1.0304	1.0909	0.8896
248	1303770678987	1	1.0304	1.0909	0.8896
249	1303770679029	1	1.0304	1.0909	0.8896
250	1303770679044	1	1.0304	1.0909	0.8896
251	1303770679059	1	1.0304	1.0909	0.8896
252	1303770679114	1	1.0304	1.0909	0.8896
253	1303770679128	1	1.0304	1.0909	0.8896
254	1303770679144	1	1.0304	1.0909	0.8896
255	1303770679158	1	1.0304	1.0909	0.8896
256	1303770679173	1	1.0304	1.0909	0.8896
257	1303770679188	1	1.0304	1.0909	0.8896
258	1303770679244	1	1.0304	1.0909	0.8896
259	1303770679258	1	1.0304	1.0909	0.8896
260	1303770679273	1	1.0304	1.0909	0.8896
261	1303770679287	1	1.0304	1.0909	0.8896
262	1303770679303	1	1.0304	1.0909	0.8896
263	1303770679316	1	1.0304	1.0909	0.8896
264	1303770679331	1	1.0304	1.0909	0.8896
265	1303770679345	1	1.0304	1.0909	0.8896
266	1303770679360	1	1.0304	1.0909	0.8896
267	1303770679374	1	1.0304	1.0909	0.8896
268	1303770679389	1	1.0304	1.0909	0.8896
269	1303770679403	1	1.0304	1.0909	0.8896
270	1303770679418	1	1.0304	1.0909	0.8896
271	1303770679472	1	1.0304	1.0909	0.8896
272	1303770679487	1	1.0304	1.0909	0.8896
273	1303770679501	1	1.0304	1.0909	0.8896
274	1303770679516	1	1.0304	1.0909	0.8896
275	1303770679531	1	1.0304	1.0909	0.8896
276	1303770679545	1	1.0304	1.0909	0.8896
277	1303770679560	1	1.0304	1.0909	0.8896
278	1303770679576	1	1.0304	1.0909	0.8896
279	1303770679591	1	1.0304	1.0909	0.8896
280	1303770679607	1	1.0304	1.0909	0.8897
281	1303770679621	1	1.0304	1.0909	0.8897
282	1303770679676	1	1.0304	1.0909	0.8897
283	1303770679690	1	1.0304	1.0909	0.8897
284	1303770679706	1	1.0304	1.0909	0.8897
285	1303770679720	1	1.0304	1.0909	0.8897
286	1303770679735	1	1.0304	1.0909	0.8897
287	1303770679749	1	1.0304	1.0909	0.8897
288	1303770679764	1	1.0304	1.0909	0.8897
289	1303770679778	1	1.0304	1.0909	0.8897
290	1303770679833	1	1.0304	1.0909	0.8897
291	1303770679888	1	1.0304	1.0909	0.8897
292	1303770679902	1	1.0304	1.0909	0.8897
293	1303770679918	1	1.0304	1.0909	0.8897
294	1303770679932	1	1.0304	1.0909	0.8897
295	1303770679947	1	1.0304	1.0909	0.8897
296	1303770680001	1	1.0304	1.0909	0.8897
297	1303770680016	1	1.0304	1.0909	0.8897
298	1303770680030	1	1.0304	1.0909	0.8897
299	1303770680046	1	1.0304	1.0909	0.8897
300	1303770680060	1	1.0304	1.0909	0.8897
301	1303770680075	1	1.0304	1.0909	0.8897
302	1303770680089	1	1.0304	1.0909	0.8897
303	1303770680104	1	1.0304	1.0909	0.8897
304	1303770680119	1	1.0304	1.0909	0.8897
305	1303770680134	1	1.0304	1.0909	0.8897
306	1303770680148	1	1.0304	1.0909	0.8897
307	1303770680163	1	1.0304	1.0909	0.8897
308	1303770680177	1	1.0304	1.0909	0.8897
309	1303770680233	1	1.0304	1.0909	0.8897
310	1303770680247	1	1.0304	1.0909	0.8897
311	1303770680262	1	1.0304	1.0909	0.8897
312	1303770680276	1	1.0304	1.0909	0.8897
313	1303770680291	1	1.0304	1.0909	0.8897
314	1303770680306	1	1.0304	1.0909	0.8897
315	1303770680321	1	1.0304	1.0909	0.8897
316	1303770680335	1	1.0304	1.0909	0.8897
317	1303770680350	1	1.0304	1.0909	0.8897
318	1303770680364	1	1.0304	1.0909	0.8897
319	1303770680379	1	1.0304	1.0909	0.8897
320	1303770680393	1	1.0304	1.0909	0.8897
321	1303770680408	1	1.0304	1.0909	0.8897
322	1303770680422	1	1.0304	1.0909	0.8897
323	1303770680437	1	1.0304	1.0909	0.8897
324	1303770680451	1	1.0304	1.0909	0.8897
325	1303770680507	1	1.0304	1.0909	0.8897
326	1303770680521	1	1.0304	1.0909	0.8897
327	1303770680537	1	1.0304	1.0909	0.8897
328	1303770680551	1	1.0304	1.0909	0.8897
329	1303770680566	1	1.0304	1.0909	0.8897
330	1303770680580	1	1.0304	1.0909	0.8897
331	1303770680595	1	1.0304	1.0909	0.8897
332	1303770680610	1	1.0304	1.0909	0.8897
333	1303770680625	1	1.0304	1.0909	0.8897
334	1303770680639	1	1.0304	1.0909	0.8897
335	1303770680654	1	1.0304	1.0909	0.8897
336	1303770680668	1	1.0304	1.0909	0.8897
337	1303770680724	1	1.0304	1.0909	0.8897
338	1303770680739	1	1.0304	1.0909	0.8897
339	1303770680755	1	1.0304	1.0909	0.8897
340	1303770680810	1	1.0304	1.0909	0.8897
341	1303770680825	1	1.0304	1.0909	0.8896
342	1303770680840	1	1.0304	1.0909	0.8896
343	1303770680855	1	1.0304	1.0909	0.8896
344	1303770680869	1	1.0304	1.0909	0.8896
345	1303770680884	1	1.0304	1.0909	0.8896
346	1303770680898	1	1.0304	1.0909	0.8896
347	1303770680914	1	1.0304	1.0909	0.8896
348	1303770680928	1	1.0304	1.0909	0.8896
349	1303770680943	1	1.0304	1.0909	0.8896
350	1303770680957	1	1.0304	1.0909	0.8896
351	1303770680972	1	1.0304	1.0909	0.8896
352	1303770681026	1	1.0304	1.0909	0.8896
353	1303770681042	1	1.0304	1.0909	0.8896
354	1303770681056	1	1.0304	1.0909	0.8896
355	1303770681072	1	1.0304	1.0909	0.8896
356	1303770681093	1	1.0304	1.0909	0.8896
357	1303770681109	1	1.0304	1.0909	0.8896
358	1303770681164	1	1.0304	1.0909	0.8896
359	1303770681179	1	1.0304	1.0909	0.8896
360	1303770681235	1	1.0304	1.0909	0.8896
361	1303770681249	1	1.0304	1.0909	0.8896
362	1303770681264	1	1.0304	1.0909	0.8896
363	1303770681278	1	1.0304	1.0909	0.8896
364	1303770681292	1	1.0304	1.0909	0.8896
365	1303770681308	1	1.0304	1.0909	0.8896
366	1303770681322	1	1.0304	1.0909	0.8896
367	1303770681337	1	1.0304	1.0909	0.8896
368	1303770681351	1	1.0304	1.0909	0.8896
369	1303770681367	1	1.0304	1.0909	0.8896
370	1303770681381	1	1.0304	1.0909	0.8896
371	1303770681396	1	1.0304	1.0909	0.8896
372	1303770681410	1	1.0304	1.0909	0.8896
373	1303770681424	1	1.0304	1.0909	0.8896
374	1303770681438	1	1.0304	1.0909	0.8896
375	1303770681454	1	1.0304	1.0909	0.8896
376	1303770681468	1	1.0304	1.0909	0.8896
377	1303770681483	1	1.0304	1.0909	0.8896
378	1303770681507	1	1.0304	1.0909	0.8896
379	1303770681522	1	1.0304	1.0909	0.8896
380	1303770681577	1	1.0304	1.0909	0.8896
381	1303770681590	1	1.0304	1.0909	0.8896
382	1303770681606	1	1.0304	1.0909	0.8896
383	1303770681620	1	1.0304	1.0909	0.8896
384	1303770681635	1	1.0304	1.0909	0.8896
385	1303770681649	1	1.0304	1.0909	0.8896
386	1303770681663	1	1.0304	1.0909	0.8896
387	1303770681678	1	1.0304	1.0909	0.8896
388	1303770681691	1	1.0304	1.0909	0.8896
389	1303770681706	1	1.0304	1.0909	0.8896
390	1303770681760	1	1.0304	1.0909	0.8896
391	1303770681774	1	1.0304	1.0909	0.8896
392	1303770681790	1	1.0304	1.0909	0.8896
393	1303770681804	1	1.0304	1.0909	0.8896
394	1303770681818	1	1.0304	1.0909	0.8896
395	1303770681833	1	1.0304	1.0909	0.8896
396	1303770681847	1	1.0304	1.0909	0.8896
397	1303770681902	1	1.0304	1.0909	0.8896
398	1303770681917	1	1.0304	1.0909	0.8896
399	1303770681932	1	1.0304	1.0909	0.8896
400	1303770681948	1	1.0304	1.0909	0.8896
401	1303770681963	1	1.0304	1.0909	0.8896
402	1303770681978	1	1.0305	1.0909	0.8896
403	1303770681992	1	1.0305	1.0909	0.8896
404	1303770682007	1	1.0305	1.0909	0.8896
405	1303770682022	1	1.0305	1.0909	0.8896
406	1303770682077	1	1.0305	1.0909	0.8896
407	1303770682092	1	1.0305	1.0909	0.8896
408	1303770682147	1	1.0305	1.0909	0.8896
409	1303770682161	1	1.0305	1.0909	0.8896
410	1303770682177	1	1.0305	1.0909	0.8896
411	1303770682191	1	1.0305	1.0909	0.8896
412	1303770682206	1	1.0305	1.0909	0.8896
413	1303770682220	1	1.0305	1.0909	0.8896
414	1303770682235	1	1.0305	1.0909	0.8896
415	1303770682249	1	1.0305	1.0909	0.8896
416	1303770682305	1	1.0305	1.0909	0.8896
417	1303770682319	1	1.0305	1.0909	0.8896
418	1303770682334	1	1.0305	1.0909	0.8896
419	1303770682349	1	1.0305	1.0909	0.8896
420	1303770682363	1	1.0305	1.0909	0.8896
421	1303770682377	1	1.0305	1.0909	0.8896
422	1303770682432	1	1.0305	1.0909	0.8896
423	1303770682446	1	1.0305	1.0909	0.8896
424	1303770682461	1	1.0305	1.0909	0.8896
425	1303770682475	1	1.0305	1.0909	0.8896
426	1303770682490	1	1.0305	1.0909	0.8896
427	1303770682504	1	1.0305	1.0909	0.8896
428	1303770682520	1	1.0305	1.0909	0.8896
429	1303770682533	1	1.0305	1.0909	0.8896
430	1303770682589	1	1.0305	1.0909	0.8896
431	1303770682603	1	1.0305	1.0909	0.8896
432	1303770682618	1	1.0305	1.0909	0.8896
433	1303770682632	1	1.0305	1.0909	0.8896
434	1303770682647	1	1.0305	1.0909	0.8896
435	1303770682661	1	1.0305	1.0909	0.8896
436	1303770682676	1	1.0305	1.0909	0.8896
437	1303770682691	1	1.0305	1.0909	0.8896
438	1303770682746	1	1.0305	1.0909	0.8896
439	1303770682760	1	1.0305	1.0909	0.8896
440	1303770682776	1	1.0305	1.0909	0.8896
441	1303770682830	1	1.0305	1.0909	0.8896
442	1303770682845	1	1.0305	1.0909	0.8896
443	1303770682898	1	1.0305	1.0909	0.8896
444	1303770682913	1	1.0305	1.0909	0.8896
445	1303770682928	1	1.0305	1.0909	0.8896
446	1303770682943	1	1.0305	1.0909	0.8896
447	1303770682957	1	1.0305	1.0909	0.8896
448	1303770682972	1	1.0305	1.0909	0.8896
449	1303770682986	1	1.0305	1.0909	0.8896
450	1303770683002	1	1.0305	1.0909	0.8896
451	1303770683016	1	1.0305	1.0909	0.8896
452	1303770683031	1	1.0305	1.0909	0.8896
453	1303770683045	1	1.0305	1.0909	0.8896
454	1303770683060	1	1.0305	1.0909	0.8896
455	1303770683074	1	1.0305	1.0909	0.8896
456	1303770683089	1	1.0305	1.0909	0.8896
457	1303770683103	1	1.0305	1.0909	0.8896
458	1303770683118	1	1.0305	1.0909	0.8896
459	1303770683133	1	1.0305	1.0909	0.8896
460	1303770683149	1	1.0305	1.0909	0.8896
461	1303770683164	1	1.0305	1.0909	0.8896
462	1303770683180	1	1.0305	1.0909	0.8896
463	1303770683194	1	1.0305	1.0909	0.8895
464	1303770683209	1	1.0305	1.0909	0.8895
465	1303770683264	1	1.0305	1.0909	0.8895
466	1303770683280	1	1.0305	1.0909	0.8895
467	1303770683294	1	1.0305	1.0909	0.8895
468	1303770683310	1	1.0305	1.0909	0.8895
469	1303770683324	1	1.0305	1.0909	0.8895
470	1303770683339	1	1.0305	1.0909	0.8895
471	1303770683353	1	1.0305	1.0909	0.8895
472	1303770683368	1	1.0305	1.0909	0.8895
473	1303770683382	1	1.0305	1.0909	0.8895
474	1303770683397	1	1.0305	1.0909	0.8895
475	1303770683411	1	1.0305	1.0909	0.8895
476	1303770683426	1	1.0305	1.0909	0.8895
477	1303770683440	1	1.0305	1.0909	0.8895
478	1303770683455	1	1.0305	1.0909	0.8895
479	1303770683469	1	1.0305	1.0909	0.8895
480	1303770683484	1	1.0305	1.0909	0.8895
481	1303770683498	1	1.0305	1.0909	0.8895
482	1303770683513	1	1.0305	1.0909	0.8895
483	1303770683528	1	1.0305	1.0909	0.8895
484	1303770683543	1	1.0305	1.0909	0.8895
485	1303770683557	1	1.0305	1.0909	0.8895
486	1303770683572	1	1.0305	1.0909	0.8895
487	1303770683586	1	1.0305	1.0909	0.8895
488	1303770683601	1	1.0305	1.0909	0.8895
489	1303770683615	1	1.0305	1.0909	0.8895
490	1303770683630	1	1.0305	1.0909	0.8895
491	1303770683644	1	1.0305	1.0909	0.8895
492	1303770683659	1	1.0305	1.0909	0.8895
493	1303770683674	1	1.0305	1.0909	0.8895
494	1303770683688	1	1.0305	1.0909	0.8895
495	1303770683703	1	1.0305	1.0909	0.8895
496	1303770683717	1	1.0305	1.0909	0.8895
497	1303770683732	1	1.0305	1.0909	0.8895
498	1303770683746	1	1.0305	1.0909	0.8895
499	1303770683801	1	1.0305	1.0909	0.8895
500	1303770683817	1	1.0305	1.0909	0.8895
501	1303770683831	1	1.0305	1.0909	0.8895
502	1303770683846	1	1.0305	1.0909	0.8895
503	1303770683860	1	1.0305	1.0909	0.8895
504	1303770683874	1	1.0305	1.0909	0.8895
505	1303770683889	1	1.0305	1.0909	0.8895
506	1303770683903	1	1.0305	1.0909	0.8895
507	1303770683958	1	1.0305	1.0909	0.8895
508	1303770683973	1	1.0305	1.0909	0.8895
509	1303770683987	1	1.0305	1.0909	0.8895
510	1303770684003	1	1.0305	1.0909	0.8895
511	1303770684017	1	1.0305	1.0909	0.8895
512	1303770684032	1	1.0305	1.0909	0.8895
513	1303770684045	1	1.0305	1.0909	0.8895
514	1303770684060	1	1.0305	1.0909	0.8895
515	1303770684075	1	1.0305	1.0909	0.8895
516	1303770684089	1	1.0305	1.0909	0.8895
517	1303770684104	1	1.0305	1.0909	0.8895
518	1303770684118	1	1.0305	1.0909	0.8895
519	1303770684133	1	1.0305	1.0909	0.8895
520	1303770684147	1	1.0305	1.0909	0.8895
521	1303770684162	1	1.0305	1.0909	0.8895
522	1303770684178	1	1.0304	1.0909	0.8896
523	1303770684193	1	1.0304	1.0909	0.8896
524	1303770684209	1	1.0304	1.0909	0.8896
525	1303770684223	1	1.0304	1.0909	0.8896
526	1303770684238	1	1.0304	1.0909	0.8896
527	1303770684253	1	1.0304	1.0909	0.8896
528	1303770684268	1	1.0304	1.0909	0.8896
529	1303770684282	1	1.0304	1.0909	0.8896
530	1303770684297	1	1.0304	1.0909	0.8896
531	1303770684311	1	1.0304	1.0909	0.8896
532	1303770684326	1	1.0304	1.0909	0.8896
533	1303770684340	1	1.0304	1.0909	0.8896
534	1303770684355	1	1.0304	1.0909	0.8896
535	1303770684369	1	1.0304	1.0909	0.8896
536	1303770684383	1	1.0304	1.0909	0.8896
537	1303770684398	1	1.0304	1.0909	0.8896
538	1303770684412	1	1.0304	1.0909	0.8896
539	1303770684428	1	1.0304	1.0909	0.8896
540	1303770684442	1	1.0304	1.0909	0.8896
541	1303770684457	1	1.0304	1.0909	0.8896
542	1303770684471	1	1.0304	1.0909	0.8896
543	1303770684486	1	1.0304	1.0909	0.8896
544	1303770684513	1	1.0304	1.0909	0.8896
545	1303770684528	1	1.0304	1.0909	0.8896
546	1303770684542	1	1.0304	1.0909	0.8896
547	1303770684558	1	1.0304	1.0909	0.8896
548	1303770684572	1	1.0304	1.0909	0.8896
549	1303770684587	1	1.0304	1.0909	0.8896
550	1303770684601	1	1.0304	1.0909	0.8896
551	1303770684616	1	1.0304	1.0909	0.8896
552	1303770684630	1	1.0304	1.0909	0.8896
553	1303770684645	1	1.0304	1.0909	0.8896
554	1303770684660	1	1.0304	1.0909	0.8896
555	1303770684674	1	1.0304	1.0909	0.8896
556	1303770684688	1	1.0304	1.0909	0.8896
557	1303770684704	1	1.0304	1.0909	0.8896
558	1303770684718	1	1.0304	1.0909	0.8896
559	1303770684733	1	1.0304	1.0909	0.8896
560	1303770684747	1	1.0304	1.0909	0.8896
561	1303770684762	1	1.0304	1.0909	0.8896
562	1303770684776	1	1.0304	1.0909	0.8896
563	1303770684832	1	1.0304	1.0909	0.8896
564	1303770684847	1	1.0304	1.0909	0.8896
565	1303770684861	1	1.0304	1.0909	0.8896
566	1303770684877	1	1.0304	1.0909	0.8896
567	1303770684891	1	1.0304	1.0909	0.8896
568	1303770684907	1	1.0304	1.0909	0.8896
569	1303770684921	1	1.0304	1.0909	0.8896
570	1303770684936	1	1.0304	1.0909	0.8896
571	1303770684950	1	1.0304	1.0909	0.8896
572	1303770684964	1	1.0304	1.0909	0.8896
573	1303770684979	1	1.0304	1.0909	0.8896
574	1303770684993	1	1.0304	1.0909	0.8896
575	1303770685009	1	1.0304	1.0909	0.8896
576	1303770685023	1	1.0304	1.0909	0.8896
577	1303770685038	1	1.0304	1.0909	0.8896
578	1303770685052	1	1.0304	1.0909	0.8896
579	1303770685067	1	1.0304	1.0909	0.8896
580	1303770685081	1	1.0304	1.0909	0.8896
581	1303770685096	1	1.0304	1.0909	0.8896
582	1303770685112	1	1.0304	1.0909	0.8896
583	1303770685127	1	1.0304	1.0909	0.8896
584	1303770685143	1	1.0304	1.0909	0.8896
585	1303770685157	1	1.0306	1.0909	0.8894
586	1303770685172	1	1.0306	1.0909	0.8894
587	1303770685186	1	1.0306	1.0909	0.8894
588	1303770685243	1	1.0306	1.0909	0.8894
589	1303770685257	1	1.0306	1.0909	0.8894
590	1303770685273	1	1.0306	1.0909	0.8894
591	1303770685287	1	1.0306	1.0909	0.8894
592	1303770685302	1	1.0306	1.0909	0.8894
593	1303770685316	1	1.0306	1.0909	0.8894
594	1303770685331	1	1.0306	1.0909	0.8894
595	1303770685346	1	1.0306	1.0909	0.8894
596	1303770685360	1	1.0306	1.0909	0.8894
597	1303770685374	1	1.0306	1.0909	0.8894
598	1303770685390	1	1.0306	1.0909	0.8894
599	1303770685404	1	1.0306	1.0909	0.8894
600	1303770685419	1	1.0306	1.0909	0.8894
601	1303770685473	1	1.0306	1.0909	0.8894
602	1303770685489	1	1.0306	1.0909	0.8894
603	1303770685503	1	1.0306	1.0909	0.8894
604	1303770685518	1	1.0306	1.0909	0.8894
605	1303770685532	1	1.0306	1.0909	0.8894
606	1303770685547	1	1.0306	1.0909	0.8894
607	1303770685562	1	1.0306	1.0909	0.8894
608	1303770685617	1	1.0306	1.0909	0.8894
609	1303770685631	1	1.0306	1.0909	0.8894
610	1303770685647	1	1.0306	1.0909	0.8894
611	1303770685661	1	1.0306	1.0909	0.8894
612	1303770685717	1	1.0306	1.0909	0.8894
613	1303770685731	1	1.0306	1.0909	0.8894
614	1303770685747	1	1.0306	1.0909	0.8894
615	1303770685761	1	1.0306	1.0909	0.8894
616	1303770685816	1	1.0306	1.0909	0.8894
617	1303770685831	1	1.0306	1.0909	0.8894
618	1303770685846	1	1.0306	1.0909	0.8894
619	1303770685861	1	1.0306	1.0909	0.8894
620	1303770685916	1	1.0306	1.0909	0.8894
621	1303770685931	1	1.0306	1.0909	0.8894
622	1303770685946	1	1.0306	1.0909	0.8894
623	1303770685960	1	1.0306	1.0909	0.8894
624	1303770685975	1	1.0306	1.0909	0.8894
625	1303770686030	1	1.0306	1.0909	0.8894
626	1303770686045	1	1.0306	1.0909	0.8894
627	1303770686060	1	1.0306	1.0909	0.8894
628	1303770686075	1	1.0306	1.0909	0.8894
629	1303770686130	1	1.0306	1.0909	0.8894
630	1303770686146	1	1.0306	1.0909	0.8894
631	1303770686160	1	1.0306	1.0909	0.8894
632	1303770686176	1	1.0306	1.0909	0.8894
633	1303770686191	1	1.0306	1.0909	0.8894
634	1303770686206	1	1.0306	1.0909	0.8894
635	1303770686220	1	1.0306	1.0909	0.8894
636	1303770686235	1	1.0306	1.0909	0.8894
637	1303770686249	1	1.0306	1.0909	0.8894
638	1303770686264	1	1.0306	1.0909	0.8894
639	1303770686279	1	1.0306	1.0909	0.8894
640	1303770686294	1	1.0306	1.0909	0.8894
641	1303770686308	1	1.0306	1.0909	0.8894
642	1303770686323	1	1.0306	1.0909	0.8894
643	1303770686338	1	1.0306	1.0909	0.8894
644	1303770686354	1	1.0306	1.0909	0.8894
645	1303770686369	1	1.0306	1.0909	0.8894
646	1303770686385	1	1.0307	1.0909	0.8894
647	1303770686399	1	1.0307	1.0909	0.8894
648	1303770686414	1	1.0307	1.0909	0.8894
649	1303770686428	1	1.0307	1.0909	0.8894
650	1303770686443	1	1.0307	1.0909	0.8894
651	1303770686457	1	1.0307	1.0909	0.8894
652	1303770686472	1	1.0307	1.0909	0.8894
653	1303770686487	1	1.0307	1.0909	0.8894
654	1303770686502	1	1.0307	1.0909	0.8894
655	1303770686516	1	1.0307	1.0909	0.8894
656	1303770686531	1	1.0307	1.0909	0.8894
657	1303770686546	1	1.0307	1.0909	0.8894
658	1303770686561	1	1.0307	1.0909	0.8894
659	1303770686575	1	1.0307	1.0909	0.8894
660	1303770686630	1	1.0307	1.0909	0.8894
661	1303770686646	1	1.0307	1.0909	0.8894
662	1303770686660	1	1.0307	1.0909	0.8894
663	1303770686675	1	1.0307	1.0909	0.8894
664	1303770686730	1	1.3527	1.0909	0.6777
665	1303770686785	1	1.3527	1.0909	0.6777
666	1303770686800	1	1.3527	1.0909	0.6777
667	1303770686816	1	1.3527	1.0909	0.6777
668	1303770686870	1	1.3527	1.0909	0.6777
669	1303770686886	1	1.3527	1.0909	0.6777
670	1303770686900	1	1.3527	1.0909	0.6777
671	1303770686916	1	1.3527	1.0909	0.6777
672	1303770686930	1	1.3527	1.0909	0.6777
673	1303770686986	1	1.3527	1.0909	0.6777
674	1303770687000	1	1.3527	1.0909	0.6777
675	1303770687016	1	1.3527	1.0909	0.6777
676	1303770687030	1	1.3527	1.0909	0.6777
677	1303770687046	1	1.3527	1.0909	0.6777
678	1303770687060	1	1.3527	1.0909	0.6777
679	1303770687075	1	1.3527	1.0909	0.6777
680	1303770687089	1	1.3527	1.0909	0.6777
681	1303770687105	1	1.3527	1.0909	0.6777
682	1303770687119	1	1.3527	1.0909	0.6777
683	1303770687134	1	1.3527	1.0909	0.6777
684	1303770687149	1	1.3527	1.0909	0.6777
685	1303770687164	1	1.3527	1.0909	0.6777
686	1303770687178	1	1.3527	1.0909	0.6777
687	1303770687193	1	1.3527	1.0909	0.6777
688	1303770687208	1	1.3527	1.0909	0.6777
689	1303770687223	1	1.3527	1.0909	0.6777
690	1303770687237	1	1.3527	1.0909	0.6777
691	1303770687252	1	1.3527	1.0909	0.6777
692	1303770687267	1	1.3527	1.0909	0.6777
693	1303770687281	1	1.3527	1.0909	0.6777
694	1303770687296	1	1.3527	1.0909	0.6777
695	1303770687311	1	1.3527	1.0909	0.6777
696	1303770687328	1	1.3527	1.0909	0.6777
697	1303770687342	1	1.3527	1.0909	0.6777
698	1303770687358	1	1.3527	1.0909	0.6777
699	1303770687372	1	1.3527	1.0909	0.6777
700	1303770687427	1	1.3527	1.0909	0.6777
701	1303770687483	1	1.3527	1.0909	0.6777
702	1303770687497	1	1.3527	1.0909	0.6777
703	1303770687512	1	1.3527	1.0909	0.6777
704	1303770687528	1	1.3527	1.0909	0.6777
705	1303770687544	1	1.3527	1.0909	0.6777
706	1303770687559	1	1.3527	1.0909	0.6777
707	1303770687575	1	1.3527	1.0909	0.6777
708	1303770687590	1	1.3527	1.0909	0.6777
709	1303770687606	1	1.3527	1.0909	0.6777
710	1303770687620	1	1.3527	1.0909	0.6777
711	1303770687636	1	1.3527	1.0909	0.6777
712	1303770687650	1	1.3527	1.0909	0.6777
713	1303770687665	1	1.3527	1.0909	0.6777
714	1303770687680	1	1.3527	1.0909	0.6777
715	1303770687735	1	1.3527	1.0909	0.6777
716	1303770687750	1	1.3527	1.0909	0.6777
717	1303770687766	1	1.3527	1.0909	0.6777
718	1303770687780	1	1.3527	1.0909	0.6777
719	1303770687835	1	1.3527	1.0909	0.6777
720	1303770687850	1	1.3527	1.0909	0.6777
721	1303770687865	1	1.3527	1.0909	0.6777
722	1303770687879	1	1.3527	1.0909	0.6777
723	1303770687895	1	1.3527	1.0909	0.6777
724	1303770687909	1	1.3527	1.0909	0.6777
725	1303770687925	1	1.3527	1.0909	0.6777
726	1303770687939	1	1.3527	1.0909	0.6777
727	1303770687954	1	1.3527	1.0909	0.6777
728	1303770687969	1	1.3527	1.0909	0.6777
729	1303770687984	1	1.3527	1.0909	0.6777
730	1303770687999	1	1.3527	1.0909	0.6777
731	1303770688014	1	1.3527	1.0909	0.6777
732	1303770688028	1	1.3527	1.0909	0.6777
733	1303770688043	1	1.3527	1.0909	0.6777
734	1303770688057	1	1.3527	1.0909	0.6777
735	1303770688072	1	1.3527	1.0909	0.6777
736	1303770688086	1	1.3527	1.0909	0.6777
737	1303770688101	1	1.3527	1.0909	0.6777
738	1303770688116	1	1.3527	1.0909	0.6777
739	1303770688130	1	1.3527	1.0909	0.6777
740	1303770688145	1	1.3527	1.0909	0.6777
741	1303770688159	1	1.3527	1.0909	0.6777
742	1303770688174	1	1.3527	1.0909	0.6777
743	1303770688188	1	1.3527	1.0909	0.6777
744	1303770688204	1	1.3527	1.0909	0.6777
745	1303770688218	1	1.3527	1.0909	0.6777
746	1303770688234	1	1.3527	1.0909	0.6777
747	1303770688248	1	1.3527	1.0909	0.6777
748	1303770688263	1	1.3527	1.0909	0.6777
749	1303770688277	1	1.3527	1.0909	0.6777
750	1303770688293	1	1.3527	1.0909	0.6777
751	1303770688307	1	1.3527	1.0909	0.6777
752	1303770688322	1	1.3527	1.0909	0.6777
753	1303770688336	1	1.3527	1.0909	0.6777
754	1303770688351	1	1.3527	1.0909	0.6777
755	1303770688365	1	1.3527	1.0909	0.6777
756	1303770688381	1	1.3527	1.0909	0.6777
757	1303770688435	1	1.3527	1.0909	0.6777
758	1303770688451	1	1.3527	1.0909	0.6777
759	1303770688465	1	1.3527	1.0909	0.6777
760	1303770688480	1	1.3527	1.0909	0.6777
761	1303770688495	1	1.3527	1.0909	0.6777
762	1303770688510	1	1.3527	1.0909	0.6777
763	1303770688525	1	1.3527	1.0909	0.6777
764	1303770688540	1	1.3527	1.0909	0.6777
765	1303770688555	1	1.3527	1.0909	0.6777
766	1303770688572	1	1.3527	1.0909	0.6777
767	1303770688627	1	1.3527	1.0909	0.6777
768	1303770688643	1	1.3527	1.0909	0.6777
769	1303770688657	1	1.3527	1.0909	0.6777
770	1303770688673	1	1.3527	1.0909	0.6777
771	1303770688687	1	1.3527	1.0909	0.6777
772	1303770688703	1	1.3527	1.0909	0.6777
773	1303770688717	1	1.3527	1.0909	0.6777
774	1303770688732	1	1.3527	1.0909	0.6777
775	1303770688746	1	1.3527	1.0909	0.6777
776	1303770688801	1	1.3527	1.0909	0.6777
777	1303770688815	1	1.3527	1.0909	0.6777
778	1303770688871	1	1.3527	1.0909	0.6777
779	1303770688885	1	1.3527	1.0909	0.6777
780	1303770688900	1	1.3527	1.0909	0.6777
781	1303770688915	1	1.3527	1.0909	0.6777
782	1303770688930	1	1.3527	1.0909	0.6777
783	1303770688944	1	1.3527	1.0909	0.6777
784	1303770688959	1	1.3527	1.0909	0.6777
785	1303770688973	1	1.3527	1.0909	0.6777
786	1303770689029	1	1.3527	1.0909	0.6777
787	1303770689084	1	1.3527	1.0909	0.6777
788	1303770689099	1	1.3527	1.0909	0.6777
789	1303770689155	1	1.3527	1.0909	0.6777
790	1303770689169	1	1.3527	1.0909	0.6777
791	1303770689184	1	1.3527	1.0909	0.6777
792	1303770689199	1	1.3527	1.0909	0.6777
793	1303770689213	1	1.3527	1.0909	0.6777
794	1303770689229	1	1.3527	1.0909	0.6777
795	1303770689243	1	1.3527	1.0909	0.6777
796	1303770689259	1	1.3527	1.0909	0.6777
797	1303770689273	1	1.3527	1.0909	0.6777
798	1303770689288	1	1.3527	1.0909	0.6777
799	1303770689302	1	1.3527	1.0909	0.6777
800	1303770689317	1	1.3527	1.0909	0.6777
801	1303770689331	1	1.3527	1.0909	0.6777
802	1303770689347	1	1.3527	1.0909	0.6777
803	1303770689361	1	1.3527	1.0909	0.6777
804	1303770689376	1	1.3527	1.0909	0.6777
805	1303770689390	1	1.3527	1.0909	0.6777
806	1303770689405	1	1.3527	1.0909	0.6777
807	1303770689419	1	1.3527	1.0909	0.6777
808	1303770689435	1	1.3527	1.0909	0.6777
809	1303770689449	1	1.3527	1.0909	0.6777
810	1303770689464	1	1.3527	1.0909	0.6777
811	1303770689518	1	1.3527	1.0909	0.6777
812	1303770689533	1	1.3527	1.0909	0.6777
813	1303770689548	1	1.3527	1.0909	0.6777
814	1303770689563	1	1.3527	1.0909	0.6777
815	1303770689577	1	1.3527	1.0909	0.6777
816	1303770689592	1	1.3527	1.0909	0.6777
817	1303770689606	1	1.3527	1.0909	0.6777
818	1303770689620	1	1.3527	1.0909	0.6777
819	1303770689635	1	1.3527	1.0909	0.6777
820	1303770689650	1	1.3527	1.0909	0.6777
821	1303770689665	1	1.3527	1.0909	0.6777
822	1303770689679	1	1.3527	1.0909	0.6777
823	1303770689694	1	1.3527	1.0909	0.6777
824	1303770689750	1	1.3527	1.0909	0.6777
825	1303770689804	1	1.3527	1.0909	0.6777
826	1303770689823	1	1.3527	1.0909	0.6777
827	1303770689886	1	1.3527	1.0909	0.6777
828	1303770689902	1	1.3527	1.0909	0.6777
829	1303770689917	1	1.3527	1.0909	0.6777
830	1303770689932	1	1.3532	1.0909	0.6774
831	1303770689948	1	1.3532	1.0909	0.6774
832	1303770689962	1	1.3532	1.0909	0.6774
833	1303770689977	1	1.3532	1.0909	0.6774
834	1303770689992	1	1.3532	1.0909	0.6774
835	1303770690007	1	1.3532	1.0909	0.6774
836	1303770690021	1	1.3532	1.0909	0.6774
837	1303770690036	1	1.3532	1.0909	0.6774
838	1303770690050	1	1.3532	1.0909	0.6774
839	1303770690107	1	1.3532	1.0909	0.6774
840	1303770690121	1	1.3532	1.0909	0.6774
841	1303770690136	1	1.3532	1.0909	0.6774
842	1303770690151	1	1.3532	1.0909	0.6774
843	1303770690166	1	1.3532	1.0909	0.6774
844	1303770690180	1	1.3532	1.0909	0.6774
845	1303770690195	1	1.3532	1.0909	0.6774
846	1303770690210	1	1.3532	1.0909	0.6774
847	1303770690224	1	1.3532	1.0909	0.6774
848	1303770690239	1	1.3532	1.0909	0.6774
849	1303770690254	1	1.3532	1.0909	0.6774
850	1303770690269	1	1.3532	1.0909	0.6774
851	1303770690283	1	1.3532	1.0909	0.6774
852	1303770690298	1	1.3532	1.0909	0.6774
853	1303770690313	1	1.3532	1.0909	0.6774
854	1303770690328	1	1.3532	1.0909	0.6774
855	1303770690382	1	1.3532	1.0909	0.6774
856	1303770690438	1	1.3532	1.0909	0.6774
857	1303770690452	1	1.3532	1.0909	0.6774
858	1303770690468	1	1.3532	1.0909	0.6774
859	1303770690524	1	1.3532	1.0909	0.6774
860	1303770690539	1	1.3532	1.0909	0.6774
861	1303770690553	1	1.3532	1.0909	0.6774
862	1303770690568	1	1.3532	1.0909	0.6774
863	1303770690582	1	1.3532	1.0909	0.6774
864	1303770690598	1	1.3532	1.0909	0.6774
865	1303770690653	1	1.3532	1.0909	0.6774
866	1303770690667	1	1.3532	1.0909	0.6774
867	1303770690681	1	1.3532	1.0909	0.6774
868	1303770690697	1	1.3532	1.0909	0.6774
869	1303770690711	1	1.3532	1.0909	0.6774
870	1303770690727	1	1.3532	1.0909	0.6774
871	1303770690783	1	1.3532	1.0909	0.6774
872	1303770690837	1	1.3532	1.0909	0.6774
873	1303770690852	1	1.3532	1.0909	0.6774
874	1303770690867	1	1.3532	1.0909	0.6774
875	1303770690882	1	1.3532	1.0909	0.6774
876	1303770690896	1	1.3532	1.0909	0.6774
877	1303770690912	1	1.3532	1.0909	0.6774
878	1303770690966	1	1.3532	1.0909	0.6774
879	1303770690982	1	1.3532	1.0909	0.6774
880	1303770690996	1	1.3532	1.0909	0.6774
881	1303770691011	1	1.3532	1.0909	0.6774
882	1303770691026	1	1.3532	1.0909	0.6774
883	1303770691041	1	1.3532	1.0909	0.6774
884	1303770691055	1	1.3532	1.0909	0.6774
885	1303770691069	1	1.3532	1.0909	0.6774
886	1303770691085	1	1.3532	1.0909	0.6774
887	1303770691103	1	1.3532	1.0909	0.6774
888	1303770691125	1	1.3532	1.0909	0.6774
889	1303770691215	1	1.3532	1.0909	0.6774
890	1303770691231	1	1.3534	1.0909	0.6773
891	1303770691247	1	1.3534	1.0909	0.6773
892	1303770691263	1	1.3534	1.0909	0.6773
893	1303770691277	1	1.3534	1.0909	0.6773
894	1303770691292	1	1.3534	1.0909	0.6773
895	1303770691307	1	1.3534	1.0909	0.6773
896	1303770691363	1	1.3534	1.0909	0.6773
897	1303770691378	1	1.3534	1.0909	0.6773
898	1303770691393	1	1.3534	1.0909	0.6773
899	1303770691408	1	1.3534	1.0909	0.6773
900	1303770691423	1	1.3534	1.0909	0.6773
901	1303770691437	1	1.3534	1.0909	0.6773
902	1303770691452	1	1.3534	1.0909	0.6773
903	1303770691467	1	1.3534	1.0909	0.6773
904	1303770691481	1	1.3534	1.0909	0.6773
905	1303770691497	1	1.3534	1.0909	0.6773
906	1303770691511	1	1.3534	1.0909	0.6773
907	1303770691527	1	1.3534	1.0909	0.6773
908	1303770691541	1	1.3534	1.0909	0.6773
909	1303770691556	1	1.3534	1.0909	0.6773
910	1303770691612	1	1.3534	1.0909	0.6773
911	1303770691626	1	1.3534	1.0909	0.6773
912	1303770691642	1	1.3534	1.0909	0.6773
913	1303770691657	1	1.3534	1.0909	0.6773
914	1303770691672	1	1.3534	1.0909	0.6773
915	1303770691727	1	1.3534	1.0909	0.6773
916	1303770691782	1	1.3534	1.0909	0.6773
917	1303770691796	1	1.3534	1.0909	0.6773
918	1303770691812	1	1.3534	1.0909	0.6773
919	1303770691887	1	1.3534	1.0909	0.6773
920	1303770691902	1	1.3534	1.0909	0.6773
921	1303770691979	1	1.3534	1.0909	0.6773
922	1303770691994	1	1.3534	1.0909	0.6773
923	1303770692009	1	1.3534	1.0909	0.6773
924	1303770692024	1	1.3534	1.0909	0.6773
925	1303770692038	1	1.3534	1.0909	0.6773
926	1303770692054	1	1.3534	1.0909	0.6773
927	1303770692069	1	1.3534	1.0909	0.6773
928	1303770692084	1	1.3534	1.0909	0.6773
929	1303770692098	1	1.3534	1.0909	0.6773
930	1303770692114	1	1.3534	1.0909	0.6773
931	1303770692168	1	1.3534	1.0909	0.6773
932	1303770692184	1	1.3534	1.0909	0.6773
933	1303770692198	1	1.3534	1.0909	0.6773
934	1303770692253	1	1.3534	1.0909	0.6773
935	1303770692268	1	1.3534	1.0909	0.6773
936	1303770692284	1	1.3534	1.0909	0.6773
937	1303770692298	1	1.3534	1.0909	0.6773
938	1303770692314	1	1.3534	1.0909	0.6773
939	1303770692328	1	1.3534	1.0909	0.6773
940	1303770692344	1	1.3534	1.0909	0.6773
941	1303770692358	1	1.3534	1.0909	0.6773
942	1303770692374	1	1.3534	1.0909	0.6773
943	1303770692388	1	1.3534	1.0909	0.6773
944	1303770692404	1	1.3534	1.0909	0.6773
945	1303770692418	1	1.3534	1.0909	0.6773
946	1303770692474	1	1.3534	1.0909	0.6773
947	1303770692489	1	1.3534	1.0909	0.6773
948	1303770692505	1	1.3534	1.0909	0.6773
949	1303770692521	1	1.3534	1.0909	0.6773
950	1303770692537	1	1.3533	1.0909	0.6773
951	1303770692593	1	1.3533	1.0909	0.6773
952	1303770692609	1	1.3533	1.0909	0.6773
953	1303770692623	1	1.3533	1.0909	0.6773
954	1303770692638	1	1.3533	1.0909	0.6773
955	1303770692653	1	1.3533	1.0909	0.6773
956	1303770692669	1	1.3533	1.0909	0.6773
957	1303770692683	1	1.3533	1.0909	0.6773
958	1303770692698	1	1.3533	1.0909	0.6773
959	1303770692713	1	1.3533	1.0909	0.6773
960	1303770692728	1	1.3533	1.0909	0.6773
961	1303770692743	1	1.3533	1.0909	0.6773
962	1303770692758	1	1.3533	1.0909	0.6773
963	1303770692772	1	1.3533	1.0909	0.6773
964	1303770692788	1	1.3533	1.0909	0.6773
965	1303770692802	1	1.3533	1.0909	0.6773
966	1303770692817	1	1.3533	1.0909	0.6773
967	1303770692871	1	1.3533	1.0909	0.6773
968	1303770692887	1	1.3533	1.0909	0.6773
969	1303770692901	1	1.3533	1.0909	0.6773
970	1303770692917	1	1.3533	1.0909	0.6773
971	1303770692931	1	1.3533	1.0909	0.6773
972	1303770692946	1	1.3533	1.0909	0.6773
973	1303770692961	1	1.3533	1.0909	0.6773
974	1303770692976	1	1.3533	1.0909	0.6773
975	1303770692990	1	1.3533	1.0909	0.6773
976	1303770693006	1	1.3533	1.0909	0.6773
977	1303770693020	1	1.3533	1.0909	0.6773
978	1303770693036	1	1.3533	1.0909	0.6773
979	1303770693050	1	1.3533	1.0909	0.6773
980	1303770693106	1	1.3533	1.0909	0.6773
981	1303770693120	1	1.3533	1.0909	0.6773
982	1303770693135	1	1.3533	1.0909	0.6773
983	1303770693150	1	1.3533	1.0909	0.6773
984	1303770693165	1	1.3533	1.0909	0.6773
985	1303770693180	1	1.3533	1.0909	0.6773
986	1303770693195	1	1.3533	1.0909	0.6773
987	1303770693209	1	1.3533	1.0909	0.6773
988	1303770693225	1	1.3533	1.0909	0.6773
989	1303770693239	1	1.3533	1.0909	0.6773
990	1303770693255	1	1.3533	1.0909	0.6773
991	1303770693269	1	1.3533	1.0909	0.6773
992	1303770693284	1	1.3533	1.0909	0.6773
993	1303770693299	1	1.3533	1.0909	0.6773
994	1303770693314	1	1.3533	1.0909	0.6773
995	1303770693328	1	1.3533	1.0909	0.6773
996	1303770693344	1	1.3533	1.0909	0.6773
997	1303770693358	1	1.3533	1.0909	0.6773
998	1303770693372	1	1.3533	1.0909	0.6773
999	1303770693387	1	1.3533	1.0909	0.6773
1000	1303770693402	1	1.3533	1.0909	0.6773
1001	1303770693417	1	1.3533	1.0909	0.6773
1002	1303770693473	1	1.3533	1.0909	0.6773
1003	1303770693487	1	1.3533	1.0909	0.6773
1004	1303770693503	1	1.3533	1.0909	0.6773
1005	1303770693517	1	1.3533	1.0909	0.6773
1006	1303770693533	1	1.3533	1.0909	0.6773
1007	1303770693587	1	1.3533	1.0909	0.6773
1008	1303770693603	1	1.3533	1.0909	0.6773
1009	1303770693621	1	1.3533	1.0909	0.6773
1010	1303770693643	1	1.3533	1.0909	0.6774
1011	1303770693658	1	1.3533	1.0909	0.6774
1012	1303770693674	1	1.3533	1.0909	0.6774
1013	1303770693688	1	1.3533	1.0909	0.6774
1014	1303770693744	1	1.3533	1.0909	0.6774
1015	1303770693800	1	1.3533	1.0909	0.6774
1016	1303770693815	1	1.3533	1.0909	0.6774
1017	1303770693830	1	1.3533	1.0909	0.6774
1018	1303770693844	1	1.3533	1.0909	0.6774
1019	1303770693860	1	1.3533	1.0909	0.6774
1020	1303770693874	1	1.3533	1.0909	0.6774
1021	1303770693889	1	1.3533	1.0909	0.6774
1022	1303770693904	1	1.3533	1.0909	0.6774
1023	1303770693918	1	1.3533	1.0909	0.6774
1024	1303770693934	1	1.3533	1.0909	0.6774
1025	1303770693948	1	1.3533	1.0909	0.6774
1026	1303770693963	1	1.3533	1.0909	0.6774
1027	1303770693977	1	1.3533	1.0909	0.6774
1028	1303770693993	1	1.3533	1.0909	0.6774
1029	1303770694007	1	1.3533	1.0909	0.6774
1030	1303770694063	1	1.3533	1.0909	0.6774
1031	1303770694077	1	1.3533	1.0909	0.6774
1032	1303770694093	1	1.3533	1.0909	0.6774
1033	1303770694108	1	1.3533	1.0909	0.6774
1034	1303770694123	1	1.3533	1.0909	0.6774
1035	1303770694137	1	1.3533	1.0909	0.6774
1036	1303770694155	1	1.3533	1.0909	0.6774
1037	1303770694169	1	1.3533	1.0909	0.6774
1038	1303770694225	1	1.3533	1.0909	0.6774
1039	1303770694239	1	1.3533	1.0909	0.6774
1040	1303770694255	1	1.3533	1.0909	0.6774
1041	1303770694269	1	1.3533	1.0909	0.6774
1042	1303770694284	1	1.3533	1.0909	0.6774
1043	1303770694299	1	1.3533	1.0909	0.6774
1044	1303770694314	1	1.3533	1.0909	0.6774
1045	1303770694329	1	1.3533	1.0909	0.6774
1046	1303770694344	1	1.3533	1.0909	0.6774
1047	1303770694358	1	1.3533	1.0909	0.6774
1048	1303770694373	1	1.3533	1.0909	0.6774
1049	1303770694388	1	1.3533	1.0909	0.6774
1050	1303770694402	1	1.3533	1.0909	0.6774
1051	1303770694417	1	1.3533	1.0909	0.6774
1052	1303770694432	1	1.3533	1.0909	0.6774
1053	1303770694447	1	1.3533	1.0909	0.6774
1054	1303770694546	1	1.3533	1.0909	0.6774
1055	1303770694561	1	1.3533	1.0909	0.6774
1056	1303770694647	1	1.3533	1.0909	0.6774
1057	1303770694661	1	1.3533	1.0909	0.6774
1058	1303770694676	1	1.3533	1.0909	0.6774
1059	1303770694691	1	1.3533	1.0909	0.6774
1060	1303770694718	1	1.3533	1.0909	0.6774
1061	1303770694732	1	1.3533	1.0909	0.6774
1062	1303770694747	1	1.3533	1.0909	0.6774
1063	1303770694761	1	1.3533	1.0909	0.6774
1064	1303770694777	1	1.3533	1.0909	0.6774
1065	1303770694791	1	1.3533	1.0909	0.6774
1066	1303770694805	1	1.3533	1.0909	0.6774
1067	1303770694820	1	1.3533	1.0909	0.6774
1068	1303770694834	1	1.3533	1.0909	0.6774
1069	1303770694890	1	1.3533	1.0909	0.6774
1070	1303770694950	1	1.3533	1.0909	0.6774
1071	1303770694970	1	1.3533	1.0909	0.6774
1072	1303770694987	1	1.3533	1.0909	0.6774
1073	1303770695002	1	1.3534	1.0909	0.6773
1074	1303770695018	1	1.3534	1.0909	0.6773
1075	1303770695033	1	1.3534	1.0909	0.6773
1076	1303770695048	1	1.3534	1.0909	0.6773
1077	1303770695063	1	1.3534	1.0909	0.6773
1078	1303770695078	1	1.3534	1.0909	0.6773
1079	1303770695135	1	1.3534	1.0909	0.6773
1080	1303770695149	1	1.3534	1.0909	0.6773
1081	1303770695165	1	1.3534	1.0909	0.6773
1082	1303770695179	1	1.3534	1.0909	0.6773
1083	1303770695195	1	1.3534	1.0909	0.6773
1084	1303770695209	1	1.3534	1.0909	0.6773
1085	1303770695223	1	1.3534	1.0909	0.6773
1086	1303770695239	1	1.3534	1.0909	0.6773
1087	1303770695254	1	1.3534	1.0909	0.6773
1088	1303770695269	1	1.3534	1.0909	0.6773
1089	1303770695284	1	1.3534	1.0909	0.6773
1090	1303770695340	1	1.3534	1.0909	0.6773
1091	1303770695355	1	1.3534	1.0909	0.6773
1092	1303770695370	1	1.3534	1.0909	0.6773
1093	1303770695385	1	1.3534	1.0909	0.6773
1094	1303770695399	1	1.3534	1.0909	0.6773
1095	1303770695415	1	1.3534	1.0909	0.6773
1096	1303770695469	1	1.7925	1.0909	0.5114
1097	1303770695485	1	1.7925	1.0909	0.5114
1098	1303770695500	1	1.7925	1.0909	0.5114
1099	1303770695515	1	1.7925	1.0909	0.5114
1100	1303770695530	1	1.7925	1.0909	0.5114
1101	1303770695545	1	1.7925	1.0909	0.5114
1102	1303770695559	1	1.7925	1.0909	0.5114
1103	1303770695573	1	1.7925	1.0909	0.5114
1104	1303770695589	1	1.7925	1.0909	0.5114
1105	1303770695603	1	1.7925	1.0909	0.5114
1106	1303770695619	1	1.7925	1.0909	0.5114
1107	1303770695633	1	1.7925	1.0909	0.5114
1108	1303770695689	1	1.7925	1.0909	0.5114
1109	1303770695703	1	1.7925	1.0909	0.5114
1110	1303770695719	1	1.7925	1.0909	0.5114
1111	1303770695775	1	1.7925	1.0909	0.5114
1112	1303770695789	1	1.7925	1.0909	0.5114
1113	1303770695805	1	1.7925	1.0909	0.5114
1114	1303770695819	1	1.7925	1.0909	0.5114
1115	1303770695834	1	1.7925	1.0909	0.5114
1116	1303770695849	1	1.7925	1.0909	0.5114
1117	1303770695863	1	1.7925	1.0909	0.5114
1118	1303770695879	1	1.7925	1.0909	0.5114
1119	1303770695893	1	1.7925	1.0909	0.5114
1120	1303770695909	1	1.7925	1.0909	0.5114
1121	1303770695963	1	1.7925	1.0909	0.5114
1122	1303770695979	1	1.7925	1.0909	0.5114
1123	1303770695993	1	1.7925	1.0909	0.5114
1124	1303770696009	1	1.7925	1.0909	0.5114
1125	1303770696023	1	1.7925	1.0909	0.5114
1126	1303770696039	1	1.7925	1.0909	0.5114
1127	1303770696054	1	1.7925	1.0909	0.5114
1128	1303770696069	1	1.7925	1.0909	0.5114
1129	1303770696084	1	1.7925	1.0909	0.5114
1130	1303770696099	1	1.7925	1.0909	0.5114
1131	1303770696114	1	1.7925	1.0909	0.5114
1132	1303770696131	1	1.7925	1.0909	0.5114
1133	1303770696146	1	1.7925	1.0909	0.5114
1134	1303770696162	1	1.7925	1.0909	0.5114
1135	1303770696179	1	1.7925	1.0909	0.5114
1136	1303770696193	1	1.7925	1.0909	0.5114
1137	1303770696209	1	1.7925	1.0909	0.5114
1138	1303770696223	1	1.7925	1.0909	0.5114
1139	1303770696239	1	1.7925	1.0909	0.5114
1140	1303770696253	1	1.7925	1.0909	0.5114
1141	1303770696268	1	1.7925	1.0909	0.5114
1142	1303770696283	1	1.7925	1.0909	0.5114
1143	1303770696297	1	1.7925	1.0909	0.5114
1144	1303770696312	1	1.7925	1.0909	0.5114
1145	1303770696327	1	1.7925	1.0909	0.5114
1146	1303770696342	1	1.7925	1.0909	0.5114
1147	1303770696356	1	1.7925	1.0909	0.5114
1148	1303770696372	1	1.7925	1.0909	0.5114
1149	1303770696386	1	1.7925	1.0909	0.5114
1150	1303770696401	1	1.7925	1.0909	0.5114
1151	1303770696415	1	1.7925	1.0909	0.5114
1152	1303770696431	1	1.7925	1.0909	0.5114
1153	1303770696446	1	1.7925	1.0909	0.5114
1154	1303770696500	1	1.7925	1.0909	0.5114
1155	1303770696515	1	1.7925	1.0909	0.5114
1156	1303770696531	1	1.7925	1.0909	0.5114
1157	1303770696546	1	1.7925	1.0909	0.5114
1158	1303770696561	1	1.7925	1.0909	0.5114
1159	1303770696615	1	1.7925	1.0909	0.5114
1160	1303770696631	1	1.7925	1.0909	0.5114
1161	1303770696646	1	1.7925	1.0909	0.5114
1162	1303770696661	1	1.7925	1.0909	0.5114
1163	1303770696676	1	1.7925	1.0909	0.5114
1164	1303770696692	1	1.7925	1.0909	0.5114
1165	1303770696706	1	1.7925	1.0909	0.5114
1166	1303770696722	1	1.7925	1.0909	0.5114
1167	1303770696736	1	1.7925	1.0909	0.5114
1168	1303770696751	1	1.7925	1.0909	0.5114
1169	1303770696766	1	1.7925	1.0909	0.5114
1170	1303770696781	1	1.7925	1.0909	0.5114
1171	1303770696796	1	1.7925	1.0909	0.5114
1172	1303770696811	1	1.7925	1.0909	0.5114
1173	1303770696826	1	1.7925	1.0909	0.5114
1174	1303770696882	1	1.7925	1.0909	0.5114
1175	1303770696897	1	1.7925	1.0909	0.5114
1176	1303770696913	1	1.7925	1.0909	0.5114
1177	1303770696927	1	1.7925	1.0909	0.5114
1178	1303770696942	1	1.7925	1.0909	0.5114
1179	1303770696999	1	1.7925	1.0909	0.5114
1180	1303770697014	1	1.7925	1.0909	0.5114
1181	1303770697029	1	1.7925	1.0909	0.5114
1182	1303770697045	1	1.7925	1.0909	0.5114
1183	1303770697059	1	1.7925	1.0909	0.5114
1184	1303770697179	1	1.7925	1.0909	0.5114
1185	1303770697193	1	1.7925	1.0909	0.5114
1186	1303770697209	1	1.7925	1.0909	0.5114
1187	1303770697224	1	1.7925	1.0909	0.5114
1188	1303770697239	1	1.7925	1.0909	0.5114
1189	1303770697254	1	1.7925	1.0909	0.5114
1190	1303770697269	1	1.7925	1.0909	0.5114
1191	1303770697284	1	1.7925	1.0909	0.5114
1192	1303770697300	1	1.7925	1.0909	0.5114
1193	1303770697315	1	1.7925	1.0909	0.5114
1194	1303770697332	1	1.7924	1.0909	0.5114
1195	1303770697388	1	1.7924	1.0909	0.5114
1196	1303770697403	1	1.7924	1.0909	0.5114
1197	1303770697419	1	1.7924	1.0909	0.5114
1198	1303770697433	1	1.7924	1.0909	0.5114
1199	1303770697448	1	1.7924	1.0909	0.5114
1200	1303770697463	1	1.7924	1.0909	0.5114
1201	1303770697481	1	1.7924	1.0909	0.5114
1202	1303770697497	1	1.7924	1.0909	0.5114
1203	1303770697511	1	1.7924	1.0909	0.5114
1204	1303770697526	1	1.7924	1.0909	0.5114
1205	1303770697540	1	1.7924	1.0909	0.5114
1206	1303770697557	1	1.7924	1.0909	0.5114
1207	1303770697571	1	1.7924	1.0909	0.5114
1208	1303770697586	1	1.7924	1.0909	0.5114
1209	1303770697600	1	1.7924	1.0909	0.5114
1210	1303770697616	1	1.7924	1.0909	0.5114
1211	1303770697630	1	1.7924	1.0909	0.5114
1212	1303770697646	1	1.7924	1.0909	0.5114
1213	1303770697660	1	1.7924	1.0909	0.5114
1214	1303770697676	1	1.7924	1.0909	0.5114
1215	1303770697690	1	1.7924	1.0909	0.5114
1216	1303770697705	1	1.7924	1.0909	0.5114
1217	1303770697760	1	1.7924	1.0909	0.5114
1218	1303770697775	1	1.7924	1.0909	0.5114
1219	1303770697790	1	1.7924	1.0909	0.5114
1220	1303770697805	1	1.7924	1.0909	0.5114
1221	1303770697820	1	1.7924	1.0909	0.5114
1222	1303770697835	1	1.7924	1.0909	0.5114
1223	1303770697849	1	1.7924	1.0909	0.5114
1224	1303770697904	1	1.7924	1.0909	0.5114
1225	1303770697919	1	1.7924	1.0909	0.5114
1226	1303770697975	1	1.7924	1.0909	0.5114
1227	1303770697989	1	1.7924	1.0909	0.5114
1228	1303770698005	1	1.7924	1.0909	0.5114
1229	1303770698019	1	1.7924	1.0909	0.5114
1230	1303770698035	1	1.7924	1.0909	0.5114
1231	1303770698049	1	1.7924	1.0909	0.5114
1232	1303770698064	1	1.7924	1.0909	0.5114
1233	1303770698079	1	1.7924	1.0909	0.5114
1234	1303770698094	1	1.7924	1.0909	0.5114
1235	1303770698108	1	1.7924	1.0909	0.5114
1236	1303770698124	1	1.7924	1.0909	0.5114
1237	1303770698138	1	1.7924	1.0909	0.5114
1238	1303770698153	1	1.7924	1.0909	0.5114
1239	1303770698168	1	1.7924	1.0909	0.5114
1240	1303770698182	1	1.7924	1.0909	0.5114
1241	1303770698197	1	1.7924	1.0909	0.5114
1242	1303770698211	1	1.7924	1.0909	0.5114
1243	1303770698227	1	1.7924	1.0909	0.5114
1244	1303770698241	1	1.7924	1.0909	0.5114
1245	1303770698257	1	1.7924	1.0909	0.5114
1246	1303770698271	1	1.7924	1.0909	0.5114
1247	1303770698287	1	1.7924	1.0909	0.5114
1248	1303770698301	1	1.7924	1.0909	0.5114
1249	1303770698317	1	1.7924	1.0909	0.5114
1250	1303770698331	1	1.7924	1.0909	0.5114
1251	1303770698347	1	1.7924	1.0909	0.5114
1252	1303770698361	1	1.7924	1.0909	0.5114
1253	1303770698378	1	1.7924	1.0909	0.5114
1254	1303770698393	1	1.7909	1.0909	0.5118
1255	1303770698409	1	1.7909	1.0909	0.5118
1256	1303770698425	1	1.7909	1.0909	0.5118
1257	1303770698439	1	1.7909	1.0909	0.5118
1258	1303770698455	1	1.7909	1.0909	0.5118
1259	1303770698469	1	1.7909	1.0909	0.5118
1260	1303770698483	1	1.7909	1.0909	0.5118
1261	1303770698499	1	1.7909	1.0909	0.5118
1262	1303770698513	1	1.7909	1.0909	0.5118
1263	1303770698568	1	1.7909	1.0909	0.5118
1264	1303770698582	1	1.7909	1.0909	0.5118
1265	1303770698598	1	1.7909	1.0909	0.5118
1266	1303770698612	1	1.7909	1.0909	0.5118
1267	1303770698627	1	1.7909	1.0909	0.5118
1268	1303770698642	1	1.7909	1.0909	0.5118
1269	1303770698657	1	1.7909	1.0909	0.5118
1270	1303770698671	1	1.7909	1.0909	0.5118
1271	1303770698687	1	1.7909	1.0909	0.5118
1272	1303770698701	1	1.7909	1.0909	0.5118
1273	1303770698716	1	1.7909	1.0909	0.5118
1274	1303770698731	1	1.7909	1.0909	0.5118
1275	1303770698746	1	1.7909	1.0909	0.5118
1276	1303770698761	1	1.7909	1.0909	0.5118
1277	1303770698776	1	1.7909	1.0909	0.5118
1278	1303770698830	1	1.7909	1.0909	0.5118
1279	1303770698846	1	1.7909	1.0909	0.5118
1280	1303770698860	1	1.7909	1.0909	0.5118
1281	1303770698916	1	1.7909	1.0909	0.5118
1282	1303770698930	1	1.7909	1.0909	0.5118
1283	1303770698946	1	1.7909	1.0909	0.5118
1284	1303770698960	1	1.7909	1.0909	0.5118
1285	1303770698976	1	1.7909	1.0909	0.5118
1286	1303770698990	1	1.7909	1.0909	0.5118
1287	1303770699005	1	1.7909	1.0909	0.5118
1288	1303770699020	1	1.7909	1.0909	0.5118
1289	1303770699035	1	1.7909	1.0909	0.5118
1290	1303770699049	1	1.7909	1.0909	0.5118
1291	1303770699065	1	1.7909	1.0909	0.5118
1292	1303770699079	1	1.7909	1.0909	0.5118
1293	1303770699094	1	1.7909	1.0909	0.5118
1294	1303770699149	1	1.7909	1.0909	0.5118
1295	1303770699304	1	1.7909	1.0909	0.5118
1296	1303770699318	1	1.7909	1.0909	0.5118
1297	1303770699334	1	1.7909	1.0909	0.5118
1298	1303770699349	1	1.7909	1.0909	0.5118
1299	1303770699364	1	1.7909	1.0909	0.5118
1300	1303770699378	1	1.7909	1.0909	0.5118
1301	1303770699393	1	1.7909	1.0909	0.5118
1302	1303770699407	1	1.7909	1.0909	0.5118
1303	1303770699422	1	1.7909	1.0909	0.5118
1304	1303770699436	1	1.7909	1.0909	0.5118
1305	1303770699450	1	1.7909	1.0909	0.5118
1306	1303770699466	1	1.7909	1.0909	0.5118
1307	1303770699480	1	1.7909	1.0909	0.5118
1308	1303770699495	1	1.7909	1.0909	0.5118
1309	1303770699510	1	1.7909	1.0909	0.5118
1310	1303770699525	1	1.7909	1.0909	0.5118
1311	1303770699550	1	1.7909	1.0909	0.5118
1312	1303770699566	1	1.7909	1.0909	0.5118
1313	1303770699580	1	1.7909	1.0909	0.5118
1314	1303770699596	1	1.7909	1.0909	0.5118
1315	1303770699611	1	1.7909	1.0909	0.5118
1316	1303770699628	1	1.7909	1.0909	0.5118
1317	1303770699683	1	1.7925	1.0909	0.5114
1318	1303770699698	1	1.7925	1.0909	0.5114
1319	1303770699714	1	1.7925	1.0909	0.5114
1320	1303770699729	1	1.7925	1.0909	0.5114
1321	1303770699745	1	1.7925	1.0909	0.5114
1322	1303770699759	1	1.7925	1.0909	0.5114
1323	1303770699774	1	1.7925	1.0909	0.5114
1324	1303770699789	1	1.7925	1.0909	0.5114
1325	1303770699804	1	1.7925	1.0909	0.5114
1326	1303770699819	1	1.7925	1.0909	0.5114
1327	1303770699834	1	1.7925	1.0909	0.5114
1328	1303770699849	1	1.7925	1.0909	0.5114
1329	1303770699863	1	1.7925	1.0909	0.5114
1330	1303770699878	1	1.7925	1.0909	0.5114
1331	1303770699893	1	1.7925	1.0909	0.5114
1332	1303770699948	1	1.7925	1.0909	0.5114
1333	1303770700003	1	1.7925	1.0909	0.5114
1334	1303770700017	1	1.7925	1.0909	0.5114
1335	1303770700033	1	1.7925	1.0909	0.5114
1336	1303770700047	1	1.7925	1.0909	0.5114
1337	1303770700063	1	1.7925	1.0909	0.5114
1338	1303770700077	1	1.7925	1.0909	0.5114
1339	1303770700133	1	1.7925	1.0909	0.5114
1340	1303770700147	1	1.7925	1.0909	0.5114
1341	1303770700163	1	1.7925	1.0909	0.5114
1342	1303770700178	1	1.7925	1.0909	0.5114
1343	1303770700193	1	1.7925	1.0909	0.5114
1344	1303770700208	1	1.7925	1.0909	0.5114
1345	1303770700223	1	1.7925	1.0909	0.5114
1346	1303770700238	1	1.7925	1.0909	0.5114
1347	1303770700253	1	1.7925	1.0909	0.5114
1348	1303770700268	1	1.7925	1.0909	0.5114
1349	1303770700282	1	1.7925	1.0909	0.5114
1350	1303770700298	1	1.7925	1.0909	0.5114
1351	1303770700312	1	1.7925	1.0909	0.5114
1352	1303770700328	1	1.7925	1.0909	0.5114
1353	1303770700343	1	1.7925	1.0909	0.5114
1354	1303770700359	1	1.7925	1.0909	0.5114
1355	1303770700373	1	1.7925	1.0909	0.5114
1356	1303770700388	1	1.7925	1.0909	0.5114
1357	1303770700403	1	1.7925	1.0909	0.5114
1358	1303770700418	1	1.7925	1.0909	0.5114
1359	1303770700432	1	1.7925	1.0909	0.5114
1360	1303770700448	1	1.7925	1.0909	0.5114
1361	1303770700462	1	1.7925	1.0909	0.5114
1362	1303770700478	1	1.7925	1.0909	0.5114
1363	1303770700492	1	1.7925	1.0909	0.5114
1364	1303770700507	1	1.7925	1.0909	0.5114
1365	1303770700522	1	1.7925	1.0909	0.5114
1366	1303770700537	1	1.7925	1.0909	0.5114
1367	1303770700552	1	1.7925	1.0909	0.5114
1368	1303770700567	1	1.7925	1.0909	0.5114
1369	1303770700582	1	1.7925	1.0909	0.5114
1370	1303770700597	1	1.7925	1.0909	0.5114
1371	1303770700612	1	1.7925	1.0909	0.5114
1372	1303770700627	1	1.7925	1.0909	0.5114
1373	1303770700642	1	1.7925	1.0909	0.5114
1374	1303770700657	1	1.7925	1.0909	0.5114
1375	1303770700672	1	1.7925	1.0909	0.5114
1376	1303770700689	1	1.7925	1.0909	0.5114
1377	1303770700704	1	1.7925	1.0909	0.5114
1378	1303770700721	1	1.7907	1.0909	0.5119
1379	1303770700736	1	1.7907	1.0909	0.5119
1380	1303770700752	1	1.7907	1.0909	0.5119
1381	1303770700766	1	1.7907	1.0909	0.5119
1382	1303770700782	1	1.7907	1.0909	0.5119
1383	1303770700796	1	1.7907	1.0909	0.5119
1384	1303770700852	1	1.7907	1.0909	0.5119
1385	1303770700866	1	1.7907	1.0909	0.5119
1386	1303770700883	1	1.7907	1.0909	0.5119
1387	1303770700937	1	1.7907	1.0909	0.5119
1388	1303770700953	1	1.7907	1.0909	0.5119
1389	1303770701009	1	1.7907	1.0909	0.5119
1390	1303770701024	1	1.7907	1.0909	0.5119
1391	1303770701040	1	1.7907	1.0909	0.5119
1392	1303770701054	1	1.7907	1.0909	0.5119
1393	1303770701069	1	1.7907	1.0909	0.5119
1394	1303770701084	1	1.7907	1.0909	0.5119
1395	1303770701098	1	1.7907	1.0909	0.5119
1396	1303770701113	1	1.7907	1.0909	0.5119
1397	1303770701128	1	1.7907	1.0909	0.5119
1398	1303770701144	1	1.7907	1.0909	0.5119
1399	1303770701158	1	1.7907	1.0909	0.5119
1400	1303770701174	1	1.7907	1.0909	0.5119
1401	1303770701189	1	1.7907	1.0909	0.5119
1402	1303770701204	1	1.7907	1.0909	0.5119
1403	1303770701261	1	1.7907	1.0909	0.5119
1404	1303770701275	1	1.7907	1.0909	0.5119
1405	1303770701291	1	1.7907	1.0909	0.5119
1406	1303770701306	1	1.7907	1.0909	0.5119
1407	1303770701322	1	1.7907	1.0909	0.5119
1408	1303770701336	1	1.7907	1.0909	0.5119
1409	1303770701352	1	1.7907	1.0909	0.5119
1410	1303770701367	1	1.7907	1.0909	0.5119
1411	1303770701381	1	1.7907	1.0909	0.5119
1412	1303770701397	1	1.7907	1.0909	0.5119
1413	1303770701411	1	1.7907	1.0909	0.5119
1414	1303770701426	1	1.7907	1.0909	0.5119
1415	1303770701441	1	1.7907	1.0909	0.5119
1416	1303770701456	1	1.7907	1.0909	0.5119
1417	1303770701471	1	1.7907	1.0909	0.5119
1418	1303770701486	1	1.7907	1.0909	0.5119
1419	1303770701500	1	1.7907	1.0909	0.5119
1420	1303770701516	1	1.7907	1.0909	0.5119
1421	1303770701530	1	1.7907	1.0909	0.5119
1422	1303770701546	1	1.7907	1.0909	0.5119
1423	1303770701602	1	1.7907	1.0909	0.5119
1424	1303770701616	1	1.7907	1.0909	0.5119
1425	1303770701632	1	1.7907	1.0909	0.5119
1426	1303770701647	1	1.7907	1.0909	0.5119
1427	1303770701662	1	1.7907	1.0909	0.5119
1428	1303770701676	1	1.7907	1.0909	0.5119
1429	1303770701691	1	1.7907	1.0909	0.5119
1430	1303770701706	1	1.7907	1.0909	0.5119
1431	1303770701720	1	1.7907	1.0909	0.5119
1432	1303770701736	1	1.7907	1.0909	0.5119
1433	1303770701751	1	1.7907	1.0909	0.5119
1434	1303770701766	1	1.7907	1.0909	0.5119
1435	1303770701781	1	1.7907	1.0909	0.5119
1436	1303770701797	1	1.7907	1.0909	0.5119
1437	1303770701814	1	1.7907	1.0909	0.5119
1438	1303770701830	1	1.7926	1.0909	0.5114
1439	1303770701846	1	1.7926	1.0909	0.5114
1440	1303770701900	1	1.7926	1.0909	0.5114
1441	1303770701916	1	1.7926	1.0909	0.5114
1442	1303770701931	1	1.7926	1.0909	0.5114
1443	1303770701946	1	1.7926	1.0909	0.5114
1444	1303770701960	1	1.7926	1.0909	0.5114
1445	1303770702015	1	1.7926	1.0909	0.5114
1446	1303770702029	1	1.7926	1.0909	0.5114
1447	1303770702046	1	1.7926	1.0909	0.5114
1448	1303770702060	1	1.7926	1.0909	0.5114
1449	1303770702076	1	1.7926	1.0909	0.5114
1450	1303770702090	1	1.7926	1.0909	0.5114
1451	1303770702106	1	1.7926	1.0909	0.5114
1452	1303770702120	1	1.7926	1.0909	0.5114
1453	1303770702176	1	1.7926	1.0909	0.5114
1454	1303770702190	1	1.7926	1.0909	0.5114
1455	1303770702206	1	1.7926	1.0909	0.5114
1456	1303770702220	1	1.7926	1.0909	0.5114
1457	1303770702236	1	1.7926	1.0909	0.5114
1458	1303770702250	1	1.7926	1.0909	0.5114
1459	1303770702266	1	1.7926	1.0909	0.5114
1460	1303770702280	1	1.7926	1.0909	0.5114
1461	1303770702296	1	1.7926	1.0909	0.5114
1462	1303770702310	1	1.7926	1.0909	0.5114
1463	1303770702366	1	1.7926	1.0909	0.5114
1464	1303770702380	1	1.7926	1.0909	0.5114
1465	1303770702396	1	1.7926	1.0909	0.5114
1466	1303770702410	1	1.7926	1.0909	0.5114
1467	1303770702426	1	1.7926	1.0909	0.5114
1468	1303770702440	1	1.7926	1.0909	0.5114
1469	1303770702496	1	1.7926	1.0909	0.5114
1470	1303770702510	1	1.7926	1.0909	0.5114
1471	1303770702525	1	1.7926	1.0909	0.5114
1472	1303770702540	1	1.7926	1.0909	0.5114
1473	1303770702556	1	1.7926	1.0909	0.5114
1474	1303770702570	1	1.7926	1.0909	0.5114
1475	1303770702585	1	1.7926	1.0909	0.5114
1476	1303770702600	1	1.7926	1.0909	0.5114
1477	1303770702615	1	1.7926	1.0909	0.5114
1478	1303770702630	1	1.7926	1.0909	0.5114
1479	1303770702645	1	1.7926	1.0909	0.5114
1480	1303770702659	1	1.7926	1.0909	0.5114
1481	1303770702675	1	1.7926	1.0909	0.5114
1482	1303770702689	1	1.7926	1.0909	0.5114
1483	1303770702705	1	1.7926	1.0909	0.5114
1484	1303770702719	1	1.7926	1.0909	0.5114
1485	1303770702735	1	1.7926	1.0909	0.5114
1486	1303770702749	1	1.7926	1.0909	0.5114
1487	1303770702765	1	1.7926	1.0909	0.5114
1488	1303770702779	1	1.7926	1.0909	0.5114
1489	1303770702793	1	1.7926	1.0909	0.5114
1490	1303770702809	1	1.7926	1.0909	0.5114
1491	1303770702823	1	1.7926	1.0909	0.5114
1492	1303770702839	1	1.7926	1.0909	0.5114
1493	1303770702853	1	1.7926	1.0909	0.5114
1494	1303770702868	1	1.7926	1.0909	0.5114
1495	1303770702883	1	1.7926	1.0909	0.5114
1496	1303770702898	1	1.7926	1.0909	0.5114
1497	1303770702914	1	1.7926	1.0909	0.5114
1498	1303770702930	1	1.7911	1.0909	0.5118
1499	1303770702986	1	1.7911	1.0909	0.5118
1500	1303770703001	1	1.7911	1.0909	0.5118
1501	1303770703017	1	1.7911	1.0909	0.5118
1502	1303770703031	1	1.7911	1.0909	0.5118
1503	1303770703047	1	1.7911	1.0909	0.5118
1504	1303770703061	1	1.7911	1.0909	0.5118
1505	1303770703076	1	1.7911	1.0909	0.5118
1506	1303770703091	1	1.7911	1.0909	0.5118
1507	1303770703106	1	1.7911	1.0909	0.5118
1508	1303770703121	1	1.7911	1.0909	0.5118
1509	1303770703136	1	1.7911	1.0909	0.5118
1510	1303770703150	1	1.7911	1.0909	0.5118
1511	1303770703166	1	1.7911	1.0909	0.5118
1512	1303770703180	1	1.7911	1.0909	0.5118
1513	1303770703196	1	1.7911	1.0909	0.5118
1514	1303770703210	1	1.7911	1.0909	0.5118
1515	1303770703225	1	1.7911	1.0909	0.5118
1516	1303770703241	1	1.7911	1.0909	0.5118
1517	1303770703255	1	1.7911	1.0909	0.5118
1518	1303770703271	1	1.7911	1.0909	0.5118
1519	1303770703285	1	1.7911	1.0909	0.5118
1520	1303770703301	1	1.7911	1.0909	0.5118
1521	1303770703357	1	1.7911	1.0909	0.5118
1522	1303770703371	1	1.7911	1.0909	0.5118
1523	1303770703387	1	1.7911	1.0909	0.5118
1524	1303770703441	1	1.7911	1.0909	0.5118
1525	1303770703457	1	1.7911	1.0909	0.5118
1526	1303770703471	1	1.7911	1.0909	0.5118
1527	1303770703527	1	1.7911	1.0909	0.5118
1528	1303770703541	1	1.7911	1.0909	0.5118
1529	1303770703557	1	1.7911	1.0909	0.5118
1530	1303770703572	1	1.7911	1.0909	0.5118
1531	1303770703587	1	1.7911	1.0909	0.5118
1532	1303770703602	1	1.7911	1.0909	0.5118
1533	1303770703617	1	1.7911	1.0909	0.5118
1534	1303770703631	1	1.7911	1.0909	0.5118
1535	1303770703686	1	1.7911	1.0909	0.5118
1536	1303770703701	1	1.7911	1.0909	0.5118
1537	1303770703717	1	1.7911	1.0909	0.5118
1538	1303770703731	1	1.7911	1.0909	0.5118
1539	1303770703747	1	1.7911	1.0909	0.5118
1540	1303770703761	1	1.7911	1.0909	0.5118
1541	1303770703776	1	1.7911	1.0909	0.5118
1542	1303770703791	1	1.7911	1.0909	0.5118
1543	1303770703806	1	1.7911	1.0909	0.5118
1544	1303770703820	1	1.7911	1.0909	0.5118
1545	1303770703836	1	1.7911	1.0909	0.5118
1546	1303770703850	1	1.7911	1.0909	0.5118
1547	1303770703864	1	1.7911	1.0909	0.5118
1548	1303770703919	1	1.7911	1.0909	0.5118
1549	1303770703934	1	1.7911	1.0909	0.5118
1550	1303770703949	1	1.7911	1.0909	0.5118
1551	1303770703965	1	1.7911	1.0909	0.5118
1552	1303770703979	1	1.7911	1.0909	0.5118
1553	1303770703994	1	1.7911	1.0909	0.5118
1554	1303770704009	1	1.7911	1.0909	0.5118
1555	1303770704023	1	1.7911	1.0909	0.5118
1556	1303770704038	1	1.7911	1.0909	0.5118
1557	1303770704053	1	1.7911	1.0909	0.5118
1558	1303770704069	1	1.7911	1.0909	0.5118
1559	1303770704084	1	1.7911	1.0909	0.5118
1560	1303770704100	1	1.7911	1.0909	0.5118
1561	1303770704156	1	1.7911	1.0909	0.5118
1562	1303770704171	1	1.7911	1.0909	0.5118
1563	1303770704187	1	1.7911	1.0909	0.5118
1564	1303770704201	1	1.7911	1.0909	0.5118
1565	1303770704216	1	1.7911	1.0909	0.5118
1566	1303770704230	1	1.7911	1.0909	0.5118
1567	1303770704245	1	1.7911	1.0909	0.5118
1568	1303770704259	1	1.7911	1.0909	0.5118
1569	1303770704275	1	1.7911	1.0909	0.5118
1570	1303770704289	1	1.7911	1.0909	0.5118
1571	1303770704303	1	1.7911	1.0909	0.5118
1572	1303770704319	1	1.7911	1.0909	0.5118
1573	1303770704333	1	1.7911	1.0909	0.5118
1574	1303770704349	1	1.7911	1.0909	0.5118
1575	1303770704362	1	1.7911	1.0909	0.5118
1576	1303770704378	1	1.7911	1.0909	0.5118
1577	1303770704393	1	1.7911	1.0909	0.5118
1578	1303770704408	1	1.7911	1.0909	0.5118
1579	1303770704423	1	1.7911	1.0909	0.5118
1580	1303770704438	1	1.7911	1.0909	0.5118
1581	1303770704453	1	1.7911	1.0909	0.5118
1582	1303770704468	1	1.7911	1.0909	0.5118
1583	1303770704483	1	1.7911	1.0909	0.5118
1584	1303770704498	1	1.7911	1.0909	0.5118
1585	1303770704512	1	1.7911	1.0909	0.5118
1586	1303770704527	1	1.7911	1.0909	0.5118
1587	1303770704612	1	1.7911	1.0909	0.5118
1588	1303770704627	1	1.7911	1.0909	0.5118
1589	1303770704642	1	1.7911	1.0909	0.5118
1590	1303770704657	1	1.7911	1.0909	0.5118
1591	1303770704676	1	1.7911	1.0909	0.5118
1592	1303770704692	1	1.7911	1.0909	0.5118
1593	1303770704706	1	1.7911	1.0909	0.5118
1594	1303770704722	1	1.7911	1.0909	0.5118
1595	1303770704736	1	1.7911	1.0909	0.5118
1596	1303770704751	1	1.7911	1.0909	0.5118
1597	1303770704765	1	1.7911	1.0909	0.5118
1598	1303770704781	1	1.7911	1.0909	0.5118
1599	1303770704795	1	1.7911	1.0909	0.5118
1600	1303770704810	1	1.7911	1.0909	0.5118
1601	1303770704825	1	1.7911	1.0909	0.5118
1602	1303770704839	1	1.7911	1.0909	0.5118
1603	1303770704854	1	1.7911	1.0909	0.5118
1604	1303770704869	1	1.7911	1.0909	0.5118
1605	1303770704884	1	1.7911	1.0909	0.5118
1606	1303770704899	1	1.7911	1.0909	0.5118
1607	1303770704914	1	1.7911	1.0909	0.5118
1608	1303770704928	1	1.7911	1.0909	0.5118
1609	1303770704944	1	1.7911	1.0909	0.5118
1610	1303770704968	1	1.7911	1.0909	0.5118
1611	1303770704984	1	1.7911	1.0909	0.5118
1612	1303770704998	1	1.7911	1.0909	0.5118
1613	1303770705014	1	1.7911	1.0909	0.5118
1614	1303770705028	1	1.7911	1.0909	0.5118
1615	1303770705043	1	1.7911	1.0909	0.5118
1616	1303770705057	1	1.7911	1.0909	0.5118
1617	1303770705073	1	1.7911	1.0909	0.5118
1618	1303770705088	1	1.7911	1.0909	0.5118
1619	1303770705104	1	1.7911	1.0909	0.5118
1620	1303770705119	1	1.7911	1.0909	0.5118
1621	1303770705135	1	1.7911	1.0909	0.5118
1622	1303770705150	1	1.7911	1.0909	0.5118
1623	1303770705166	1	1.7911	1.0909	0.5118
1624	1303770705180	1	1.7911	1.0909	0.5118
1625	1303770705197	1	1.7911	1.0909	0.5118
1626	1303770705212	1	1.7911	1.0909	0.5118
1627	1303770705227	1	1.7911	1.0909	0.5118
1628	1303770705242	1	1.7911	1.0909	0.5118
1629	1303770705298	1	1.3549	1.0909	0.6766
1630	1303770705313	1	1.3549	1.0909	0.6766
1631	1303770705329	1	1.3549	1.0909	0.6766
1632	1303770705343	1	1.3549	1.0909	0.6766
1633	1303770705359	1	1.3549	1.0909	0.6766
1634	1303770705373	1	1.3549	1.0909	0.6766
1635	1303770705388	1	1.3549	1.0909	0.6766
1636	1303770705402	1	1.3549	1.0909	0.6766
1637	1303770705418	1	1.3549	1.0909	0.6766
1638	1303770705472	1	1.3549	1.0909	0.6766
1639	1303770705488	1	1.3549	1.0909	0.6766
1640	1303770705502	1	1.3549	1.0909	0.6766
1641	1303770705518	1	1.3549	1.0909	0.6766
1642	1303770705532	1	1.3549	1.0909	0.6766
1643	1303770705548	1	1.3549	1.0909	0.6766
1644	1303770705601	1	1.3549	1.0909	0.6766
1645	1303770705617	1	1.3549	1.0909	0.6766
1646	1303770705631	1	1.3549	1.0909	0.6766
1647	1303770705647	1	1.3549	1.0909	0.6766
1648	1303770705662	1	1.3549	1.0909	0.6766
1649	1303770705677	1	1.3549	1.0909	0.6766
1650	1303770705691	1	1.3549	1.0909	0.6766
1651	1303770705706	1	1.3549	1.0909	0.6766
1652	1303770705720	1	1.3549	1.0909	0.6766
1653	1303770705736	1	1.3549	1.0909	0.6766
1654	1303770705790	1	1.3549	1.0909	0.6766
1655	1303770705806	1	1.3549	1.0909	0.6766
1656	1303770705820	1	1.3549	1.0909	0.6766
1657	1303770705836	1	1.3549	1.0909	0.6766
1658	1303770705850	1	1.3549	1.0909	0.6766
1659	1303770705865	1	1.3549	1.0909	0.6766
1660	1303770705880	1	1.3549	1.0909	0.6766
1661	1303770705895	1	1.3549	1.0909	0.6766
1662	1303770705910	1	1.3549	1.0909	0.6766
1663	1303770705925	1	1.3549	1.0909	0.6766
1664	1303770705939	1	1.3549	1.0909	0.6766
1665	1303770705954	1	1.3549	1.0909	0.6766
1666	1303770705969	1	1.3549	1.0909	0.6766
1667	1303770705984	1	1.3549	1.0909	0.6766
1668	1303770705998	1	1.3549	1.0909	0.6766
1669	1303770706012	1	1.3549	1.0909	0.6766
1670	1303770706028	1	1.3549	1.0909	0.6766
1671	1303770706042	1	1.3549	1.0909	0.6766
1672	1303770706098	1	1.3549	1.0909	0.6766
1673	1303770706114	1	1.3549	1.0909	0.6766
1674	1303770706128	1	1.3549	1.0909	0.6766
1675	1303770706144	1	1.3549	1.0909	0.6766
1676	1303770706158	1	1.3549	1.0909	0.6766
1677	1303770706174	1	1.3549	1.0909	0.6766
1678	1303770706188	1	1.3549	1.0909	0.6766
1679	1303770706203	1	1.3549	1.0909	0.6766
1680	1303770706218	1	1.3549	1.0909	0.6766
1681	1303770706234	1	1.3549	1.0909	0.6766
1682	1303770706250	1	1.3549	1.0909	0.6766
1683	1303770706265	1	1.3549	1.0909	0.6766
1684	1303770706280	1	1.3549	1.0909	0.6766
1685	1303770706335	1	1.3549	1.0909	0.6766
1686	1303770706350	1	1.3549	1.0909	0.6766
1687	1303770706366	1	1.3549	1.0909	0.6766
1688	1303770706380	1	1.3549	1.0909	0.6766
1689	1303770706395	1	1.3549	1.0909	0.6766
1690	1303770706410	1	1.3549	1.0909	0.6766
1691	1303770706425	1	1.3549	1.0909	0.6766
1692	1303770706439	1	1.3549	1.0909	0.6766
1693	1303770706495	1	1.3549	1.0909	0.6766
1694	1303770706509	1	1.3549	1.0909	0.6766
1695	1303770706525	1	1.3549	1.0909	0.6766
1696	1303770706540	1	1.3549	1.0909	0.6766
1697	1303770706596	1	1.3549	1.0909	0.6766
1698	1303770706610	1	1.3549	1.0909	0.6766
1699	1303770706626	1	1.3549	1.0909	0.6766
1700	1303770706640	1	1.3549	1.0909	0.6766
1701	1303770706655	1	1.3549	1.0909	0.6766
1702	1303770706670	1	1.3549	1.0909	0.6766
1703	1303770706685	1	1.3549	1.0909	0.6766
1704	1303770706699	1	1.3549	1.0909	0.6766
1705	1303770706755	1	1.3549	1.0909	0.6766
1706	1303770706769	1	1.3549	1.0909	0.6766
1707	1303770706785	1	1.3549	1.0909	0.6766
1708	1303770706799	1	1.3549	1.0909	0.6766
1709	1303770706815	1	1.3549	1.0909	0.6766
1710	1303770706829	1	1.3549	1.0909	0.6766
1711	1303770706845	1	1.3549	1.0909	0.6766
1712	1303770706859	1	1.3549	1.0909	0.6766
1713	1303770706875	1	1.3549	1.0909	0.6766
1714	1303770706889	1	1.3549	1.0909	0.6766
1715	1303770706903	1	1.3549	1.0909	0.6766
1716	1303770706918	1	1.3549	1.0909	0.6766
1717	1303770706933	1	1.3549	1.0909	0.6766
1718	1303770706949	1	1.3549	1.0909	0.6766
1719	1303770706963	1	1.3549	1.0909	0.6766
1720	1303770706979	1	1.3549	1.0909	0.6766
1721	1303770706993	1	1.3549	1.0909	0.6766
1722	1303770707009	1	1.3549	1.0909	0.6766
1723	1303770707023	1	1.3549	1.0909	0.6766
1724	1303770707038	1	1.3549	1.0909	0.6766
1725	1303770707053	1	1.3549	1.0909	0.6766
1726	1303770707068	1	1.3549	1.0909	0.6766
1727	1303770707083	1	1.3549	1.0909	0.6766
1728	1303770707099	1	1.3549	1.0909	0.6766
1729	1303770707113	1	1.3549	1.0909	0.6766
1730	1303770707128	1	1.3549	1.0909	0.6766
1731	1303770707144	1	1.3549	1.0909	0.6766
1732	1303770707160	1	1.3549	1.0909	0.6766
1733	1303770707174	1	1.3549	1.0909	0.6766
1734	1303770707189	1	1.3549	1.0909	0.6766
1735	1303770707203	1	1.3549	1.0909	0.6766
1736	1303770707221	1	1.3549	1.0909	0.6766
1737	1303770707237	1	1.3549	1.0909	0.6766
1738	1303770707252	1	1.3549	1.0909	0.6766
1739	1303770707267	1	1.3549	1.0909	0.6766
1740	1303770707283	1	1.3549	1.0909	0.6766
1741	1303770707298	1	1.3549	1.0909	0.6766
1742	1303770707315	1	1.3549	1.0909	0.6766
1743	1303770707330	1	1.3549	1.0909	0.6766
1744	1303770707346	1	1.3549	1.0909	0.6766
1745	1303770707361	1	1.3549	1.0909	0.6766
1746	1303770707377	1	1.3549	1.0909	0.6766
1747	1303770707391	1	1.3549	1.0909	0.6766
1748	1303770707406	1	1.3549	1.0909	0.6766
1749	1303770707421	1	1.3549	1.0909	0.6766
1750	1303770707436	1	1.3549	1.0909	0.6766
1751	1303770707451	1	1.3549	1.0909	0.6766
1752	1303770707466	1	1.3549	1.0909	0.6766
1753	1303770707481	1	1.3549	1.0909	0.6766
1754	1303770707496	1	1.3549	1.0909	0.6766
1755	1303770707510	1	1.3549	1.0909	0.6766
1756	1303770707525	1	1.3549	1.0909	0.6766
1757	1303770707540	1	1.3549	1.0909	0.6766
1758	1303770707555	1	1.3549	1.0909	0.6766
1759	1303770707570	1	1.3549	1.0909	0.6766
1760	1303770707585	1	1.3549	1.0909	0.6766
1761	1303770707600	1	1.3549	1.0909	0.6766
1762	1303770707615	1	1.3549	1.0909	0.6766
1763	1303770707630	1	1.3549	1.0909	0.6766
1764	1303770707685	1	1.3549	1.0909	0.6766
1765	1303770707740	1	1.3549	1.0909	0.6766
1766	1303770707795	1	1.3549	1.0909	0.6766
1767	1303770707810	1	1.3549	1.0909	0.6766
1768	1303770707826	1	1.3549	1.0909	0.6766
1769	1303770707841	1	1.3549	1.0909	0.6766
1770	1303770707856	1	1.3549	1.0909	0.6766
1771	1303770707871	1	1.3549	1.0909	0.6766
1772	1303770707927	1	1.3549	1.0909	0.6766
1773	1303770707941	1	1.3549	1.0909	0.6766
1774	1303770707957	1	1.3549	1.0909	0.6766
1775	1303770707971	1	1.3549	1.0909	0.6766
1776	1303770707987	1	1.3549	1.0909	0.6766
1777	1303770708001	1	1.3549	1.0909	0.6766
1778	1303770708017	1	1.3549	1.0909	0.6766
1779	1303770708031	1	1.3549	1.0909	0.6766
1780	1303770708087	1	1.3549	1.0909	0.6766
1781	1303770708102	1	1.3549	1.0909	0.6766
1782	1303770708118	1	1.3549	1.0909	0.6766
1783	1303770708132	1	1.3549	1.0909	0.6766
1784	1303770708147	1	1.3549	1.0909	0.6766
1785	1303770708162	1	1.3549	1.0909	0.6766
1786	1303770708177	1	1.3549	1.0909	0.6766
1787	1303770708191	1	1.3549	1.0909	0.6766
1788	1303770708207	1	1.3549	1.0909	0.6766
1789	1303770708261	1	1.3549	1.0909	0.6766
1790	1303770708317	1	1.3549	1.0909	0.6766
1791	1303770708332	1	1.3549	1.0909	0.6766
1792	1303770708348	1	1.3549	1.0909	0.6766
1793	1303770708362	1	1.3549	1.0909	0.6766
1794	1303770708378	1	1.3549	1.0909	0.6766
1795	1303770708392	1	1.3549	1.0909	0.6766
1796	1303770708408	1	1.3549	1.0909	0.6766
1797	1303770708422	1	1.3549	1.0909	0.6766
1798	1303770708437	1	1.3549	1.0909	0.6766
1799	1303770708452	1	1.3549	1.0909	0.6766
1800	1303770708467	1	1.3549	1.0909	0.6766
