0	1303771036461	0	0	0	0
1	1303771036469	0	0	0	0
2	1303771036478	0	0	0	0
3	1303771036487	0	0	0	0
4	1303771036496	0	0	0	0
5	1303771036512	0	0	0	0
6	1303771036525	0	0	0	0
7	1303771036584	0	0	0	0
8	1303771036595	0	0	0	0
9	1303771036606	0	0	0	0
10	1303771036619	0	0	0	0
11	1303771036631	0	0	0	0
12	1303771036645	0	0	0	0
13	1303771036659	0	0	0	0
14	1303771036672	0	0	0	0
15	1303771036685	0	0	0	0
16	1303771036745	0	0	0	0
17	1303771036760	0	0	0	0
18	1303771036773	0	0	0	0
19	1303771036787	0	0	0	0
20	1303771036802	0	0	0	0
21	1303771036858	0	0	0	0
22	1303771036873	0	0	0	0
23	1303771036888	0	0	0	0
24	1303771036901	0	0	0	0
25	1303771036915	0	0	0	0
26	1303771036970	0	0	0	0
27	1303771036984	0	0	0	0
28	1303771037018	1	0	0	0
29	1303771037057	1	0	0	0
30	1303771037075	1	0	0	0
31	1303771037095	1	1.0244	0	0
32	1303771037120	1	1.0244	0	0
33	1303771037143	1	1.0244	0	0
34	1303771037166	1	1.0244	1.5	0.6508
35	1303771037189	1	1.0244	1.5	0.6508
36	1303771037212	1	1.0244	1.5	0.6508
37	1303771037233	1	1.0244	1.5	0.6508
38	1303771037257	1	1.0244	1.375	0.7099
39	1303771037322	1	1.0244	1.5	0.6508
40	1303771037346	1	1.0244	1.3333	0.7321
41	1303771037369	1	1.0244	1.5	0.6508
42	1303771037391	1	1.0244	1.5	0.6508
43	1303771037413	1	1.0244	1.0833	0.9011
44	1303771037434	1	1.0244	1.0833	0.9011
45	1303771037455	1	1.0244	1.1	0.8874
46	1303771037520	1	1.0244	1.0833	0.9011
47	1303771037541	1	1.0244	1.1667	0.8367
48	1303771037561	1	1.0244	1.0833	0.9011
49	1303771037582	1	1.0244	1.0833	0.9011
50	1303771037603	1	1.0244	1.0833	0.9011
51	1303771037624	1	1.0244	1.0833	0.9011
52	1303771037645	1	1.0244	1.1667	0.8367
53	1303771037665	1	1.0244	1.1667	0.8367
54	1303771037685	1	1.0244	1.1667	0.8367
55	1303771037706	1	1.0244	1.1667	0.8367
56	1303771037727	1	1.0244	1.1667	0.8367
57	1303771037748	1	1.0244	1.1667	0.8367
58	1303771037769	1	1.0244	1.1667	0.8367
59	1303771037789	1	1.0244	1.1429	0.8542
60	1303771037811	1	1.0244	1.1429	0.8542
61	1303771037832	1	1.0244	1.0714	0.9111
62	1303771037852	1	1.0244	1.0714	0.9111
63	1303771037872	1	1.0244	1.0714	0.9111
64	1303771037892	1	1.0244	1.0714	0.9111
65	1303771037912	1	1.0244	1.0714	0.9111
66	1303771037932	1	1.0244	1.1429	0.8542
67	1303771037952	1	1.0244	1.1429	0.8542
68	1303771037971	1	1.0244	1.1429	0.8542
69	1303771037991	1	1.0244	1.1875	0.822
70	1303771038011	1	1.0244	1.125	0.8677
71	1303771038031	1	1.0244	1.0625	0.9188
72	1303771038052	1	1.0244	1.0625	0.9188
73	1303771038072	1	1.0244	1.0625	0.9188
74	1303771038093	1	1.0244	1.0625	0.9188
75	1303771038113	1	1.0244	1.125	0.8677
76	1303771038134	1	1.0244	1.1667	0.8367
77	1303771038153	1	1.0244	1.125	0.8677
78	1303771038173	1	1.0244	1.0625	0.9188
79	1303771038194	1	1.0244	1.1667	0.8367
80	1303771038214	1	1.0244	1.1111	0.8786
81	1303771038234	1	1.0244	1.0556	0.9248
82	1303771038253	1	1.0244	1.0556	0.9248
83	1303771038274	1	1.0244	1.0556	0.9248
84	1303771038294	1	1.0244	1.0556	0.9248
85	1303771038313	1	1.0244	1.1111	0.8786
86	1303771038333	1	1.0244	1.1111	0.8786
87	1303771038353	1	1.0244	1.1111	0.8786
88	1303771038416	1	1.0244	1.1111	0.8786
89	1303771038436	1	1.0244	1.1111	0.8786
90	1303771038457	1	1.0244	1.1111	0.8786
91	1303771038477	1	1.0244	1.1111	0.8786
92	1303771038498	1	1.0042	1.1111	0.8962
93	1303771038519	1	1.0042	1.1111	0.8962
94	1303771038579	1	1.0042	1.1111	0.8962
95	1303771038597	1	1.0042	1.1111	0.8962
96	1303771038616	1	1.0042	1.1111	0.8962
97	1303771038633	1	1.0042	1.1111	0.8962
98	1303771038652	1	1.0042	1.1111	0.8962
99	1303771038671	1	1.0042	1.1111	0.8962
100	1303771038688	1	1.0042	1.1111	0.8962
101	1303771038705	1	1.0042	1.1111	0.8962
102	1303771038722	1	1.0042	1.1111	0.8962
103	1303771038741	1	1.0042	1.1111	0.8962
104	1303771038758	1	1.0042	1.15	0.8659
105	1303771038775	1	1.0042	1.1	0.9053
106	1303771038793	1	1.0042	1.1111	0.8962
107	1303771038811	1	1.0042	1.1111	0.8962
108	1303771038827	1	1.0042	1.1111	0.8962
109	1303771038844	1	1.0042	1.15	0.8659
110	1303771038862	1	1.0042	1.1111	0.8962
111	1303771038882	1	1.0042	1.15	0.8659
112	1303771038899	1	1.0042	1.15	0.8659
113	1303771038918	1	1.0042	1.1	0.9053
114	1303771038937	1	1.0042	1.1	0.9053
115	1303771038998	1	1.0042	1.1	0.9053
116	1303771039015	1	1.0042	1.05	0.9484
117	1303771039076	1	1.0042	1.0455	0.9525
118	1303771039095	1	1.0042	1.05	0.9484
119	1303771039155	1	1.0042	1.05	0.9484
120	1303771039174	1	1.0042	1.0455	0.9525
121	1303771039240	1	1.0042	1.0455	0.9525
122	1303771039299	1	1.0042	1.0455	0.9525
123	1303771039317	1	1.0042	1.0455	0.9525
124	1303771039336	1	1.0042	1.0455	0.9525
125	1303771039397	1	1.0042	1.0455	0.9525
126	1303771039416	1	1.0042	1.0909	0.9128
127	1303771039433	1	1.0042	1.0455	0.9525
128	1303771039451	1	1.0042	1.0455	0.9525
129	1303771039469	1	1.0042	1.0909	0.9128
130	1303771039487	1	1.0042	1.0455	0.9525
131	1303771039505	1	1.0042	1.0455	0.9525
132	1303771039523	1	1.0042	1.0909	0.9128
133	1303771039542	1	1.0042	1.0455	0.9525
134	1303771039561	1	1.0042	1.0455	0.9525
135	1303771039578	1	1.0042	1.0909	0.9128
136	1303771039641	1	1.0042	1.0455	0.9525
137	1303771039659	1	1.0042	1.0455	0.9525
138	1303771039720	1	1.0042	1.0909	0.9128
139	1303771039737	1	1.0042	1.0455	0.9525
140	1303771039756	1	1.0042	1.0455	0.9525
141	1303771039774	1	1.0042	1.0909	0.9128
142	1303771039793	1	1.0042	1.0909	0.9128
143	1303771039809	1	1.0042	1.0455	0.9525
144	1303771039827	1	1.0042	1.0455	0.9525
145	1303771039845	1	1.0042	1.0909	0.9128
146	1303771039863	1	1.0042	1.0455	0.9525
147	1303771039879	1	1.0042	1.0455	0.9525
148	1303771039897	1	1.0042	1.0909	0.9128
149	1303771039957	1	1.0042	1.0909	0.9128
150	1303771039976	1	1.0042	1.0455	0.9525
151	1303771039994	1	1.0042	1.0455	0.9525
152	1303771040011	1	1.0042	1.0909	0.9128
153	1303771040031	1	1.0019	1.0909	0.9149
154	1303771040052	1	1.0019	1.0455	0.9547
155	1303771040071	1	1.0019	1.0455	0.9547
156	1303771040090	1	1.0019	1.0909	0.9149
157	1303771040109	1	1.0019	1.0455	0.9547
158	1303771040125	1	1.0019	1.0455	0.9547
159	1303771040143	1	1.0019	1.0909	0.9149
160	1303771040161	1	1.0019	1.0455	0.9547
161	1303771040179	1	1.0019	1.0455	0.9547
162	1303771040196	1	1.0019	1.0909	0.9149
163	1303771040213	1	1.0019	1.0909	0.9149
164	1303771040231	1	1.0019	1.0455	0.9547
165	1303771040247	1	1.0019	1.0455	0.9547
166	1303771040265	1	1.0019	1.0909	0.9149
167	1303771040282	1	1.0019	1.0909	0.9149
168	1303771040300	1	1.0019	1.0455	0.9547
169	1303771040317	1	1.0019	1.0455	0.9547
170	1303771040335	1	1.0019	1.0909	0.9149
171	1303771040395	1	1.0019	1.0909	0.9149
172	1303771040414	1	1.0019	1.0455	0.9547
173	1303771040432	1	1.0019	1.0455	0.9547
174	1303771040450	1	1.0019	1.0909	0.9149
175	1303771040468	1	1.0019	1.0909	0.9149
176	1303771040486	1	1.0019	1.0455	0.9547
177	1303771040503	1	1.0019	1.0909	0.9149
178	1303771040521	1	1.0019	1.0909	0.9149
179	1303771040540	1	1.0019	1.0909	0.9149
180	1303771040557	1	1.0019	1.0455	0.9547
181	1303771040575	1	1.0019	1.0909	0.9149
182	1303771040593	1	1.0019	1.0909	0.9149
183	1303771040611	1	1.0019	1.0909	0.9149
184	1303771040628	1	1.0019	1.0455	0.9547
185	1303771040646	1	1.0019	1.0909	0.9149
186	1303771040707	1	1.0019	1.0909	0.9149
187	1303771040725	1	1.0019	1.0909	0.9149
188	1303771040742	1	1.0019	1.0455	0.9547
189	1303771040760	1	1.0019	1.0909	0.9149
190	1303771040778	1	1.0019	1.0909	0.9149
191	1303771040796	1	1.0019	1.0909	0.9149
192	1303771040813	1	1.0019	1.0455	0.9547
193	1303771040830	1	1.0019	1.0909	0.9149
194	1303771040848	1	1.0019	1.0909	0.9149
195	1303771040866	1	1.0019	1.0909	0.9149
196	1303771040883	1	1.0019	1.0455	0.9547
197	1303771040900	1	1.0019	1.0909	0.9149
198	1303771040962	1	1.0019	1.0909	0.9149
199	1303771040980	1	1.0019	1.0455	0.9547
200	1303771040997	1	1.0019	1.0455	0.9547
201	1303771041016	1	1.0019	1.0909	0.9149
202	1303771041034	1	1.0019	1.0909	0.9149
203	1303771041051	1	1.0019	1.0455	0.9547
204	1303771041069	1	1.0019	1.0455	0.9547
205	1303771041086	1	1.0019	1.0909	0.9149
206	1303771041105	1	1.0019	1.0909	0.9149
207	1303771041123	1	1.0019	1.0455	0.9547
208	1303771041141	1	1.0019	1.0455	0.9547
209	1303771041159	1	1.0019	1.0909	0.9149
210	1303771041176	1	1.0019	1.0909	0.9149
211	1303771041235	1	1.0019	1.0455	0.9547
212	1303771041253	1	1.0019	1.0455	0.9547
213	1303771041272	1	1.0019	1.0909	0.9149
214	1303771041291	1	1.0007	1.0909	0.916
215	1303771041311	1	1.0007	1.0455	0.9559
216	1303771041372	1	1.0007	1.0455	0.9559
217	1303771041388	1	1.0007	1.0909	0.9161
218	1303771041406	1	1.0007	1.0909	0.9161
219	1303771041424	1	1.0007	1.0455	0.9559
220	1303771041485	1	1.0007	1.0455	0.9559
221	1303771041545	1	1.0007	1.0909	0.9161
222	1303771041562	1	1.0007	1.0909	0.9161
223	1303771041627	1	3.3168	1.0455	0.2884
224	1303771041645	1	3.3168	1.0455	0.2884
225	1303771041662	1	3.3168	1.0909	0.2764
226	1303771041680	1	3.3168	1.0909	0.2764
227	1303771041699	1	3.3168	1.0455	0.2884
228	1303771041717	1	3.3168	1.0455	0.2884
229	1303771041733	1	3.3168	1.0909	0.2764
230	1303771041752	1	3.3168	1.0909	0.2764
231	1303771041770	1	3.3168	1.0455	0.2884
232	1303771041787	1	3.3168	1.0455	0.2884
233	1303771041806	1	3.3168	1.0909	0.2764
234	1303771041825	1	3.3168	1.0909	0.2764
235	1303771041843	1	3.3168	1.0455	0.2884
236	1303771041861	1	3.3168	1.0455	0.2884
237	1303771041879	1	3.3168	1.0909	0.2764
238	1303771041898	1	3.3168	1.0909	0.2764
239	1303771041917	1	3.3168	1.0455	0.2884
240	1303771041934	1	3.3168	1.0455	0.2884
241	1303771041952	1	3.3168	1.0909	0.2764
242	1303771041970	1	3.3168	1.0909	0.2764
243	1303771041988	1	3.3168	1.0455	0.2884
244	1303771042006	1	3.3168	1.0455	0.2884
245	1303771042025	1	3.3168	1.0909	0.2764
246	1303771042043	1	3.3168	1.0909	0.2764
247	1303771042061	1	3.3168	1.0455	0.2884
248	1303771042079	1	3.3168	1.0455	0.2884
249	1303771042144	1	3.3168	1.0909	0.2764
250	1303771042163	1	3.3168	1.0909	0.2764
251	1303771042181	1	3.3168	1.0455	0.2884
252	1303771042201	1	3.3168	1.0455	0.2884
253	1303771042221	1	3.3168	1.0909	0.2764
254	1303771042240	1	3.3168	1.0909	0.2764
255	1303771042257	1	3.3168	1.0455	0.2884
256	1303771042276	1	3.3168	1.0455	0.2884
257	1303771042294	1	3.3168	1.0909	0.2764
258	1303771042312	1	3.3168	1.0909	0.2764
259	1303771042329	1	3.3168	1.0455	0.2884
260	1303771042347	1	3.3168	1.0455	0.2884
261	1303771042364	1	3.3168	1.0909	0.2764
262	1303771042382	1	3.3168	1.0909	0.2764
263	1303771042400	1	3.3168	1.0455	0.2884
264	1303771042461	1	3.3168	1.0455	0.2884
265	1303771042479	1	3.3168	1.0909	0.2764
266	1303771042495	1	3.3168	1.0909	0.2764
267	1303771042514	1	3.3168	1.0455	0.2884
268	1303771042576	1	3.3168	1.0455	0.2884
269	1303771042596	1	3.3168	1.0909	0.2764
270	1303771042615	1	3.3168	1.0909	0.2764
271	1303771042632	1	3.3168	1.0455	0.2884
272	1303771042650	1	3.3168	1.0455	0.2884
273	1303771042668	1	3.3168	1.0909	0.2764
274	1303771042685	1	3.3168	1.0909	0.2764
275	1303771042747	1	3.3186	1.0455	0.2882
276	1303771042767	1	3.3186	1.0455	0.2882
277	1303771042786	1	3.3186	1.0909	0.2762
278	1303771042804	1	3.3186	1.0909	0.2762
279	1303771042822	1	3.3186	1.0455	0.2882
280	1303771042839	1	3.3186	1.0455	0.2882
281	1303771042857	1	3.3186	1.0909	0.2762
282	1303771042875	1	3.3186	1.0909	0.2762
283	1303771042893	1	3.3186	1.0455	0.2882
284	1303771042912	1	3.3186	1.0455	0.2882
285	1303771042930	1	3.3186	1.0909	0.2762
286	1303771042948	1	3.3186	1.0909	0.2762
287	1303771042965	1	3.3186	1.0455	0.2882
288	1303771042983	1	3.3186	1.0455	0.2882
289	1303771043002	1	3.3186	1.0909	0.2762
290	1303771043020	1	3.3186	1.0909	0.2762
291	1303771043042	1	3.3186	1.0455	0.2882
292	1303771043060	1	3.3186	1.0455	0.2882
293	1303771043078	1	3.3186	1.0909	0.2762
294	1303771043095	1	3.3186	1.0909	0.2762
295	1303771043114	1	3.3186	1.0455	0.2882
296	1303771043133	1	3.3186	1.0455	0.2882
297	1303771043151	1	3.3186	1.0909	0.2762
298	1303771043211	1	2.6629	1.0909	0.3442
299	1303771043229	1	2.6629	1.0455	0.3592
300	1303771043248	1	2.6629	1.0455	0.3592
301	1303771043267	1	2.6629	1.0909	0.3442
302	1303771043284	1	2.6629	1.0909	0.3442
303	1303771043303	1	2.6629	1.0455	0.3592
304	1303771043365	1	2.6629	1.0455	0.3592
305	1303771043384	1	2.6629	1.0909	0.3442
306	1303771043445	1	2.6629	1.0909	0.3442
307	1303771043505	1	2.6629	1.0455	0.3592
308	1303771043523	1	2.6629	1.0455	0.3592
309	1303771043541	1	2.6629	1.0909	0.3442
310	1303771043560	1	2.6629	1.0909	0.3442
311	1303771043576	1	2.6629	1.0455	0.3592
312	1303771043595	1	2.6629	1.0455	0.3592
313	1303771043613	1	2.6629	1.0909	0.3442
314	1303771043630	1	2.6629	1.0909	0.3442
315	1303771043648	1	2.6629	1.0455	0.3592
316	1303771043666	1	2.6629	1.0455	0.3592
317	1303771043684	1	2.6629	1.0909	0.3442
318	1303771043759	1	2.6629	1.0909	0.3442
319	1303771043778	1	2.6629	1.0455	0.3592
320	1303771043797	1	2.6629	1.0455	0.3592
321	1303771043828	1	2.6629	1.0909	0.3442
322	1303771043845	1	2.6629	1.0909	0.3442
323	1303771043864	1	2.6629	1.0455	0.3592
324	1303771043925	1	2.6629	1.0455	0.3592
325	1303771043944	1	2.6629	1.0909	0.3442
326	1303771043961	1	2.6629	1.0909	0.3442
327	1303771043979	1	2.6629	1.0455	0.3592
328	1303771043998	1	2.6629	1.0455	0.3592
329	1303771044058	1	2.6629	1.0909	0.3442
330	1303771044077	1	2.6629	1.0909	0.3442
331	1303771044096	1	2.6629	1.0455	0.3592
332	1303771044115	1	2.6629	1.0455	0.3592
333	1303771044196	1	2.6629	1.0909	0.3442
334	1303771044215	1	2.6629	1.0909	0.3442
335	1303771044233	1	2.6629	1.0455	0.3592
336	1303771044254	1	2.6629	1.0455	0.3592
337	1303771044275	1	2.663	1.0909	0.3442
338	1303771044294	1	2.663	1.0909	0.3442
339	1303771044312	1	2.663	1.0455	0.3592
340	1303771044330	1	2.663	1.0455	0.3592
341	1303771044349	1	2.663	1.0909	0.3442
342	1303771044373	1	2.663	1.0909	0.3442
343	1303771044433	1	2.663	1.0455	0.3592
344	1303771044452	1	2.663	1.0455	0.3592
345	1303771044478	1	2.663	1.0909	0.3442
346	1303771044497	1	2.663	1.0909	0.3442
347	1303771044519	1	2.663	1.0455	0.3592
348	1303771044537	1	2.663	1.0455	0.3592
349	1303771044556	1	2.663	1.0909	0.3442
350	1303771044574	1	2.663	1.0909	0.3442
351	1303771044592	1	2.663	1.0455	0.3592
352	1303771044610	1	2.663	1.0455	0.3592
353	1303771044628	1	2.663	1.0909	0.3442
354	1303771044692	1	2.663	1.0909	0.3442
355	1303771044709	1	2.663	1.0455	0.3592
356	1303771044728	1	2.663	1.0455	0.3592
357	1303771044746	1	2.663	1.0909	0.3442
358	1303771044764	1	2.663	1.0909	0.3442
359	1303771044782	1	2.663	1.0455	0.3592
360	1303771044802	1	2.663	1.0455	0.3592
361	1303771044821	1	2.663	1.0909	0.3442
362	1303771044882	1	2.663	1.0909	0.3442
363	1303771044943	1	2.663	1.0455	0.3592
364	1303771044961	1	2.663	1.0455	0.3592
365	1303771045022	1	2.663	1.0909	0.3442
366	1303771045040	1	2.663	1.0909	0.3442
367	1303771045057	1	2.663	1.0455	0.3592
368	1303771045145	1	2.663	1.0455	0.3592
369	1303771045207	1	2.663	1.0909	0.3442
370	1303771045225	1	2.663	1.0909	0.3442
371	1303771045243	1	2.663	1.0455	0.3592
372	1303771045263	1	2.663	1.0455	0.3592
373	1303771045282	1	2.663	1.0909	0.3442
374	1303771045299	1	2.663	1.0909	0.3442
375	1303771045318	1	2.663	1.0455	0.3592
376	1303771045336	1	2.663	1.0455	0.3592
377	1303771045354	1	2.663	1.0909	0.3442
378	1303771045371	1	2.663	1.0909	0.3442
379	1303771045389	1	2.663	1.0455	0.3592
380	1303771045408	1	2.663	1.0455	0.3592
381	1303771045426	1	2.663	1.0909	0.3442
382	1303771045443	1	2.663	1.0909	0.3442
383	1303771045460	1	2.663	1.0455	0.3592
384	1303771045479	1	2.663	1.0455	0.3592
385	1303771045539	1	2.663	1.0909	0.3442
386	1303771045556	1	2.663	1.0909	0.3442
387	1303771045574	1	2.663	1.0455	0.3592
388	1303771045593	1	2.663	1.0455	0.3592
389	1303771045653	1	2.663	1.0909	0.3442
390	1303771045670	1	2.663	1.0909	0.3442
391	1303771045688	1	2.663	1.0455	0.3592
392	1303771045707	1	2.663	1.0455	0.3592
393	1303771045724	1	2.663	1.0909	0.3442
394	1303771045743	1	2.663	1.0909	0.3442
395	1303771045761	1	2.663	1.0455	0.3592
396	1303771045779	1	2.663	1.0455	0.3592
397	1303771045798	1	2.663	1.0909	0.3442
398	1303771045817	1	2.6628	1.0909	0.3442
399	1303771045835	1	2.6628	1.0455	0.3592
400	1303771045853	1	2.6628	1.0455	0.3592
401	1303771045913	1	2.6628	1.0909	0.3442
402	1303771045931	1	2.6628	1.0909	0.3442
403	1303771045949	1	2.6628	1.0455	0.3592
404	1303771045967	1	2.6628	1.0455	0.3592
405	1303771045985	1	2.6628	1.0909	0.3442
406	1303771046003	1	2.6628	1.0909	0.3442
407	1303771046021	1	2.6628	1.0455	0.3592
408	1303771046039	1	2.6628	1.0455	0.3592
409	1303771046056	1	2.6628	1.0909	0.3442
410	1303771046075	1	2.6628	1.0909	0.3442
411	1303771046093	1	2.6628	1.0455	0.3592
412	1303771046110	1	2.6628	1.0455	0.3592
413	1303771046127	1	2.6628	1.0909	0.3442
414	1303771046146	1	2.6628	1.0909	0.3442
415	1303771046164	1	2.6628	1.0455	0.3592
416	1303771046182	1	2.6628	1.0455	0.3592
417	1303771046199	1	2.6628	1.0909	0.3442
418	1303771046218	1	2.6628	1.0909	0.3442
419	1303771046236	1	2.6628	1.0455	0.3592
420	1303771046254	1	2.6628	1.0455	0.3592
421	1303771046274	1	2.6628	1.0909	0.3442
422	1303771046292	1	2.6628	1.0909	0.3442
423	1303771046310	1	2.6628	1.0455	0.3592
424	1303771046327	1	2.6628	1.0455	0.3592
425	1303771046345	1	2.6628	1.0909	0.3442
426	1303771046363	1	2.6628	1.0909	0.3442
427	1303771046381	1	2.6628	1.0455	0.3592
428	1303771046441	1	2.6628	1.0455	0.3592
429	1303771046500	1	2.6628	1.0909	0.3442
430	1303771046518	1	2.6628	1.0909	0.3442
431	1303771046536	1	2.6628	1.0455	0.3592
432	1303771046554	1	2.6628	1.0455	0.3592
433	1303771046572	1	2.6628	1.0909	0.3442
434	1303771046635	1	2.6628	1.0909	0.3442
435	1303771046654	1	2.6628	1.0455	0.3592
436	1303771046672	1	2.6628	1.0455	0.3592
437	1303771046691	1	2.6628	1.0909	0.3442
438	1303771046709	1	2.6628	1.0909	0.3442
439	1303771046727	1	2.6628	1.0455	0.3592
440	1303771046744	1	2.6628	1.0455	0.3592
441	1303771046762	1	2.6628	1.0909	0.3442
442	1303771046780	1	2.6628	1.0909	0.3442
443	1303771046797	1	2.6628	1.0455	0.3592
444	1303771046816	1	2.6628	1.0455	0.3592
445	1303771046835	1	2.6628	1.0909	0.3442
446	1303771046853	1	2.6628	1.0909	0.3442
447	1303771046870	1	2.6628	1.0455	0.3592
448	1303771046888	1	2.6628	1.0455	0.3592
449	1303771046906	1	2.6628	1.0909	0.3442
450	1303771046972	1	2.6628	1.0909	0.3442
451	1303771046989	1	2.6628	1.0455	0.3592
452	1303771047007	1	2.6628	1.0455	0.3592
453	1303771047025	1	2.6628	1.0909	0.3442
454	1303771047043	1	2.6628	1.0909	0.3442
455	1303771047060	1	2.6628	1.0455	0.3592
456	1303771047078	1	2.6628	1.0455	0.3592
457	1303771047096	1	2.6628	1.0909	0.3442
458	1303771047171	1	2.6628	1.0909	0.3443
459	1303771047189	1	2.6628	1.0455	0.3592
460	1303771047271	1	2.665	1.0455	0.3589
461	1303771047290	1	2.665	1.0909	0.344
462	1303771047362	1	2.665	1.0909	0.344
463	1303771047379	1	2.665	1.0455	0.3589
464	1303771047398	1	2.665	1.0455	0.3589
465	1303771047416	1	2.665	1.0909	0.344
466	1303771047434	1	2.665	1.0909	0.344
467	1303771047451	1	2.665	1.0455	0.3589
468	1303771047469	1	2.665	1.0455	0.3589
469	1303771047488	1	2.665	1.0909	0.344
470	1303771047507	1	2.665	1.0909	0.344
471	1303771047524	1	2.665	1.0455	0.3589
472	1303771047542	1	2.665	1.0455	0.3589
473	1303771047560	1	2.665	1.0909	0.344
474	1303771047578	1	2.665	1.0909	0.344
475	1303771047595	1	2.665	1.0455	0.3589
476	1303771047615	1	2.665	1.0455	0.3589
477	1303771047677	1	2.665	1.0909	0.344
478	1303771047695	1	2.665	1.0909	0.344
479	1303771047755	1	2.665	1.0455	0.3589
480	1303771047816	1	2.665	1.0455	0.3589
481	1303771047834	1	2.665	1.0909	0.344
482	1303771047852	1	2.665	1.0909	0.344
483	1303771047869	1	2.665	1.0455	0.3589
484	1303771047888	1	2.665	1.0455	0.3589
485	1303771047907	1	2.665	1.0909	0.344
486	1303771047925	1	2.665	1.0909	0.344
487	1303771047942	1	2.665	1.0455	0.3589
488	1303771047960	1	2.665	1.0455	0.3589
489	1303771047979	1	2.665	1.0909	0.344
490	1303771047996	1	2.665	1.0909	0.344
491	1303771048013	1	2.665	1.0455	0.3589
492	1303771048032	1	2.665	1.0455	0.3589
493	1303771048050	1	2.665	1.0909	0.344
494	1303771048067	1	2.665	1.0909	0.344
495	1303771048087	1	2.665	1.0455	0.3589
496	1303771048106	1	2.665	1.0455	0.3589
497	1303771048124	1	2.665	1.0909	0.344
498	1303771048142	1	2.665	1.0909	0.344
499	1303771048161	1	2.665	1.0455	0.3589
500	1303771048179	1	2.665	1.0455	0.3589
501	1303771048197	1	2.665	1.0909	0.344
502	1303771048214	1	2.665	1.0909	0.344
503	1303771048233	1	2.665	1.0455	0.3589
504	1303771048251	1	2.665	1.0455	0.3589
505	1303771048269	1	2.665	1.0909	0.344
506	1303771048287	1	2.665	1.0909	0.344
507	1303771048306	1	2.665	1.0455	0.3589
508	1303771048325	1	2.665	1.0455	0.3589
509	1303771048344	1	2.665	1.0909	0.344
510	1303771048361	1	2.665	1.0909	0.344
511	1303771048380	1	2.665	1.0455	0.3589
512	1303771048398	1	2.665	1.0455	0.3589
513	1303771048416	1	2.665	1.0909	0.344
514	1303771048434	1	2.665	1.0909	0.344
515	1303771048452	1	2.665	1.0455	0.3589
516	1303771048470	1	2.665	1.0455	0.3589
517	1303771048487	1	2.665	1.0909	0.344
518	1303771048505	1	2.665	1.0909	0.344
519	1303771048525	1	2.665	1.0455	0.3589
520	1303771048544	1	2.665	1.0455	0.3589
521	1303771048563	1	2.665	1.0909	0.344
522	1303771048625	1	2.665	1.0909	0.344
523	1303771048643	1	2.665	1.0455	0.3589
524	1303771048662	1	2.665	1.0455	0.3589
525	1303771048679	1	2.665	1.0909	0.344
526	1303771048696	1	2.665	1.0909	0.344
527	1303771048758	1	2.665	1.0455	0.3589
528	1303771048777	1	2.665	1.0455	0.3589
529	1303771048796	1	2.665	1.0909	0.344
530	1303771048814	1	2.665	1.0909	0.344
531	1303771048875	1	2.665	1.0455	0.3589
532	1303771048894	1	2.665	1.0455	0.3589
533	1303771048912	1	2.665	1.0909	0.344
534	1303771048929	1	2.665	1.0909	0.344
535	1303771048947	1	2.665	1.0455	0.3589
536	1303771048965	1	2.665	1.0455	0.3589
537	1303771048982	1	2.665	1.0909	0.344
538	1303771049000	1	2.665	1.0909	0.344
539	1303771049018	1	2.665	1.0455	0.3589
540	1303771049037	1	2.665	1.0455	0.3589
541	1303771049054	1	2.665	1.0909	0.344
542	1303771049072	1	2.665	1.0909	0.344
543	1303771049090	1	2.665	1.0455	0.3589
544	1303771049151	1	2.665	1.0455	0.3589
545	1303771049169	1	2.665	1.0909	0.344
546	1303771049189	1	2.665	1.0909	0.344
547	1303771049208	1	2.665	1.0455	0.3589
548	1303771049227	1	2.665	1.0455	0.3589
549	1303771049244	1	2.665	1.0909	0.344
550	1303771049262	1	2.665	1.0909	0.344
551	1303771049281	1	2.665	1.0455	0.3589
552	1303771049299	1	2.665	1.0455	0.3589
553	1303771049359	1	2.665	1.0909	0.344
554	1303771049377	1	2.665	1.0909	0.344
555	1303771049396	1	2.665	1.0455	0.3589
556	1303771049414	1	2.665	1.0455	0.3589
557	1303771049431	1	2.665	1.0909	0.344
558	1303771049449	1	2.665	1.0909	0.344
559	1303771049467	1	2.665	1.0455	0.3589
560	1303771049485	1	2.665	1.0455	0.3589
561	1303771049503	1	2.665	1.0909	0.344
562	1303771049563	1	2.665	1.0909	0.344
563	1303771049581	1	2.665	1.0455	0.3589
564	1303771049598	1	2.665	1.0455	0.3589
565	1303771049616	1	2.665	1.0909	0.344
566	1303771049681	1	2.665	1.0909	0.344
567	1303771049699	1	2.665	1.0455	0.3589
568	1303771049717	1	2.665	1.0455	0.3589
569	1303771049734	1	2.665	1.0909	0.344
570	1303771049752	1	2.665	1.0909	0.344
571	1303771049770	1	2.665	1.0455	0.3589
572	1303771049787	1	2.665	1.0455	0.3589
573	1303771049806	1	2.665	1.0909	0.344
574	1303771049868	1	2.665	1.0909	0.344
575	1303771049886	1	2.665	1.0455	0.3589
576	1303771049952	1	2.665	1.0455	0.3589
577	1303771049969	1	2.665	1.0909	0.344
578	1303771049987	1	2.665	1.0909	0.344
579	1303771050006	1	2.665	1.0455	0.3589
580	1303771050026	1	2.665	1.0455	0.3589
581	1303771050091	1	2.665	1.0909	0.344
582	1303771050111	1	2.665	1.0909	0.344
583	1303771050130	1	2.6628	1.0455	0.3592
584	1303771050149	1	2.6628	1.0455	0.3592
585	1303771050166	1	2.6628	1.0909	0.3443
586	1303771050185	1	2.6628	1.0909	0.3443
587	1303771050204	1	2.6628	1.0455	0.3592
588	1303771050222	1	2.6628	1.0455	0.3592
589	1303771050239	1	2.6628	1.0909	0.3443
590	1303771050258	1	2.6628	1.0909	0.3443
591	1303771050276	1	2.6628	1.0455	0.3592
592	1303771050294	1	2.6628	1.0455	0.3592
593	1303771050311	1	2.6628	1.0909	0.3443
594	1303771050329	1	2.6628	1.0909	0.3443
595	1303771050347	1	2.6628	1.0455	0.3592
596	1303771050364	1	2.6628	1.0455	0.3592
597	1303771050382	1	2.6628	1.0909	0.3443
598	1303771050401	1	2.6628	1.0909	0.3443
599	1303771050419	1	2.6628	1.0455	0.3592
600	1303771050437	1	2.6628	1.0455	0.3592
601	1303771050456	1	2.6628	1.0909	0.3443
602	1303771050474	1	2.6628	1.0909	0.3443
603	1303771050493	1	2.6628	1.0455	0.3592
604	1303771050510	1	2.6628	1.0455	0.3592
605	1303771050530	1	2.6628	1.0909	0.3443
606	1303771050548	1	2.6628	1.0909	0.3443
607	1303771050566	1	2.6628	1.0455	0.3592
608	1303771050584	1	2.6628	1.0455	0.3592
609	1303771050602	1	2.6628	1.0909	0.3443
610	1303771050620	1	2.6628	1.0909	0.3443
611	1303771050684	1	2.6628	1.0455	0.3592
612	1303771050702	1	2.6628	1.0455	0.3592
613	1303771050722	1	2.6628	1.0909	0.3443
614	1303771050741	1	2.6628	1.0909	0.3443
615	1303771050758	1	2.6628	1.0455	0.3592
616	1303771050777	1	2.6628	1.0455	0.3592
617	1303771050796	1	2.6628	1.0909	0.3443
618	1303771050815	1	2.6628	1.0909	0.3443
619	1303771050833	1	2.6628	1.0455	0.3592
620	1303771050852	1	2.6628	1.0455	0.3592
621	1303771050872	1	2.6628	1.0909	0.3443
622	1303771050890	1	2.6628	1.0909	0.3443
623	1303771050908	1	2.6628	1.0455	0.3592
624	1303771050926	1	2.6628	1.0455	0.3592
625	1303771050944	1	2.6628	1.0909	0.3443
626	1303771050961	1	2.6628	1.0909	0.3443
627	1303771050979	1	2.6628	1.0455	0.3592
628	1303771050997	1	2.6628	1.0455	0.3592
629	1303771051059	1	2.6628	1.0909	0.3443
630	1303771051120	1	2.6628	1.0909	0.3443
631	1303771051138	1	2.6628	1.0455	0.3592
632	1303771051156	1	2.6628	1.0455	0.3592
633	1303771051174	1	2.6628	1.0909	0.3443
634	1303771051236	1	2.6628	1.0909	0.3443
635	1303771051254	1	2.6628	1.0455	0.3592
636	1303771051273	1	2.6628	1.0455	0.3592
637	1303771051292	1	2.6628	1.0909	0.3443
638	1303771051309	1	2.6628	1.0909	0.3443
639	1303771051329	1	2.6628	1.0455	0.3592
640	1303771051348	1	2.6628	1.0455	0.3592
641	1303771051368	1	2.6628	1.0909	0.3443
642	1303771051388	1	2.6628	1.0909	0.3443
643	1303771051406	1	2.6628	1.0455	0.3592
644	1303771051424	1	2.6628	1.0455	0.3592
645	1303771051442	1	2.6628	1.0909	0.3443
646	1303771051460	1	2.6628	1.0909	0.3443
647	1303771051477	1	2.6628	1.0455	0.3592
648	1303771051496	1	2.6628	1.0455	0.3592
649	1303771051514	1	2.6628	1.0909	0.3443
650	1303771051532	1	2.6628	1.0909	0.3443
651	1303771051549	1	2.6628	1.0455	0.3592
652	1303771051566	1	2.6628	1.0455	0.3592
653	1303771051585	1	2.6628	1.0909	0.3443
654	1303771051644	1	2.6628	1.0909	0.3443
655	1303771051662	1	2.6628	1.0455	0.3592
656	1303771051680	1	2.6628	1.0455	0.3592
657	1303771051699	1	2.6628	1.0909	0.3443
658	1303771051717	1	2.6628	1.0909	0.3443
659	1303771051734	1	2.6628	1.0455	0.3592
660	1303771051753	1	2.6628	1.0455	0.3592
661	1303771051815	1	2.6628	1.0909	0.3443
662	1303771051832	1	2.6628	1.0909	0.3443
663	1303771051850	1	2.6628	1.0455	0.3592
664	1303771051869	1	2.6628	1.0455	0.3592
665	1303771051887	1	2.6628	1.0909	0.3443
666	1303771051903	1	2.6628	1.0909	0.3443
667	1303771051921	1	2.6628	1.0455	0.3592
668	1303771051940	1	2.6628	1.0455	0.3592
669	1303771051958	1	2.6628	1.0909	0.3443
670	1303771051976	1	2.6628	1.0909	0.3443
671	1303771051994	1	2.6628	1.0455	0.3592
672	1303771052013	1	2.6628	1.0455	0.3592
673	1303771052029	1	2.6628	1.0909	0.3443
674	1303771052047	1	2.6628	1.0909	0.3443
675	1303771052065	1	2.6628	1.0455	0.3592
676	1303771052084	1	2.6628	1.0455	0.3592
677	1303771052149	1	2.6628	1.0909	0.3443
678	1303771052168	1	2.6628	1.0909	0.3443
679	1303771052229	1	2.6628	1.0455	0.3592
680	1303771052247	1	2.6628	1.0455	0.3592
681	1303771052265	1	2.6628	1.0909	0.3443
682	1303771052284	1	2.6628	1.0909	0.3443
683	1303771052303	1	2.6628	1.0455	0.3592
684	1303771052321	1	2.6628	1.0455	0.3592
685	1303771052338	1	2.6628	1.0909	0.3443
686	1303771052357	1	2.6628	1.0909	0.3443
687	1303771052375	1	2.6628	1.0455	0.3592
688	1303771052394	1	2.6628	1.0455	0.3592
689	1303771052411	1	2.6628	1.0909	0.3443
690	1303771052429	1	2.6628	1.0909	0.3443
691	1303771052447	1	2.6628	1.0455	0.3592
692	1303771052464	1	2.6628	1.0455	0.3592
693	1303771052482	1	2.6628	1.0909	0.3443
694	1303771052500	1	2.6628	1.0909	0.3443
695	1303771052518	1	2.6628	1.0455	0.3592
696	1303771052535	1	2.6628	1.0455	0.3592
697	1303771052554	1	2.6628	1.0909	0.3443
698	1303771052572	1	2.6628	1.0909	0.3443
699	1303771052590	1	2.6628	1.0455	0.3592
700	1303771052607	1	2.6628	1.0455	0.3592
701	1303771052626	1	2.6628	1.0909	0.3443
702	1303771052646	1	2.6628	1.0909	0.3443
703	1303771052665	1	2.6628	1.0455	0.3592
704	1303771052725	1	2.665	1.0455	0.3589
705	1303771052743	1	2.665	1.0909	0.344
706	1303771052762	1	2.665	1.0909	0.344
707	1303771052781	1	2.665	1.0455	0.3589
708	1303771052842	1	2.665	1.0455	0.3589
709	1303771052859	1	2.665	1.0909	0.344
710	1303771052877	1	2.665	1.0909	0.344
711	1303771052938	1	2.665	1.0455	0.3589
712	1303771052956	1	2.665	1.0455	0.3589
713	1303771053016	1	2.665	1.0909	0.344
714	1303771053034	1	2.665	1.0909	0.344
715	1303771053053	1	2.665	1.0455	0.3589
716	1303771053072	1	2.665	1.0455	0.3589
717	1303771053089	1	2.665	1.0909	0.344
718	1303771053108	1	2.665	1.0909	0.344
719	1303771053126	1	2.665	1.0455	0.3589
720	1303771053144	1	2.665	1.0455	0.3589
721	1303771053161	1	2.665	1.0909	0.344
722	1303771053181	1	2.665	1.0909	0.344
723	1303771053200	1	2.665	1.0455	0.3589
724	1303771053216	1	2.665	1.0455	0.3589
725	1303771053235	1	2.665	1.0909	0.344
726	1303771053252	1	2.665	1.0909	0.344
727	1303771053271	1	2.665	1.0455	0.3589
728	1303771053288	1	2.665	1.0455	0.3589
729	1303771053307	1	2.665	1.0909	0.344
730	1303771053325	1	2.665	1.0909	0.344
731	1303771053344	1	2.665	1.0455	0.3589
732	1303771053361	1	2.665	1.0455	0.3589
733	1303771053421	1	2.665	1.0909	0.344
734	1303771053440	1	2.665	1.0909	0.344
735	1303771053459	1	2.665	1.0455	0.3589
736	1303771053476	1	2.665	1.0455	0.3589
737	1303771053494	1	2.665	1.0909	0.344
738	1303771053514	1	2.665	1.0909	0.344
739	1303771053533	1	2.665	1.0455	0.3589
740	1303771053551	1	2.665	1.0455	0.3589
741	1303771053569	1	2.665	1.0909	0.344
742	1303771053588	1	2.665	1.0909	0.344
743	1303771053605	1	2.665	1.0455	0.3589
744	1303771053623	1	2.665	1.0455	0.3589
745	1303771053642	1	2.665	1.0909	0.344
746	1303771053660	1	2.665	1.0909	0.344
747	1303771053720	1	2.665	1.0455	0.3589
748	1303771053738	1	2.665	1.0455	0.3589
749	1303771053757	1	2.665	1.0909	0.344
750	1303771053776	1	2.665	1.0909	0.344
751	1303771053793	1	2.665	1.0455	0.3589
752	1303771053811	1	2.665	1.0455	0.3589
753	1303771053829	1	2.665	1.0909	0.344
754	1303771053847	1	2.665	1.0909	0.344
755	1303771053864	1	2.665	1.0455	0.3589
756	1303771053882	1	2.665	1.0455	0.3589
757	1303771053901	1	2.665	1.0909	0.344
758	1303771053919	1	2.665	1.0909	0.344
759	1303771053936	1	2.665	1.0455	0.3589
760	1303771053954	1	2.665	1.0455	0.3589
761	1303771053973	1	2.665	1.0909	0.344
762	1303771053990	1	2.665	1.0909	0.344
763	1303771054009	1	2.665	1.0455	0.3589
764	1303771054028	1	2.665	1.0455	0.3589
765	1303771054047	1	2.665	1.0909	0.344
766	1303771054065	1	2.665	1.0909	0.344
767	1303771054082	1	2.665	1.0455	0.3589
768	1303771054100	1	2.665	1.0455	0.3589
769	1303771054118	1	2.665	1.0909	0.344
770	1303771054135	1	2.665	1.0909	0.344
771	1303771054153	1	2.665	1.0455	0.3589
772	1303771054171	1	2.665	1.0455	0.3589
773	1303771054188	1	2.665	1.0909	0.344
774	1303771054205	1	2.665	1.0909	0.344
775	1303771054224	1	2.665	1.0455	0.3589
776	1303771054243	1	2.665	1.0455	0.3589
777	1303771054261	1	2.665	1.0909	0.344
778	1303771054278	1	2.665	1.0909	0.344
779	1303771054296	1	2.665	1.0455	0.3589
780	1303771054314	1	2.665	1.0455	0.3589
781	1303771054332	1	2.665	1.0909	0.344
782	1303771054397	1	2.665	1.0909	0.344
783	1303771054416	1	2.665	1.0455	0.3589
784	1303771054434	1	2.665	1.0455	0.3589
785	1303771054453	1	2.665	1.0909	0.344
786	1303771054470	1	2.665	1.0909	0.344
787	1303771054488	1	2.665	1.0455	0.3589
788	1303771054551	1	2.665	1.0455	0.3589
789	1303771054569	1	2.665	1.0909	0.344
790	1303771054586	1	2.665	1.0909	0.344
791	1303771054605	1	2.665	1.0455	0.3589
792	1303771054624	1	2.665	1.0455	0.3589
793	1303771054642	1	2.665	1.0909	0.344
794	1303771054661	1	2.665	1.0909	0.344
795	1303771054679	1	2.665	1.0455	0.3589
796	1303771054697	1	2.665	1.0455	0.3589
797	1303771054715	1	2.665	1.0909	0.344
798	1303771054733	1	2.665	1.0909	0.344
799	1303771054752	1	2.665	1.0455	0.3589
800	1303771054770	1	2.665	1.0455	0.3589
801	1303771054786	1	2.665	1.0909	0.344
802	1303771054805	1	2.665	1.0909	0.344
803	1303771054823	1	2.665	1.0455	0.3589
804	1303771054841	1	2.665	1.0455	0.3589
805	1303771054906	1	2.665	1.0909	0.344
806	1303771054925	1	2.665	1.0909	0.344
807	1303771054990	1	2.665	1.0455	0.3589
808	1303771055008	1	2.665	1.0455	0.3589
809	1303771055025	1	2.665	1.0909	0.344
810	1303771055044	1	2.665	1.0909	0.344
811	1303771055063	1	2.665	1.0455	0.3589
812	1303771055126	1	2.665	1.0455	0.3589
813	1303771055143	1	2.665	1.0909	0.344
814	1303771055161	1	2.665	1.0909	0.344
815	1303771055180	1	2.665	1.0455	0.3589
816	1303771055198	1	2.665	1.0455	0.3589
817	1303771055215	1	2.665	1.0909	0.344
818	1303771055232	1	2.665	1.0909	0.344
819	1303771055251	1	2.665	1.0455	0.3589
820	1303771055269	1	2.665	1.0455	0.3589
821	1303771055286	1	2.665	1.0909	0.344
822	1303771055305	1	2.665	1.0909	0.344
823	1303771055324	1	2.665	1.0455	0.3589
824	1303771055342	1	2.665	1.0455	0.3589
825	1303771055362	1	2.665	1.0909	0.344
826	1303771055381	1	2.665	1.0909	0.344
827	1303771055399	1	2.6627	1.0455	0.3592
828	1303771055417	1	2.6627	1.0455	0.3592
829	1303771055435	1	2.6627	1.0909	0.3443
830	1303771055453	1	2.6627	1.0909	0.3443
831	1303771055471	1	2.6627	1.0455	0.3592
832	1303771055488	1	2.6627	1.0455	0.3592
833	1303771055549	1	2.6627	1.0909	0.3443
834	1303771055568	1	2.6627	1.0909	0.3443
835	1303771055587	1	2.6627	1.0455	0.3592
836	1303771055604	1	2.6627	1.0455	0.3592
837	1303771055622	1	2.6627	1.0909	0.3443
838	1303771055641	1	2.6627	1.0909	0.3443
839	1303771055660	1	2.6627	1.0455	0.3592
840	1303771055677	1	2.6627	1.0455	0.3592
841	1303771055737	1	2.6627	1.0909	0.3443
842	1303771055756	1	2.6627	1.0909	0.3443
843	1303771055775	1	2.6627	1.0455	0.3592
844	1303771055792	1	2.6627	1.0455	0.3592
845	1303771055812	1	2.6627	1.0909	0.3443
846	1303771055831	1	2.6627	1.0909	0.3443
847	1303771055891	1	3.3181	1.0455	0.2883
848	1303771055908	1	3.3181	1.0455	0.2883
849	1303771055927	1	3.3181	1.0909	0.2763
850	1303771055946	1	3.3181	1.0909	0.2763
851	1303771055965	1	3.3181	1.0455	0.2883
852	1303771055982	1	3.3181	1.0455	0.2883
853	1303771056001	1	3.3181	1.0909	0.2763
854	1303771056020	1	3.3181	1.0909	0.2763
855	1303771056038	1	3.3181	1.0455	0.2883
856	1303771056056	1	3.3181	1.0455	0.2883
857	1303771056075	1	3.3181	1.0909	0.2763
858	1303771056093	1	3.3181	1.0909	0.2763
859	1303771056111	1	3.3181	1.0455	0.2883
860	1303771056128	1	3.3181	1.0455	0.2883
861	1303771056147	1	3.3181	1.0909	0.2763
862	1303771056165	1	3.3181	1.0909	0.2763
863	1303771056182	1	3.3181	1.0455	0.2883
864	1303771056200	1	3.3181	1.0455	0.2883
865	1303771056218	1	3.3181	1.0909	0.2763
866	1303771056236	1	3.3181	1.0909	0.2763
867	1303771056253	1	3.3181	1.0455	0.2883
868	1303771056271	1	3.3181	1.0455	0.2883
869	1303771056290	1	3.3181	1.0909	0.2763
870	1303771056308	1	3.3181	1.0909	0.2763
871	1303771056325	1	3.3181	1.0455	0.2883
872	1303771056344	1	3.3181	1.0455	0.2883
873	1303771056362	1	3.3181	1.0909	0.2763
874	1303771056380	1	3.3181	1.0909	0.2763
875	1303771056399	1	3.3181	1.0455	0.2883
876	1303771056418	1	3.3181	1.0455	0.2883
877	1303771056436	1	3.3181	1.0909	0.2763
878	1303771056453	1	3.3181	1.0909	0.2763
879	1303771056471	1	3.3181	1.0455	0.2883
880	1303771056490	1	3.3181	1.0455	0.2883
881	1303771056550	1	3.3181	1.0909	0.2763
882	1303771056567	1	3.3181	1.0909	0.2763
883	1303771056586	1	3.3181	1.0455	0.2883
884	1303771056604	1	3.3181	1.0455	0.2883
885	1303771056624	1	3.3181	1.0909	0.2763
886	1303771056644	1	3.3181	1.0909	0.2763
887	1303771056662	1	3.3181	1.0455	0.2883
888	1303771056680	1	3.318	1.0455	0.2883
889	1303771056698	1	3.318	1.0909	0.2763
890	1303771056717	1	3.318	1.0909	0.2763
891	1303771056733	1	3.318	1.0455	0.2883
892	1303771056752	1	3.318	1.0455	0.2883
893	1303771056770	1	3.318	1.0909	0.2763
894	1303771056788	1	3.318	1.0909	0.2763
895	1303771056805	1	3.318	1.0455	0.2883
896	1303771056823	1	3.318	1.0455	0.2883
897	1303771056842	1	3.318	1.0909	0.2763
898	1303771056860	1	3.318	1.0909	0.2763
899	1303771056877	1	3.318	1.0455	0.2883
900	1303771056895	1	3.318	1.0455	0.2883
901	1303771056914	1	3.318	1.0909	0.2763
902	1303771056931	1	3.318	1.0909	0.2763
903	1303771056949	1	3.318	1.0455	0.2883
904	1303771056968	1	3.318	1.0455	0.2883
905	1303771056987	1	3.318	1.0909	0.2763
906	1303771057004	1	3.318	1.0909	0.2763
907	1303771057023	1	3.318	1.0455	0.2883
908	1303771057041	1	3.318	1.0455	0.2883
909	1303771057060	1	3.318	1.0909	0.2763
910	1303771057078	1	3.318	1.0909	0.2763
911	1303771057142	1	3.318	1.0455	0.2883
912	1303771057161	1	3.318	1.0455	0.2883
913	1303771057180	1	3.318	1.0909	0.2763
914	1303771057198	1	3.318	1.0909	0.2763
915	1303771057215	1	3.318	1.0455	0.2883
916	1303771057234	1	3.318	1.0455	0.2883
917	1303771057252	1	3.318	1.0909	0.2763
918	1303771057271	1	3.318	1.0909	0.2763
919	1303771057290	1	3.318	1.0455	0.2883
920	1303771057308	1	3.318	1.0455	0.2883
921	1303771057327	1	3.318	1.0909	0.2763
922	1303771057345	1	3.318	1.0909	0.2763
923	1303771057363	1	3.318	1.0455	0.2883
924	1303771057382	1	3.318	1.0455	0.2883
925	1303771057400	1	3.318	1.0909	0.2763
926	1303771057418	1	3.318	1.0909	0.2763
927	1303771057436	1	3.318	1.0455	0.2883
928	1303771057454	1	3.318	1.0455	0.2883
929	1303771057472	1	3.318	1.0909	0.2763
930	1303771057534	1	3.318	1.0909	0.2763
931	1303771057594	1	3.318	1.0455	0.2883
932	1303771057613	1	3.318	1.0455	0.2883
933	1303771057631	1	3.318	1.0909	0.2763
934	1303771057650	1	3.318	1.0909	0.2763
935	1303771057710	1	3.318	1.0455	0.2883
936	1303771057729	1	3.318	1.0455	0.2883
937	1303771057748	1	3.318	1.0909	0.2763
938	1303771057766	1	3.318	1.0909	0.2763
939	1303771057783	1	3.318	1.0455	0.2883
940	1303771057802	1	3.318	1.0455	0.2883
941	1303771057820	1	3.318	1.0909	0.2763
942	1303771057838	1	3.318	1.0909	0.2763
943	1303771057855	1	3.318	1.0455	0.2883
944	1303771057874	1	3.318	1.0455	0.2883
945	1303771057892	1	3.318	1.0909	0.2763
946	1303771057911	1	3.318	1.0909	0.2763
947	1303771057929	1	3.318	1.0455	0.2883
948	1303771057991	1	3.3219	1.0455	0.2879
949	1303771058010	1	3.3219	1.0909	0.2759
950	1303771058028	1	3.3219	1.0909	0.2759
951	1303771058047	1	3.3219	1.0455	0.2879
952	1303771058064	1	3.3219	1.0455	0.2879
953	1303771058083	1	3.3219	1.0909	0.2759
954	1303771058101	1	3.3219	1.0909	0.2759
955	1303771058119	1	3.3219	1.0455	0.2879
956	1303771058137	1	3.3219	1.0455	0.2879
957	1303771058156	1	3.3219	1.0909	0.2759
958	1303771058174	1	3.3219	1.0909	0.2759
959	1303771058192	1	3.3219	1.0455	0.2879
960	1303771058210	1	3.3219	1.0455	0.2879
961	1303771058229	1	3.3219	1.0909	0.2759
962	1303771058247	1	3.3219	1.0909	0.2759
963	1303771058266	1	3.3219	1.0455	0.2879
964	1303771058284	1	3.3219	1.0455	0.2879
965	1303771058302	1	3.3219	1.0909	0.2759
966	1303771058321	1	3.3219	1.0909	0.2759
967	1303771058338	1	3.3219	1.0455	0.2879
968	1303771058356	1	3.3219	1.0455	0.2879
969	1303771058374	1	3.3219	1.0909	0.2759
970	1303771058392	1	3.3219	1.0909	0.2759
971	1303771058409	1	3.3219	1.0455	0.2879
972	1303771058428	1	3.3219	1.0455	0.2879
973	1303771058446	1	3.3219	1.0909	0.2759
974	1303771058466	1	3.3219	1.0909	0.2759
975	1303771058484	1	3.3219	1.0455	0.2879
976	1303771058503	1	3.3219	1.0455	0.2879
977	1303771058522	1	3.3219	1.0909	0.2759
978	1303771058583	1	3.3219	1.0909	0.2759
979	1303771058601	1	3.3219	1.0455	0.2879
980	1303771058620	1	3.3219	1.0455	0.2879
981	1303771058639	1	3.3219	1.0909	0.2759
982	1303771058658	1	3.3219	1.0909	0.2759
983	1303771058676	1	3.3219	1.0455	0.2879
984	1303771058694	1	3.3219	1.0455	0.2879
985	1303771058713	1	3.3219	1.0909	0.2759
986	1303771058732	1	3.3219	1.0909	0.2759
987	1303771058751	1	3.3219	1.0455	0.2879
988	1303771058769	1	3.3219	1.0455	0.2879
989	1303771058788	1	3.3219	1.0909	0.2759
990	1303771058806	1	3.3219	1.0909	0.2759
991	1303771058824	1	3.3219	1.0455	0.2879
992	1303771058884	1	3.3219	1.0455	0.2879
993	1303771058903	1	3.3219	1.0909	0.2759
994	1303771058920	1	3.3219	1.0909	0.2759
995	1303771058938	1	3.3219	1.0455	0.2879
996	1303771058957	1	3.3219	1.0455	0.2879
997	1303771058975	1	3.3219	1.0909	0.2759
998	1303771058992	1	3.3219	1.0909	0.2759
999	1303771059010	1	3.3219	1.0455	0.2879
1000	1303771059052	1	3.3219	1.0455	0.2879
1001	1303771059071	1	3.3219	1.0909	0.2759
1002	1303771059089	1	3.3219	1.0909	0.2759
1003	1303771059107	1	3.3219	1.0455	0.2879
1004	1303771059125	1	3.3219	1.0455	0.2879
1005	1303771059142	1	3.3219	1.0909	0.2759
1006	1303771059161	1	3.3219	1.0909	0.2759
1007	1303771059181	1	3.3219	1.0455	0.2879
1008	1303771059200	1	3.3219	1.0455	0.2879
1009	1303771059219	1	3.3219	1.0909	0.2759
1010	1303771059279	1	3.3219	1.0909	0.2759
1011	1303771059298	1	3.3219	1.0455	0.2879
1012	1303771059317	1	3.3219	1.0455	0.2879
1013	1303771059335	1	3.3219	1.0909	0.2759
1014	1303771059352	1	3.3219	1.0909	0.2759
1015	1303771059371	1	3.3219	1.0455	0.2879
1016	1303771059389	1	3.3219	1.0455	0.2879
1017	1303771059408	1	3.3219	1.0909	0.2759
1018	1303771059425	1	3.3219	1.0909	0.2759
1019	1303771059444	1	3.3219	1.0455	0.2879
1020	1303771059462	1	3.3219	1.0455	0.2879
1021	1303771059480	1	3.3219	1.0909	0.2759
1022	1303771059499	1	3.3219	1.0909	0.2759
1023	1303771059518	1	3.3219	1.0455	0.2879
1024	1303771059537	1	3.3219	1.0455	0.2879
1025	1303771059555	1	3.3219	1.0909	0.2759
1026	1303771059574	1	3.3219	1.0909	0.2759
1027	1303771059593	1	3.3219	1.0455	0.2879
1028	1303771059611	1	3.3219	1.0455	0.2879
1029	1303771059628	1	3.3219	1.0909	0.2759
1030	1303771059646	1	3.3219	1.0909	0.2759
1031	1303771059664	1	3.3219	1.0455	0.2879
1032	1303771059682	1	3.3219	1.0455	0.2879
1033	1303771059700	1	3.3219	1.0909	0.2759
1034	1303771059719	1	3.3219	1.0909	0.2759
1035	1303771059737	1	3.3219	1.0455	0.2879
1036	1303771059798	1	3.3219	1.0455	0.2879
1037	1303771059815	1	3.3219	1.0909	0.2759
1038	1303771059834	1	3.3219	1.0909	0.2759
1039	1303771059896	1	3.3219	1.0455	0.2879
1040	1303771059914	1	3.3219	1.0455	0.2879
1041	1303771059931	1	3.3219	1.0909	0.2759
1042	1303771059991	1	3.3219	1.0909	0.2759
1043	1303771060009	1	3.3219	1.0455	0.2879
1044	1303771060070	1	3.3219	1.0455	0.2879
1045	1303771060087	1	3.3219	1.0909	0.2759
1046	1303771060106	1	3.3219	1.0909	0.2759
1047	1303771060124	1	3.3219	1.0455	0.2879
1048	1303771060143	1	3.3219	1.0455	0.2879
1049	1303771060160	1	3.3219	1.0909	0.2759
1050	1303771060177	1	3.3219	1.0909	0.2759
1051	1303771060195	1	3.3219	1.0455	0.2879
1052	1303771060212	1	3.3219	1.0455	0.2879
1053	1303771060273	1	3.3219	1.0909	0.2759
1054	1303771060291	1	3.3219	1.0909	0.2759
1055	1303771060309	1	3.3219	1.0455	0.2879
1056	1303771060327	1	3.3219	1.0455	0.2879
1057	1303771060345	1	3.3219	1.0909	0.2759
1058	1303771060406	1	3.3219	1.0909	0.2759
1059	1303771060425	1	3.3219	1.0455	0.2879
1060	1303771060443	1	3.3219	1.0455	0.2879
1061	1303771060460	1	3.3219	1.0909	0.2759
1062	1303771060478	1	3.3219	1.0909	0.2759
1063	1303771060496	1	3.3219	1.0455	0.2879
1064	1303771060557	1	3.3219	1.0455	0.2879
1065	1303771060574	1	3.3219	1.0909	0.2759
1066	1303771060593	1	3.3219	1.0909	0.2759
1067	1303771060658	1	3.3219	1.0455	0.2879
1068	1303771060678	1	3.3219	1.0455	0.2879
1069	1303771060696	1	3.3219	1.0909	0.2759
1070	1303771060715	1	3.3219	1.0909	0.2759
1071	1303771060777	1	3.3219	1.0455	0.2879
1072	1303771060795	1	3.3219	1.0455	0.2879
1073	1303771060814	1	3.3219	1.0909	0.2759
1074	1303771060831	1	3.3219	1.0909	0.2759
1075	1303771060849	1	3.3219	1.0455	0.2879
1076	1303771060910	1	3.3219	1.0455	0.2879
1077	1303771060929	1	3.3219	1.0909	0.2759
1078	1303771060946	1	3.3219	1.0909	0.2759
1079	1303771060965	1	3.3219	1.0455	0.2879
1080	1303771060984	1	3.3219	1.0455	0.2879
1081	1303771061003	1	3.3219	1.0909	0.2759
1082	1303771061020	1	3.3219	1.0909	0.2759
1083	1303771061038	1	3.3219	1.0455	0.2879
1084	1303771061056	1	3.3219	1.0455	0.2879
1085	1303771061084	1	3.3219	1.0909	0.2759
1086	1303771061101	1	3.3219	1.0909	0.2759
1087	1303771061120	1	3.3219	1.0455	0.2879
1088	1303771061138	1	3.3219	1.0455	0.2879
1089	1303771061155	1	3.3219	1.0909	0.2759
1090	1303771061173	1	3.3219	1.0909	0.2759
1091	1303771061193	1	3.3219	1.0455	0.2879
1092	1303771061212	1	3.3219	1.0455	0.2879
1093	1303771061229	1	3.3219	1.0909	0.2759
1094	1303771061249	1	3.3219	1.0909	0.2759
1095	1303771061267	1	3.3219	1.0455	0.2879
1096	1303771061286	1	3.3219	1.0455	0.2879
1097	1303771061303	1	3.3219	1.0909	0.2759
1098	1303771061322	1	3.3219	1.0909	0.2759
1099	1303771061341	1	3.3219	1.0455	0.2879
1100	1303771061359	1	3.3219	1.0455	0.2879
1101	1303771061376	1	3.3219	1.0909	0.2759
1102	1303771061394	1	3.3219	1.0909	0.2759
1103	1303771061412	1	3.3219	1.0455	0.2879
1104	1303771061430	1	3.3219	1.0455	0.2879
1105	1303771061447	1	3.3219	1.0909	0.2759
1106	1303771061465	1	3.3219	1.0909	0.2759
1107	1303771061484	1	3.3219	1.0455	0.2879
1108	1303771061501	1	3.3219	1.0455	0.2879
1109	1303771061519	1	3.3219	1.0909	0.2759
1110	1303771061538	1	3.3219	1.0909	0.2759
1111	1303771061602	1	3.3219	1.0455	0.2879
1112	1303771061619	1	3.3219	1.0455	0.2879
1113	1303771061637	1	3.3219	1.0909	0.2759
1114	1303771061655	1	3.3219	1.0909	0.2759
1115	1303771061674	1	3.3219	1.0455	0.2879
1116	1303771061691	1	3.3219	1.0455	0.2879
1117	1303771061709	1	3.3219	1.0909	0.2759
1118	1303771061727	1	3.3219	1.0909	0.2759
1119	1303771061746	1	3.3219	1.0455	0.2879
1120	1303771061762	1	3.3219	1.0455	0.2879
1121	1303771061780	1	3.3219	1.0909	0.2759
1122	1303771061798	1	3.3219	1.0909	0.2759
1123	1303771061816	1	3.3219	1.0455	0.2879
1124	1303771061834	1	3.3219	1.0455	0.2879
1125	1303771061851	1	3.3219	1.0909	0.2759
1126	1303771061869	1	3.3219	1.0909	0.2759
1127	1303771061886	1	3.3219	1.0455	0.2879
1128	1303771061905	1	3.3219	1.0455	0.2879
1129	1303771061925	1	3.318	1.0909	0.2763
1130	1303771061944	1	3.3234	1.0909	0.2758
1131	1303771061963	1	3.3234	1.0455	0.2878
1132	1303771061981	1	3.3234	1.0455	0.2878
1133	1303771061999	1	3.3234	1.0909	0.2758
1134	1303771062018	1	3.3234	1.0909	0.2758
1135	1303771062035	1	3.3234	1.0455	0.2878
1136	1303771062052	1	3.3234	1.0455	0.2878
1137	1303771062071	1	3.3234	1.0909	0.2758
1138	1303771062089	1	3.3234	1.0909	0.2758
1139	1303771062107	1	3.3234	1.0455	0.2878
1140	1303771062125	1	3.3234	1.0455	0.2878
1141	1303771062144	1	3.3234	1.0909	0.2758
1142	1303771062162	1	3.3234	1.0909	0.2758
1143	1303771062179	1	3.3234	1.0455	0.2878
1144	1303771062197	1	3.3234	1.0455	0.2878
1145	1303771062215	1	3.3234	1.0909	0.2758
1146	1303771062233	1	3.3234	1.0909	0.2758
1147	1303771062295	1	3.3234	1.0455	0.2878
1148	1303771062314	1	3.3234	1.0455	0.2878
1149	1303771062377	1	3.3234	1.0909	0.2758
1150	1303771062397	1	3.3234	1.0909	0.2758
1151	1303771062414	1	3.3234	1.0455	0.2878
1152	1303771062431	1	3.3234	1.0455	0.2878
1153	1303771062450	1	3.3234	1.0909	0.2758
1154	1303771062469	1	3.3234	1.0909	0.2758
1155	1303771062487	1	3.3234	1.0455	0.2878
1156	1303771062505	1	3.3234	1.0455	0.2878
1157	1303771062523	1	3.3234	1.0909	0.2758
1158	1303771062556	1	3.3234	1.0909	0.2758
1159	1303771062949	1	3.3234	1.0455	0.2878
1160	1303771062968	1	3.3234	1.0455	0.2878
1161	1303771062986	1	3.3234	1.0909	0.2758
1162	1303771063047	1	3.3234	1.0909	0.2758
1163	1303771063064	1	3.3234	1.0455	0.2878
1164	1303771063082	1	3.3234	1.0455	0.2878
1165	1303771063100	1	3.3234	1.0909	0.2758
1166	1303771063117	1	3.3234	1.0909	0.2758
1167	1303771063136	1	3.3234	1.0455	0.2878
1168	1303771063154	1	3.3234	1.0455	0.2878
1169	1303771063216	1	3.3234	1.0909	0.2758
1170	1303771063234	1	3.3234	1.0909	0.2758
1171	1303771063253	1	3.3234	1.0455	0.2878
1172	1303771063272	1	3.3234	1.0455	0.2878
1173	1303771063290	1	3.3234	1.0909	0.2758
1174	1303771063307	1	3.3234	1.0909	0.2758
1175	1303771063367	1	3.3234	1.0455	0.2878
1176	1303771063385	1	3.3234	1.0455	0.2878
1177	1303771063403	1	3.3234	1.0909	0.2758
1178	1303771063420	1	3.3234	1.0909	0.2758
1179	1303771063438	1	3.3234	1.0455	0.2878
1180	1303771063457	1	3.3234	1.0455	0.2878
1181	1303771063475	1	3.3234	1.0909	0.2758
1182	1303771063492	1	3.3234	1.0909	0.2758
1183	1303771063510	1	3.3234	1.0455	0.2878
1184	1303771063528	1	3.3234	1.0455	0.2878
1185	1303771063545	1	3.3234	1.0909	0.2758
1186	1303771063563	1	3.3234	1.0909	0.2758
1187	1303771063581	1	3.3234	1.0455	0.2878
1188	1303771063599	1	3.3234	1.0455	0.2878
1189	1303771063616	1	3.3234	1.0909	0.2758
1190	1303771063634	1	3.3234	1.0909	0.2758
1191	1303771063654	1	3.3234	1.0455	0.2878
1192	1303771063716	1	3.322	1.0455	0.2879
1193	1303771063736	1	3.322	1.0909	0.2759
1194	1303771063753	1	3.322	1.0909	0.2759
1195	1303771063773	1	3.322	1.0455	0.2879
1196	1303771063792	1	3.322	1.0455	0.2879
1197	1303771063811	1	3.322	1.0909	0.2759
1198	1303771063828	1	3.322	1.0909	0.2759
1199	1303771063846	1	3.322	1.0455	0.2879
1200	1303771063864	1	3.322	1.0455	0.2879
1201	1303771063924	1	3.322	1.0909	0.2759
1202	1303771063941	1	3.322	1.0909	0.2759
1203	1303771063960	1	3.322	1.0455	0.2879
1204	1303771063978	1	3.322	1.0455	0.2879
1205	1303771063996	1	3.322	1.0909	0.2759
1206	1303771064013	1	3.322	1.0909	0.2759
1207	1303771064031	1	3.322	1.0455	0.2879
1208	1303771064049	1	3.322	1.0455	0.2879
1209	1303771064066	1	3.322	1.0909	0.2759
1210	1303771064084	1	3.322	1.0909	0.2759
1211	1303771064103	1	3.322	1.0455	0.2879
1212	1303771064122	1	3.322	1.0455	0.2879
1213	1303771064139	1	3.322	1.0909	0.2759
1214	1303771064156	1	3.322	1.0909	0.2759
1215	1303771064174	1	3.322	1.0455	0.2879
1216	1303771064193	1	3.322	1.0455	0.2879
1217	1303771064210	1	3.322	1.0909	0.2759
1218	1303771064228	1	3.322	1.0909	0.2759
1219	1303771064246	1	3.322	1.0455	0.2879
1220	1303771064263	1	3.322	1.0455	0.2879
1221	1303771064281	1	3.322	1.0909	0.2759
1222	1303771064299	1	3.322	1.0909	0.2759
1223	1303771064317	1	3.322	1.0455	0.2879
1224	1303771064335	1	3.322	1.0455	0.2879
1225	1303771064353	1	3.322	1.0909	0.2759
1226	1303771064371	1	3.322	1.0909	0.2759
1227	1303771064389	1	3.322	1.0455	0.2879
1228	1303771064406	1	3.322	1.0455	0.2879
1229	1303771064424	1	3.322	1.0909	0.2759
1230	1303771064442	1	3.322	1.0909	0.2759
1231	1303771064459	1	3.322	1.0455	0.2879
1232	1303771064519	1	3.322	1.0455	0.2879
1233	1303771064537	1	3.322	1.0909	0.2759
1234	1303771064598	1	3.322	1.0909	0.2759
1235	1303771064616	1	3.322	1.0455	0.2879
1236	1303771064633	1	3.322	1.0455	0.2879
1237	1303771064652	1	3.322	1.0909	0.2759
1238	1303771064670	1	3.322	1.0909	0.2759
1239	1303771064687	1	3.322	1.0455	0.2879
1240	1303771064705	1	3.322	1.0455	0.2879
1241	1303771064723	1	3.322	1.0909	0.2759
1242	1303771064741	1	3.322	1.0909	0.2759
1243	1303771064758	1	3.322	1.0455	0.2879
1244	1303771064776	1	3.322	1.0455	0.2879
1245	1303771064794	1	3.322	1.0909	0.2759
1246	1303771064855	1	3.322	1.0909	0.2759
1247	1303771064872	1	3.322	1.0455	0.2879
1248	1303771064891	1	3.322	1.0455	0.2879
1249	1303771064909	1	3.322	1.0909	0.2759
1250	1303771064927	1	3.322	1.0909	0.2759
1251	1303771064987	1	3.322	1.0455	0.2879
1252	1303771065007	1	3.322	1.0455	0.2879
1253	1303771065026	1	3.322	1.0909	0.2759
1254	1303771065044	1	3.322	1.0909	0.2759
1255	1303771065062	1	3.322	1.0455	0.2879
1256	1303771065081	1	3.322	1.0455	0.2879
1257	1303771065099	1	3.322	1.0909	0.2759
1258	1303771065117	1	3.322	1.0909	0.2759
1259	1303771065136	1	3.322	1.0455	0.2879
1260	1303771065154	1	3.322	1.0455	0.2879
1261	1303771065173	1	3.322	1.0909	0.2759
1262	1303771065191	1	3.322	1.0909	0.2759
1263	1303771065209	1	3.322	1.0455	0.2879
1264	1303771065227	1	3.322	1.0455	0.2879
1265	1303771065246	1	3.322	1.0909	0.2759
1266	1303771065265	1	3.322	1.0909	0.2759
1267	1303771065283	1	3.322	1.0455	0.2879
1268	1303771065302	1	3.322	1.0455	0.2879
1269	1303771065321	1	3.322	1.0909	0.2759
1270	1303771065339	1	3.322	1.0909	0.2759
1271	1303771065356	1	3.322	1.0455	0.2879
1272	1303771065374	1	3.322	1.0455	0.2879
1273	1303771065392	1	3.322	1.0909	0.2759
1274	1303771065409	1	3.322	1.0909	0.2759
1275	1303771065429	1	3.322	1.0455	0.2879
1276	1303771065448	1	3.322	1.0455	0.2879
1277	1303771065466	1	3.322	1.0909	0.2759
1278	1303771065532	1	3.322	1.0909	0.2759
1279	1303771065550	1	3.322	1.0455	0.2879
1280	1303771065569	1	3.322	1.0455	0.2879
1281	1303771065588	1	3.322	1.0909	0.2759
1282	1303771065606	1	3.322	1.0909	0.2759
1283	1303771065624	1	3.322	1.0455	0.2879
1284	1303771065643	1	3.322	1.0455	0.2879
1285	1303771065661	1	3.322	1.0909	0.2759
1286	1303771065678	1	3.322	1.0909	0.2759
1287	1303771065697	1	3.322	1.0455	0.2879
1288	1303771065716	1	3.322	1.0455	0.2879
1289	1303771065734	1	3.322	1.0909	0.2759
1290	1303771065752	1	3.322	1.0909	0.2759
1291	1303771065770	1	3.322	1.0455	0.2879
1292	1303771065788	1	3.322	1.0455	0.2879
1293	1303771065849	1	3.322	1.0909	0.2759
1294	1303771065866	1	3.322	1.0909	0.2759
1295	1303771065884	1	3.322	1.0455	0.2879
1296	1303771065903	1	3.322	1.0455	0.2879
1297	1303771065921	1	3.322	1.0909	0.2759
1298	1303771065980	1	3.322	1.0909	0.2759
1299	1303771065998	1	3.322	1.0455	0.2879
1300	1303771066017	1	3.322	1.0455	0.2879
1301	1303771066036	1	3.322	1.0909	0.2759
1302	1303771066053	1	3.322	1.0909	0.2759
1303	1303771066114	1	3.322	1.0455	0.2879
1304	1303771066133	1	3.322	1.0455	0.2879
1305	1303771066152	1	3.322	1.0909	0.2759
1306	1303771066170	1	3.322	1.0909	0.2759
1307	1303771066187	1	3.322	1.0455	0.2879
1308	1303771066206	1	3.322	1.0455	0.2879
1309	1303771066224	1	3.322	1.0909	0.2759
1310	1303771066241	1	3.322	1.0909	0.2759
1311	1303771066259	1	3.322	1.0455	0.2879
1312	1303771066278	1	3.322	1.0455	0.2879
1313	1303771066297	1	3.322	1.0909	0.2759
1314	1303771066317	1	3.322	1.0909	0.2759
1315	1303771066334	1	3.3445	1.0455	0.286
1316	1303771066355	1	3.3445	1.0455	0.286
1317	1303771066375	1	3.3173	1.0909	0.2763
1318	1303771066436	1	3.3445	1.0909	0.2741
1319	1303771066456	1	3.3445	1.0455	0.286
1320	1303771066476	1	3.3445	1.0455	0.286
1321	1303771066496	1	3.3445	1.0909	0.2741
1322	1303771066515	1	3.3445	1.0909	0.2741
1323	1303771066535	1	3.3445	1.0455	0.286
1324	1303771066554	1	3.3445	1.0455	0.286
1325	1303771066573	1	3.3445	1.0909	0.2741
1326	1303771066638	1	3.3445	1.0909	0.2741
1327	1303771066658	1	3.3445	1.0455	0.286
1328	1303771066677	1	3.3445	1.0455	0.286
1329	1303771066695	1	3.3445	1.0909	0.2741
1330	1303771066715	1	3.3445	1.0909	0.2741
1331	1303771066735	1	3.3445	1.0455	0.286
1332	1303771066754	1	3.3445	1.0455	0.286
1333	1303771066774	1	3.3445	1.0909	0.2741
1334	1303771066793	1	3.3445	1.0909	0.2741
1335	1303771066811	1	3.3445	1.0455	0.286
1336	1303771066830	1	3.3445	1.0455	0.286
1337	1303771066850	1	3.3445	1.0909	0.2741
1338	1303771066869	1	3.3445	1.0909	0.2741
1339	1303771066932	1	3.3445	1.0455	0.286
1340	1303771066952	1	3.3445	1.0455	0.286
1341	1303771066971	1	3.3445	1.0909	0.2741
1342	1303771066989	1	3.3445	1.0909	0.2741
1343	1303771067009	1	3.3445	1.0455	0.286
1344	1303771067029	1	3.3445	1.0455	0.286
1345	1303771067048	1	3.3445	1.0909	0.2741
1346	1303771067067	1	3.3445	1.0909	0.2741
1347	1303771067087	1	3.3445	1.0455	0.286
1348	1303771067106	1	3.3445	1.0455	0.286
1349	1303771067124	1	3.3445	1.0909	0.2741
1350	1303771067143	1	3.3445	1.0909	0.2741
1351	1303771067162	1	3.3445	1.0455	0.286
1352	1303771067181	1	3.3445	1.0455	0.286
1353	1303771067200	1	3.3445	1.0909	0.2741
1354	1303771067220	1	3.3445	1.0909	0.2741
1355	1303771067238	1	3.3445	1.0455	0.286
1356	1303771067258	1	3.3445	1.0455	0.286
1357	1303771067278	1	3.3445	1.0909	0.2741
1358	1303771067297	1	3.3445	1.0909	0.2741
1359	1303771067317	1	3.3445	1.0455	0.286
1360	1303771067337	1	3.3445	1.0455	0.286
1361	1303771067355	1	3.3445	1.0909	0.2741
1362	1303771067374	1	3.3445	1.0909	0.2741
1363	1303771067393	1	3.3445	1.0455	0.286
1364	1303771067413	1	3.3445	1.0455	0.286
1365	1303771067432	1	3.3445	1.0909	0.2741
1366	1303771067452	1	3.3445	1.0909	0.2741
1367	1303771067472	1	3.3445	1.0455	0.286
1368	1303771067490	1	3.3445	1.0455	0.286
1369	1303771067510	1	3.3445	1.0909	0.2741
1370	1303771067529	1	3.3445	1.0909	0.2741
1371	1303771067549	1	3.3445	1.0455	0.286
1372	1303771067568	1	3.3445	1.0455	0.286
1373	1303771067589	1	3.3445	1.0909	0.2741
1374	1303771067607	1	3.3445	1.0909	0.2741
1375	1303771067626	1	3.3445	1.0455	0.286
1376	1303771067646	1	3.3173	1.0455	0.2883
1377	1303771067665	1	3.3173	1.0909	0.2763
1378	1303771067727	1	3.3173	1.0909	0.2763
1379	1303771067746	1	3.2839	1.0455	0.2913
1380	1303771067766	1	3.2839	1.0455	0.2913
1381	1303771067786	1	3.2839	1.0909	0.2791
1382	1303771067803	1	3.2839	1.0909	0.2791
1383	1303771067825	1	3.2839	1.0455	0.2913
1384	1303771067844	1	3.2839	1.0455	0.2913
1385	1303771067864	1	3.2839	1.0909	0.2791
1386	1303771067884	1	3.2839	1.0909	0.2791
1387	1303771067904	1	3.2839	1.0455	0.2913
1388	1303771067969	1	3.2839	1.0455	0.2913
1389	1303771067988	1	3.2839	1.0909	0.2791
1390	1303771068009	1	3.2839	1.0909	0.2791
1391	1303771068029	1	3.2839	1.0455	0.2913
1392	1303771068049	1	3.2839	1.0455	0.2913
1393	1303771068068	1	3.2839	1.0909	0.2791
1394	1303771068087	1	3.2839	1.0909	0.2791
1395	1303771068105	1	3.2839	1.0455	0.2913
1396	1303771068125	1	3.2839	1.0455	0.2913
1397	1303771068144	1	3.2839	1.0909	0.2791
1398	1303771068163	1	3.2839	1.0909	0.2791
1399	1303771068183	1	3.2839	1.0455	0.2913
1400	1303771068203	1	3.2839	1.0455	0.2913
1401	1303771068222	1	3.2839	1.0909	0.2791
1402	1303771068284	1	3.2839	1.0909	0.2791
1403	1303771068304	1	3.2839	1.0455	0.2913
1404	1303771068323	1	3.2839	1.0455	0.2913
1405	1303771068342	1	3.2839	1.0909	0.2791
1406	1303771068362	1	3.2839	1.0909	0.2791
1407	1303771068381	1	3.2839	1.0455	0.2913
1408	1303771068400	1	3.2839	1.0455	0.2913
1409	1303771068418	1	3.2839	1.0909	0.2791
1410	1303771068440	1	3.2839	1.0909	0.2791
1411	1303771068460	1	3.2839	1.0455	0.2913
1412	1303771068480	1	3.2839	1.0455	0.2913
1413	1303771068500	1	3.2839	1.0909	0.2791
1414	1303771068519	1	3.2839	1.0909	0.2791
1415	1303771068537	1	3.2839	1.0455	0.2913
1416	1303771068599	1	3.2839	1.0455	0.2913
1417	1303771068619	1	3.2839	1.0909	0.2791
1418	1303771068638	1	3.2839	1.0909	0.2791
1419	1303771068657	1	3.2839	1.0455	0.2913
1420	1303771068677	1	3.2839	1.0455	0.2913
1421	1303771068697	1	3.2839	1.0909	0.2791
1422	1303771068716	1	3.2839	1.0909	0.2791
1423	1303771068736	1	3.2839	1.0455	0.2913
1424	1303771068755	1	3.2839	1.0455	0.2913
1425	1303771068775	1	3.2839	1.0909	0.2791
1426	1303771068794	1	3.2839	1.0909	0.2791
1427	1303771068813	1	3.2839	1.0455	0.2913
1428	1303771068831	1	3.2839	1.0455	0.2913
1429	1303771068851	1	3.2839	1.0909	0.2791
1430	1303771068870	1	3.2839	1.0909	0.2791
1431	1303771068890	1	3.2839	1.0455	0.2913
1432	1303771068910	1	3.2839	1.0455	0.2913
1433	1303771068929	1	3.2839	1.0909	0.2791
1434	1303771068948	1	3.3179	1.0909	0.2763
1435	1303771068968	1	3.3173	1.0455	0.2883
1436	1303771069030	1	3.322	1.0455	0.2879
1437	1303771069050	1	3.322	1.0909	0.2759
1438	1303771069069	1	3.322	1.0909	0.2759
1439	1303771069089	1	3.322	1.0455	0.2879
1440	1303771069109	1	3.322	1.0455	0.2879
1441	1303771069176	1	3.322	1.0909	0.2759
1442	1303771069194	1	3.322	1.0909	0.2759
1443	1303771069214	1	3.322	1.0455	0.2879
1444	1303771069234	1	3.322	1.0455	0.2879
1445	1303771069254	1	3.322	1.0909	0.2759
1446	1303771069274	1	3.322	1.0909	0.2759
1447	1303771069293	1	3.322	1.0455	0.2879
1448	1303771069313	1	3.322	1.0455	0.2879
1449	1303771069334	1	3.322	1.0909	0.2759
1450	1303771069354	1	3.322	1.0909	0.2759
1451	1303771069375	1	3.322	1.0455	0.2879
1452	1303771069396	1	3.322	1.0455	0.2879
1453	1303771069416	1	3.322	1.0909	0.2759
1454	1303771069436	1	3.322	1.0909	0.2759
1455	1303771069456	1	3.322	1.0455	0.2879
1456	1303771069475	1	3.322	1.0455	0.2879
1457	1303771069495	1	3.322	1.0909	0.2759
1458	1303771069514	1	3.322	1.0909	0.2759
1459	1303771069534	1	3.322	1.0455	0.2879
1460	1303771069555	1	3.322	1.0455	0.2879
1461	1303771069575	1	3.322	1.0909	0.2759
1462	1303771069594	1	3.322	1.0909	0.2759
1463	1303771069613	1	3.322	1.0455	0.2879
1464	1303771069633	1	3.322	1.0455	0.2879
1465	1303771069653	1	3.322	1.0909	0.2759
1466	1303771069672	1	3.322	1.0909	0.2759
1467	1303771069691	1	3.322	1.0455	0.2879
1468	1303771069710	1	3.322	1.0455	0.2879
1469	1303771069729	1	3.322	1.0909	0.2759
1470	1303771069748	1	3.322	1.0909	0.2759
1471	1303771069767	1	3.322	1.0455	0.2879
1472	1303771069787	1	3.322	1.0455	0.2879
1473	1303771069806	1	3.322	1.0909	0.2759
1474	1303771069826	1	3.322	1.0909	0.2759
1475	1303771069887	1	3.322	1.0455	0.2879
1476	1303771069907	1	3.322	1.0455	0.2879
1477	1303771069927	1	3.322	1.0909	0.2759
1478	1303771069947	1	3.322	1.0909	0.2759
1479	1303771069966	1	3.322	1.0455	0.2879
1480	1303771069985	1	3.322	1.0455	0.2879
1481	1303771070006	1	3.322	1.0909	0.2759
1482	1303771070024	1	3.322	1.0909	0.2759
1483	1303771070045	1	3.322	1.0455	0.2879
1484	1303771070065	1	3.322	1.0455	0.2879
1485	1303771070084	1	3.322	1.0909	0.2759
1486	1303771070103	1	3.322	1.0909	0.2759
1487	1303771070123	1	3.322	1.0455	0.2879
1488	1303771070142	1	3.322	1.0455	0.2879
1489	1303771070161	1	3.322	1.0909	0.2759
1490	1303771070181	1	3.322	1.0909	0.2759
1491	1303771070248	1	3.322	1.0455	0.2879
1492	1303771070267	1	3.322	1.0455	0.2879
1493	1303771070287	1	3.322	1.0909	0.2759
1494	1303771070307	1	3.322	1.0909	0.2759
1495	1303771070326	1	3.322	1.0455	0.2879
1496	1303771070348	1	3.322	1.0455	0.2879
1497	1303771070368	1	3.322	1.0909	0.2759
1498	1303771070387	1	3.322	1.0909	0.2759
1499	1303771070407	1	3.322	1.0455	0.2879
1500	1303771070426	1	3.322	1.0455	0.2879
1501	1303771070446	1	3.322	1.0909	0.2759
1502	1303771070463	1	3.322	1.0909	0.2759
1503	1303771070482	1	3.322	1.0455	0.2879
1504	1303771070502	1	3.322	1.0455	0.2879
1505	1303771070521	1	3.322	1.0909	0.2759
1506	1303771070583	1	1.0006	1.0909	0.9161
1507	1303771070603	1	1.0006	1.0455	0.9559
1508	1303771070622	1	1.0006	1.0455	0.9559
1509	1303771070640	1	1.0006	1.0909	0.9161
1510	1303771070660	1	1.0006	1.0909	0.9161
1511	1303771070679	1	1.0006	1.0455	0.9559
1512	1303771070698	1	1.0006	1.0455	0.9559
1513	1303771070718	1	1.0006	1.0909	0.9161
1514	1303771070737	1	1.0006	1.0909	0.9161
1515	1303771070755	1	1.0006	1.0455	0.9559
1516	1303771070774	1	1.0006	1.0455	0.9559
1517	1303771070794	1	1.0006	1.0909	0.9161
1518	1303771070813	1	1.0006	1.0909	0.9161
1519	1303771070832	1	1.0006	1.0455	0.9559
1520	1303771070852	1	1.0006	1.0455	0.9559
1521	1303771070870	1	1.0006	1.0909	0.9161
1522	1303771070890	1	1.0006	1.0909	0.9161
1523	1303771070910	1	1.0006	1.0455	0.9559
1524	1303771070929	1	1.0006	1.0455	0.9559
1525	1303771070948	1	1.0006	1.0909	0.9161
1526	1303771070968	1	1.0006	1.0909	0.9161
1527	1303771070987	1	1.0006	1.0455	0.9559
1528	1303771071005	1	1.0006	1.0455	0.9559
1529	1303771071024	1	1.0006	1.0909	0.9161
1530	1303771071043	1	1.0006	1.0909	0.9161
1531	1303771071062	1	1.0006	1.0455	0.9559
1532	1303771071081	1	1.0006	1.0455	0.9559
1533	1303771071100	1	1.0006	1.0909	0.9161
1534	1303771071119	1	1.0006	1.0909	0.9161
1535	1303771071139	1	1.0006	1.0455	0.9559
1536	1303771071158	1	1.0006	1.0455	0.9559
1537	1303771071177	1	1.0006	1.0909	0.9161
1538	1303771071196	1	1.0006	1.0909	0.9161
1539	1303771071216	1	1.0006	1.0455	0.9559
1540	1303771071238	1	1.0006	1.0455	0.9559
1541	1303771071299	1	1.0006	1.0909	0.9161
1542	1303771071319	1	1.0006	1.0909	0.9161
1543	1303771071339	1	1.0006	1.0455	0.9559
1544	1303771071360	1	1.0006	1.0455	0.9559
1545	1303771071379	1	1.0006	1.0909	0.9161
1546	1303771071398	1	1.0006	1.0909	0.9161
1547	1303771071417	1	1.0006	1.0455	0.9559
1548	1303771071435	1	1.0006	1.0455	0.9559
1549	1303771071454	1	1.0006	1.0909	0.9161
1550	1303771071474	1	1.0006	1.0909	0.9161
1551	1303771071492	1	1.0006	1.0455	0.9559
1552	1303771071512	1	1.0006	1.0455	0.9559
1553	1303771071531	1	1.0006	1.0909	0.9161
1554	1303771071549	1	1.0006	1.0909	0.9161
1555	1303771071569	1	1.0006	1.0455	0.9559
1556	1303771071590	1	1.0006	1.0455	0.9559
1557	1303771071611	1	1.0007	1.0909	0.9161
1558	1303771071631	1	1.0007	1.0909	0.9161
1559	1303771071651	1	1.0007	1.0455	0.9559
1560	1303771071669	1	1.0007	1.0455	0.9559
1561	1303771071687	1	1.0007	1.0909	0.9161
1562	1303771071707	1	1.0008	1.0909	0.9159
1563	1303771071726	1	1.0008	1.0455	0.9557
1564	1303771071745	1	1.0008	1.0455	0.9557
1565	1303771071764	1	1.0008	1.0909	0.9159
1566	1303771071783	1	1.0008	1.0909	0.9159
1567	1303771071845	1	1.0008	1.0455	0.9557
1568	1303771071863	1	1.0008	1.0455	0.9557
1569	1303771071883	1	1.0008	1.0909	0.9159
1570	1303771071903	1	1.0008	1.0909	0.9159
1571	1303771071922	1	1.0008	1.0455	0.9557
1572	1303771071941	1	1.0008	1.0455	0.9557
1573	1303771071961	1	1.0008	1.0909	0.9159
1574	1303771071980	1	1.0008	1.0909	0.9159
1575	1303771071999	1	1.0008	1.0455	0.9557
1576	1303771072019	1	1.0008	1.0455	0.9557
1577	1303771072038	1	1.0008	1.0909	0.9159
1578	1303771072057	1	1.0008	1.0909	0.9159
1579	1303771072076	1	1.0008	1.0455	0.9557
1580	1303771072095	1	1.0008	1.0455	0.9557
1581	1303771072113	1	1.0008	1.0909	0.9159
1582	1303771072132	1	1.0008	1.0909	0.9159
1583	1303771072152	1	1.0008	1.0455	0.9557
1584	1303771072171	1	1.0008	1.0455	0.9557
1585	1303771072237	1	1.0008	1.0909	0.9159
1586	1303771072256	1	1.0008	1.0909	0.9159
1587	1303771072274	1	1.0008	1.0455	0.9557
1588	1303771072294	1	1.0008	1.0455	0.9557
1589	1303771072361	1	1.0008	1.0909	0.9159
1590	1303771072380	1	1.0008	1.0909	0.9159
1591	1303771072400	1	1.0008	1.0455	0.9557
1592	1303771072419	1	1.0008	1.0455	0.9557
1593	1303771072480	1	1.0008	1.0909	0.9159
1594	1303771072500	1	1.0008	1.0909	0.9159
1595	1303771072519	1	1.0008	1.0455	0.9557
1596	1303771072539	1	1.0008	1.0455	0.9557
1597	1303771072558	1	1.0008	1.0909	0.9159
1598	1303771072578	1	1.0008	1.0909	0.9159
1599	1303771072597	1	1.0008	1.0455	0.9557
1600	1303771072617	1	1.0008	1.0455	0.9557
1601	1303771072679	1	1.0008	1.0909	0.9159
1602	1303771072698	1	1.0008	1.0909	0.9159
1603	1303771072716	1	1.0008	1.0455	0.9557
1604	1303771072737	1	1.0008	1.0455	0.9557
1605	1303771072756	1	1.0008	1.0909	0.9159
1606	1303771072775	1	1.0008	1.0909	0.9159
1607	1303771072796	1	1.0008	1.0455	0.9557
1608	1303771072858	1	1.0008	1.0455	0.9557
1609	1303771072878	1	1.0008	1.0909	0.9159
1610	1303771072896	1	1.0008	1.0909	0.9159
1611	1303771072916	1	1.0008	1.0455	0.9557
1612	1303771072977	1	1.0008	1.0455	0.9557
1613	1303771073039	1	1.0008	1.0909	0.9159
1614	1303771073059	1	1.0008	1.0909	0.9159
1615	1303771073078	1	1.0008	1.0455	0.9557
1616	1303771073098	1	1.0008	1.0455	0.9557
1617	1303771073122	1	1.0006	1.0909	0.9161
1618	1303771073141	1	1.0006	1.0909	0.9161
1619	1303771073160	1	1.0006	1.0455	0.9559
1620	1303771073179	1	1.0006	1.0455	0.9559
1621	1303771073199	1	1.0006	1.0909	0.9161
1622	1303771073218	1	1.0006	1.0909	0.9161
1623	1303771073237	1	1.0006	1.0455	0.9559
1624	1303771073300	1	1.0006	1.0455	0.9559
1625	1303771073319	1	1.0006	1.0909	0.9161
1626	1303771073339	1	1.0006	1.0909	0.9161
1627	1303771073360	1	1.0006	1.0455	0.9559
1628	1303771073379	1	1.0006	1.0455	0.9559
1629	1303771073398	1	1.0006	1.0909	0.9161
1630	1303771073418	1	1.0006	1.0909	0.9161
1631	1303771073437	1	1.0006	1.0455	0.9559
1632	1303771073499	1	1.0006	1.0455	0.9559
1633	1303771073518	1	1.0006	1.0909	0.9161
1634	1303771073537	1	1.0006	1.0909	0.9161
1635	1303771073556	1	1.0006	1.0455	0.9559
1636	1303771073576	1	1.0006	1.0455	0.9559
1637	1303771073595	1	1.0006	1.0909	0.9161
1638	1303771073615	1	1.0006	1.0909	0.9161
1639	1303771073633	1	1.0006	1.0455	0.9559
1640	1303771073653	1	1.0006	1.0455	0.9559
1641	1303771073673	1	1.0006	1.0909	0.9161
1642	1303771073692	1	1.0006	1.0909	0.9161
1643	1303771073711	1	1.0006	1.0455	0.9559
1644	1303771073731	1	1.0006	1.0455	0.9559
1645	1303771073750	1	1.0006	1.0909	0.9161
1646	1303771073770	1	1.0006	1.0909	0.9161
1647	1303771073790	1	1.0006	1.0455	0.9559
1648	1303771073809	1	1.0006	1.0455	0.9559
1649	1303771073829	1	1.0006	1.0909	0.9161
1650	1303771073848	1	1.0006	1.0909	0.9161
1651	1303771073868	1	1.0006	1.0455	0.9559
1652	1303771073930	1	1.0006	1.0455	0.9559
1653	1303771073948	1	1.0006	1.0909	0.9161
1654	1303771073968	1	1.0006	1.0909	0.9161
1655	1303771073988	1	1.0006	1.0455	0.9559
1656	1303771074007	1	1.0006	1.0455	0.9559
1657	1303771074027	1	1.0006	1.0909	0.9161
1658	1303771074046	1	1.0006	1.0909	0.9161
1659	1303771074064	1	1.0006	1.0455	0.9559
1660	1303771074083	1	1.0006	1.0455	0.9559
1661	1303771074102	1	1.0006	1.0909	0.9161
1662	1303771074165	1	1.0006	1.0909	0.9161
1663	1303771074227	1	1.0006	1.0455	0.9559
1664	1303771074247	1	1.0006	1.0455	0.9559
1665	1303771074268	1	1.0006	1.0909	0.9161
1666	1303771074288	1	1.0006	1.0909	0.9161
1667	1303771074306	1	1.0006	1.0455	0.9559
1668	1303771074326	1	1.0006	1.0455	0.9559
1669	1303771074389	1	1.0006	1.0909	0.9161
1670	1303771074409	1	1.0006	1.0909	0.9161
1671	1303771074428	1	1.0006	1.0455	0.9559
1672	1303771074448	1	1.0006	1.0455	0.9559
1673	1303771074467	1	1.0006	1.0909	0.9161
1674	1303771074486	1	1.0006	1.0909	0.9161
1675	1303771074504	1	1.0006	1.0455	0.9559
1676	1303771074524	1	1.0006	1.0455	0.9559
1677	1303771074543	1	1.0006	1.0909	0.9161
1678	1303771074605	1	1.0006	1.0909	0.9161
1679	1303771074625	1	1.0006	1.0455	0.9559
1680	1303771074645	1	1.0006	1.0455	0.9559
1681	1303771074663	1	1.0006	1.0909	0.9161
1682	1303771074682	1	1.0006	1.0909	0.9161
1683	1303771074701	1	1.0006	1.0455	0.9559
1684	1303771074720	1	1.0006	1.0455	0.9559
1685	1303771074739	1	1.0006	1.0909	0.9161
1686	1303771074759	1	1.0006	1.0909	0.9161
1687	1303771074777	1	1.0006	1.0455	0.9559
1688	1303771074797	1	1.0006	1.0455	0.9559
1689	1303771074816	1	1.0006	1.0909	0.9161
1690	1303771074836	1	1.0006	1.0909	0.9161
1691	1303771074855	1	1.0006	1.0455	0.9559
1692	1303771074874	1	1.0006	1.0455	0.9559
1693	1303771074892	1	1.0006	1.0909	0.9161
1694	1303771074912	1	1.0006	1.0909	0.9161
1695	1303771074931	1	1.0006	1.0455	0.9559
1696	1303771074949	1	1.0006	1.0455	0.9559
1697	1303771074969	1	1.0006	1.0909	0.9161
1698	1303771074988	1	1.0006	1.0909	0.9161
1699	1303771075007	1	1.0006	1.0455	0.9559
1700	1303771075025	1	1.0006	1.0455	0.9559
1701	1303771075044	1	1.0006	1.0909	0.9161
1702	1303771075064	1	1.0006	1.0909	0.9161
1703	1303771075084	1	1.0006	1.0455	0.9559
1704	1303771075103	1	1.0006	1.0455	0.9559
1705	1303771075122	1	1.0006	1.0909	0.9161
1706	1303771075140	1	1.0006	1.0909	0.9161
1707	1303771075160	1	1.0006	1.0455	0.9559
1708	1303771075179	1	1.0006	1.0455	0.9559
1709	1303771075198	1	1.0006	1.0909	0.9161
1710	1303771075217	1	1.0006	1.0909	0.9161
1711	1303771075236	1	1.0006	1.0455	0.9559
1712	1303771075256	1	1.0006	1.0455	0.9559
1713	1303771075273	1	1.0006	1.0909	0.9161
1714	1303771075292	1	1.0006	1.0909	0.9161
1715	1303771075312	1	1.0006	1.0455	0.9559
1716	1303771075331	1	1.0006	1.0455	0.9559
1717	1303771075351	1	1.0006	1.0909	0.9161
1718	1303771075371	1	1.0006	1.0909	0.9161
1719	1303771075390	1	1.0006	1.0455	0.9559
1720	1303771075410	1	1.0006	1.0455	0.9559
1721	1303771075430	1	1.0006	1.0909	0.9161
1722	1303771075452	1	1.0006	1.0909	0.9161
1723	1303771075471	1	1.0006	1.0455	0.9559
1724	1303771075492	1	1.0006	1.0455	0.9559
1725	1303771075511	1	1.0006	1.0909	0.9161
1726	1303771075529	1	1.0006	1.0909	0.9161
1727	1303771075548	1	1.0006	1.0455	0.9559
1728	1303771075568	1	1.0006	1.0455	0.9559
1729	1303771075587	1	1.0006	1.0909	0.9161
1730	1303771075607	1	1.0006	1.0909	0.9161
1731	1303771075627	1	1.0006	1.0455	0.9559
1732	1303771075647	1	1.0006	1.0455	0.9559
1733	1303771075664	1	1.0006	1.0909	0.9161
1734	1303771075684	1	1.0006	1.0909	0.9161
1735	1303771075703	1	1.0006	1.0455	0.9559
1736	1303771075723	1	1.0006	1.0455	0.9559
1737	1303771075743	1	1.0006	1.0909	0.9161
1738	1303771075764	1	1.0006	1.0909	0.9161
1739	1303771075783	1	1.0006	1.0455	0.9559
1740	1303771075803	1	1.0006	1.0455	0.956
1741	1303771075823	1	1.0006	1.0909	0.9161
1742	1303771075842	1	1.0006	1.0909	0.9161
1743	1303771075860	1	1.0006	1.0455	0.956
1744	1303771075878	1	1.0006	1.0455	0.956
1745	1303771075897	1	1.0006	1.0909	0.9161
1746	1303771075916	1	1.0006	1.0909	0.9161
1747	1303771075934	1	1.0006	1.0455	0.956
1748	1303771075951	1	1.0006	1.0455	0.956
1749	1303771075969	1	1.0006	1.0909	0.9161
1750	1303771075987	1	1.0006	1.0909	0.9161
1751	1303771076006	1	1.0006	1.0455	0.956
1752	1303771076023	1	1.0006	1.0455	0.956
1753	1303771076042	1	1.0006	1.0909	0.9161
1754	1303771076060	1	1.0006	1.0909	0.9161
1755	1303771076077	1	1.0006	1.0455	0.956
1756	1303771076095	1	1.0006	1.0455	0.956
1757	1303771076112	1	1.0006	1.0909	0.9161
1758	1303771076130	1	1.0006	1.0909	0.9161
1759	1303771076147	1	1.0006	1.0455	0.956
1760	1303771076165	1	1.0006	1.0455	0.956
1761	1303771076183	1	1.0006	1.0909	0.9161
1762	1303771076200	1	1.0006	1.0909	0.9161
1763	1303771076218	1	1.0006	1.0455	0.956
1764	1303771076235	1	1.0006	1.0455	0.956
1765	1303771076253	1	1.0006	1.0909	0.9161
1766	1303771076270	1	1.0006	1.0909	0.9161
1767	1303771076288	1	1.0006	1.0455	0.956
1768	1303771076307	1	1.0006	1.0455	0.956
1769	1303771076325	1	1.0006	1.0909	0.9161
1770	1303771076342	1	1.0006	1.0909	0.9161
1771	1303771076360	1	1.0006	1.0455	0.956
1772	1303771076377	1	1.0006	1.0455	0.956
1773	1303771076394	1	1.0006	1.0909	0.9161
1774	1303771076412	1	1.0006	1.0909	0.9161
1775	1303771076430	1	1.0006	1.0455	0.956
1776	1303771076448	1	1.0006	1.0455	0.956
1777	1303771076465	1	1.0006	1.0909	0.9161
1778	1303771076484	1	1.0006	1.0909	0.9161
1779	1303771076502	1	1.0006	1.0455	0.956
1780	1303771076520	1	1.0006	1.0455	0.956
1781	1303771076537	1	1.0006	1.0909	0.9161
1782	1303771076555	1	1.0006	1.0909	0.9161
1783	1303771076573	1	1.0006	1.0455	0.956
1784	1303771076591	1	1.0006	1.0455	0.956
1785	1303771076608	1	1.0006	1.0909	0.9161
1786	1303771076626	1	1.0006	1.0909	0.9161
1787	1303771076686	1	1.0006	1.0455	0.956
1788	1303771076705	1	1.0006	1.0455	0.956
1789	1303771076722	1	1.0006	1.0909	0.9161
1790	1303771076741	1	1.0006	1.0909	0.9161
1791	1303771076760	1	1.0006	1.0455	0.956
1792	1303771076777	1	1.0006	1.0455	0.956
1793	1303771076795	1	1.0006	1.0909	0.9161
1794	1303771076813	1	1.0006	1.0909	0.9161
1795	1303771076832	1	1.0006	1.0455	0.956
1796	1303771076850	1	1.0006	1.0455	0.956
1797	1303771076868	1	1.0006	1.0909	0.9161
1798	1303771076887	1	1.0006	1.0909	0.9161
1799	1303771076903	1	1.0006	1.0455	0.956
1800	1303771076922	1	1.0006	1.0455	0.956
