0	1303771821545	0	0	0	0
1	1303771821593	0	0	0	0
2	1303771821602	0	0	0	0
3	1303771821612	0	0	0	0
4	1303771821621	0	0	0	0
5	1303771821631	0	0	0	0
6	1303771821642	0	0	0	0
7	1303771821652	0	0	0	0
8	1303771821663	0	0	0	0
9	1303771821688	0.5	0	0	0
10	1303771821719	0.5	0	0	0
11	1303771821736	0.5	0	0	0
12	1303771821752	0.5	1.1144	0	0
13	1303771821771	0.5	1.1144	0	0
14	1303771821791	0.5	1.1144	1.5	0.2991
15	1303771821811	0.5	1.1144	0	0
16	1303771821831	0.5	1.1144	1.5	0.2991
17	1303771821851	0.5	1.1144	1.5	0.2991
18	1303771821874	1	1.1144	1.5	0.5982
19	1303771821910	1	1.1144	1.5	0.5982
20	1303771821942	1	1.1144	1.5	0.5982
21	1303771821961	1	1.1144	1.5	0.5982
22	1303771821981	1	1.1144	1	0.8974
23	1303771822039	1	1.1144	1	0.8974
24	1303771822059	1	1.1144	1.5	0.5982
25	1303771822076	1	1.1144	1.5	0.5982
26	1303771822096	1	1.1144	1.5	0.5982
27	1303771822114	1	1.1144	1.5	0.5982
28	1303771822133	1	1.1144	1.5	0.5982
29	1303771822151	1	1.1144	1.5	0.5982
30	1303771822170	1	1.1144	1.5	0.5982
31	1303771822186	1	1.1144	1.5	0.5982
32	1303771822250	1	1.1144	1.4	0.641
33	1303771822267	1	1.1144	1.5	0.5982
34	1303771822284	1	1.1144	1.1667	0.7692
35	1303771822302	1	1.1144	1.5	0.5982
36	1303771822319	1	1.1144	1.5	0.5982
37	1303771822337	1	1.1144	1.1667	0.7692
38	1303771822353	1	1.1144	1.375	0.6526
39	1303771822372	1	1.1144	1.2	0.7478
40	1303771822389	1	1.1144	1.1	0.8158
41	1303771822406	1	1.1144	1.0833	0.8283
42	1303771822425	1	1.1144	1.0833	0.8283
43	1303771822442	1	1.1144	1.0833	0.8283
44	1303771822460	1	1.1144	1.1	0.8158
45	1303771822477	1	1.1144	1.2	0.7478
46	1303771822494	1	1.1144	1	0.8974
47	1303771822512	1	1.1144	1	0.8974
48	1303771822529	1	1.1144	1.2	0.7478
49	1303771822547	1	1.1144	1	0.8974
50	1303771822563	1	1.1144	1.1667	0.7692
51	1303771822579	1	1.1144	1.0833	0.8283
52	1303771822597	1	1.1144	1.0833	0.8283
53	1303771822614	1	1.1144	1	0.8974
54	1303771822630	1	1.1144	1	0.8974
55	1303771822648	1	1.1144	1.1667	0.7692
56	1303771822665	1	1.1144	1.1667	0.7692
57	1303771822682	1	1.1144	1.1667	0.7692
58	1303771822699	1	1.1144	1.0833	0.8283
59	1303771822715	1	1.1144	1.1667	0.7692
60	1303771822732	1	1.1144	1.0833	0.8283
61	1303771822748	1	1.1144	1.1	0.8158
62	1303771822764	1	1.1144	1.0833	0.8283
63	1303771822782	1	1.1144	1.1667	0.7692
64	1303771822798	1	1.1144	1.0833	0.8283
65	1303771822814	1	1.1144	1.0833	0.8283
66	1303771822832	1	1.1144	1.0833	0.8283
67	1303771822849	1	1.1144	1.0833	0.8283
68	1303771822865	1	1.1144	1.0833	0.8283
69	1303771822883	1	1.1144	1.0833	0.8283
70	1303771822900	1	1.1144	1.0833	0.8283
71	1303771822916	1	1.1144	1.0833	0.8283
72	1303771822934	1	1.1144	1.0833	0.8283
73	1303771822951	1	1.1144	1.0833	0.8283
74	1303771822968	1	1.0741	1.0833	0.8594
75	1303771822986	1	1.0741	1.0833	0.8594
76	1303771823002	1	1.0741	1.0833	0.8594
77	1303771823018	1	1.0741	1.0833	0.8594
78	1303771823033	1	1.0741	1.0833	0.8594
79	1303771823050	1	1.0741	1.0833	0.8594
80	1303771823065	1	1.0741	1.0833	0.8594
81	1303771823081	1	1.0741	1.0833	0.8594
82	1303771823097	1	1.0741	1	0.931
83	1303771823113	1	1.0422	1.0833	0.8857
84	1303771823130	1	1.0422	1.0833	0.8857
85	1303771823147	1	1.0422	1.0833	0.8857
86	1303771823163	1	1.0422	1.0833	0.8857
87	1303771823179	1	1.0422	1	0.9595
88	1303771823194	1	1.0422	1	0.9595
89	1303771823211	1	1.0422	1.0833	0.8857
90	1303771823227	1	1.0422	1.0833	0.8857
91	1303771823284	1	1.0422	1	0.9595
92	1303771823342	1	1.0422	1	0.9595
93	1303771823357	1	1.0422	1.0833	0.8857
94	1303771823373	1	1.0422	1.0833	0.8857
95	1303771823391	1	1.0422	1	0.9595
96	1303771823407	1	1.0422	1	0.9595
97	1303771823423	1	1.0422	1	0.9595
98	1303771823441	1	1.0422	1.0833	0.8857
99	1303771823457	1	1.0422	1	0.9595
100	1303771823473	1	1.0422	1	0.9595
101	1303771823488	1	1.0422	1	0.9595
102	1303771823505	1	1.0422	1.0833	0.8857
103	1303771823561	1	1.0422	1	0.9595
104	1303771823577	1	1.0422	1	0.9595
105	1303771823595	1	1.0422	1	0.9595
106	1303771823610	1	1.0422	1.0833	0.8857
107	1303771823627	1	1.0422	1	0.9595
108	1303771823684	1	1.0422	1	0.9595
109	1303771823701	1	1.0422	1	0.9595
110	1303771823718	1	1.0422	1.0833	0.8857
111	1303771823734	1	1.0422	1	0.9595
112	1303771823751	1	1.0422	1	0.9595
113	1303771823767	1	1.0422	1	0.9595
114	1303771823784	1	1.0422	1.0833	0.8857
115	1303771823799	1	1.0422	1	0.9595
116	1303771823817	1	1.0422	1	0.9595
117	1303771823832	1	1.0422	1	0.9595
118	1303771823848	1	1.0422	1	0.9595
119	1303771823906	1	1.0422	1	0.9595
120	1303771823922	1	1.0422	1	0.9595
121	1303771823938	1	1.0422	1	0.9595
122	1303771823953	1	1.0422	1	0.9595
123	1303771823971	1	1.0422	1	0.9595
124	1303771823986	1	1.0422	1	0.9595
125	1303771824002	1	1.0422	1	0.9595
126	1303771824018	1	1.0422	1	0.9595
127	1303771824036	1	1.0422	1	0.9595
128	1303771824052	1	1.0422	1	0.9595
129	1303771824068	1	1.0422	1	0.9595
130	1303771824085	1	1.0422	1	0.9595
131	1303771824100	1	1.0422	1	0.9595
132	1303771824116	1	1.0422	1	0.9595
133	1303771824132	1	1.0422	1	0.9595
134	1303771824149	1	1.1597	1	0.8623
135	1303771824165	1	1.1597	1	0.8623
136	1303771824180	1	1.1597	1	0.8623
137	1303771824196	1	1.1597	1	0.8623
138	1303771824213	1	1.1597	1	0.8623
139	1303771824228	1	1.1597	1	0.8623
140	1303771824243	1	1.1597	1	0.8623
141	1303771824258	1	1.1597	1	0.8623
142	1303771824315	1	1.1597	1	0.8623
143	1303771824374	1	1.1597	1	0.8623
144	1303771824391	1	1.1597	1	0.8623
145	1303771824409	1	1.1597	1	0.8623
146	1303771824425	1	1.1883	1	0.8415
147	1303771824442	1	1.1883	1	0.8415
148	1303771824500	1	1.1883	1	0.8415
149	1303771824516	1	1.1883	1	0.8415
150	1303771824532	1	1.1883	1	0.8415
151	1303771824548	1	1.1883	1	0.8415
152	1303771824565	1	1.1883	1	0.8415
153	1303771824581	1	1.1883	1	0.8415
154	1303771824597	1	1.1883	1	0.8415
155	1303771824614	1	1.1883	1	0.8415
156	1303771824631	1	1.1883	1	0.8415
157	1303771824647	1	1.1883	1	0.8415
158	1303771824664	1	1.1883	1	0.8415
159	1303771824682	1	1.1883	1	0.8415
160	1303771824698	1	1.1883	1	0.8415
161	1303771824714	1	1.1883	1	0.8415
162	1303771824731	1	1.1883	1	0.8415
163	1303771824790	1	1.1724	1	0.8529
164	1303771824805	1	1.1724	1	0.8529
165	1303771824821	1	1.1724	1	0.8529
166	1303771824839	1	1.1724	1	0.8529
167	1303771824855	1	1.1724	1	0.8529
168	1303771824871	1	1.1724	1	0.8529
169	1303771824928	1	1.1724	1	0.8529
170	1303771824946	1	1.1724	1	0.8529
171	1303771824962	1	1.1724	1	0.8529
172	1303771825019	1	1.1724	1	0.8529
173	1303771825037	1	1.1724	1	0.8529
174	1303771825053	1	1.1724	1	0.8529
175	1303771825068	1	1.1724	1	0.8529
176	1303771825124	1	1.1724	1	0.8529
177	1303771825182	1	1.1724	1	0.8529
178	1303771825198	1	1.1724	1	0.8529
179	1303771825213	1	1.1724	1	0.8529
180	1303771825231	1	1.1724	1	0.8529
181	1303771825247	1	1.1724	1	0.8529
182	1303771825262	1	1.1724	1	0.8529
183	1303771825278	1	1.1724	1	0.8529
184	1303771825296	1	1.1724	1	0.8529
185	1303771825311	1	1.1724	1	0.8529
186	1303771825328	1	1.1724	1	0.8529
187	1303771825344	1	1.1724	1	0.8529
188	1303771825362	1	1.1724	1	0.8529
189	1303771825378	1	1.1724	1	0.8529
190	1303771825435	1	1.1724	1	0.8529
191	1303771825452	1	1.1724	1	0.8529
192	1303771825467	1	1.1724	1	0.8529
193	1303771825483	1	1.1724	1	0.8529
194	1303771825499	1	1.1724	1	0.8529
195	1303771825516	1	1.1724	1	0.8529
196	1303771825532	1	1.1724	1	0.8529
197	1303771825589	1	1.1724	1	0.8529
198	1303771825607	1	1.1724	1	0.8529
199	1303771825622	1	1.039	1	0.9624
200	1303771825638	1	1.039	1	0.9624
201	1303771825654	1	1.039	1	0.9624
202	1303771825712	1	1.039	1	0.9624
203	1303771825728	1	1.039	1	0.9624
204	1303771825745	1	1.039	1	0.9624
205	1303771825761	1	1.039	1	0.9624
206	1303771825818	1	1.039	1.0833	0.8884
207	1303771825834	1	1.039	1	0.9624
208	1303771825891	1	1.1871	1	0.8424
209	1303771825908	1	1.1871	1	0.8424
210	1303771825964	1	1.1871	1	0.8424
211	1303771825980	1	1.1871	1	0.8424
212	1303771825999	1	1.1871	1	0.8424
213	1303771826015	1	1.1871	1.0833	0.7776
214	1303771826031	1	1.1871	1	0.8424
215	1303771826047	1	1.1871	1	0.8424
216	1303771826064	1	1.1871	1	0.8424
217	1303771826121	1	1.1871	1.0833	0.7776
218	1303771826136	1	1.1871	1	0.8424
219	1303771826152	1	1.1871	1	0.8424
220	1303771826170	1	1.1871	1	0.8424
221	1303771826186	1	1.1871	1.0833	0.7776
222	1303771826202	1	1.1871	1	0.8424
223	1303771826265	1	1.1871	1	0.8424
224	1303771826281	1	1.1871	1.0833	0.7776
225	1303771826297	1	1.1871	1.0833	0.7776
226	1303771826313	1	1.1871	1	0.8424
227	1303771826330	1	1.1871	1.0833	0.7776
228	1303771826346	1	1.1871	1	0.8424
229	1303771826362	1	1.1871	1.0833	0.7776
230	1303771826382	1	1.1871	1.0833	0.7776
231	1303771826441	1	1.1871	1	0.8424
232	1303771826457	1	1.1871	1	0.8424
233	1303771826473	1	1.1871	1.0833	0.7776
234	1303771826531	1	1.1871	1	0.8424
235	1303771826547	1	1.1871	1	0.8424
236	1303771826563	1	1.1871	1.0833	0.7776
237	1303771826579	1	1.1871	1.0833	0.7776
238	1303771826637	1	1.2299	1	0.8131
239	1303771826653	1	1.2299	1	0.8131
240	1303771826669	1	1.2299	1.0833	0.7505
241	1303771826727	1	1.2299	1.0833	0.7505
242	1303771826743	1	1.2299	1	0.8131
243	1303771826759	1	1.2299	1	0.8131
244	1303771826776	1	1.2299	1.0833	0.7505
245	1303771826835	1	1.2299	1.0833	0.7505
246	1303771826851	1	1.2299	1.0833	0.7505
247	1303771826867	1	1.2299	1	0.8131
248	1303771826885	1	1.2299	1.0833	0.7505
249	1303771826901	1	1.2299	1.0833	0.7505
250	1303771826916	1	1.2299	1.1667	0.6969
251	1303771826933	1	1.2299	1.0833	0.7505
252	1303771826996	1	1.2299	1.0833	0.7505
253	1303771827012	1	1.2299	1.0833	0.7505
254	1303771827028	1	1.2299	1.1667	0.6969
255	1303771827045	1	1.2299	1.0833	0.7505
256	1303771827063	1	1.2299	1.0833	0.7505
257	1303771827080	1	1.2299	1.0833	0.7505
258	1303771827097	1	1.2299	1.1667	0.6969
259	1303771827114	1	1.2299	1.0833	0.7505
260	1303771827130	1	1.2535	1.0833	0.7364
261	1303771827146	1	1.2535	1.1667	0.6838
262	1303771827162	1	1.2535	1.1667	0.6838
263	1303771827179	1	1.2535	1.0833	0.7364
264	1303771827196	1	1.2535	1.1667	0.6838
265	1303771827212	1	1.1153	1.1667	0.7685
266	1303771827228	1	1.0979	1.1667	0.7807
267	1303771827246	1	1.0979	1.0833	0.8408
268	1303771827262	1	1.0979	1.1667	0.7807
269	1303771827278	1	1.0979	1.1667	0.7807
270	1303771827294	1	1.0979	1.25	0.7287
271	1303771827312	1	1.0979	1.1667	0.7807
272	1303771827328	1	1.0979	1.25	0.7287
273	1303771827343	1	1.0979	1.25	0.7287
274	1303771827361	1	1.0979	1.25	0.7287
275	1303771827377	1	1.0979	1.1667	0.7807
276	1303771827393	1	1.0979	1.25	0.7287
277	1303771827409	1	1.0979	1.25	0.7287
278	1303771827427	1	1.0979	1.25	0.7287
279	1303771827443	1	1.0979	1.1667	0.7807
280	1303771827460	1	1.0979	1.25	0.7287
281	1303771827476	1	1.0979	1.25	0.7287
282	1303771827533	1	1.0979	1.25	0.7287
283	1303771827549	1	1.0979	1.1667	0.7807
284	1303771827565	1	1.0979	1.25	0.7287
285	1303771827584	1	1.0979	1.25	0.7287
286	1303771827640	1	1.0979	1.25	0.7287
287	1303771827656	1	1.0979	1.1667	0.7807
288	1303771827672	1	1.0979	1.25	0.7287
289	1303771827689	1	1.0979	1.25	0.7287
290	1303771827706	1	1.0979	1.25	0.7287
291	1303771827763	1	1.0979	1.1667	0.7807
292	1303771827781	1	1.0979	1.25	0.7287
293	1303771827797	1	1.0979	1.25	0.7287
294	1303771827812	1	1.0979	1.25	0.7287
295	1303771827829	1	1.0979	1.1667	0.7807
296	1303771827846	1	1.0979	1.25	0.7287
297	1303771827861	1	1.0979	1.25	0.7287
298	1303771827877	1	1.0979	1.25	0.7287
299	1303771827893	1	1.0979	1.1667	0.7807
300	1303771827911	1	1.0979	1.25	0.7287
301	1303771827927	1	1.0979	1.25	0.7287
302	1303771827943	1	1.0979	1.25	0.7287
303	1303771827959	1	1.0979	1.1667	0.7807
304	1303771827976	1	1.0979	1.25	0.7287
305	1303771827993	1	1.0979	1.25	0.7287
306	1303771828009	1	1.0979	1.25	0.7287
307	1303771828028	1	1.0979	1.1667	0.7807
308	1303771828044	1	1.0979	1.25	0.7287
309	1303771828060	1	1.0979	1.25	0.7287
310	1303771828076	1	1.0979	1.25	0.7287
311	1303771828094	1	1.0979	1.1667	0.7807
312	1303771828112	1	1.0979	1.25	0.7287
313	1303771828128	1	1.0979	1.25	0.7287
314	1303771828144	1	1.0979	1.25	0.7287
315	1303771828202	1	1.0979	1.1667	0.7807
316	1303771828219	1	1.0979	1.25	0.7287
317	1303771828236	1	1.0979	1.25	0.7287
318	1303771828252	1	1.0979	1.25	0.7287
319	1303771828269	1	1.0979	1.1667	0.7807
320	1303771828285	1	1.0979	1.25	0.7287
321	1303771828342	1	1.0823	1.25	0.7392
322	1303771828359	1	1.0823	1.25	0.7392
323	1303771828376	1	1.0823	1.25	0.7392
324	1303771828392	1	1.0823	1.25	0.7392
325	1303771828409	1	1.0823	1.25	0.7392
326	1303771828427	1	1.0823	1.25	0.7392
327	1303771828443	1	1.0823	1.25	0.7392
328	1303771828460	1	1.0823	1.25	0.7392
329	1303771828476	1	1.0823	1.25	0.7392
330	1303771828494	1	1.0823	1.25	0.7392
331	1303771828555	1	1.2205	1.25	0.6555
332	1303771828571	1	1.2205	1.25	0.6555
333	1303771828589	1	1.2205	1.25	0.6555
334	1303771828606	1	1.2205	1.25	0.6555
335	1303771828623	1	1.2205	1.25	0.6555
336	1303771828638	1	1.2205	1.25	0.6555
337	1303771828696	1	1.2205	1.25	0.6555
338	1303771828712	1	1.2205	1.25	0.6555
339	1303771828729	1	1.2205	1.25	0.6555
340	1303771828745	1	1.2205	1.25	0.6555
341	1303771828763	1	1.2205	1.25	0.6555
342	1303771828779	1	1.2205	1.25	0.6555
343	1303771828795	1	1.2205	1.25	0.6555
344	1303771828858	1	1.2205	1.25	0.6555
345	1303771828874	1	1.2205	1.25	0.6555
346	1303771828891	1	1.2205	1.25	0.6555
347	1303771828907	1	1.2205	1.25	0.6555
348	1303771828926	1	1.2205	1.25	0.6555
349	1303771828942	1	1.2205	1.1667	0.7023
350	1303771828999	1	1.2205	1.25	0.6555
351	1303771829015	1	1.2205	1.25	0.6555
352	1303771829033	1	1.2205	1.25	0.6555
353	1303771829049	1	1.2205	1.1667	0.7023
354	1303771829065	1	1.2205	1.25	0.6555
355	1303771829083	1	1.2205	1.25	0.6555
356	1303771829098	1	1.2205	1.25	0.6555
357	1303771829114	1	1.2205	1.25	0.6555
358	1303771829130	1	1.2205	1.25	0.6555
359	1303771829148	1	1.2205	1.25	0.6555
360	1303771829164	1	1.2205	1.25	0.6555
361	1303771829180	1	1.2205	1.25	0.6555
362	1303771829196	1	1.2205	1.25	0.6555
363	1303771829215	1	1.2205	1.25	0.6555
364	1303771829232	1	1.2205	1.25	0.6555
365	1303771829294	1	1.2205	1.25	0.6555
366	1303771829311	1	1.2205	1.25	0.6555
367	1303771829330	1	1.2205	1.25	0.6555
368	1303771829387	1	1.2205	1.25	0.6555
369	1303771829403	1	1.2205	1.25	0.6555
370	1303771829463	1	1.2205	1.25	0.6555
371	1303771829479	1	1.2205	1.25	0.6555
372	1303771829495	1	1.2205	1.25	0.6555
373	1303771829511	1	1.2205	1.25	0.6555
374	1303771829529	1	1.2205	1.25	0.6555
375	1303771829544	1	1.2205	1.25	0.6555
376	1303771829560	1	1.2205	1.25	0.6555
377	1303771829576	1	1.2205	1.25	0.6555
378	1303771829598	1	1.2205	1.25	0.6555
379	1303771829614	1	1.2205	1.25	0.6555
380	1303771829630	1	1.2205	1.1667	0.7023
381	1303771829646	1	1.2205	1.1667	0.7023
382	1303771829665	1	1.2121	1.1667	0.7071
383	1303771829681	1	1.2121	1.1667	0.7071
384	1303771829698	1	1.2121	1.1667	0.7071
385	1303771829716	1	1.2121	1.1667	0.7071
386	1303771829733	1	1.2121	1.25	0.66
387	1303771829750	1	1.1231	1.25	0.7123
388	1303771829767	1	1.1231	1.25	0.7123
389	1303771829825	1	1.1231	1.25	0.7123
390	1303771829841	1	1.1231	1.25	0.7123
391	1303771829858	1	1.1231	1.25	0.7123
392	1303771829874	1	1.1231	1.25	0.7123
393	1303771829932	1	1.1231	1.25	0.7123
394	1303771829949	1	1.1231	1.25	0.7123
395	1303771829966	1	1.1231	1.25	0.7123
396	1303771830028	1	1.1231	1.25	0.7123
397	1303771830045	1	1.1231	1.25	0.7123
398	1303771830061	1	1.1231	1.25	0.7123
399	1303771830077	1	1.1231	1.25	0.7123
400	1303771830094	1	1.1231	1.25	0.7123
401	1303771830111	1	1.1231	1.25	0.7123
402	1303771830128	1	1.1231	1.25	0.7123
403	1303771830144	1	1.1231	1.25	0.7123
404	1303771830162	1	1.1231	1.25	0.7123
405	1303771830178	1	1.1231	1.25	0.7123
406	1303771830194	1	1.1231	1.25	0.7123
407	1303771830210	1	1.1231	1.25	0.7123
408	1303771830227	1	1.1231	1.25	0.7123
409	1303771830244	1	1.1231	1.25	0.7123
410	1303771830261	1	1.1231	1.25	0.7123
411	1303771830279	1	1.1231	1.25	0.7123
412	1303771830294	1	1.1231	1.25	0.7123
413	1303771830310	1	1.1231	1.25	0.7123
414	1303771830326	1	1.1231	1.25	0.7123
415	1303771830344	1	1.1231	1.25	0.7123
416	1303771830400	1	1.1231	1.25	0.7123
417	1303771830457	1	1.1231	1.25	0.7123
418	1303771830473	1	1.1231	1.25	0.7123
419	1303771830490	1	1.1231	1.25	0.7123
420	1303771830506	1	1.1231	1.25	0.7123
421	1303771830522	1	1.1231	1.25	0.7123
422	1303771830538	1	1.1231	1.25	0.7123
423	1303771830556	1	1.1231	1.25	0.7123
424	1303771830572	1	1.1231	1.25	0.7123
425	1303771830588	1	1.1231	1.25	0.7123
426	1303771830647	1	1.1231	1.25	0.7123
427	1303771830664	1	1.1231	1.25	0.7123
428	1303771830681	1	1.1231	1.25	0.7123
429	1303771830697	1	1.1231	1.25	0.7123
430	1303771830715	1	1.1231	1.25	0.7123
431	1303771830731	1	1.1231	1.25	0.7123
432	1303771830747	1	1.1231	1.25	0.7123
433	1303771830763	1	1.1231	1.25	0.7123
434	1303771830780	1	1.1231	1.25	0.7123
435	1303771830796	1	1.1231	1.25	0.7123
436	1303771830812	1	1.1231	1.25	0.7123
437	1303771830828	1	1.1231	1.25	0.7123
438	1303771830846	1	1.1231	1.25	0.7123
439	1303771830862	1	1.1231	1.25	0.7123
440	1303771830878	1	1.1231	1.25	0.7123
441	1303771830894	1	1.1231	1.25	0.7123
442	1303771830913	1	1.1231	1.25	0.7123
443	1303771830928	1	1.1338	1.25	0.7056
444	1303771830944	1	1.1338	1.25	0.7056
445	1303771830962	1	1.1338	1.25	0.7056
446	1303771830978	1	1.1338	1.25	0.7056
447	1303771830994	1	1.1338	1.25	0.7056
448	1303771831010	1	1.1347	1.25	0.7051
449	1303771831029	1	1.1347	1.25	0.7051
450	1303771831045	1	1.1347	1.25	0.7051
451	1303771831106	1	1.1347	1.25	0.7051
452	1303771831163	1	1.1347	1.25	0.7051
453	1303771831224	1	1.1347	1.25	0.7051
454	1303771831240	1	1.1347	1.2143	0.7258
455	1303771831257	1	1.1347	1.2143	0.7258
456	1303771831275	1	1.1347	1.1429	0.7712
457	1303771831293	1	1.1347	1.1429	0.7712
458	1303771831310	1	1.1347	1.1429	0.7712
459	1303771831326	1	1.1347	1.0714	0.8226
460	1303771831385	1	1.1347	1.1429	0.7712
461	1303771831401	1	1.1347	1.2143	0.7258
462	1303771831417	1	1.1347	1.2143	0.7258
463	1303771831433	1	1.1347	1.2143	0.7258
464	1303771831450	1	1.1347	1.2143	0.7258
465	1303771831466	1	1.1347	1.1429	0.7712
466	1303771831482	1	1.1347	1.1429	0.7712
467	1303771831498	1	1.1347	1.2143	0.7258
468	1303771831515	1	1.1347	1.2143	0.7258
469	1303771831531	1	1.1347	1.2143	0.7258
470	1303771831548	1	1.1347	1.2143	0.7258
471	1303771831567	1	1.1347	1.2143	0.7258
472	1303771831582	1	1.1347	1.1429	0.7712
473	1303771831598	1	1.1347	1.2143	0.7258
474	1303771831614	1	1.1347	1.2143	0.7258
475	1303771831632	1	1.1347	1.2143	0.7258
476	1303771831648	1	1.1347	1.2143	0.7258
477	1303771831664	1	1.1347	1.2143	0.7258
478	1303771831679	1	1.1347	1.2143	0.7258
479	1303771831697	1	1.1347	1.2143	0.7258
480	1303771831753	1	1.1347	1.2143	0.7258
481	1303771831769	1	1.1347	1.2143	0.7258
482	1303771831785	1	1.1347	1.2143	0.7258
483	1303771831803	1	1.1347	1.2143	0.7258
484	1303771831819	1	1.1347	1.2143	0.7258
485	1303771831835	1	1.1347	1.2143	0.7258
486	1303771831851	1	1.1347	1.2143	0.7258
487	1303771831868	1	1.1347	1.2143	0.7258
488	1303771831885	1	1.1347	1.2143	0.7258
489	1303771831901	1	1.1347	1.2143	0.7258
490	1303771831919	1	1.1347	1.2143	0.7258
491	1303771831936	1	1.1347	1.2143	0.7258
492	1303771831992	1	1.1347	1.2143	0.7258
493	1303771832009	1	1.1347	1.2143	0.7258
494	1303771832027	1	1.1347	1.2143	0.7258
495	1303771832044	1	1.1347	1.2143	0.7258
496	1303771832101	1	1.1347	1.2143	0.7258
497	1303771832117	1	1.1347	1.2143	0.7258
498	1303771832136	1	1.1347	1.2143	0.7258
499	1303771832151	1	1.1347	1.2143	0.7258
500	1303771832167	1	1.1347	1.2143	0.7258
501	1303771832183	1	1.1347	1.2143	0.7258
502	1303771832201	1	1.1347	1.2143	0.7258
503	1303771832216	1	1.1347	1.2143	0.7258
504	1303771832233	1	1.1386	1.2143	0.7233
505	1303771832249	1	1.1386	1.2143	0.7233
506	1303771832268	1	1.1386	1.2143	0.7233
507	1303771832285	1	1.1386	1.2143	0.7233
508	1303771832302	1	1.1386	1.2143	0.7233
509	1303771832320	1	1.1386	1.2143	0.7233
510	1303771832377	1	1.1385	1.2143	0.7233
511	1303771832393	1	1.1385	1.2143	0.7233
512	1303771832409	1	1.1385	1.2143	0.7233
513	1303771832426	1	1.1385	1.2143	0.7233
514	1303771832482	1	1.1385	1.2143	0.7233
515	1303771832498	1	1.1385	1.2143	0.7233
516	1303771832514	1	1.1385	1.2143	0.7233
517	1303771832532	1	1.1385	1.2143	0.7233
518	1303771832549	1	1.1385	1.2143	0.7233
519	1303771832565	1	1.1385	1.2143	0.7233
520	1303771832581	1	1.1385	1.2143	0.7233
521	1303771832599	1	1.1385	1.2143	0.7233
522	1303771832615	1	1.1385	1.2143	0.7233
523	1303771832631	1	1.1385	1.2143	0.7233
524	1303771832647	1	1.1385	1.2143	0.7233
525	1303771832665	1	1.1385	1.2143	0.7233
526	1303771832681	1	1.1385	1.2143	0.7233
527	1303771832737	1	1.1385	1.2143	0.7233
528	1303771832756	1	1.1385	1.2143	0.7233
529	1303771832772	1	1.1385	1.2143	0.7233
530	1303771832788	1	1.1385	1.2143	0.7233
531	1303771832805	1	1.1385	1.2143	0.7233
532	1303771832824	1	1.1385	1.2143	0.7233
533	1303771832840	1	1.1385	1.2143	0.7233
534	1303771832856	1	1.1385	1.2143	0.7233
535	1303771832872	1	1.1385	1.2143	0.7233
536	1303771832890	1	1.1385	1.2143	0.7233
537	1303771832905	1	1.1385	1.2143	0.7233
538	1303771832921	1	1.1385	1.2143	0.7233
539	1303771832980	1	1.1385	1.2143	0.7233
540	1303771832996	1	1.1385	1.2143	0.7233
541	1303771833011	1	1.1385	1.2143	0.7233
542	1303771833027	1	1.1385	1.2143	0.7233
543	1303771833045	1	1.1385	1.2143	0.7233
544	1303771833061	1	1.1385	1.2143	0.7233
545	1303771833078	1	1.1385	1.2143	0.7233
546	1303771833094	1	1.1385	1.2143	0.7233
547	1303771833112	1	1.1385	1.2143	0.7233
548	1303771833128	1	1.1385	1.2143	0.7233
549	1303771833145	1	1.1385	1.2143	0.7233
550	1303771833203	1	1.1385	1.2143	0.7233
551	1303771833222	1	1.1385	1.2143	0.7233
552	1303771833239	1	1.1385	1.2143	0.7233
553	1303771833296	1	1.1385	1.2143	0.7233
554	1303771833312	1	1.1385	1.2143	0.7233
555	1303771833370	1	1.0796	1.2143	0.7628
556	1303771833386	1	1.0796	1.2143	0.7628
557	1303771833403	1	1.0796	1.2143	0.7628
558	1303771833421	1	1.0796	1.2143	0.7628
559	1303771833436	1	1.0796	1.2143	0.7628
560	1303771833452	1	1.0796	1.2143	0.7628
561	1303771833468	1	1.0796	1.2143	0.7628
562	1303771833486	1	1.0771	1.1429	0.8124
563	1303771833502	1	1.0771	1.2143	0.7646
564	1303771833518	1	1.0771	1.2143	0.7646
565	1303771833534	1	1.0771	1.2143	0.7646
566	1303771833553	1	1.0771	1.2143	0.7646
567	1303771833569	1	1.0771	1.2143	0.7646
568	1303771833584	1	1.0771	1.2143	0.7646
569	1303771833645	1	1.0771	1.2143	0.7646
570	1303771833664	1	1.0771	1.2143	0.7646
571	1303771833722	1	1.0771	1.2143	0.7646
572	1303771833738	1	1.0771	1.2143	0.7646
573	1303771833756	1	1.0771	1.2143	0.7646
574	1303771833772	1	1.0771	1.2143	0.7646
575	1303771833788	1	1.0771	1.2143	0.7646
576	1303771833804	1	1.0973	1.2143	0.7505
577	1303771833822	1	1.0973	1.2143	0.7505
578	1303771833838	1	1.0973	1.2143	0.7505
579	1303771833854	1	1.0973	1.2143	0.7505
580	1303771833870	1	1.0973	1.2143	0.7505
581	1303771833888	1	1.0973	1.2143	0.7505
582	1303771833904	1	1.0973	1.2143	0.7505
583	1303771833921	1	1.0973	1.2143	0.7505
584	1303771833938	1	1.0973	1.2143	0.7505
585	1303771833956	1	1.0973	1.2143	0.7505
586	1303771833974	1	1.0973	1.2143	0.7505
587	1303771833990	1	1.0973	1.2143	0.7505
588	1303771834007	1	1.0973	1.2143	0.7505
589	1303771834026	1	1.0973	1.2143	0.7505
590	1303771834042	1	1.0973	1.2143	0.7505
591	1303771834059	1	1.0973	1.2143	0.7505
592	1303771834077	1	1.0973	1.2143	0.7505
593	1303771834134	1	1.0973	1.2143	0.7505
594	1303771834150	1	1.0973	1.2143	0.7505
595	1303771834165	1	1.0973	1.2143	0.7505
596	1303771834224	1	1.0973	1.2143	0.7505
597	1303771834280	1	1.0973	1.2143	0.7505
598	1303771834297	1	1.0973	1.2143	0.7505
599	1303771834315	1	1.0973	1.2143	0.7505
600	1303771834331	1	1.0973	1.2143	0.7505
601	1303771834347	1	1.0973	1.2143	0.7505
602	1303771834362	1	1.0973	1.2143	0.7505
603	1303771834381	1	1.0973	1.2143	0.7505
604	1303771834399	1	1.0973	1.2143	0.7505
605	1303771834415	1	1.0973	1.2143	0.7505
606	1303771834431	1	1.0973	1.2143	0.7505
607	1303771834449	1	1.0973	1.2143	0.7505
608	1303771834464	1	1.0973	1.2143	0.7505
609	1303771834481	1	1.0973	1.2143	0.7505
610	1303771834496	1	1.0973	1.2143	0.7505
611	1303771834514	1	1.0973	1.2143	0.7505
612	1303771834573	1	1.0973	1.2143	0.7505
613	1303771834589	1	1.0973	1.2143	0.7505
614	1303771834605	1	1.0973	1.2143	0.7505
615	1303771834623	1	1.0973	1.2143	0.7505
616	1303771834639	1	1.0973	1.2143	0.7505
617	1303771834656	1	1.0973	1.2143	0.7505
618	1303771834674	1	1.0973	1.2143	0.7505
619	1303771834690	1	1.0973	1.2143	0.7505
620	1303771834706	1	1.0973	1.2143	0.7505
621	1303771834722	1	1.0973	1.2143	0.7505
622	1303771834740	1	1.0973	1.2143	0.7505
623	1303771834798	1	1.0973	1.2143	0.7505
624	1303771834814	1	1.0973	1.1429	0.7974
625	1303771834831	1	1.0973	1.2143	0.7505
626	1303771834849	1	1.0973	1.2143	0.7505
627	1303771834865	1	1.1002	1.2143	0.7485
628	1303771834881	1	1.1002	1.2143	0.7485
629	1303771834898	1	1.1002	1.2143	0.7485
630	1303771834917	1	1.1002	1.2143	0.7485
631	1303771834935	1	1.1002	1.2143	0.7485
632	1303771834952	1	1.1024	1.2143	0.7471
633	1303771834970	1	1.1021	1.2143	0.7473
634	1303771834987	1	1.1021	1.2143	0.7473
635	1303771835003	1	1.1021	1.2143	0.7473
636	1303771835019	1	1.1021	1.2143	0.7473
637	1303771835037	1	1.1021	1.2143	0.7473
638	1303771835054	1	1.1021	1.2143	0.7473
639	1303771835070	1	1.1021	1.2143	0.7473
640	1303771835087	1	1.1021	1.2143	0.7473
641	1303771835105	1	1.1021	1.2143	0.7473
642	1303771835122	1	1.1021	1.2143	0.7473
643	1303771835139	1	1.1021	1.2143	0.7473
644	1303771835196	1	1.1021	1.2143	0.7473
645	1303771835215	1	1.1021	1.2143	0.7473
646	1303771835232	1	1.1021	1.2143	0.7473
647	1303771835249	1	1.1021	1.2143	0.7473
648	1303771835308	1	1.1021	1.2143	0.7473
649	1303771835324	1	1.1021	1.2143	0.7473
650	1303771835380	1	1.1021	1.2143	0.7473
651	1303771835397	1	1.1021	1.2143	0.7473
652	1303771835416	1	1.1021	1.2143	0.7473
653	1303771835433	1	1.1021	1.2143	0.7473
654	1303771835450	1	1.1021	1.2143	0.7473
655	1303771835509	1	1.1021	1.2143	0.7473
656	1303771835528	1	1.1021	1.2143	0.7473
657	1303771835544	1	1.1021	1.2143	0.7473
658	1303771835560	1	1.1021	1.2143	0.7473
659	1303771835578	1	1.1021	1.2143	0.7473
660	1303771835594	1	1.1021	1.2143	0.7473
661	1303771835611	1	1.1021	1.2143	0.7473
662	1303771835628	1	1.1021	1.2143	0.7473
663	1303771835646	1	1.1021	1.2143	0.7473
664	1303771835703	1	1.1021	1.2143	0.7473
665	1303771835719	1	1.1021	1.2143	0.7473
666	1303771835735	1	1.1021	1.2143	0.7473
667	1303771835753	1	1.1021	1.2143	0.7473
668	1303771835770	1	1.1021	1.2143	0.7473
669	1303771835786	1	1.1021	1.2143	0.7473
670	1303771835802	1	1.1021	1.2143	0.7473
671	1303771835820	1	1.1021	1.2143	0.7473
672	1303771835837	1	1.1021	1.2143	0.7473
673	1303771835853	1	1.1021	1.2143	0.7473
674	1303771835871	1	1.1021	1.2143	0.7473
675	1303771835888	1	1.1021	1.2143	0.7473
676	1303771835904	1	1.1021	1.2143	0.7473
677	1303771835921	1	1.1021	1.2143	0.7473
678	1303771835939	1	1.1021	1.2143	0.7473
679	1303771835955	1	1.1021	1.2143	0.7473
680	1303771835971	1	1.1021	1.2143	0.7473
681	1303771835987	1	1.1021	1.2143	0.7473
682	1303771836006	1	1.1021	1.2143	0.7473
683	1303771836022	1	1.1021	1.2143	0.7473
684	1303771836038	1	1.1021	1.2143	0.7473
685	1303771836054	1	1.1021	1.2143	0.7473
686	1303771836072	1	1.1021	1.2143	0.7473
687	1303771836088	1	1.1021	1.2143	0.7473
688	1303771836105	1	1.1095	1.2143	0.7422
689	1303771836121	1	1.1095	1.2143	0.7422
690	1303771836139	1	1.1095	1.2143	0.7422
691	1303771836155	1	1.1095	1.2143	0.7422
692	1303771836173	1	1.1095	1.2143	0.7422
693	1303771836192	1	1.086	1.2143	0.7583
694	1303771836208	1	1.086	1.2143	0.7583
695	1303771836225	1	1.086	1.2143	0.7583
696	1303771836241	1	1.086	1.2143	0.7583
697	1303771836259	1	1.086	1.2143	0.7583
698	1303771836275	1	1.086	1.2143	0.7583
699	1303771836292	1	1.086	1.2143	0.7583
700	1303771836308	1	1.086	1.2143	0.7583
701	1303771836326	1	1.086	1.2143	0.7583
702	1303771836342	1	1.086	1.2143	0.7583
703	1303771836359	1	1.086	1.2143	0.7583
704	1303771836375	1	1.086	1.2143	0.7583
705	1303771836393	1	1.086	1.2143	0.7583
706	1303771836409	1	1.086	1.2143	0.7583
707	1303771836426	1	1.086	1.2143	0.7583
708	1303771836443	1	1.086	1.2143	0.7583
709	1303771836463	1	1.086	1.2143	0.7583
710	1303771836480	1	1.086	1.2143	0.7583
711	1303771836496	1	1.086	1.2143	0.7583
712	1303771836512	1	1.086	1.2143	0.7583
713	1303771836531	1	1.086	1.2143	0.7583
714	1303771836548	1	1.086	1.2143	0.7583
715	1303771836565	1	1.086	1.2143	0.7583
716	1303771836583	1	1.086	1.2143	0.7583
717	1303771836600	1	1.086	1.2143	0.7583
718	1303771836617	1	1.086	1.2143	0.7583
719	1303771836635	1	1.086	1.2143	0.7583
720	1303771836653	1	1.086	1.2143	0.7583
721	1303771836669	1	1.086	1.2143	0.7583
722	1303771836687	1	1.086	1.2143	0.7583
723	1303771836704	1	1.086	1.2143	0.7583
724	1303771836722	1	1.086	1.2143	0.7583
725	1303771836779	1	1.086	1.2143	0.7583
726	1303771836796	1	1.086	1.2143	0.7583
727	1303771836813	1	1.086	1.2143	0.7583
728	1303771836831	1	1.086	1.2143	0.7583
729	1303771836847	1	1.086	1.2143	0.7583
730	1303771836864	1	1.086	1.2143	0.7583
731	1303771836879	1	1.086	1.2143	0.7583
732	1303771836898	1	1.086	1.2143	0.7583
733	1303771836914	1	1.086	1.2143	0.7583
734	1303771836930	1	1.086	1.2143	0.7583
735	1303771836948	1	1.086	1.2143	0.7583
736	1303771836965	1	1.086	1.2143	0.7583
737	1303771836981	1	1.086	1.2143	0.7583
738	1303771836997	1	1.086	1.2143	0.7583
739	1303771837015	1	1.086	1.2143	0.7583
740	1303771837031	1	1.086	1.2143	0.7583
741	1303771837047	1	1.086	1.2143	0.7583
742	1303771837064	1	1.086	1.2143	0.7583
743	1303771837082	1	1.086	1.2143	0.7583
744	1303771837099	1	1.086	1.2143	0.7583
745	1303771837115	1	1.0864	1.2143	0.758
746	1303771837174	1	1.0864	1.2143	0.758
747	1303771837190	1	1.0864	1.2143	0.758
748	1303771837206	1	1.0864	1.2143	0.758
749	1303771837223	1	1.0864	1.2143	0.758
750	1303771837241	1	1.0864	1.2143	0.758
751	1303771837298	1	1.1931	1.2143	0.6902
752	1303771837315	1	1.1931	1.2143	0.6902
753	1303771837331	1	1.1931	1.2143	0.6902
754	1303771837350	1	1.1931	1.2143	0.6902
755	1303771837407	1	1.1931	1.2143	0.6902
756	1303771837423	1	1.1931	1.2143	0.6902
757	1303771837439	1	1.1931	1.2143	0.6902
758	1303771837457	1	1.1931	1.2143	0.6902
759	1303771837474	1	1.1931	1.2143	0.6902
760	1303771837491	1	1.1931	1.2143	0.6902
761	1303771837549	1	1.1931	1.2143	0.6902
762	1303771837605	1	1.1931	1.2143	0.6902
763	1303771837666	1	1.1931	1.2143	0.6902
764	1303771837724	1	1.1931	1.2143	0.6902
765	1303771837742	1	1.1931	1.2143	0.6902
766	1303771837758	1	1.1931	1.2143	0.6902
767	1303771837775	1	1.1931	1.2143	0.6902
768	1303771837793	1	1.1931	1.2143	0.6902
769	1303771837810	1	1.1931	1.2143	0.6902
770	1303771837826	1	1.1931	1.2143	0.6902
771	1303771837843	1	1.1931	1.2143	0.6902
772	1303771837861	1	1.1931	1.2143	0.6902
773	1303771837923	1	1.1931	1.2143	0.6902
774	1303771837940	1	1.1931	1.2143	0.6902
775	1303771837956	1	1.1931	1.2143	0.6902
776	1303771838014	1	1.1931	1.2143	0.6902
777	1303771838031	1	1.1931	1.2143	0.6902
778	1303771838048	1	1.1931	1.2143	0.6902
779	1303771838066	1	1.1931	1.2143	0.6902
780	1303771838083	1	1.1931	1.2143	0.6902
781	1303771838100	1	1.1931	1.2143	0.6902
782	1303771838116	1	1.1931	1.2143	0.6902
783	1303771838134	1	1.1931	1.2143	0.6902
784	1303771838150	1	1.1931	1.2143	0.6902
785	1303771838207	1	1.1931	1.2143	0.6902
786	1303771838223	1	1.1931	1.2143	0.6902
787	1303771838242	1	1.1931	1.2143	0.6902
788	1303771838258	1	1.1931	1.2143	0.6902
789	1303771838275	1	1.1931	1.2143	0.6902
790	1303771838292	1	1.1931	1.2143	0.6902
791	1303771838310	1	1.1931	1.2143	0.6902
792	1303771838326	1	1.1931	1.2143	0.6902
793	1303771838343	1	1.1931	1.2143	0.6902
794	1303771838362	1	1.1931	1.2143	0.6902
795	1303771838378	1	1.1931	1.2143	0.6902
796	1303771838394	1	1.1931	1.2857	0.6519
797	1303771838410	1	1.1931	1.2857	0.6519
798	1303771838428	1	1.1931	1.2857	0.6519
799	1303771838445	1	1.1931	1.2857	0.6519
800	1303771838461	1	1.1931	1.2857	0.6519
801	1303771838477	1	1.1931	1.2143	0.6902
802	1303771838496	1	1.1931	1.2143	0.6902
803	1303771838512	1	1.1931	1.2857	0.6519
804	1303771838528	1	1.1931	1.2857	0.6519
805	1303771838544	1	1.1931	1.2857	0.6519
806	1303771838562	1	1.1931	1.2857	0.6519
807	1303771838578	1	1.1931	1.2143	0.6902
808	1303771838594	1	1.1931	1.2857	0.6519
809	1303771838612	1	1.1931	1.2857	0.6519
810	1303771838671	1	1.1969	1.2857	0.6498
811	1303771838688	1	1.1969	1.2857	0.6498
812	1303771838704	1	1.1969	1.2857	0.6498
813	1303771838721	1	1.1969	1.2857	0.6498
814	1303771838739	1	1.1969	1.2143	0.6881
815	1303771838756	1	1.1969	1.2143	0.6881
816	1303771838812	1	1.1969	1.2143	0.6881
817	1303771838831	1	1.1969	1.2143	0.6881
818	1303771838847	1	1.1969	1.2143	0.6881
819	1303771838904	1	1.1969	1.2857	0.6498
820	1303771838920	1	1.1969	1.2857	0.6498
821	1303771838939	1	1.1969	1.2857	0.6498
822	1303771838955	1	1.1969	1.2857	0.6498
823	1303771838971	1	1.1969	1.2857	0.6498
824	1303771839027	1	1.1969	1.2857	0.6498
825	1303771839046	1	1.1969	1.2143	0.6881
826	1303771839062	1	1.1969	1.2143	0.6881
827	1303771839079	1	1.1969	1.2143	0.6881
828	1303771839097	1	1.1969	1.2143	0.6881
829	1303771839114	1	1.1969	1.2143	0.6881
830	1303771839131	1	1.1969	1.2143	0.6881
831	1303771839147	1	1.1969	1.2143	0.6881
832	1303771839166	1	1.1969	1.2143	0.6881
833	1303771839182	1	1.1969	1.2143	0.6881
834	1303771839199	1	1.1969	1.2143	0.6881
835	1303771839215	1	1.1969	1.2143	0.6881
836	1303771839233	1	1.1969	1.2143	0.6881
837	1303771839250	1	1.1969	1.2143	0.6881
838	1303771839266	1	1.1969	1.2143	0.6881
839	1303771839283	1	1.1969	1.2143	0.6881
840	1303771839302	1	1.1969	1.2143	0.6881
841	1303771839319	1	1.1969	1.2857	0.6498
842	1303771839336	1	1.1969	1.2857	0.6498
843	1303771839353	1	1.1969	1.2857	0.6498
844	1303771839371	1	1.1969	1.2143	0.6881
845	1303771839388	1	1.1969	1.2857	0.6498
846	1303771839405	1	1.1969	1.2857	0.6498
847	1303771839423	1	1.1969	1.2857	0.6498
848	1303771839440	1	1.1969	1.2857	0.6498
849	1303771839457	1	1.1969	1.2857	0.6498
850	1303771839474	1	1.1969	1.2857	0.6498
851	1303771839492	1	1.1969	1.2857	0.6498
852	1303771839549	1	1.1969	1.2857	0.6498
853	1303771839566	1	1.1969	1.2857	0.6498
854	1303771839582	1	1.1969	1.2857	0.6498
855	1303771839600	1	1.1969	1.2857	0.6498
856	1303771839617	1	1.1969	1.2857	0.6498
857	1303771839633	1	1.1969	1.2857	0.6498
858	1303771839691	1	1.0416	1.2857	0.7467
859	1303771839709	1	1.0416	1.2857	0.7467
860	1303771839725	1	1.0416	1.2857	0.7467
861	1303771839741	1	1.0416	1.2857	0.7467
862	1303771839759	1	1.0416	1.2857	0.7467
863	1303771839776	1	1.0416	1.2857	0.7467
864	1303771839792	1	1.0416	1.2857	0.7467
865	1303771839809	1	1.0416	1.2857	0.7467
866	1303771839827	1	1.0416	1.2857	0.7467
867	1303771839844	1	1.0416	1.2857	0.7467
868	1303771839861	1	1.0416	1.2857	0.7467
869	1303771839917	1	1.0416	1.2857	0.7467
870	1303771839936	1	1.0416	1.2857	0.7467
871	1303771839953	1	1.0466	1.2857	0.7432
872	1303771839970	1	1.0466	1.2857	0.7432
873	1303771839986	1	1.0466	1.2857	0.7432
874	1303771840004	1	1.0466	1.2857	0.7432
875	1303771840021	1	1.0466	1.2857	0.7432
876	1303771840083	1	1.0466	1.2857	0.7432
877	1303771840103	1	1.0466	1.2857	0.7432
878	1303771840120	1	1.0466	1.2857	0.7432
879	1303771840137	1	1.0466	1.2857	0.7432
880	1303771840155	1	1.069	1.2857	0.7276
881	1303771840174	1	1.069	1.2857	0.7276
882	1303771840191	1	1.069	1.2857	0.7276
883	1303771840208	1	1.069	1.2857	0.7276
884	1303771840225	1	1.069	1.2857	0.7276
885	1303771840244	1	1.069	1.2857	0.7276
886	1303771840261	1	1.069	1.2857	0.7276
887	1303771840278	1	1.069	1.2857	0.7276
888	1303771840296	1	1.069	1.2857	0.7276
889	1303771840314	1	1.069	1.2857	0.7276
890	1303771840331	1	1.069	1.2857	0.7276
891	1303771840347	1	1.069	1.2857	0.7276
892	1303771840364	1	1.069	1.2857	0.7276
893	1303771840383	1	1.069	1.2857	0.7276
894	1303771840400	1	1.069	1.2857	0.7276
895	1303771840417	1	1.069	1.2857	0.7276
896	1303771840436	1	1.069	1.2857	0.7276
897	1303771840453	1	1.069	1.2857	0.7276
898	1303771840470	1	1.069	1.2857	0.7276
899	1303771840487	1	1.069	1.2857	0.7276
900	1303771840505	1	1.069	1.2857	0.7276
901	1303771840522	1	1.069	1.2857	0.7276
902	1303771840539	1	1.069	1.2857	0.7276
903	1303771840555	1	1.069	1.2857	0.7276
904	1303771840574	1	1.069	1.2857	0.7276
905	1303771840590	1	1.069	1.2857	0.7276
906	1303771840652	1	1.069	1.2857	0.7276
907	1303771840671	1	1.069	1.2857	0.7276
908	1303771840689	1	1.069	1.2857	0.7276
909	1303771840746	1	1.069	1.2857	0.7276
910	1303771840763	1	1.069	1.2857	0.7276
911	1303771840781	1	1.069	1.2857	0.7276
912	1303771840838	1	1.069	1.2857	0.7276
913	1303771840854	1	1.069	1.2857	0.7276
914	1303771840871	1	1.069	1.2857	0.7276
915	1303771840891	1	1.069	1.2857	0.7276
916	1303771840908	1	1.069	1.2857	0.7276
917	1303771840925	1	1.069	1.2857	0.7276
918	1303771840941	1	1.069	1.2857	0.7276
919	1303771840960	1	1.069	1.2857	0.7276
920	1303771840977	1	1.069	1.2857	0.7276
921	1303771840994	1	1.069	1.2857	0.7276
922	1303771841012	1	1.069	1.2857	0.7276
923	1303771841029	1	1.069	1.2857	0.7276
924	1303771841046	1	1.069	1.2857	0.7276
925	1303771841062	1	1.069	1.2857	0.7276
926	1303771841081	1	1.069	1.2857	0.7276
927	1303771841098	1	1.069	1.2857	0.7276
928	1303771841116	1	1.069	1.2857	0.7276
929	1303771841133	1	1.069	1.2857	0.7276
930	1303771841152	1	1.069	1.2857	0.7276
931	1303771841170	1	1.069	1.2857	0.7276
932	1303771841187	1	1.072	1.2857	0.7255
933	1303771841204	1	1.072	1.2857	0.7255
934	1303771841223	1	1.072	1.2857	0.7255
935	1303771841240	1	1.072	1.2857	0.7255
936	1303771841256	1	1.072	1.2857	0.7255
937	1303771841273	1	1.072	1.2857	0.7255
938	1303771841292	1	1.072	1.2857	0.7255
939	1303771841309	1	1.072	1.2857	0.7255
940	1303771841327	1	1.072	1.2857	0.7255
941	1303771841346	1	1.0726	1.2857	0.7251
942	1303771841363	1	1.0726	1.2857	0.7251
943	1303771841380	1	1.0726	1.2857	0.7251
944	1303771841397	1	1.0726	1.2857	0.7251
945	1303771841417	1	1.0726	1.2857	0.7251
946	1303771841434	1	1.0726	1.2857	0.7251
947	1303771841451	1	1.0726	1.2857	0.7251
948	1303771841468	1	1.0726	1.2857	0.7251
949	1303771841486	1	1.0726	1.2857	0.7251
950	1303771841503	1	1.0726	1.2857	0.7251
951	1303771841520	1	1.0726	1.2857	0.7251
952	1303771841537	1	1.0726	1.2857	0.7251
953	1303771841555	1	1.0726	1.2857	0.7251
954	1303771841572	1	1.0726	1.2857	0.7251
955	1303771841589	1	1.0726	1.2857	0.7251
956	1303771841606	1	1.0726	1.2857	0.7251
957	1303771841625	1	1.0726	1.2857	0.7251
958	1303771841642	1	1.0726	1.2857	0.7251
959	1303771841659	1	1.0726	1.2857	0.7251
960	1303771841678	1	1.0726	1.2857	0.7251
961	1303771841695	1	1.0726	1.2857	0.7251
962	1303771841712	1	1.0726	1.2857	0.7251
963	1303771841729	1	1.0726	1.2857	0.7251
964	1303771841748	1	1.0726	1.2857	0.7251
965	1303771841765	1	1.0726	1.2857	0.7251
966	1303771841782	1	1.0726	1.2857	0.7251
967	1303771841799	1	1.0726	1.2857	0.7251
968	1303771841818	1	1.0726	1.2857	0.7251
969	1303771841835	1	1.0726	1.2857	0.7251
970	1303771841851	1	1.0726	1.2857	0.7251
971	1303771841869	1	1.0726	1.2857	0.7251
972	1303771841889	1	1.0726	1.2857	0.7251
973	1303771841946	1	1.0726	1.2857	0.7251
974	1303771841962	1	1.0726	1.2857	0.7251
975	1303771841979	1	1.0726	1.2857	0.7251
976	1303771841999	1	1.0726	1.2857	0.7251
977	1303771842017	1	1.0726	1.2857	0.7251
978	1303771842033	1	1.0726	1.2857	0.7251
979	1303771842052	1	1.0726	1.2857	0.7251
980	1303771842069	1	1.0726	1.2857	0.7251
981	1303771842087	1	1.0726	1.2857	0.7251
982	1303771842105	1	1.0726	1.2857	0.7251
983	1303771842123	1	1.0726	1.2857	0.7251
984	1303771842140	1	1.0726	1.2857	0.7251
985	1303771842196	1	1.0726	1.2857	0.7251
986	1303771842253	1	1.0726	1.2857	0.7251
987	1303771842271	1	1.0726	1.2857	0.7251
988	1303771842288	1	1.0726	1.2857	0.7251
989	1303771842306	1	1.0726	1.2857	0.7251
990	1303771842324	1	1.0726	1.2857	0.7251
991	1303771842342	1	1.0726	1.2857	0.7251
992	1303771842359	1	1.0726	1.2857	0.7251
993	1303771842416	1	1.0743	1.2857	0.724
994	1303771842435	1	1.0743	1.2857	0.724
995	1303771842452	1	1.0743	1.2857	0.724
996	1303771842469	1	1.0743	1.2857	0.724
997	1303771842529	1	1.0743	1.2857	0.724
998	1303771842589	1	1.0743	1.2857	0.724
999	1303771842606	1	1.0739	1.2857	0.7243
1000	1303771842623	1	1.0739	1.2857	0.7243
1001	1303771842642	1	1.0739	1.2857	0.7243
1002	1303771842659	1	1.0739	1.2857	0.7243
1003	1303771842675	1	1.0739	1.2857	0.7243
1004	1303771842692	1	1.0739	1.2857	0.7243
1005	1303771842711	1	1.0739	1.2857	0.7243
1006	1303771842728	1	1.0739	1.2857	0.7243
1007	1303771842746	1	1.0739	1.2857	0.7243
1008	1303771842764	1	1.0739	1.2857	0.7243
1009	1303771842783	1	1.0739	1.2857	0.7243
1010	1303771842801	1	1.0739	1.2857	0.7243
1011	1303771842818	1	1.0739	1.3125	0.7095
1012	1303771842835	1	1.0739	1.25	0.7449
1013	1303771842853	1	1.0739	1.2143	0.7669
1014	1303771842870	1	1.0739	1.1875	0.7842
1015	1303771842887	1	1.0739	1.2143	0.7669
1016	1303771842904	1	1.0739	1.1875	0.7842
1017	1303771842925	1	1.0739	1.1875	0.7842
1018	1303771842942	1	1.0739	1.125	0.8277
1019	1303771842960	1	1.0739	1.1875	0.7842
1020	1303771842979	1	1.0739	1.1875	0.7842
1021	1303771842996	1	1.0739	1.1875	0.7842
1022	1303771843013	1	1.0739	1.1875	0.7842
1023	1303771843030	1	1.0739	1.1875	0.7842
1024	1303771843049	1	1.0739	1.1875	0.7842
1025	1303771843067	1	1.0739	1.1875	0.7842
1026	1303771843083	1	1.0739	1.1875	0.7842
1027	1303771843100	1	1.0739	1.1875	0.7842
1028	1303771843118	1	1.0739	1.1875	0.7842
1029	1303771843135	1	1.0739	1.1875	0.7842
1030	1303771843152	1	1.0739	1.1875	0.7842
1031	1303771843168	1	1.0739	1.1875	0.7842
1032	1303771843227	1	1.0739	1.1875	0.7842
1033	1303771843244	1	1.0739	1.1875	0.7842
1034	1303771843260	1	1.0739	1.1875	0.7842
1035	1303771843277	1	1.0739	1.1875	0.7842
1036	1303771843296	1	1.0739	1.1875	0.7842
1037	1303771843320	1	1.0739	1.1875	0.7842
1038	1303771843338	1	1.0739	1.1875	0.7842
1039	1303771843356	1	1.0739	1.1875	0.7842
1040	1303771843374	1	1.0739	1.1875	0.7842
1041	1303771843392	1	1.0739	1.1875	0.7842
1042	1303771843409	1	1.0739	1.1875	0.7842
1043	1303771843428	1	1.0739	1.1875	0.7842
1044	1303771843445	1	1.0739	1.1875	0.7842
1045	1303771843462	1	1.0739	1.1875	0.7842
1046	1303771843479	1	1.0739	1.1875	0.7842
1047	1303771843497	1	1.0739	1.1875	0.7842
1048	1303771843515	1	1.0739	1.1875	0.7842
1049	1303771843573	1	1.0739	1.1875	0.7842
1050	1303771843590	1	1.0739	1.1875	0.7842
1051	1303771843609	1	1.0739	1.1875	0.7842
1052	1303771843625	1	1.0739	1.1875	0.7842
1053	1303771843643	1	1.0739	1.1875	0.7842
1054	1303771843660	1	1.0783	1.1875	0.781
1055	1303771843678	1	1.0783	1.1875	0.781
1056	1303771843695	1	1.0783	1.1875	0.781
1057	1303771843712	1	1.0783	1.1875	0.781
1058	1303771843731	1	1.0556	1.1875	0.7978
1059	1303771843748	1	1.0554	1.1875	0.7979
1060	1303771843765	1	1.0554	1.1875	0.7979
1061	1303771843782	1	1.0554	1.1875	0.7979
1062	1303771843801	1	1.0554	1.1875	0.7979
1063	1303771843818	1	1.0554	1.1875	0.7979
1064	1303771843834	1	1.0554	1.1875	0.7979
1065	1303771843851	1	1.0554	1.1875	0.7979
1066	1303771843870	1	1.0554	1.1875	0.7979
1067	1303771843886	1	1.0554	1.1875	0.7979
1068	1303771843903	1	1.0554	1.1875	0.7979
1069	1303771843921	1	1.0554	1.1875	0.7979
1070	1303771843939	1	1.0554	1.1875	0.7979
1071	1303771843955	1	1.0554	1.1875	0.7979
1072	1303771843972	1	1.0554	1.1875	0.7979
1073	1303771843989	1	1.0554	1.1875	0.7979
1074	1303771844007	1	1.0554	1.1875	0.7979
1075	1303771844025	1	1.0554	1.1875	0.7979
1076	1303771844042	1	1.0554	1.1875	0.7979
1077	1303771844058	1	1.0554	1.1875	0.7979
1078	1303771844077	1	1.0554	1.1875	0.7979
1079	1303771844093	1	1.0554	1.1875	0.7979
1080	1303771844111	1	1.0554	1.1875	0.7979
1081	1303771844130	1	1.0554	1.1875	0.7979
1082	1303771844146	1	1.0554	1.1875	0.7979
1083	1303771844162	1	1.0554	1.1875	0.7979
1084	1303771844180	1	1.0554	1.1875	0.7979
1085	1303771844198	1	1.0554	1.1875	0.7979
1086	1303771844215	1	1.0554	1.1875	0.7979
1087	1303771844232	1	1.0554	1.1875	0.7979
1088	1303771844250	1	1.0554	1.1875	0.7979
1089	1303771844269	1	1.0554	1.1875	0.7979
1090	1303771844286	1	1.0554	1.1875	0.7979
1091	1303771844302	1	1.0554	1.1875	0.7979
1092	1303771844319	1	1.0554	1.1875	0.7979
1093	1303771844337	1	1.0554	1.1875	0.7979
1094	1303771844355	1	1.0554	1.1875	0.7979
1095	1303771844372	1	1.0554	1.1875	0.7979
1096	1303771844389	1	1.0554	1.1875	0.7979
1097	1303771844408	1	1.0554	1.1875	0.7979
1098	1303771844426	1	1.0554	1.1875	0.7979
1099	1303771844443	1	1.0554	1.1875	0.7979
1100	1303771844459	1	1.0554	1.1875	0.7979
1101	1303771844478	1	1.0554	1.1875	0.7979
1102	1303771844495	1	1.0554	1.1875	0.7979
1103	1303771844512	1	1.0554	1.1875	0.7979
1104	1303771844531	1	1.0554	1.1875	0.7979
1105	1303771844548	1	1.0554	1.1875	0.7979
1106	1303771844565	1	1.0554	1.1875	0.7979
1107	1303771844581	1	1.0554	1.1875	0.7979
1108	1303771844599	1	1.0554	1.1875	0.7979
1109	1303771844616	1	1.0554	1.1875	0.7979
1110	1303771844632	1	1.0554	1.1875	0.7979
1111	1303771844649	1	1.0553	1.125	0.8423
1112	1303771844667	1	1.0553	1.1875	0.798
1113	1303771844685	1	1.0553	1.1875	0.798
1114	1303771844702	1	1.0553	1.1875	0.798
1115	1303771844719	1	1.0553	1.1875	0.798
1116	1303771844737	1	1.0553	1.1875	0.798
1117	1303771844754	1	1.0553	1.1875	0.798
1118	1303771844770	1	1.0553	1.1875	0.798
1119	1303771844787	1	1.0553	1.1875	0.798
1120	1303771844806	1	1.0828	1.1875	0.7777
1121	1303771844822	1	1.079	1.1875	0.7804
1122	1303771844839	1	1.079	1.1875	0.7804
1123	1303771844895	1	1.079	1.1875	0.7804
1124	1303771844913	1	1.079	1.1875	0.7804
1125	1303771844930	1	1.079	1.1875	0.7804
1126	1303771844947	1	1.079	1.1875	0.7804
1127	1303771844965	1	1.079	1.1875	0.7804
1128	1303771844982	1	1.079	1.1875	0.7804
1129	1303771845000	1	1.079	1.1875	0.7804
1130	1303771845017	1	1.079	1.1875	0.7804
1131	1303771845036	1	1.079	1.1875	0.7804
1132	1303771845052	1	1.079	1.1875	0.7804
1133	1303771845068	1	1.079	1.1875	0.7804
1134	1303771845085	1	1.079	1.1875	0.7804
1135	1303771845103	1	1.079	1.1875	0.7804
1136	1303771845120	1	1.079	1.1875	0.7804
1137	1303771845138	1	1.079	1.1875	0.7804
1138	1303771845155	1	1.079	1.1875	0.7804
1139	1303771845175	1	1.079	1.1875	0.7804
1140	1303771845191	1	1.079	1.1875	0.7804
1141	1303771845207	1	1.079	1.1875	0.7804
1142	1303771845224	1	1.079	1.1875	0.7804
1143	1303771845242	1	1.079	1.1875	0.7804
1144	1303771845300	1	1.079	1.1875	0.7804
1145	1303771845317	1	1.079	1.1875	0.7804
1146	1303771845335	1	1.079	1.1875	0.7804
1147	1303771845352	1	1.079	1.1875	0.7804
1148	1303771845368	1	1.079	1.1875	0.7804
1149	1303771845385	1	1.079	1.1875	0.7804
1150	1303771845403	1	1.079	1.1875	0.7804
1151	1303771845419	1	1.079	1.1875	0.7804
1152	1303771845436	1	1.079	1.1875	0.7804
1153	1303771845452	1	1.079	1.1875	0.7804
1154	1303771845471	1	1.079	1.1875	0.7804
1155	1303771845487	1	1.079	1.1875	0.7804
1156	1303771845504	1	1.079	1.1875	0.7804
1157	1303771845521	1	1.079	1.1875	0.7804
1158	1303771845539	1	1.079	1.1875	0.7804
1159	1303771845556	1	1.079	1.1875	0.7804
1160	1303771845573	1	1.079	1.1875	0.7804
1161	1303771845589	1	1.079	1.1875	0.7804
1162	1303771845608	1	1.079	1.1875	0.7804
1163	1303771845625	1	1.079	1.1875	0.7804
1164	1303771845642	1	1.079	1.1875	0.7804
1165	1303771845659	1	1.079	1.1875	0.7804
1166	1303771845678	1	1.079	1.1875	0.7804
1167	1303771845695	1	1.079	1.1875	0.7804
1168	1303771845713	1	1.079	1.1875	0.7804
1169	1303771845731	1	1.079	1.1875	0.7804
1170	1303771845748	1	1.079	1.1875	0.7804
1171	1303771845764	1	1.079	1.1875	0.7804
1172	1303771845781	1	1.079	1.1875	0.7804
1173	1303771845799	1	1.079	1.1875	0.7804
1174	1303771845815	1	1.079	1.1875	0.7804
1175	1303771845833	1	1.079	1.1875	0.7804
1176	1303771845850	1	1.0898	1.1875	0.7727
1177	1303771845869	1	1.0898	1.1875	0.7727
1178	1303771845886	1	1.0898	1.1875	0.7727
1179	1303771845903	1	1.0898	1.1875	0.7727
1180	1303771845920	1	1.0684	1.1875	0.7882
1181	1303771845938	1	1.0684	1.1875	0.7882
1182	1303771845955	1	1.0684	1.1875	0.7882
1183	1303771845972	1	1.0684	1.1875	0.7882
1184	1303771846034	1	1.0684	1.1875	0.7882
1185	1303771846051	1	1.0684	1.1875	0.7882
1186	1303771846068	1	1.0684	1.1875	0.7882
1187	1303771846084	1	1.0684	1.1875	0.7882
1188	1303771846103	1	1.0684	1.1875	0.7882
1189	1303771846119	1	1.0684	1.1875	0.7882
1190	1303771846137	1	1.0684	1.1875	0.7882
1191	1303771846154	1	1.0684	1.1875	0.7882
1192	1303771846173	1	1.0684	1.1875	0.7882
1193	1303771846189	1	1.0684	1.1875	0.7882
1194	1303771846206	1	1.0684	1.1875	0.7882
1195	1303771846222	1	1.0684	1.1875	0.7882
1196	1303771846241	1	1.0684	1.1875	0.7882
1197	1303771846257	1	1.0684	1.1875	0.7882
1198	1303771846274	1	1.0684	1.1875	0.7882
1199	1303771846291	1	1.0684	1.1875	0.7882
1200	1303771846310	1	1.0684	1.1875	0.7882
1201	1303771846326	1	1.0684	1.1875	0.7882
1202	1303771846343	1	1.0684	1.1875	0.7882
1203	1303771846360	1	1.0684	1.1875	0.7882
1204	1303771846378	1	1.0684	1.1875	0.7882
1205	1303771846395	1	1.0684	1.1875	0.7882
1206	1303771846412	1	1.0684	1.1875	0.7882
1207	1303771846430	1	1.0684	1.1875	0.7882
1208	1303771846446	1	1.0684	1.1875	0.7882
1209	1303771846462	1	1.0684	1.1875	0.7882
1210	1303771846479	1	1.0684	1.1875	0.7882
1211	1303771846497	1	1.0684	1.1875	0.7882
1212	1303771846514	1	1.0684	1.1875	0.7882
1213	1303771846531	1	1.0684	1.1875	0.7882
1214	1303771846549	1	1.0684	1.1875	0.7882
1215	1303771846569	1	1.0684	1.1875	0.7882
1216	1303771846586	1	1.0684	1.1875	0.7882
1217	1303771846648	1	1.0684	1.1875	0.7882
1218	1303771846665	1	1.0684	1.1875	0.7882
1219	1303771846683	1	1.0684	1.1875	0.7882
1220	1303771846700	1	1.0684	1.1875	0.7882
1221	1303771846716	1	1.0684	1.1875	0.7882
1222	1303771846735	1	1.0684	1.1875	0.7882
1223	1303771846755	1	1.0684	1.1875	0.7882
1224	1303771846772	1	1.0684	1.1875	0.7882
1225	1303771846828	1	1.0684	1.1875	0.7882
1226	1303771846847	1	1.0684	1.1875	0.7882
1227	1303771846864	1	1.0684	1.1875	0.7882
1228	1303771846880	1	1.0684	1.1875	0.7882
1229	1303771846897	1	1.0684	1.1875	0.7882
1230	1303771846957	1	1.0684	1.1875	0.7882
1231	1303771846974	1	1.0684	1.1875	0.7882
1232	1303771846991	1	1.0684	1.1875	0.7882
1233	1303771847009	1	1.0647	1.1875	0.7909
1234	1303771847067	1	1.0647	1.125	0.8349
1235	1303771847084	1	1.0647	1.1875	0.7909
1236	1303771847100	1	1.0647	1.1875	0.7909
1237	1303771847119	1	1.0647	1.1875	0.7909
1238	1303771847135	1	1.0647	1.1875	0.7909
1239	1303771847152	1	1.0647	1.1875	0.7909
1240	1303771847168	1	1.0647	1.1875	0.7909
1241	1303771847187	1	1.0646	1.1875	0.791
1242	1303771847205	1	1.0646	1.1875	0.791
1243	1303771847263	1	1.0646	1.1875	0.791
1244	1303771847280	1	1.0646	1.1875	0.791
1245	1303771847299	1	1.0646	1.1875	0.791
1246	1303771847316	1	1.0646	1.1875	0.791
1247	1303771847333	1	1.0646	1.1875	0.791
1248	1303771847352	1	1.0646	1.1875	0.791
1249	1303771847369	1	1.0646	1.1875	0.791
1250	1303771847387	1	1.0646	1.1875	0.791
1251	1303771847403	1	1.0646	1.1875	0.791
1252	1303771847422	1	1.0646	1.1875	0.791
1253	1303771847438	1	1.0646	1.1875	0.791
1254	1303771847455	1	1.0646	1.1875	0.791
1255	1303771847471	1	1.0646	1.1875	0.791
1256	1303771847490	1	1.0646	1.1875	0.791
1257	1303771847506	1	1.0646	1.1875	0.791
1258	1303771847523	1	1.0646	1.1875	0.791
1259	1303771847539	1	1.0646	1.1875	0.791
1260	1303771847558	1	1.0646	1.1875	0.791
1261	1303771847575	1	1.0646	1.1875	0.791
1262	1303771847592	1	1.0646	1.1875	0.791
1263	1303771847609	1	1.0646	1.1875	0.791
1264	1303771847627	1	1.0646	1.1875	0.791
1265	1303771847644	1	1.0646	1.1875	0.791
1266	1303771847660	1	1.0646	1.1875	0.791
1267	1303771847678	1	1.0646	1.1875	0.791
1268	1303771847695	1	1.0646	1.1875	0.791
1269	1303771847712	1	1.0646	1.1875	0.791
1270	1303771847729	1	1.0646	1.1875	0.791
1271	1303771847747	1	1.0646	1.1875	0.791
1272	1303771847764	1	1.0646	1.1875	0.791
1273	1303771847781	1	1.0646	1.1875	0.791
1274	1303771847798	1	1.0646	1.1875	0.791
1275	1303771847817	1	1.0646	1.1875	0.791
1276	1303771847834	1	1.0646	1.1875	0.791
1277	1303771847852	1	1.0646	1.1875	0.791
1278	1303771847868	1	1.0646	1.1875	0.791
1279	1303771847886	1	1.0646	1.1875	0.791
1280	1303771847903	1	1.0646	1.1875	0.791
1281	1303771847919	1	1.0646	1.1875	0.791
1282	1303771847936	1	1.0646	1.1875	0.791
1283	1303771847954	1	1.0646	1.1875	0.791
1284	1303771847971	1	1.0646	1.1875	0.791
1285	1303771847988	1	1.0646	1.1875	0.791
1286	1303771848006	1	1.0646	1.1875	0.791
1287	1303771848023	1	1.0646	1.1875	0.791
1288	1303771848080	1	1.0646	1.1875	0.791
1289	1303771848096	1	1.0646	1.1875	0.791
1290	1303771848155	1	1.0646	1.1875	0.791
1291	1303771848172	1	1.0646	1.1875	0.791
1292	1303771848189	1	1.0646	1.1875	0.791
1293	1303771848205	1	1.0646	1.1875	0.791
1294	1303771848224	1	1.0646	1.1875	0.791
1295	1303771848241	1	1.0646	1.1875	0.791
1296	1303771848257	1	1.0646	1.125	0.835
1297	1303771848274	1	1.0466	1.1875	0.8046
1298	1303771848293	1	1.0466	1.1875	0.8046
1299	1303771848350	1	1.0466	1.1875	0.8046
1300	1303771848367	1	1.0466	1.125	0.8493
1301	1303771848386	1	1.0466	1.1875	0.8046
1302	1303771848404	1	1.0465	1.25	0.7644
1303	1303771848461	1	1.0465	1.25	0.7644
1304	1303771848518	1	1.0465	1.25	0.7644
1305	1303771848537	1	1.0465	1.25	0.7644
1306	1303771848554	1	1.0465	1.25	0.7644
1307	1303771848572	1	1.0465	1.25	0.7644
1308	1303771848589	1	1.0465	1.25	0.7644
1309	1303771848608	1	1.0465	1.25	0.7644
1310	1303771848625	1	1.0465	1.25	0.7644
1311	1303771848682	1	1.0465	1.25	0.7644
1312	1303771848701	1	1.0465	1.25	0.7644
1313	1303771848718	1	1.0465	1.25	0.7644
1314	1303771848735	1	1.0465	1.25	0.7644
1315	1303771848752	1	1.0465	1.25	0.7644
1316	1303771848770	1	1.0465	1.25	0.7644
1317	1303771848827	1	1.0465	1.25	0.7644
1318	1303771848844	1	1.0465	1.25	0.7644
1319	1303771848860	1	1.0465	1.25	0.7644
1320	1303771848879	1	1.0465	1.25	0.7644
1321	1303771848896	1	1.0465	1.25	0.7644
1322	1303771848912	1	1.0465	1.25	0.7644
1323	1303771848931	1	1.0465	1.25	0.7644
1324	1303771848948	1	1.0465	1.25	0.7644
1325	1303771848965	1	1.0465	1.25	0.7644
1326	1303771848982	1	1.0465	1.25	0.7644
1327	1303771849000	1	1.0465	1.25	0.7644
1328	1303771849017	1	1.0465	1.25	0.7644
1329	1303771849034	1	1.0465	1.25	0.7644
1330	1303771849051	1	1.0465	1.25	0.7644
1331	1303771849070	1	1.0465	1.25	0.7644
1332	1303771849088	1	1.0465	1.25	0.7644
1333	1303771849106	1	1.0465	1.25	0.7644
1334	1303771849123	1	1.0465	1.25	0.7644
1335	1303771849142	1	1.0465	1.25	0.7644
1336	1303771849159	1	1.0465	1.25	0.7644
1337	1303771849176	1	1.0465	1.25	0.7644
1338	1303771849194	1	1.0465	1.25	0.7644
1339	1303771849212	1	1.0465	1.25	0.7644
1340	1303771849229	1	1.0465	1.25	0.7644
1341	1303771849248	1	1.0465	1.25	0.7644
1342	1303771849265	1	1.0465	1.25	0.7644
1343	1303771849284	1	1.0465	1.25	0.7644
1344	1303771849301	1	1.0465	1.25	0.7644
1345	1303771849318	1	1.0465	1.25	0.7644
1346	1303771849338	1	1.0465	1.25	0.7644
1347	1303771849355	1	1.0465	1.25	0.7644
1348	1303771849371	1	1.0465	1.25	0.7644
1349	1303771849390	1	1.0465	1.25	0.7644
1350	1303771849449	1	1.0465	1.25	0.7644
1351	1303771849466	1	1.0465	1.25	0.7644
1352	1303771849483	1	1.0465	1.25	0.7644
1353	1303771849500	1	1.0465	1.25	0.7644
1354	1303771849518	1	1.0465	1.25	0.7644
1355	1303771849535	1	1.0204	1.25	0.784
1356	1303771849551	1	1.0204	1.25	0.784
1357	1303771849568	1	1.0204	1.1875	0.8252
1358	1303771849585	1	1.0204	1.25	0.784
1359	1303771849601	1	1.0204	1.25	0.784
1360	1303771849617	1	1.0204	1.25	0.784
1361	1303771849633	1	1.0204	1.25	0.784
1362	1303771849651	1	1.0204	1.25	0.784
1363	1303771849667	1	1.0204	1.25	0.784
1364	1303771849683	1	1.0204	1.25	0.784
1365	1303771849702	1	1.0204	1.25	0.784
1366	1303771849719	1	1.0204	1.25	0.784
1367	1303771849775	1	1.0204	1.25	0.784
1368	1303771849791	1	1.0402	1.25	0.7691
1369	1303771849849	1	1.0402	1.25	0.7691
1370	1303771849865	1	1.0402	1.25	0.7691
1371	1303771849881	1	1.0402	1.25	0.7691
1372	1303771849936	1	1.0402	1.25	0.7691
1373	1303771849954	1	1.0402	1.25	0.7691
1374	1303771849971	1	1.0402	1.25	0.7691
1375	1303771850027	1	1.0402	1.25	0.7691
1376	1303771850086	1	1.0402	1.25	0.7691
1377	1303771850102	1	1.0402	1.25	0.7691
1378	1303771850118	1	1.0402	1.25	0.7691
1379	1303771850174	1	1.0402	1.25	0.7691
1380	1303771850191	1	1.0402	1.25	0.7691
1381	1303771850207	1	1.0402	1.25	0.7691
1382	1303771850223	1	1.0402	1.25	0.7691
1383	1303771850239	1	1.0402	1.25	0.7691
1384	1303771850257	1	1.0402	1.25	0.7691
1385	1303771850273	1	1.0402	1.25	0.7691
1386	1303771850288	1	1.0402	1.25	0.7691
1387	1303771850304	1	1.0402	1.25	0.7691
1388	1303771850362	1	1.0402	1.25	0.7691
1389	1303771850378	1	1.0402	1.25	0.7691
1390	1303771850395	1	1.0402	1.25	0.7691
1391	1303771850414	1	1.0402	1.25	0.7691
1392	1303771850430	1	1.0402	1.25	0.7691
1393	1303771850446	1	1.0402	1.25	0.7691
1394	1303771850462	1	1.0402	1.25	0.7691
1395	1303771850480	1	1.0402	1.25	0.7691
1396	1303771850496	1	1.0402	1.25	0.7691
1397	1303771850556	1	1.0402	1.25	0.7691
1398	1303771850573	1	1.0402	1.25	0.7691
1399	1303771850591	1	1.0402	1.25	0.7691
1400	1303771850607	1	1.0402	1.25	0.7691
1401	1303771850623	1	1.0402	1.25	0.7691
1402	1303771850640	1	1.0402	1.25	0.7691
1403	1303771850657	1	1.0402	1.25	0.7691
1404	1303771850673	1	1.0402	1.25	0.7691
1405	1303771850689	1	1.0402	1.25	0.7691
1406	1303771850706	1	1.0402	1.25	0.7691
1407	1303771850724	1	1.0402	1.25	0.7691
1408	1303771850740	1	1.0402	1.25	0.7691
1409	1303771850756	1	1.0402	1.25	0.7691
1410	1303771850773	1	1.0402	1.25	0.7691
1411	1303771850789	1	1.0402	1.25	0.7691
1412	1303771850806	1	1.0402	1.25	0.7691
1413	1303771850823	1	1.0402	1.25	0.7691
1414	1303771850841	1	1.0402	1.25	0.7691
1415	1303771850857	1	1.0402	1.25	0.7691
1416	1303771850874	1	1.0402	1.25	0.7691
1417	1303771850889	1	1.0402	1.1875	0.8096
1418	1303771850907	1	1.0402	1.25	0.7691
1419	1303771850924	1	1.0402	1.25	0.7691
1420	1303771850940	1	1.0432	1.25	0.7669
1421	1303771850957	1	1.0432	1.25	0.7669
1422	1303771851016	1	1.0432	1.25	0.7669
1423	1303771851033	1	1.0432	1.25	0.7669
1424	1303771851050	1	1.0432	1.25	0.7669
1425	1303771851068	1	1.0423	1.25	0.7675
1426	1303771851084	1	1.0423	1.25	0.7675
1427	1303771851101	1	1.0423	1.25	0.7675
1428	1303771851118	1	1.0423	1.25	0.7675
1429	1303771851136	1	1.0423	1.25	0.7675
1430	1303771851153	1	1.0423	1.25	0.7675
1431	1303771851169	1	1.0423	1.25	0.7675
1432	1303771851186	1	1.0423	1.25	0.7675
1433	1303771851204	1	1.0423	1.25	0.7675
1434	1303771851220	1	1.0423	1.25	0.7675
1435	1303771851237	1	1.0423	1.25	0.7675
1436	1303771851255	1	1.0423	1.25	0.7675
1437	1303771851273	1	1.0423	1.25	0.7675
1438	1303771851290	1	1.0423	1.25	0.7675
1439	1303771851306	1	1.0423	1.25	0.7675
1440	1303771851322	1	1.0423	1.25	0.7675
1441	1303771851340	1	1.0423	1.25	0.7675
1442	1303771851356	1	1.0423	1.25	0.7675
1443	1303771851373	1	1.0423	1.25	0.7675
1444	1303771851389	1	1.0423	1.25	0.7675
1445	1303771851408	1	1.0423	1.25	0.7675
1446	1303771851424	1	1.0423	1.25	0.7675
1447	1303771851440	1	1.0423	1.25	0.7675
1448	1303771851456	1	1.0423	1.25	0.7675
1449	1303771851474	1	1.0423	1.25	0.7675
1450	1303771851490	1	1.0423	1.25	0.7675
1451	1303771851506	1	1.0423	1.25	0.7675
1452	1303771851524	1	1.0423	1.25	0.7675
1453	1303771851542	1	1.0423	1.25	0.7675
1454	1303771851667	1	1.0423	1.25	0.7675
1455	1303771851683	1	1.0423	1.25	0.7675
1456	1303771851701	1	1.0423	1.25	0.7675
1457	1303771851717	1	1.0423	1.25	0.7675
1458	1303771851734	1	1.0423	1.25	0.7675
1459	1303771851750	1	1.0423	1.25	0.7675
1460	1303771851768	1	1.0423	1.25	0.7675
1461	1303771851784	1	1.0423	1.25	0.7675
1462	1303771851841	1	1.0423	1.25	0.7675
1463	1303771851899	1	1.0423	1.25	0.7675
1464	1303771851915	1	1.0423	1.25	0.7675
1465	1303771851931	1	1.0423	1.25	0.7675
1466	1303771851947	1	1.0423	1.25	0.7675
1467	1303771851965	1	1.0423	1.25	0.7675
1468	1303771851981	1	1.0423	1.25	0.7675
1469	1303771851998	1	1.0423	1.25	0.7675
1470	1303771852015	1	1.0423	1.25	0.7675
1471	1303771852033	1	1.0423	1.25	0.7675
1472	1303771852049	1	1.0423	1.25	0.7675
1473	1303771852065	1	1.0423	1.25	0.7675
1474	1303771852122	1	1.0423	1.25	0.7675
1475	1303771852140	1	1.0423	1.25	0.7675
1476	1303771852156	1	1.0423	1.25	0.7675
1477	1303771852173	1	1.0423	1.25	0.7675
1478	1303771852189	1	1.0423	1.25	0.7675
1479	1303771852214	1	1.0423	1.25	0.7675
1480	1303771852230	1	1.0423	1.25	0.7675
1481	1303771852246	1	1.0468	1.25	0.7642
1482	1303771852264	1	1.0468	1.25	0.7642
1483	1303771852280	1	1.0468	1.25	0.7642
1484	1303771852297	1	1.0468	1.25	0.7642
1485	1303771852353	1	1.0468	1.25	0.7642
1486	1303771852372	1	1.0456	1.25	0.7651
1487	1303771852390	1	1.0456	1.25	0.7651
1488	1303771852412	1	1.0456	1.25	0.7651
1489	1303771852490	1	1.0456	1.25	0.7651
1490	1303771852508	1	1.0456	1.25	0.7651
1491	1303771852525	1	1.0456	1.25	0.7651
1492	1303771852541	1	1.0456	1.25	0.7651
1493	1303771852604	1	1.0456	1.25	0.7651
1494	1303771852623	1	1.0456	1.25	0.7651
1495	1303771852679	1	1.0456	1.25	0.7651
1496	1303771852696	1	1.0456	1.25	0.7651
1497	1303771852714	1	1.0456	1.25	0.7651
1498	1303771852731	1	1.0456	1.25	0.7651
1499	1303771852747	1	1.0456	1.25	0.7651
1500	1303771852803	1	1.0456	1.25	0.7651
1501	1303771852821	1	1.0456	1.25	0.7651
1502	1303771852837	1	1.0456	1.25	0.7651
1503	1303771852853	1	1.0456	1.25	0.7651
1504	1303771852869	1	1.0456	1.25	0.7651
1505	1303771852887	1	1.0456	1.25	0.7651
1506	1303771852903	1	1.0456	1.25	0.7651
1507	1303771852919	1	1.0456	1.25	0.7651
1508	1303771852937	1	1.0456	1.25	0.7651
1509	1303771852953	1	1.0456	1.25	0.7651
1510	1303771852969	1	1.0456	1.25	0.7651
1511	1303771852985	1	1.0456	1.25	0.7651
1512	1303771853003	1	1.0456	1.25	0.7651
1513	1303771853060	1	1.0456	1.25	0.7651
1514	1303771853076	1	1.0456	1.25	0.7651
1515	1303771853093	1	1.0456	1.25	0.7651
1516	1303771853112	1	1.0456	1.25	0.7651
1517	1303771853129	1	1.0456	1.25	0.7651
1518	1303771853146	1	1.0456	1.25	0.7651
1519	1303771853162	1	1.0456	1.25	0.7651
1520	1303771853220	1	1.0456	1.25	0.7651
1521	1303771853236	1	1.0456	1.25	0.7651
1522	1303771853253	1	1.0456	1.25	0.7651
1523	1303771853271	1	1.0456	1.25	0.7651
1524	1303771853287	1	1.0456	1.25	0.7651
1525	1303771853304	1	1.0456	1.25	0.7651
1526	1303771853321	1	1.0456	1.25	0.7651
1527	1303771853379	1	1.0456	1.25	0.7651
1528	1303771853395	1	1.0456	1.25	0.7651
1529	1303771853412	1	1.0456	1.25	0.7651
1530	1303771853429	1	1.0456	1.25	0.7651
1531	1303771853446	1	1.0456	1.25	0.7651
1532	1303771853462	1	1.0456	1.25	0.7651
1533	1303771853478	1	1.0456	1.25	0.7651
1534	1303771853495	1	1.0456	1.25	0.7651
1535	1303771853514	1	1.0456	1.25	0.7651
1536	1303771853530	1	1.0456	1.25	0.7651
1537	1303771853547	1	1.0456	1.25	0.7651
1538	1303771853564	1	1.0456	1.25	0.7651
1539	1303771853582	1	1.0456	1.25	0.7651
1540	1303771853599	1	1.0456	1.25	0.7651
1541	1303771853615	1	1.0456	1.1875	0.8054
1542	1303771853632	1	1.0463	1.25	0.7646
1543	1303771853651	1	1.0463	1.25	0.7646
1544	1303771853708	1	1.0463	1.25	0.7646
1545	1303771853724	1	1.0463	1.25	0.7646
1546	1303771853742	1	1.0463	1.25	0.7646
1547	1303771853758	1	1.0463	1.25	0.7646
1548	1303771853775	1	1.0463	1.25	0.7646
1549	1303771853791	1	1.0463	1.25	0.7646
1550	1303771853809	1	1.0463	1.25	0.7646
1551	1303771853825	1	1.0474	1.25	0.7638
1552	1303771853841	1	1.0474	1.25	0.7638
1553	1303771853901	1	1.0474	1.25	0.7638
1554	1303771853919	1	1.0474	1.25	0.7638
1555	1303771853975	1	1.0626	1.25	0.7529
1556	1303771853992	1	1.0626	1.25	0.7529
1557	1303771854009	1	1.0626	1.25	0.7529
1558	1303771854027	1	1.0626	1.25	0.7529
1559	1303771854043	1	1.0626	1.25	0.7529
1560	1303771854059	1	1.0626	1.25	0.7529
1561	1303771854077	1	1.0626	1.25	0.7529
1562	1303771854094	1	1.0626	1.25	0.7529
1563	1303771854110	1	1.0626	1.25	0.7529
1564	1303771854126	1	1.0626	1.25	0.7529
1565	1303771854145	1	1.0626	1.25	0.7529
1566	1303771854161	1	1.0626	1.25	0.7529
1567	1303771854217	1	1.0626	1.25	0.7529
1568	1303771854234	1	1.0626	1.25	0.7529
1569	1303771854252	1	1.0626	1.25	0.7529
1570	1303771854269	1	1.0626	1.25	0.7529
1571	1303771854286	1	1.0626	1.25	0.7529
1572	1303771854303	1	1.0626	1.25	0.7529
1573	1303771854321	1	1.0626	1.25	0.7529
1574	1303771854337	1	1.0626	1.25	0.7529
1575	1303771854353	1	1.0626	1.25	0.7529
1576	1303771854370	1	1.0626	1.25	0.7529
1577	1303771854387	1	1.0626	1.25	0.7529
1578	1303771854448	1	1.0626	1.25	0.7529
1579	1303771854465	1	1.0626	1.25	0.7529
1580	1303771854483	1	1.0626	1.25	0.7529
1581	1303771854500	1	1.0626	1.25	0.7529
1582	1303771854517	1	1.0626	1.25	0.7529
1583	1303771854534	1	1.0626	1.25	0.7529
1584	1303771854552	1	1.0626	1.25	0.7529
1585	1303771854568	1	1.0626	1.25	0.7529
1586	1303771854586	1	1.0626	1.25	0.7529
1587	1303771854603	1	1.0626	1.25	0.7529
1588	1303771854663	1	1.0626	1.25	0.7529
1589	1303771854679	1	1.0626	1.25	0.7529
1590	1303771854735	1	1.0626	1.25	0.7529
1591	1303771854754	1	1.0626	1.25	0.7529
1592	1303771854770	1	1.0626	1.25	0.7529
1593	1303771854826	1	1.0626	1.25	0.7529
1594	1303771854842	1	1.0626	1.25	0.7529
1595	1303771854861	1	1.0626	1.25	0.7529
1596	1303771854877	1	1.0626	1.25	0.7529
1597	1303771854894	1	1.0626	1.25	0.7529
1598	1303771854910	1	1.0626	1.25	0.7529
1599	1303771854929	1	1.0626	1.25	0.7529
1600	1303771854945	1	1.0626	1.25	0.7529
1601	1303771854962	1	1.0626	1.1875	0.7925
1602	1303771854979	1	1.0626	1.25	0.7529
1603	1303771855041	1	1.0707	1.25	0.7472
1604	1303771855057	1	1.0707	1.25	0.7472
1605	1303771855075	1	1.0707	1.25	0.7472
1606	1303771855092	1	1.0707	1.25	0.7472
1607	1303771855110	1	1.0707	1.25	0.7472
1608	1303771855126	1	1.0707	1.25	0.7472
1609	1303771855144	1	1.0707	1.25	0.7472
1610	1303771855163	1	1.0707	1.25	0.7472
1611	1303771855179	1	1.0707	1.25	0.7472
1612	1303771855196	1	1.071	1.25	0.747
1613	1303771855212	1	1.071	1.25	0.747
1614	1303771855230	1	1.071	1.25	0.747
1615	1303771855247	1	1.071	1.25	0.747
1616	1303771855263	1	1.071	1.25	0.747
1617	1303771855279	1	1.071	1.25	0.747
1618	1303771855298	1	1.071	1.25	0.747
1619	1303771855314	1	1.071	1.25	0.747
1620	1303771855331	1	1.071	1.25	0.747
1621	1303771855347	1	1.071	1.25	0.747
1622	1303771855365	1	1.071	1.25	0.747
1623	1303771855381	1	1.071	1.25	0.747
1624	1303771855397	1	1.071	1.25	0.747
1625	1303771855414	1	1.071	1.25	0.747
1626	1303771855432	1	1.071	1.25	0.747
1627	1303771855448	1	1.071	1.25	0.747
1628	1303771855505	1	1.071	1.25	0.747
1629	1303771855523	1	1.071	1.25	0.747
1630	1303771855539	1	1.071	1.25	0.747
1631	1303771855556	1	1.071	1.25	0.747
1632	1303771855572	1	1.071	1.25	0.747
1633	1303771855631	1	1.071	1.25	0.747
1634	1303771855648	1	1.071	1.25	0.747
1635	1303771855664	1	1.071	1.25	0.747
1636	1303771855680	1	1.071	1.25	0.747
1637	1303771855699	1	1.071	1.25	0.747
1638	1303771855716	1	1.071	1.25	0.747
1639	1303771855732	1	1.071	1.25	0.747
1640	1303771855748	1	1.071	1.25	0.747
1641	1303771855766	1	1.071	1.25	0.747
1642	1303771855783	1	1.071	1.25	0.747
1643	1303771855800	1	1.071	1.25	0.747
1644	1303771855817	1	1.071	1.25	0.747
1645	1303771855835	1	1.071	1.25	0.747
1646	1303771855851	1	1.071	1.25	0.747
1647	1303771855869	1	1.071	1.25	0.747
1648	1303771855887	1	1.071	1.25	0.747
1649	1303771855904	1	1.071	1.25	0.747
1650	1303771855921	1	1.071	1.25	0.747
1651	1303771855939	1	1.071	1.25	0.747
1652	1303771855957	1	1.071	1.25	0.747
1653	1303771855974	1	1.071	1.25	0.747
1654	1303771855991	1	1.071	1.25	0.747
1655	1303771856007	1	1.071	1.25	0.747
1656	1303771856025	1	1.071	1.25	0.747
1657	1303771856041	1	1.071	1.25	0.747
1658	1303771856098	1	1.071	1.25	0.747
1659	1303771856115	1	1.071	1.25	0.747
1660	1303771856134	1	1.071	1.25	0.747
1661	1303771856151	1	1.071	1.25	0.747
1662	1303771856168	1	1.071	1.25	0.747
1663	1303771856188	1	1.0758	1.25	0.7436
1664	1303771856205	1	1.0758	1.25	0.7436
1665	1303771856261	1	1.0758	1.25	0.7436
1666	1303771856318	1	1.0758	1.25	0.7436
1667	1303771856337	1	1.0758	1.25	0.7436
1668	1303771856355	1	1.0758	1.25	0.7436
1669	1303771856372	1	1.0573	1.25	0.7567
1670	1303771856389	1	1.0573	1.25	0.7567
1671	1303771856408	1	1.0573	1.25	0.7567
1672	1303771856424	1	1.0573	1.25	0.7567
1673	1303771856441	1	1.0573	1.25	0.7567
1674	1303771856499	1	1.0573	1.25	0.7567
1675	1303771856517	1	1.0573	1.25	0.7567
1676	1303771856534	1	1.0573	1.25	0.7567
1677	1303771856551	1	1.0573	1.25	0.7567
1678	1303771856569	1	1.0573	1.25	0.7567
1679	1303771856585	1	1.0573	1.25	0.7567
1680	1303771856602	1	1.0573	1.25	0.7567
1681	1303771856618	1	1.0573	1.25	0.7567
1682	1303771856636	1	1.0573	1.25	0.7567
1683	1303771856653	1	1.0573	1.25	0.7567
1684	1303771856669	1	1.0573	1.25	0.7567
1685	1303771856685	1	1.0573	1.25	0.7567
1686	1303771856704	1	1.0573	1.25	0.7567
1687	1303771856720	1	1.0573	1.25	0.7567
1688	1303771856736	1	1.0573	1.25	0.7567
1689	1303771856753	1	1.0573	1.25	0.7567
1690	1303771856771	1	1.0573	1.25	0.7567
1691	1303771856788	1	1.0573	1.25	0.7567
1692	1303771856804	1	1.0573	1.25	0.7567
1693	1303771856820	1	1.0573	1.25	0.7567
1694	1303771856838	1	1.0573	1.25	0.7567
1695	1303771856855	1	1.0573	1.25	0.7567
1696	1303771856871	1	1.0573	1.25	0.7567
1697	1303771856890	1	1.0573	1.25	0.7567
1698	1303771856907	1	1.0573	1.25	0.7567
1699	1303771856924	1	1.0573	1.25	0.7567
1700	1303771856941	1	1.0573	1.25	0.7567
1701	1303771856959	1	1.0573	1.25	0.7567
1702	1303771856976	1	1.0573	1.25	0.7567
1703	1303771856993	1	1.0573	1.25	0.7567
1704	1303771857010	1	1.0573	1.25	0.7567
1705	1303771857029	1	1.0573	1.25	0.7567
1706	1303771857045	1	1.0573	1.25	0.7567
1707	1303771857062	1	1.0573	1.25	0.7567
1708	1303771857078	1	1.0573	1.25	0.7567
1709	1303771857096	1	1.0573	1.25	0.7567
1710	1303771857112	1	1.0573	1.25	0.7567
1711	1303771857129	1	1.0573	1.25	0.7567
1712	1303771857188	1	1.0573	1.25	0.7567
1713	1303771857204	1	1.0573	1.25	0.7567
1714	1303771857220	1	1.0573	1.25	0.7567
1715	1303771857237	1	1.0573	1.25	0.7567
1716	1303771857255	1	1.0573	1.25	0.7567
1717	1303771857272	1	1.0573	1.25	0.7567
1718	1303771857289	1	1.0573	1.25	0.7567
1719	1303771857305	1	1.0573	1.25	0.7567
1720	1303771857323	1	1.0573	1.25	0.7567
1721	1303771857340	1	1.0525	1.25	0.7601
1722	1303771857356	1	1.0525	1.25	0.7601
1723	1303771857373	1	1.0525	1.25	0.7601
1724	1303771857391	1	1.0525	1.25	0.7601
1725	1303771857407	1	1.0525	1.25	0.7601
1726	1303771857424	1	1.0525	1.25	0.7601
1727	1303771857440	1	1.0525	1.25	0.7601
1728	1303771857459	1	1.0525	1.25	0.7601
1729	1303771857475	1	1.0525	1.25	0.7601
1730	1303771857493	1	1.0525	1.25	0.7601
1731	1303771857511	1	1.0525	1.25	0.7601
1732	1303771857527	1	1.0525	1.25	0.7601
1733	1303771857544	1	1.0525	1.25	0.7601
1734	1303771857560	1	1.0766	1.25	0.7431
1735	1303771857578	1	1.0766	1.25	0.7431
1736	1303771857595	1	1.0766	1.25	0.7431
1737	1303771857613	1	1.0766	1.25	0.7431
1738	1303771857629	1	1.0766	1.25	0.7431
1739	1303771857647	1	1.0766	1.25	0.7431
1740	1303771857663	1	1.0766	1.25	0.7431
1741	1303771857679	1	1.0766	1.25	0.7431
1742	1303771857695	1	1.0766	1.25	0.7431
1743	1303771857713	1	1.0766	1.25	0.7431
1744	1303771857730	1	1.0766	1.25	0.7431
1745	1303771857788	1	1.1439	1.25	0.6994
1746	1303771857849	1	1.1439	1.25	0.6994
1747	1303771857865	1	1.1439	1.25	0.6994
1748	1303771857881	1	1.1439	1.25	0.6994
1749	1303771857898	1	1.1439	1.25	0.6994
1750	1303771857916	1	1.1439	1.25	0.6994
1751	1303771857932	1	1.1439	1.25	0.6994
1752	1303771857948	1	1.1439	1.25	0.6994
1753	1303771857964	1	1.1439	1.25	0.6994
1754	1303771858023	1	1.1439	1.25	0.6994
1755	1303771858039	1	1.1439	1.25	0.6994
1756	1303771858056	1	1.1439	1.25	0.6994
1757	1303771858072	1	1.1439	1.25	0.6994
1758	1303771858090	1	1.1439	1.25	0.6994
1759	1303771858106	1	1.1439	1.25	0.6994
1760	1303771858122	1	1.1439	1.25	0.6994
1761	1303771858138	1	1.1439	1.25	0.6994
1762	1303771858159	1	1.1439	1.25	0.6994
1763	1303771858175	1	1.1439	1.25	0.6994
1764	1303771858192	1	1.1439	1.25	0.6994
1765	1303771858209	1	1.1439	1.25	0.6994
1766	1303771858227	1	1.1439	1.25	0.6994
1767	1303771858244	1	1.1439	1.25	0.6994
1768	1303771858261	1	1.1439	1.25	0.6994
1769	1303771858319	1	1.1439	1.25	0.6994
1770	1303771858335	1	1.1439	1.25	0.6994
1771	1303771858352	1	1.1439	1.25	0.6994
1772	1303771858369	1	1.1439	1.25	0.6994
1773	1303771858390	1	1.1439	1.25	0.6994
1774	1303771858408	1	1.1439	1.25	0.6994
1775	1303771858425	1	1.1439	1.25	0.6994
1776	1303771858442	1	1.1439	1.25	0.6994
1777	1303771858460	1	1.1439	1.25	0.6994
1778	1303771858476	1	1.1439	1.25	0.6994
1779	1303771858492	1	1.1439	1.25	0.6994
1780	1303771858509	1	1.1439	1.25	0.6994
1781	1303771858527	1	1.1439	1.25	0.6994
1782	1303771858585	1	1.1434	1.25	0.6997
1783	1303771858602	1	1.1434	1.25	0.6997
1784	1303771858620	1	1.1434	1.1875	0.7365
1785	1303771858638	1	1.1434	1.25	0.6997
1786	1303771858655	1	1.1434	1.25	0.6997
1787	1303771858671	1	1.1434	1.25	0.6997
1788	1303771858690	1	1.1434	1.25	0.6997
1789	1303771858747	1	1.1434	1.25	0.6997
1790	1303771858765	1	1.1434	1.25	0.6997
1791	1303771858782	1	1.1434	1.25	0.6997
1792	1303771858801	1	1.1434	1.25	0.6997
1793	1303771858818	1	1.1434	1.25	0.6997
1794	1303771858875	1	1.1434	1.25	0.6997
1795	1303771858891	1	1.144	1.25	0.6993
1796	1303771858922	1	1.144	1.25	0.6993
1797	1303771858940	1	1.144	1.25	0.6993
1798	1303771858957	1	1.144	1.25	0.6993
1799	1303771858976	1	1.144	1.25	0.6993
1800	1303771858992	1	1.144	1.25	0.6993
