0	1303774486679	0	0	0	0
1	1303774486688	0	0	0	0
2	1303774486698	0	0	0	0
3	1303774486709	0	0	0	0
4	1303774486719	0	0	0	0
5	1303774486731	0	0	0	0
6	1303774486743	0	0	0	0
7	1303774486755	0	0	0	0
8	1303774486767	0	0	0	0
9	1303774486780	0	0	0	0
10	1303774486834	0	0	0	0
11	1303774486847	0	0	0	0
12	1303774486860	0	0	0	0
13	1303774486874	0	0	0	0
14	1303774486887	0	0	0	0
15	1303774486901	0	0	0	0
16	1303774486916	0	0	0	0
17	1303774486933	0	0	0	0
18	1303774486953	0	0	0	0
19	1303774486973	0	0	0	0
20	1303774486996	0	0	0	0
21	1303774487011	0	0	0	0
22	1303774487027	0	0	0	0
23	1303774487043	0	0	0	0
24	1303774487058	0	0	0	0
25	1303774487075	0	0	0	0
26	1303774487091	0	0	0	0
27	1303774487107	0	0	0	0
28	1303774487122	0	0	0	0
29	1303774487138	0	0	0	0
30	1303774487195	0	0	0	0
31	1303774487211	0	0	0	0
32	1303774487233	0	0	0	0
33	1303774487250	0	0	0	0
34	1303774487306	0	0	0	0
35	1303774487323	0	0	0	0
36	1303774487380	0	0	0	0
37	1303774487397	0	0	0	0
38	1303774487414	0	0	0	0
39	1303774487430	0	0	0	0
40	1303774487447	0	0	0	0
41	1303774487463	0	0	0	0
42	1303774487479	0	0	0	0
43	1303774487496	0	0	0	0
44	1303774487513	0	0	0	0
45	1303774487535	0	0	0	0
46	1303774487552	0	0	0	0
47	1303774487610	0	0	0	0
48	1303774487627	0	0	0	0
49	1303774487644	0	0	0	0
50	1303774487663	0.5	0	0	0
51	1303774487705	0.5	0	0	0
52	1303774487751	0.5	0	0	0
53	1303774487776	0.5	1.6541	1.5	0.2015
54	1303774487804	0.5	1.4147	1.5	0.2356
55	1303774487827	0.5	1.4147	1.5	0.2356
56	1303774487844	0.5	1.4147	0	0
57	1303774487862	0.5	1.4147	1.5	0.2356
58	1303774487879	0.5	1.4147	1.5	0.2356
59	1303774487897	0.5	1.4147	1.5	0.2356
60	1303774487915	0.5	1.4147	1.5	0.2356
61	1303774487936	0.5	1.4147	1.5	0.2356
62	1303774487953	0.5	1.4147	1.4286	0.2474
63	1303774487970	0.5	1.4147	1.3	0.2719
64	1303774487988	0.5	1.4147	1.2857	0.2749
65	1303774488006	0.5	1.4147	1.3571	0.2604
66	1303774488024	0.5	1.4147	1.2857	0.2749
67	1303774488042	0.5	1.4147	1.3125	0.2693
68	1303774488060	0.5	1.4147	1.1875	0.2976
69	1303774488078	0.5	1.4147	1.2143	0.2911
70	1303774488096	0.5	1.4147	1.1429	0.3093
71	1303774488115	0.5	1.4147	1.125	0.3142
72	1303774488138	0.5	1.4147	1.1429	0.3093
73	1303774488156	0.5	1.4147	1.1429	0.3093
74	1303774488174	0.5	1.4147	1.1111	0.3181
75	1303774488193	0.5	1.4147	1.1429	0.3093
76	1303774488211	0.5	1.4147	1.0556	0.3348
77	1303774488230	0.5	1.4147	1.1	0.3213
78	1303774488248	0.5	1.4147	1.1111	0.3181
79	1303774488266	0.5	1.4147	1.0714	0.3299
80	1303774488285	0.5	1.4147	1.0556	0.3348
81	1303774488304	0.5	1.4147	1.1111	0.3181
82	1303774488323	0.5	1.4147	1	0.3534
83	1303774488345	0.5	1.4147	1.1	0.3213
84	1303774488364	0.5	1.4147	1.1	0.3213
85	1303774488383	0.5	1.4147	1.1	0.3213
86	1303774488411	1	1.4147	1.1	0.6426
87	1303774488452	1	1.4147	1.1	0.6426
88	1303774488486	1	1.4147	1.1	0.6426
89	1303774488516	1	1.4147	1.1	0.6426
90	1303774488550	1	1.4147	1.1	0.6426
91	1303774488619	1	1.4147	1.1	0.6426
92	1303774488639	1	1.4147	1.1	0.6426
93	1303774488663	1	1.4147	1.1	0.6426
94	1303774488700	1	1.4147	1.1	0.6426
95	1303774488745	1	1.4147	1.1	0.6426
96	1303774488791	1	1.4147	1.1	0.6426
97	1303774488846	1	1.4147	1.1	0.6426
98	1303774488904	1	1.4147	1.1	0.6426
99	1303774488962	1	1.4147	1.1	0.6426
100	1303774489032	1	1.4147	1.1	0.6426
101	1303774489102	1	1.4147	1.1	0.6426
102	1303774489179	1	1.4147	1.1	0.6426
103	1303774489257	1	1.4147	1.1	0.6426
104	1303774489340	1	1.4147	1.1	0.6426
105	1303774489441	1	1.4147	1.1	0.6426
106	1303774489546	1	1.4147	1.1	0.6426
107	1303774489651	1	1.4147	1.1	0.6426
108	1303774489752	1	1.4147	1.1	0.6426
109	1303774489895	1	1.4147	1.1	0.6426
110	1303774490002	1	1.4147	1.1	0.6426
111	1303774490107	1	1.4147	1.1	0.6426
112	1303774490213	1	1.4147	1.1	0.6426
113	1303774490320	1	1.4147	1.1	0.6426
114	1303774490698	1	1.5336	1.1	0.5928
115	1303774490806	1	1.5319	1.1	0.5934
116	1303774490960	1	1.5319	1.1	0.5934
117	1303774491070	1	1.5319	1.1	0.5934
118	1303774491177	1	1.5319	1.1	0.5934
119	1303774491467	1	1.5319	1.1	0.5934
120	1303774491612	1	1.5319	1.1	0.5934
121	1303774491754	1	1.5319	1.1	0.5934
122	1303774491859	1	1.5319	1.1	0.5934
123	1303774491961	1	1.5319	1.1	0.5934
124	1303774492067	1	1.5319	1.1	0.5934
125	1303774492182	1	1.5319	1.1	0.5934
126	1303774492307	1	1.5319	1.1	0.5934
127	1303774492435	1	1.5319	1.1	0.5934
128	1303774492565	1	1.5319	1.1	0.5934
129	1303774492697	1	1.5319	1.1364	0.5745
130	1303774492828	1	1.5319	1.1	0.5934
131	1303774492958	1	1.5319	1.0909	0.5984
132	1303774493088	1	1.5319	1.1	0.5934
133	1303774493218	1	1.5319	1.0833	0.6026
134	1303774493348	1	1.5319	1.0417	0.6267
135	1303774493478	1	1.5319	1.0417	0.6267
136	1303774493610	1	1.5319	1.0455	0.6244
137	1303774493739	1	1.5319	1.0833	0.6026
138	1303774493870	1	1.5319	1.0769	0.6062
139	1303774494042	1	1.5319	1.0833	0.6026
140	1303774494188	1	1.5319	1.0833	0.6026
141	1303774494390	1	1.5319	1.0833	0.6026
142	1303774494602	1	1.5319	1.0769	0.6062
143	1303774494784	1	1.5319	1.0769	0.6062
144	1303774494967	1	1.5319	1.0769	0.6062
145	1303774495154	1	1.5319	1.0769	0.6062
146	1303774495337	1	1.5319	1.0769	0.6062
147	1303774495524	1	1.5319	1.0833	0.6026
148	1303774495709	1	1.5319	1.0769	0.6062
149	1303774495896	1	1.5319	1.0769	0.6062
150	1303774496083	1	1.5319	1.0769	0.6062
151	1303774496266	1	1.5319	1.0769	0.6062
152	1303774496453	1	1.5319	1.0769	0.6062
153	1303774496678	1	1.5319	1.0769	0.6062
154	1303774496863	1	1.5319	1.0769	0.6062
155	1303774497048	1	1.5319	1.0769	0.6062
156	1303774497236	1	1.5319	1.0769	0.6062
157	1303774497419	1	1.5319	1.0769	0.6062
158	1303774497612	1	1.5319	1.0769	0.6062
159	1303774497816	1	1.5319	1.0769	0.6062
160	1303774498029	1	1.5319	1.0769	0.6062
161	1303774498240	1	1.5319	1.0769	0.6062
162	1303774498454	1	1.5319	1.0769	0.6062
163	1303774498711	1	1.5319	1.0769	0.6062
164	1303774498925	1	1.5319	1.0769	0.6062
165	1303774499139	1	1.5319	1.0769	0.6062
166	1303774499352	1	1.5319	1.0769	0.6062
167	1303774499561	1	1.5319	1.0769	0.6062
168	1303774499773	1	1.5319	1.0769	0.6062
169	1303774499985	1	1.5319	1.0769	0.6062
170	1303774500206	1	1.5319	1.0769	0.6062
171	1303774500440	1	1.5319	1.0769	0.6062
172	1303774500676	1	1.5319	1.0769	0.6062
173	1303774500916	1	1.5319	1.0769	0.6062
174	1303774501156	1	1.5319	1.0769	0.6062
175	1303774501400	1	1.5319	1.0769	0.6062
176	1303774501643	1	0.8366	1.0769	1.11
177	1303774501886	1	0.8366	1.0385	1.1511
178	1303774502125	1	0.8366	1.0769	1.11
179	1303774502365	1	0.8366	1.0769	1.11
180	1303774502602	1	0.8366	1.0769	1.11
181	1303774502838	1	0.8366	1.0769	1.11
182	1303774503077	1	0.8366	1.0385	1.1511
183	1303774503317	1	0.8366	1.0769	1.11
184	1303774503560	1	0.8366	1.0769	1.11
185	1303774503820	1	0.8366	1.0769	1.11
186	1303774504086	1	0.8366	1.0385	1.1511
187	1303774504363	1	0.8366	1.0769	1.11
188	1303774504646	1	0.8366	1.0769	1.11
189	1303774504937	1	0.8366	1.0769	1.11
190	1303774505231	1	0.8366	1.0385	1.1511
191	1303774505524	1	0.8366	1.0769	1.11
192	1303774505817	1	0.8366	1.0769	1.11
193	1303774506110	1	0.8366	1.0769	1.11
194	1303774506406	1	0.8366	1.0385	1.1511
195	1303774506700	1	0.8366	1.0769	1.11
196	1303774506998	1	0.8366	1.0769	1.11
197	1303774507292	1	0.8366	1.0769	1.11
198	1303774507587	1	0.8366	1.0385	1.1511
199	1303774507881	1	0.8366	1.0769	1.11
200	1303774508176	1	0.8366	1.0769	1.11
201	1303774508470	1	0.8366	1.0769	1.11
202	1303774508763	1	0.8366	1.0385	1.1511
203	1303774509055	1	0.8366	1.0769	1.11
204	1303774509354	1	0.8366	1.0769	1.11
205	1303774509648	1	0.8366	1.0769	1.11
206	1303774509944	1	0.8366	1.0385	1.1511
207	1303774510237	1	0.8366	1.0769	1.11
208	1303774510535	1	0.8366	1.0769	1.11
209	1303774510834	1	0.8366	1.0769	1.11
210	1303774511145	1	0.8366	1.0385	1.1511
211	1303774511465	1	0.8366	1.0769	1.11
212	1303774511786	1	0.8366	1.0769	1.11
213	1303774512107	1	0.8366	1.0769	1.11
214	1303774512429	1	0.8366	1.0385	1.1511
215	1303774512751	1	0.8366	1.0769	1.11
216	1303774513075	1	0.8366	1.0769	1.11
217	1303774513399	1	0.8366	1.0769	1.11
218	1303774513722	1	0.8366	1.0385	1.1511
219	1303774514042	1	0.8366	1.0769	1.11
220	1303774514366	1	0.8366	1.0769	1.11
221	1303774514727	1	0.8366	1.0769	1.11
222	1303774515048	1	0.8366	1.0385	1.1511
223	1303774515374	1	0.8366	1.0769	1.11
224	1303774515706	1	0.8366	1.0769	1.11
225	1303774516048	1	0.8366	1.0769	1.11
226	1303774516404	1	0.8366	1.0385	1.1511
227	1303774516770	1	0.8366	1.0769	1.11
228	1303774517182	1	0.8366	1.0769	1.11
229	1303774517593	1	0.8366	1.0769	1.11
230	1303774517969	1	0.8366	1.0385	1.1511
231	1303774518388	1	0.8366	1.0769	1.11
232	1303774518762	1	0.8366	1.0769	1.11
233	1303774519138	1	0.8366	1.0769	1.11
234	1303774519513	1	0.8366	1.0385	1.1511
235	1303774519893	1	0.8366	1.0769	1.11
236	1303774520302	1	1.6358	1.0769	0.5677
237	1303774520716	1	0.9563	1.0769	0.971
238	1303774521119	1	0.9559	1.0385	1.0074
239	1303774521536	1	1.0243	1.0769	0.9065
240	1303774521953	1	1.0178	1.1071	0.8874
241	1303774522372	1	1.0178	1.1562	0.8497
242	1303774522773	1	1.0178	1.0769	0.9123
243	1303774523178	1	1.0178	1.0714	0.917
244	1303774523622	1	1.0178	1.1562	0.8497
245	1303774524027	1	1.0178	1.125	0.8733
246	1303774524425	1	1.0178	1.1765	0.8351
247	1303774524830	1	1.0178	1.1667	0.8421
248	1303774525232	1	1.0178	1.1944	0.8226
249	1303774525634	1	1.0178	1.2	0.8188
250	1303774526033	1	1.0178	1.1842	0.8297
251	1303774526431	1	1.0178	1.2	0.8188
252	1303774526870	1	1.0178	1.2	0.8188
253	1303774527266	1	1.0178	1.175	0.8362
254	1303774527662	1	1.0178	1.1667	0.8421
255	1303774528100	1	1.0178	1.2143	0.8091
256	1303774528492	1	1.0178	1.1905	0.8253
257	1303774528889	1	1.0178	1.1818	0.8313
258	1303774529285	1	1.0178	1.1087	0.8862
259	1303774529721	1	1.0178	1.1087	0.8862
260	1303774530115	1	1.0178	1.125	0.8733
261	1303774530517	1	1.0178	1.1087	0.8862
262	1303774530918	1	0.9916	1.1304	0.8921
263	1303774531361	1	0.9911	1.125	0.8969
264	1303774531762	1	0.9911	1.12	0.9009
265	1303774532162	1	0.9911	1.12	0.9009
266	1303774532555	1	0.9911	1.14	0.8851
267	1303774532992	1	0.9911	1.1042	0.9138
268	1303774533392	1	0.9911	1.0833	0.9314
269	1303774533789	1	0.9911	1.12	0.9009
270	1303774534183	1	0.9911	1.1	0.9173
271	1303774534581	1	0.9911	1.0769	0.9369
272	1303774534980	1	0.9911	1.0962	0.9205
273	1303774535377	1	0.9911	1.1154	0.9046
274	1303774535777	1	0.9911	1.1154	0.9046
275	1303774536171	1	0.9911	1.0577	0.954
276	1303774536564	1	0.9911	1.0577	0.954
277	1303774536957	1	0.9911	1.0962	0.9205
278	1303774537351	1	0.9911	1.0962	0.9205
279	1303774537738	1	0.9911	1.0577	0.954
280	1303774538131	1	0.9911	1.0577	0.954
281	1303774538565	1	0.9911	1.0769	0.9369
282	1303774538956	1	0.9911	1.0769	0.9369
283	1303774539347	1	0.9911	1.0577	0.954
284	1303774539742	1	0.9911	1.0577	0.954
285	1303774540131	1	0.9911	1.0769	0.9369
286	1303774540528	1	0.9911	1.0769	0.9369
287	1303774540923	1	0.9911	1.0577	0.954
288	1303774541317	1	0.9911	1.0577	0.954
289	1303774541715	1	0.9911	1.0577	0.954
290	1303774542112	1	0.9911	1.0577	0.954
291	1303774542505	1	0.9911	1.0385	0.9716
292	1303774542902	1	0.9911	1.0385	0.9716
293	1303774543299	1	0.9911	1.0385	0.9716
294	1303774543699	1	0.9911	1.0577	0.954
295	1303774544092	1	0.9911	1.0385	0.9716
296	1303774544490	1	0.9911	1.0385	0.9716
297	1303774544892	1	0.9911	1.0385	0.9716
298	1303774545288	1	0.9911	1.0577	0.954
299	1303774545689	1	1.0004	1.0385	0.9626
300	1303774546084	1	0.9789	1.0385	0.9837
301	1303774546482	1	0.9789	1.037	0.9851
302	1303774546877	1	0.9789	1.037	0.9851
303	1303774547273	1	0.9789	1.037	0.9851
304	1303774547667	1	0.9789	1.037	0.9851
305	1303774548064	1	0.9789	1.037	0.9851
306	1303774548459	1	0.9789	1.0556	0.9678
307	1303774548859	1	0.9789	1.037	0.9851
308	1303774549248	1	0.9789	1.037	0.9851
309	1303774549643	1	0.9789	1.037	0.9851
310	1303774550039	1	0.9789	1.037	0.9851
311	1303774550433	1	0.9789	1.0185	1.003
312	1303774550826	1	0.9789	1.0185	1.003
313	1303774551222	1	0.9789	1.0185	1.003
314	1303774551613	1	0.9789	1.037	0.9851
315	1303774552071	1	0.9789	1.0185	1.003
316	1303774552504	1	0.9789	1.0185	1.003
317	1303774552900	1	0.9789	1.0185	1.003
318	1303774553333	1	0.9789	1.037	0.9851
319	1303774553729	1	0.9789	1.0185	1.003
320	1303774554119	1	0.9789	1.0185	1.003
321	1303774554515	1	0.9789	1.0179	1.0037
322	1303774555107	1	0.9789	1.0357	0.9864
323	1303774566843	1	0.9789	1.0185	1.003
324	1303774572186	1	0.9789	1.0179	1.0037
325	1303774572599	1	0.9761	1.0179	1.0065
326	1303774572996	1	0.9761	1.0179	1.0065
327	1303774573397	1	0.9761	1.0357	0.9891
328	1303774573799	1	0.9761	1.0179	1.0065
329	1303774574200	1	0.9761	1.0179	1.0065
330	1303774574597	1	0.9761	1.0179	1.0065
331	1303774575003	1	0.9761	1.0357	0.9891
332	1303774575400	1	0.9761	1.0179	1.0065
333	1303774575843	1	0.9761	1.0179	1.0065
334	1303774576284	1	0.9761	1.0179	1.0065
335	1303774576685	1	0.9761	1.0357	0.9891
336	1303774577081	1	0.9761	1	1.0244
337	1303774577484	1	0.9761	1.0179	1.0065
338	1303774577874	1	0.9761	1.0179	1.0065
339	1303774578269	1	0.9761	1.0357	0.9891
340	1303774578664	1	0.9761	1	1.0244
341	1303774579060	1	0.9761	1.0179	1.0065
342	1303774579493	1	0.9761	1.0179	1.0065
343	1303774579895	1	0.9761	1.0179	1.0065
344	1303774580286	1	0.9761	1	1.0244
345	1303774580682	1	0.9761	1.0179	1.0065
346	1303774581118	1	0.9761	1.0179	1.0065
347	1303774581519	1	0.9761	1.0179	1.0065
348	1303774581914	1	0.9761	1	1.0244
349	1303774582316	1	0.9761	1.0179	1.0065
350	1303774582710	1	0.9761	1.0179	1.0065
351	1303774583107	1	0.9761	1.0179	1.0065
352	1303774583504	1	0.9761	1	1.0244
353	1303774583902	1	0.9761	1.0179	1.0065
354	1303774584293	1	0.9761	1.0179	1.0065
355	1303774584696	1	0.9761	1.0179	1.0065
356	1303774585091	1	0.9761	1	1.0244
357	1303774585490	1	0.9761	1.0179	1.0065
358	1303774585942	1	0.9761	1.0179	1.0065
359	1303774586361	1	0.9761	1.0179	1.0065
360	1303774586764	1	0.9761	1	1.0244
361	1303774587207	1	0.9481	1.0179	1.0363
362	1303774587605	1	0.9481	1.0179	1.0363
363	1303774588010	1	0.9481	1.0179	1.0363
364	1303774588442	1	0.9481	1	1.0548
365	1303774588843	1	0.9481	1.0179	1.0363
366	1303774589244	1	0.9481	1.0179	1.0363
367	1303774589644	1	0.9481	1.0179	1.0363
368	1303774590039	1	0.9481	1	1.0548
369	1303774590444	1	0.9481	1.0179	1.0363
370	1303774590837	1	0.9481	1.0179	1.0363
371	1303774591277	1	0.9481	1.0179	1.0363
372	1303774591679	1	0.9481	1	1.0548
373	1303774592079	1	0.9481	1.0179	1.0363
374	1303774592516	1	0.9481	1.0179	1.0363
375	1303774592921	1	0.9481	1.0179	1.0363
376	1303774593318	1	0.9481	1.0179	1.0363
377	1303774593719	1	0.9481	1.0179	1.0363
378	1303774594121	1	0.9481	1.0179	1.0363
379	1303774594522	1	0.9481	1.0179	1.0363
380	1303774594919	1	0.9481	1.0179	1.0363
381	1303774595335	1	0.9481	1.0179	1.0363
382	1303774595774	1	0.9481	1.0179	1.0363
383	1303774596183	1	0.9481	1.0179	1.0363
384	1303774596596	1	0.9461	1.0179	1.0385
385	1303774597000	1	0.9461	1.0179	1.0385
386	1303774597397	1	0.9461	1.0179	1.0385
387	1303774597844	1	0.9461	1.0179	1.0385
388	1303774598242	1	0.9461	1.0179	1.0385
389	1303774598637	1	0.9461	1.0179	1.0385
390	1303774599035	1	0.9461	1.0179	1.0385
391	1303774599431	1	0.9461	1.0179	1.0385
392	1303774599827	1	0.9461	1.0179	1.0385
393	1303774600228	1	0.9461	1.0179	1.0385
394	1303774600624	1	0.9461	1.0179	1.0385
395	1303774601019	1	0.9461	1.0179	1.0385
396	1303774601420	1	0.9461	1.0179	1.0385
397	1303774601818	1	0.9461	1.0179	1.0385
398	1303774602213	1	0.9461	1.0179	1.0385
399	1303774602616	1	0.9461	1.0179	1.0385
400	1303774603013	1	0.9461	1.0179	1.0385
401	1303774603411	1	0.9461	1.0179	1.0385
402	1303774603813	1	0.9461	1.0179	1.0385
403	1303774604211	1	0.9461	1.0179	1.0385
404	1303774604612	1	0.9461	1.0179	1.0385
405	1303774605010	1	0.9461	1.0179	1.0385
406	1303774605407	1	0.9461	1.0179	1.0385
407	1303774605809	1	0.9461	1.0179	1.0385
408	1303774606249	1	0.9461	1.0179	1.0385
409	1303774606648	1	0.9461	1.0179	1.0385
410	1303774607050	1	0.9461	1.0179	1.0385
411	1303774607449	1	0.9461	1.0179	1.0385
412	1303774607848	1	0.9461	1.0179	1.0385
413	1303774608253	1	0.9461	1.0179	1.0385
414	1303774608652	1	0.9461	1.0179	1.0385
415	1303774609050	1	0.9461	1.0179	1.0385
416	1303774609494	1	0.9461	1.0179	1.0385
417	1303774609894	1	0.9461	1.0179	1.0385
418	1303774610297	1	0.9461	1.0179	1.0385
419	1303774610781	1	0.9461	1.0179	1.0385
420	1303774611206	1	0.9461	1.0179	1.0385
421	1303774611614	1	0.9461	1.0179	1.0385
422	1303774612017	1	0.997	1.0179	0.9854
423	1303774612424	1	0.997	1.0179	0.9854
424	1303774612828	1	0.997	1.0179	0.9854
425	1303774613228	1	0.997	1.0179	0.9854
426	1303774613629	1	0.997	1.0179	0.9854
427	1303774614034	1	0.997	1.0179	0.9854
428	1303774614434	1	0.997	1.0179	0.9854
429	1303774614838	1	0.997	1.0179	0.9854
430	1303774615238	1	0.997	1.0179	0.9854
431	1303774615639	1	0.997	1.0179	0.9854
432	1303774616044	1	0.997	1.0179	0.9854
433	1303774616444	1	0.997	1.0179	0.9854
434	1303774616887	1	0.997	1.0179	0.9854
435	1303774617292	1	0.997	1.0179	0.9854
436	1303774617694	1	0.997	1.0179	0.9854
437	1303774618095	1	0.997	1.0179	0.9854
438	1303774618501	1	0.997	1.0179	0.9854
439	1303774618901	1	0.997	1.0179	0.9854
440	1303774619296	1	0.997	1.0179	0.9854
441	1303774619696	1	0.997	1.0179	0.9854
442	1303774620092	1	0.997	1.0179	0.9854
443	1303774620488	1	0.997	1.0179	0.9854
444	1303774620896	1	0.997	1.0179	0.9854
445	1303774621312	1	0.997	1.0179	0.9854
446	1303774621722	1	0.997	1.0179	0.9854
447	1303774622119	1	0.9957	1.0179	0.9867
448	1303774622517	1	0.9957	1.0179	0.9867
449	1303774622920	1	0.9957	1.0179	0.9867
450	1303774623317	1	0.9957	1.0179	0.9867
451	1303774623755	1	1.0142	1.0179	0.9687
452	1303774624157	1	1.0142	1.0179	0.9687
453	1303774624556	1	1.0142	1.0179	0.9687
454	1303774624952	1	1.0142	1.0179	0.9687
455	1303774625355	1	1.0142	1.0179	0.9687
456	1303774625753	1	1.0142	1.0179	0.9687
457	1303774626151	1	1.0142	1.0179	0.9687
458	1303774626553	1	1.0142	1.0179	0.9687
459	1303774626951	1	1.0142	1.0179	0.9687
460	1303774627349	1	1.0142	1.0179	0.9687
461	1303774627750	1	1.0142	1.0179	0.9687
462	1303774628147	1	1.0142	1.0179	0.9687
463	1303774628545	1	1.0142	1.0179	0.9687
464	1303774628989	1	1.0142	1.0179	0.9687
465	1303774629389	1	1.0142	1.0179	0.9687
466	1303774629790	1	1.0142	1.0179	0.9687
467	1303774630194	1	1.0142	1.0179	0.9687
468	1303774630593	1	1.0142	1.0179	0.9687
469	1303774630996	1	1.0142	1.0179	0.9687
470	1303774631396	1	1.0142	1.0179	0.9687
471	1303774631796	1	1.0142	1.0179	0.9687
472	1303774632200	1	1.0142	1.0179	0.9687
473	1303774632599	1	1.0142	1.0179	0.9687
474	1303774632999	1	1.0142	1.0179	0.9687
475	1303774633405	1	1.0142	1.0179	0.9687
476	1303774633801	1	1.0142	1.0179	0.9687
477	1303774634241	1	1.0142	1.0179	0.9687
478	1303774634684	1	1.0142	1.0179	0.9687
479	1303774635089	1	1.0142	1.0179	0.9687
480	1303774635543	1	1.0142	1.0179	0.9687
481	1303774635978	1	1.0142	1.0179	0.9687
482	1303774636387	1	1.0142	1.0179	0.9687
483	1303774636798	1	0.9399	1.0179	1.0453
484	1303774637204	1	0.9399	1.0179	1.0453
485	1303774637607	1	0.9399	1.0179	1.0453
486	1303774638013	1	0.9399	1.0179	1.0453
487	1303774638413	1	0.9399	1.0179	1.0453
488	1303774638810	1	0.9399	1.0179	1.0453
489	1303774639216	1	0.9399	1.0179	1.0453
490	1303774639613	1	0.9399	1.0179	1.0453
491	1303774640008	1	0.9399	1.0179	1.0453
492	1303774640407	1	0.9399	1.0179	1.0453
493	1303774640802	1	0.9399	1.0179	1.0453
494	1303774641198	1	0.9399	1.0179	1.0453
495	1303774641600	1	0.9399	1.0179	1.0453
496	1303774641996	1	0.9399	1.0179	1.0453
497	1303774642396	1	0.9399	1.0179	1.0453
498	1303774642799	1	0.9399	1.0179	1.0453
499	1303774643195	1	0.9399	1.0179	1.0453
500	1303774643598	1	0.9399	1.0179	1.0453
501	1303774644000	1	0.9399	1.0179	1.0453
502	1303774644438	1	0.9399	1.0179	1.0453
503	1303774644841	1	0.9399	1.0179	1.0453
504	1303774645280	1	0.9399	1.0179	1.0453
505	1303774645683	1	0.9399	1.0179	1.0453
506	1303774646096	1	0.9399	1.0179	1.0453
507	1303774646497	1	0.9399	1.0179	1.0453
508	1303774646896	1	0.9396	1.0179	1.0456
509	1303774647299	1	0.9396	1.0179	1.0456
510	1303774647700	1	0.9396	1.0179	1.0456
511	1303774648098	1	0.9396	1.0179	1.0456
512	1303774648503	1	0.9396	1.0179	1.0456
513	1303774648943	1	0.9396	1.0179	1.0456
514	1303774649378	1	0.9396	1.0179	1.0456
515	1303774649780	1	0.9396	1.0179	1.0456
516	1303774650175	1	0.9396	1.0179	1.0456
517	1303774650570	1	0.9396	1.0179	1.0456
518	1303774650969	1	0.9396	1.0179	1.0456
519	1303774651369	1	0.9396	1.0179	1.0456
520	1303774651769	1	0.9396	1.0179	1.0456
521	1303774652211	1	0.9396	1.0179	1.0456
522	1303774652610	1	0.9396	1.0179	1.0456
523	1303774653007	1	0.9396	1.0179	1.0456
524	1303774653406	1	0.9396	1.0179	1.0456
525	1303774653807	1	0.9396	1.0179	1.0456
526	1303774654207	1	0.9396	1.0179	1.0456
527	1303774654650	1	0.9396	1.0179	1.0456
528	1303774655050	1	0.9396	1.0179	1.0456
529	1303774655450	1	0.9396	1.0179	1.0456
530	1303774655851	1	0.9396	1.0179	1.0456
531	1303774656251	1	0.9396	1.0179	1.0456
532	1303774656648	1	0.9396	1.0179	1.0456
533	1303774657050	1	0.9396	1.0179	1.0456
534	1303774657450	1	0.9396	1.0179	1.0456
535	1303774657847	1	0.9396	1.0179	1.0456
536	1303774658251	1	0.9396	1.0179	1.0456
537	1303774658651	1	0.9396	1.0179	1.0456
538	1303774659049	1	0.9396	1.0179	1.0456
539	1303774659454	1	0.9396	1.0179	1.0456
540	1303774659855	1	0.9396	1.0179	1.0456
541	1303774660391	1	0.9396	1.0179	1.0456
542	1303774660920	1	0.9371	1.0179	1.0484
543	1303774661331	1	0.937	1.0179	1.0485
544	1303774661727	1	0.937	1.0179	1.0485
545	1303774662124	1	0.937	1.0179	1.0485
546	1303774662523	1	0.937	1.0179	1.0485
547	1303774662961	1	0.937	1.0179	1.0485
548	1303774663357	1	0.937	1.0179	1.0485
549	1303774663759	1	0.937	1.0179	1.0485
550	1303774664151	1	0.937	1.0179	1.0485
551	1303774664546	1	0.937	1.0179	1.0485
552	1303774664943	1	0.937	1.0179	1.0485
553	1303774665340	1	0.937	1.0179	1.0485
554	1303774665740	1	0.937	1.0179	1.0485
555	1303774666184	1	0.937	1.0179	1.0485
556	1303774666578	1	0.937	1.0179	1.0485
557	1303774666976	1	0.937	1.0179	1.0485
558	1303774667374	1	0.937	1.0179	1.0485
559	1303774667769	1	0.937	1.0179	1.0485
560	1303774668164	1	0.937	1.0179	1.0485
561	1303774668607	1	0.937	1.0179	1.0485
562	1303774669004	1	0.937	1.0179	1.0485
563	1303774669400	1	0.937	1.0179	1.0485
564	1303774669804	1	0.937	1.0179	1.0485
565	1303774670199	1	0.937	1.0179	1.0485
566	1303774670605	1	0.937	1.0179	1.0485
567	1303774671019	1	0.937	1.0179	1.0485
568	1303774671418	1	0.9365	1.0179	1.049
569	1303774671819	1	0.9365	1.0179	1.049
570	1303774672224	1	0.9365	1.0179	1.049
571	1303774672622	1	0.9365	1.0179	1.049
572	1303774673021	1	0.9365	1.0179	1.049
573	1303774673419	1	0.9365	1.0179	1.049
574	1303774673818	1	0.9365	1.0179	1.049
575	1303774674214	1	0.9365	1.0179	1.049
576	1303774674619	1	0.9365	1.0179	1.049
577	1303774675019	1	0.9365	1.0179	1.049
578	1303774675417	1	0.9365	1.0179	1.049
579	1303774675819	1	0.9365	1.0179	1.049
580	1303774676219	1	0.9365	1.0179	1.049
581	1303774676616	1	0.9365	1.0179	1.049
582	1303774677022	1	0.9365	1.0179	1.049
583	1303774677418	1	0.9365	1.0179	1.049
584	1303774677819	1	0.9365	1.0179	1.049
585	1303774678260	1	0.9365	1.0179	1.049
586	1303774678660	1	0.9365	1.0179	1.049
587	1303774679059	1	0.9365	1.0179	1.049
588	1303774679466	1	0.9365	1.0179	1.049
589	1303774679863	1	0.9365	1.0179	1.049
590	1303774680265	1	0.9365	1.0179	1.049
591	1303774680665	1	0.9365	1.0179	1.049
592	1303774681060	1	0.9365	1.0179	1.049
593	1303774681452	1	0.9365	1.0179	1.049
594	1303774681852	1	0.9365	1.0179	1.049
595	1303774682244	1	0.9365	1.0179	1.049
596	1303774682641	1	0.9365	1.0179	1.049
597	1303774683039	1	0.9365	1.0179	1.049
598	1303774683437	1	0.9365	1.0179	1.049
599	1303774683829	1	0.9365	1.0179	1.049
600	1303774684231	1	0.9365	1.0179	1.049
601	1303774684633	1	0.9365	1.0179	1.049
602	1303774685141	1	0.9365	1.0179	1.049
603	1303774685724	1	0.9365	1.0179	1.049
604	1303774686139	1	0.9365	1.0179	1.049
605	1303774686536	1	1.0247	1.0179	0.9587
606	1303774686936	1	1.0247	1.0179	0.9587
607	1303774687374	1	1.0247	1.0179	0.9587
608	1303774687774	1	1.0247	1.0179	0.9587
609	1303774688173	1	1.0247	1.0179	0.9587
610	1303774688572	1	1.0247	1.0179	0.9587
611	1303774688970	1	1.0247	1.0179	0.9587
612	1303774689369	1	1.0247	1.0179	0.9587
613	1303774689769	1	1.0247	1.0179	0.9587
614	1303774690167	1	1.0247	1.0179	0.9587
615	1303774690571	1	1.0247	1.0179	0.9587
616	1303774690966	1	1.0247	1.0179	0.9587
617	1303774691366	1	1.0247	1.0179	0.9587
618	1303774691769	1	1.0247	1.0179	0.9587
619	1303774692167	1	1.0247	1.0179	0.9587
620	1303774692607	1	1.0247	1.0179	0.9587
621	1303774693011	1	1.0247	1.0179	0.9587
622	1303774693411	1	1.0247	1.0179	0.9587
623	1303774693809	1	1.0247	1.0179	0.9587
624	1303774694213	1	1.0247	1.0179	0.9587
625	1303774694650	1	1.0247	1.0179	0.9587
626	1303774695050	1	1.0247	1.0179	0.9587
627	1303774696107	1	1.0247	1.0179	0.9587
628	1303774710694	1	1.024	1.0179	0.9594
629	1303774715599	1	1.024	1.0179	0.9594
630	1303774716001	1	1.024	1.0179	0.9594
631	1303774716407	1	1.024	1.0179	0.9594
632	1303774716808	1	1.024	1.0179	0.9594
633	1303774717209	1	1.024	1.0179	0.9594
634	1303774717616	1	1.024	1.0179	0.9594
635	1303774718015	1	1.024	1.0179	0.9594
636	1303774718416	1	1.024	1.0179	0.9594
637	1303774718822	1	1.024	1.0179	0.9594
638	1303774719223	1	1.024	1.0179	0.9594
639	1303774719624	1	1.024	1.0179	0.9594
640	1303774720031	1	1.024	1.0179	0.9594
641	1303774720433	1	1.024	1.0179	0.9594
642	1303774720874	1	1.024	1.0179	0.9594
643	1303774721280	1	1.024	1.0179	0.9594
644	1303774721682	1	1.024	1.0179	0.9594
645	1303774722078	1	1.024	1.0179	0.9594
646	1303774722479	1	1.024	1.0179	0.9594
647	1303774722876	1	1.024	1.0179	0.9594
648	1303774723277	1	1.024	1.0179	0.9594
649	1303774723675	1	1.024	1.0179	0.9594
650	1303774724073	1	1.024	1.0179	0.9594
651	1303774724483	1	1.024	1.0179	0.9594
652	1303774724882	1	1.024	1.0179	0.9594
653	1303774725279	1	1.024	1.0179	0.9594
654	1303774725683	1	1.024	1.0179	0.9594
655	1303774726080	1	1.024	1.0179	0.9594
656	1303774726479	1	1.024	1.0179	0.9594
657	1303774726881	1	1.024	1.0179	0.9594
658	1303774727280	1	1.024	1.0179	0.9594
659	1303774727678	1	1.024	1.0179	0.9594
660	1303774728079	1	1.024	1.0179	0.9594
661	1303774728478	1	1.024	1.0179	0.9594
662	1303774728884	1	1.024	1.0179	0.9594
663	1303774729400	1	1.024	1.0179	0.9594
664	1303774729859	1	1.024	1.0179	0.9594
665	1303774730270	1	1.024	1.0179	0.9594
666	1303774730674	1	1.0537	1.0179	0.9324
667	1303774731080	1	1.0537	1.0179	0.9324
668	1303774731480	1	1.0537	1.0179	0.9324
669	1303774731919	1	1.0537	1.0179	0.9324
670	1303774732324	1	1.0537	1.0179	0.9324
671	1303774732766	1	1.0537	1.0179	0.9324
672	1303774733168	1	1.0537	1.0179	0.9324
673	1303774733573	1	1.0537	1.0179	0.9324
674	1303774733972	1	1.0537	1.0179	0.9324
675	1303774734413	1	1.0537	1.0172	0.933
676	1303774734819	1	1.0537	1.0172	0.933
677	1303774735260	1	1.0537	1.0172	0.933
678	1303774735662	1	1.0537	1.0172	0.933
679	1303774736110	1	1.0537	1.0179	0.9324
680	1303774736512	1	1.0537	1.0172	0.933
681	1303774736919	1	1.0537	1.0172	0.933
682	1303774737322	1	1.0537	1.0179	0.9324
683	1303774737727	1	1.0537	1.0172	0.933
684	1303774738177	1	1.0537	1.0172	0.933
685	1303774738584	1	1.0537	1.0172	0.933
686	1303774738994	1	1.0537	1.0172	0.933
687	1303774739404	1	1.0537	1.0172	0.933
688	1303774740906	1	1.0537	1.0172	0.933
689	1303774766407	1	1.0535	1.0172	0.9331
690	1303774776279	1	1.0531	1.0172	0.9335
691	1303774776700	1	1.0525	1.0172	0.934
692	1303774777154	1	1.0525	1.0172	0.934
693	1303774777562	1	1.0525	1.0172	0.934
694	1303774777975	1	1.0525	1.0172	0.934
695	1303774778382	1	1.0525	1.0172	0.934
696	1303774778791	1	1.0525	1.0172	0.934
697	1303774779204	1	1.0525	1.0172	0.934
698	1303774779614	1	1.0525	1	0.9501
699	1303774780027	1	1.0525	1.0172	0.934
700	1303774780434	1	1.0525	1.0172	0.934
701	1303774780843	1	1.0525	1.0172	0.934
702	1303774781256	1	1.0525	1	0.9501
703	1303774781662	1	1.0525	1.0172	0.934
704	1303774782071	1	1.0525	1.0172	0.934
705	1303774782485	1	1.0525	1.0172	0.934
706	1303774782895	1	1.0525	1	0.9501
707	1303774783309	1	1.0525	1.0172	0.934
708	1303774783718	1	1.0525	1.0172	0.934
709	1303774784119	1	1.0525	1.0172	0.934
710	1303774784527	1	1.0525	1	0.9501
711	1303774784930	1	1.0525	1.0172	0.934
712	1303774785337	1	1.0525	1.0172	0.934
713	1303774785742	1	1.0525	1.0172	0.934
714	1303774786147	1	1.0525	1	0.9501
715	1303774786556	1	1.0525	1.0172	0.934
716	1303774786960	1	1.0525	1.0172	0.934
717	1303774787372	1	1.0525	1.0172	0.934
718	1303774787778	1	1.0525	1	0.9501
719	1303774788181	1	1.0525	1.0172	0.934
720	1303774788592	1	1.0525	1.0172	0.934
721	1303774789037	1	1.0525	1.0172	0.934
722	1303774789449	1	1.0525	1	0.9501
723	1303774789854	1	1.0525	1.0172	0.934
724	1303774790294	1	1.0525	1.0172	0.934
725	1303774790728	1	1.0525	1.0172	0.934
726	1303774791143	1	1.0525	1	0.9501
727	1303774791558	1	1.0559	1.0172	0.931
728	1303774791962	1	1.0559	1.0172	0.931
729	1303774792373	1	1.0559	1.0172	0.931
730	1303774792778	1	1.0559	1	0.9471
731	1303774793183	1	1.0559	1.0172	0.931
732	1303774793592	1	1.0559	1.0172	0.931
733	1303774794037	1	1.0559	1.0172	0.931
734	1303774794439	1	1.0559	1	0.9471
735	1303774794847	1	1.0559	1.0172	0.931
736	1303774795250	1	1.0559	1.0172	0.931
737	1303774795660	1	1.0559	1.0172	0.931
738	1303774796063	1	1.0559	1	0.9471
739	1303774796465	1	1.0559	1.0172	0.931
740	1303774796873	1	1.0559	1.0172	0.931
741	1303774797276	1	1.0559	1.0172	0.931
742	1303774797680	1	1.0559	1	0.9471
743	1303774798085	1	1.0559	1.0172	0.931
744	1303774798488	1	1.0559	1.0172	0.931
745	1303774798898	1	1.0559	1.0172	0.931
746	1303774799309	1	1.0559	1	0.9471
747	1303774799714	1	1.0559	1.0172	0.931
748	1303774800119	1	1.0559	1.0172	0.931
749	1303774802999	1	1.0559	1.0172	0.931
750	1303774860339	1	1.0567	1	0.9463
751	1303774887021	1	1.0554	1.0172	0.9314
752	1303774891287	1	1.0554	1.0172	0.9314
753	1303774891742	1	1.0554	1.0172	0.9314
754	1303774892146	1	1.0554	1	0.9475
755	1303774892555	1	1.0554	1.0172	0.9314
756	1303774892959	1	1.0554	1.0172	0.9314
757	1303774893365	1	1.0554	1.0172	0.9314
758	1303774893776	1	1.0554	1	0.9475
759	1303774894181	1	1.0554	1.0172	0.9314
760	1303774894587	1	1.0554	1.0172	0.9314
761	1303774894997	1	1.0554	1.0172	0.9314
762	1303774895403	1	1.0554	1	0.9475
763	1303774895850	1	1.0554	1.0172	0.9314
764	1303774896262	1	1.0554	1.0172	0.9314
765	1303774896668	1	1.0554	1.0172	0.9314
766	1303774897080	1	1.0554	1	0.9475
767	1303774897492	1	1.0554	1.0172	0.9314
768	1303774897899	1	1.0554	1.0172	0.9314
769	1303774898310	1	1.0554	1.0172	0.9314
770	1303774898717	1	1.0554	1	0.9475
771	1303774899121	1	1.0554	1.0172	0.9314
772	1303774899536	1	1.0554	1.0172	0.9314
773	1303774899941	1	1.0554	1.0167	0.932
774	1303774900347	1	1.0554	1	0.9475
775	1303774900760	1	1.0554	1.0172	0.9314
776	1303774901168	1	1.0554	1.0172	0.9314
777	1303774901584	1	1.0554	1.0167	0.932
778	1303774901992	1	1.0554	1	0.9475
779	1303774902400	1	1.0554	1.0167	0.932
780	1303774902814	1	1.0554	1.0167	0.932
781	1303774903228	1	1.0554	1.0167	0.932
782	1303774903636	1	1.0554	1	0.9475
783	1303774904052	1	1.0554	1.0167	0.932
784	1303774904464	1	1.0554	1.0167	0.932
785	1303774904906	1	1.0554	1.0167	0.932
786	1303774905330	1	1.0554	1	0.9475
787	1303774905743	1	1.0502	1.0167	0.9366
788	1303774906162	1	1.0502	1.0167	0.9366
789	1303774906572	1	1.0502	1.0167	0.9366
790	1303774906987	1	1.0502	1	0.9522
791	1303774907398	1	1.0502	1.0167	0.9366
792	1303774907803	1	1.0502	1.0167	0.9366
793	1303774908216	1	1.0502	1.0167	0.9366
794	1303774908622	1	1.0502	1	0.9522
795	1303774909066	1	1.1243	1.0167	0.8749
796	1303774909521	1	1.1243	1.0167	0.8749
797	1303774909928	1	1.1243	1.0167	0.8749
798	1303774910379	1	1.1243	1	0.8895
799	1303774910784	1	1.1243	1	0.8895
800	1303774911187	1	1.1243	1.0167	0.8749
801	1303774911653	1	1.1243	1.0167	0.8749
802	1303774912055	1	1.1243	1	0.8895
803	1303774912456	1	1.1243	1	0.8895
804	1303774912864	1	1.1243	1.0167	0.8749
805	1303774913309	1	1.1243	1	0.8895
806	1303774913724	1	1.1243	1	0.8895
807	1303774914132	1	1.1243	1.0167	0.8749
808	1303774914540	1	1.1243	1.0167	0.8749
809	1303774914953	1	1.1243	1	0.8895
810	1303774916146	1	1.1279	1	0.8866
811	1303774949904	1	1.1237	1.0167	0.8753
812	1303774960565	1	1.1237	1	0.8899
813	1303774961022	1	1.1237	1	0.8899
814	1303774961432	1	1.1237	1.0167	0.8754
815	1303774961840	1	1.1237	1	0.8899
816	1303774962255	1	1.1237	1	0.8899
817	1303774962661	1	1.1237	1.0167	0.8754
818	1303774963064	1	1.1237	1	0.8899
819	1303774963477	1	1.1237	1	0.8899
820	1303774963925	1	1.1237	1.0167	0.8754
821	1303774964340	1	1.1237	1	0.8899
822	1303774964749	1	1.1237	1	0.8899
823	1303774965156	1	1.1237	1.0167	0.8754
824	1303774965573	1	1.1237	1	0.8899
825	1303774965983	1	1.1237	1	0.8899
826	1303774966393	1	1.1237	1.0167	0.8754
827	1303774966808	1	1.1237	1	0.8899
828	1303774967216	1	1.1237	1	0.8899
829	1303774967626	1	1.1237	1.0167	0.8754
830	1303774968042	1	1.1237	1	0.8899
831	1303774968452	1	1.1237	1	0.8899
832	1303774968866	1	1.1237	1.0167	0.8754
833	1303774969271	1	1.1237	1	0.8899
834	1303774969713	1	1.1237	1	0.8899
835	1303774970117	1	1.1237	1.0167	0.8754
836	1303774970519	1	1.1237	1	0.8899
837	1303774970921	1	1.1237	1	0.8899
838	1303774971330	1	1.1237	1.0167	0.8754
839	1303774971733	1	1.1237	1	0.8899
840	1303774972136	1	1.1237	1	0.8899
841	1303774972547	1	1.1237	1.0167	0.8754
842	1303774972952	1	1.1237	1	0.8899
843	1303774973362	1	1.1237	1	0.8899
844	1303774973766	1	1.1237	1.0167	0.8754
845	1303774974177	1	1.1237	1	0.8899
846	1303774974622	1	1.1237	1	0.8899
847	1303774975054	1	1.1842	1.0167	0.8306
848	1303774975473	1	1.1842	1	0.8445
849	1303774975882	1	1.1842	1	0.8445
850	1303774976284	1	1.1842	1.0167	0.8306
851	1303774976691	1	1.1842	1	0.8445
852	1303774977137	1	1.1842	1	0.8445
853	1303774977545	1	1.1842	1.0167	0.8306
854	1303774977958	1	1.1842	1	0.8445
855	1303774978363	1	1.1842	1	0.8445
856	1303774978769	1	1.1842	1.0167	0.8306
857	1303774979224	1	1.1842	1	0.8445
858	1303774979631	1	1.1842	1	0.8445
859	1303774980044	1	1.1842	1.0167	0.8306
860	1303774980451	1	1.1842	1	0.8445
861	1303774980860	1	1.1842	1	0.8445
862	1303774981314	1	1.1842	1.0167	0.8306
863	1303774981722	1	1.1842	1	0.8445
864	1303774982130	1	1.1842	1	0.8445
865	1303774982545	1	1.1842	1.0167	0.8306
866	1303774982952	1	1.1842	1	0.8445
867	1303774983360	1	1.1842	1	0.8445
868	1303774983773	1	1.1842	1.0167	0.8306
869	1303774984182	1	1.1842	1	0.8445
870	1303774984595	1	1.1842	1	0.8445
871	1303774985025	1	1.184	1.0167	0.8307
872	1303774985454	1	1.1838	1	0.8448
873	1303774985873	1	1.1838	1	0.8448
874	1303774986284	1	1.1832	1.0167	0.8313
875	1303774986701	1	1.1832	1	0.8452
876	1303774987112	1	1.1832	1	0.8452
877	1303774987521	1	1.1832	1.0167	0.8313
878	1303774987937	1	1.1832	1	0.8452
879	1303774988346	1	1.1832	1	0.8452
880	1303774988756	1	1.1832	1.0167	0.8313
881	1303774989170	1	1.1832	1	0.8452
882	1303774989577	1	1.1832	1	0.8452
883	1303774989991	1	1.1832	1.0167	0.8313
884	1303774990394	1	1.1832	1	0.8452
885	1303774990796	1	1.1832	1	0.8452
886	1303774991205	1	1.1832	1.0167	0.8313
887	1303774991610	1	1.1832	1	0.8452
888	1303774992013	1	1.1832	1	0.8452
889	1303774992425	1	1.1832	1.0167	0.8313
890	1303774992830	1	1.1832	1	0.8452
891	1303774993235	1	1.1832	1	0.8452
892	1303774993646	1	1.1832	1.0167	0.8313
893	1303774994049	1	1.1832	1	0.8452
894	1303774994460	1	1.1832	1	0.8452
895	1303774994866	1	1.1832	1.0167	0.8313
896	1303774995273	1	1.1832	1	0.8452
897	1303774995726	1	1.1832	1	0.8452
898	1303774996130	1	1.1832	1.0167	0.8313
899	1303774996535	1	1.1832	1	0.8452
900	1303774996946	1	1.1832	1	0.8452
901	1303774997350	1	1.1832	1.0167	0.8313
902	1303774997756	1	1.1832	1	0.8452
903	1303774998166	1	1.1832	1	0.8452
904	1303774998571	1	1.1832	1.0167	0.8313
905	1303774999024	1	1.1832	1	0.8452
906	1303774999434	1	1.1832	1	0.8452
907	1303774999869	1	1.1832	1.0167	0.8313
908	1303775000297	1	1.1832	1	0.8452
909	1303775000709	1	1.1832	1	0.8452
910	1303775001124	1	1.1835	1.0167	0.8311
911	1303775001532	1	1.1835	1	0.8449
912	1303775001940	1	1.1835	1	0.8449
913	1303775002354	1	1.1835	1.0167	0.8311
914	1303775002761	1	1.1835	1	0.8449
915	1303775003168	1	1.1835	1	0.8449
916	1303775003582	1	1.1835	1.0167	0.8311
917	1303775003989	1	1.1835	1	0.8449
918	1303775004404	1	1.1835	1	0.8449
919	1303775004812	1	1.1835	1.0167	0.8311
920	1303775005220	1	1.1835	1	0.8449
921	1303775005634	1	1.1835	1	0.8449
922	1303775006043	1	1.1835	1.0167	0.8311
923	1303775006450	1	1.1835	1	0.8449
924	1303775006864	1	1.1835	1	0.8449
925	1303775007273	1	1.1835	1.0167	0.8311
926	1303775007682	1	1.1835	1	0.8449
927	1303775008097	1	1.1835	1	0.8449
928	1303775008507	1	1.1835	1.0167	0.8311
929	1303775008922	1	1.1835	1	0.8449
930	1303775009330	1	1.1835	1	0.8449
931	1303775009738	1	1.1835	1.0167	0.8311
932	1303775010171	1	1.1835	1	0.8449
933	1303775010603	1	1.1835	1	0.8449
934	1303775011021	1	1.1835	1.0167	0.8311
935	1303775011426	1	1.183	1	0.8453
936	1303775011831	1	1.183	1	0.8453
937	1303775012241	1	1.183	1.0167	0.8315
938	1303775012644	1	1.183	1	0.8453
939	1303775013049	1	1.183	1	0.8453
940	1303775013460	1	1.183	1.0167	0.8315
941	1303775013866	1	1.183	1	0.8453
942	1303775014311	1	1.183	1	0.8453
943	1303775014724	1	1.183	1.0167	0.8315
944	1303775015127	1	1.183	1	0.8453
945	1303775015539	1	1.183	1	0.8453
946	1303775015944	1	1.183	1.0167	0.8315
947	1303775016391	1	1.183	1	0.8453
948	1303775016804	1	1.183	1	0.8453
949	1303775017207	1	1.183	1.0167	0.8315
950	1303775017612	1	1.183	1	0.8453
951	1303775018024	1	1.183	1	0.8453
952	1303775018431	1	1.183	1.0167	0.8315
953	1303775018844	1	1.183	1.0167	0.8315
954	1303775019251	1	1.183	1	0.8453
955	1303775019658	1	1.183	1	0.8453
956	1303775020111	1	1.183	1.0167	0.8315
957	1303775020516	1	1.183	1	0.8453
958	1303775020923	1	1.183	1	0.8453
959	1303775021335	1	1.183	1.0167	0.8315
960	1303775021743	1	1.183	1	0.8453
961	1303775022151	1	1.183	1	0.8453
962	1303775022564	1	1.183	1.0167	0.8315
963	1303775022972	1	1.183	1.0167	0.8315
964	1303775023386	1	1.183	1	0.8453
965	1303775023794	1	1.183	1	0.8453
966	1303775024201	1	1.183	1.0167	0.8315
967	1303775024614	1	1.183	1	0.8453
968	1303775025047	1	1.183	1	0.8453
969	1303775025482	1	1.183	1.0167	0.8315
970	1303775025896	1	1.183	1	0.8453
971	1303775026307	1	1.1829	1	0.8453
972	1303775026724	1	1.1829	1.0167	0.8315
973	1303775027134	1	1.1829	1.0167	0.8315
974	1303775027542	1	1.1829	1	0.8453
975	1303775027958	1	1.1829	1	0.8453
976	1303775028367	1	1.1829	1.0167	0.8315
977	1303775028782	1	1.1829	1	0.8453
978	1303775029191	1	1.1829	1	0.8453
979	1303775029600	1	1.1829	1.0167	0.8315
980	1303775030016	1	1.1829	1.0167	0.8315
981	1303775030425	1	1.1829	1	0.8453
982	1303775030834	1	1.1829	1	0.8453
983	1303775031247	1	1.1829	1.0167	0.8315
984	1303775031652	1	1.1829	1	0.8453
985	1303775032061	1	1.1829	1	0.8453
986	1303775032464	1	1.1829	1.0167	0.8315
987	1303775032869	1	1.1829	1.0167	0.8315
988	1303775033280	1	1.1829	1	0.8453
989	1303775033725	1	1.1829	1	0.8453
990	1303775034133	1	1.1829	1.0167	0.8315
991	1303775034547	1	1.1829	1	0.8453
992	1303775034994	1	1.1829	1	0.8453
993	1303775035434	1	1.1829	1.0167	0.8315
994	1303775035874	1	1.1829	1.0167	0.8315
995	1303775036288	1	1.1829	1	0.8453
996	1303775036702	1	1.1824	1	0.8458
997	1303775037110	1	1.1824	1.0167	0.8319
998	1303775037523	1	1.1824	1	0.8458
999	1303775037928	1	1.1824	1	0.8458
1000	1303775038333	1	1.1824	1.0167	0.8319
1001	1303775038747	1	1.1824	1.0167	0.8319
1002	1303775039154	1	1.1824	1	0.8458
1003	1303775039560	1	1.1824	1	0.8458
1004	1303775039972	1	1.1824	1.0167	0.8319
1005	1303775040378	1	1.1824	1	0.8458
1006	1303775040791	1	1.1824	1	0.8458
1007	1303775041197	1	1.1824	1.0167	0.8319
1008	1303775041605	1	1.1824	1.0167	0.8319
1009	1303775042017	1	1.1824	1	0.8458
1010	1303775042424	1	1.1824	1	0.8458
1011	1303775042832	1	1.1824	1.0167	0.8319
1012	1303775043246	1	1.1824	1	0.8458
1013	1303775043654	1	1.1824	1	0.8458
1014	1303775044060	1	1.1824	1.0167	0.8319
1015	1303775044473	1	1.1824	1.0167	0.8319
1016	1303775044880	1	1.1824	1	0.8458
1017	1303775045292	1	1.1824	1	0.8458
1018	1303775045700	1	1.1824	1.0167	0.8319
1019	1303775046107	1	1.1824	1	0.8458
1020	1303775046560	1	1.1824	1	0.8458
1021	1303775046967	1	1.1824	1.0167	0.8319
1022	1303775047375	1	1.1824	1.0167	0.8319
1023	1303775047790	1	1.1824	1	0.8458
1024	1303775048239	1	1.1824	1	0.8458
1025	1303775048648	1	1.1824	1.0167	0.8319
1026	1303775049062	1	1.1824	1	0.8458
1027	1303775049469	1	1.1824	1	0.8458
1028	1303775049886	1	1.1824	1.0167	0.8319
1029	1303775050323	1	1.1824	1.0167	0.8319
1030	1303775050752	1	1.1822	1	0.8459
1031	1303775051174	1	1.1822	1	0.8459
1032	1303775051586	1	1.1822	1.0167	0.832
1033	1303775052040	1	1.2212	1	0.8189
1034	1303775052443	1	1.2212	1	0.8189
1035	1303775052845	1	1.2212	1.0167	0.8055
1036	1303775053255	1	1.2212	1.0167	0.8055
1037	1303775053659	1	1.2212	1	0.8189
1038	1303775054064	1	1.2212	1	0.8189
1039	1303775054477	1	1.2212	1.0167	0.8055
1040	1303775054882	1	1.2212	1.0167	0.8055
1041	1303775055294	1	1.2212	1	0.8189
1042	1303775055700	1	1.2212	1	0.8189
1043	1303775056105	1	1.2212	1.0167	0.8055
1044	1303775056517	1	1.2212	1	0.8189
1045	1303775056921	1	1.2212	1	0.8189
1046	1303775057327	1	1.2212	1.0167	0.8055
1047	1303775057739	1	1.2212	1.0167	0.8055
1048	1303775058186	1	1.2212	1	0.8189
1049	1303775058593	1	1.2212	1	0.8189
1050	1303775059045	1	1.2212	1.0167	0.8055
1051	1303775059453	1	1.2212	1.0167	0.8055
1052	1303775059906	1	1.2212	1	0.8189
1053	1303775060312	1	1.2212	1	0.8189
1054	1303775060741	1	1.2212	1.0167	0.8055
1055	1303775061177	1	1.2212	1.0167	0.8055
1056	1303775061597	1	1.2206	1	0.8192
1057	1303775062019	1	1.2205	1	0.8194
1058	1303775062429	1	1.2205	1.0167	0.8059
1059	1303775062838	1	1.2205	1	0.8194
1060	1303775063250	1	1.2205	1	0.8194
1061	1303775063658	1	1.2205	1.0167	0.8059
1062	1303775064066	1	1.2205	1.0167	0.8059
1063	1303775064479	1	1.2205	1	0.8194
1064	1303775064888	1	1.2205	1	0.8194
1065	1303775065302	1	1.2205	1.0167	0.8059
1066	1303775065752	1	1.2205	1.0167	0.8059
1067	1303775066160	1	1.2205	1	0.8194
1068	1303775066574	1	1.2205	1	0.8194
1069	1303775066981	1	1.2205	1.0167	0.8059
1070	1303775067388	1	1.2205	1.0167	0.8059
1071	1303775067802	1	1.2205	1	0.8194
1072	1303775068211	1	1.2205	1	0.8194
1073	1303775068620	1	1.2205	1.0167	0.8059
1074	1303775069034	1	1.2205	1.0167	0.8059
1075	1303775069442	1	1.2205	1	0.8194
1076	1303775069857	1	1.2205	1	0.8194
1077	1303775070265	1	1.2205	1.0167	0.8059
1078	1303775070674	1	1.2205	1.0167	0.8059
1079	1303775071088	1	1.2205	1	0.8194
1080	1303775071497	1	1.2205	1	0.8194
1081	1303775071946	1	1.2205	1.0167	0.8059
1082	1303775072361	1	1.2205	1.0167	0.8059
1083	1303775072763	1	1.2205	1	0.8194
1084	1303775073170	1	1.2205	1	0.8194
1085	1303775073614	1	1.2035	1.0167	0.8173
1086	1303775074017	1	1.2035	1.0167	0.8173
1087	1303775074426	1	1.2035	1	0.8309
1088	1303775074830	1	1.2035	1	0.8309
1089	1303775075237	1	1.2035	1.0167	0.8173
1090	1303775075676	1	1.2035	1.0167	0.8173
1091	1303775076101	1	1.2005	1	0.833
1092	1303775076517	1	1.2005	1	0.833
1093	1303775076924	1	1.2005	1.0167	0.8193
1094	1303775077330	1	1.2005	1.0167	0.8193
1095	1303775077743	1	1.2005	1	0.833
1096	1303775078188	1	1.2005	1	0.833
1097	1303775078593	1	1.2005	1.0167	0.8193
1098	1303775079003	1	1.2005	1.0167	0.8193
1099	1303775079408	1	1.2005	1	0.833
1100	1303775079822	1	1.2005	1	0.833
1101	1303775080227	1	1.2005	1.0167	0.8193
1102	1303775080633	1	1.2005	1.0167	0.8193
1103	1303775081046	1	1.2005	1	0.833
1104	1303775081454	1	1.2005	1	0.833
1105	1303775081861	1	1.2005	1.0167	0.8193
1106	1303775082273	1	1.2005	1.0167	0.8193
1107	1303775082680	1	1.2005	1	0.833
1108	1303775083087	1	1.2005	1	0.833
1109	1303775083541	1	1.2005	1.0167	0.8193
1110	1303775083949	1	1.2005	1.0167	0.8193
1111	1303775084363	1	1.2005	1	0.833
1112	1303775084769	1	1.2005	1	0.833
1113	1303775085174	1	1.2005	1.0167	0.8193
1114	1303775085588	1	1.2005	1.0167	0.8193
1115	1303775086012	1	1.2005	1	0.833
1116	1303775086445	1	1.2005	1	0.833
1117	1303775086867	1	1.2005	1.0167	0.8193
1118	1303775087275	1	1.2005	1.0167	0.8193
1119	1303775087690	1	1.2004	1	0.833
1120	1303775088096	1	1.2004	1	0.833
1121	1303775088503	1	1.2004	1.0167	0.8194
1122	1303775088913	1	1.2004	1.0167	0.8194
1123	1303775089318	1	1.2004	1	0.833
1124	1303775089722	1	1.2004	1	0.833
1125	1303775090132	1	1.2004	1.0167	0.8194
1126	1303775090537	1	1.2004	1.0167	0.8194
1127	1303775090939	1	1.2004	1	0.833
1128	1303775091350	1	1.2004	1	0.833
1129	1303775091755	1	1.2004	1.0167	0.8194
1130	1303775092188	1	1.2004	1.0167	0.8194
1131	1303775092606	1	1.2004	1	0.833
1132	1303775093052	1	1.2004	1	0.833
1133	1303775093569	1	1.2004	1.0167	0.8194
1134	1303775093974	1	1.2004	1.0167	0.8194
1135	1303775094373	1	1.2004	1	0.833
1136	1303775094777	1	1.2004	1	0.833
1137	1303775095185	1	1.2004	1.0167	0.8194
1138	1303775095589	1	1.2004	1.0167	0.8194
1139	1303775095991	1	1.2004	1	0.833
1140	1303775096400	1	1.2004	1.0167	0.8194
1141	1303775096842	1	1.2004	1.0167	0.8194
1142	1303775097246	1	1.2004	1.0167	0.8194
1143	1303775097657	1	1.2004	1	0.833
1144	1303775098061	1	1.2004	1	0.833
1145	1303775098465	1	1.2004	1.0167	0.8194
1146	1303775098877	1	1.2004	1.0167	0.8194
1147	1303775099288	1	1.2004	1	0.833
1148	1303775099691	1	1.2004	1.0167	0.8194
1149	1303775100101	1	1.2004	1.0167	0.8194
1150	1303775100505	1	1.2004	1.0167	0.8194
1151	1303775100933	1	1.2004	1	0.833
1152	1303775101358	1	1.2004	1.0167	0.8194
1153	1303775101771	1	1.2004	1.0167	0.8194
1154	1303775102188	1	1.2002	1.0167	0.8196
1155	1303775102597	1	1.2002	1	0.8332
1156	1303775103003	1	1.2002	1.0167	0.8196
1157	1303775103416	1	1.2002	1.0167	0.8196
1158	1303775103824	1	1.2002	1.0167	0.8196
1159	1303775104235	1	1.2002	1	0.8332
1160	1303775104643	1	1.2002	1.0167	0.8196
1161	1303775105048	1	1.2002	1.0167	0.8196
1162	1303775105462	1	1.2002	1.0167	0.8196
1163	1303775105869	1	1.2002	1	0.8332
1164	1303775106277	1	1.2002	1.0167	0.8196
1165	1303775106693	1	1.2002	1.0167	0.8196
1166	1303775107102	1	1.2002	1.0167	0.8196
1167	1303775107519	1	1.2002	1	0.8332
1168	1303775107930	1	1.2002	1.0167	0.8196
1169	1303775108341	1	1.2002	1.0167	0.8196
1170	1303775108758	1	1.2002	1.0167	0.8196
1171	1303775109168	1	1.2002	1	0.8332
1172	1303775109580	1	1.2002	1.0167	0.8196
1173	1303775109997	1	1.2002	1.0167	0.8196
1174	1303775110408	1	1.2002	1.0167	0.8196
1175	1303775110865	1	1.2002	1	0.8332
1176	1303775112567	1	1.2002	1.0167	0.8196
1177	1303775158213	1	1.2002	1.0167	0.8196
1178	1303775175069	1	1.2002	1.0167	0.8196
1179	1303775175488	1	1.2004	1	0.8331
1180	1303775175893	1	1.2004	1.0167	0.8194
1181	1303775176346	1	1.2004	1.0167	0.8194
1182	1303775176751	1	1.2004	1.0167	0.8194
1183	1303775177158	1	1.2004	1	0.8331
1184	1303775177573	1	1.2004	1.0167	0.8194
1185	1303775177979	1	1.2004	1.0167	0.8194
1186	1303775178388	1	1.2004	1.0167	0.8194
1187	1303775178802	1	1.2004	1	0.8331
1188	1303775179211	1	1.2004	1.0167	0.8194
1189	1303775179625	1	1.2004	1.0167	0.8194
1190	1303775180034	1	1.2004	1.0167	0.8194
1191	1303775180443	1	1.2004	1	0.8331
1192	1303775180860	1	1.2004	1.0167	0.8194
1193	1303775181269	1	1.2004	1.0167	0.8194
1194	1303775181687	1	1.2004	1.0167	0.8194
1195	1303775182096	1	1.2004	1	0.8331
1196	1303775182504	1	1.2004	1.0167	0.8194
1197	1303775182920	1	1.2004	1.0167	0.8194
1198	1303775183327	1	1.2004	1.0167	0.8194
1199	1303775183742	1	1.2004	1	0.8331
1200	1303775184150	1	1.2004	1.0167	0.8194
1201	1303775184555	1	1.2004	1.0167	0.8194
1202	1303775184966	1	1.2004	1.0167	0.8194
1203	1303775185371	1	1.2004	1	0.8331
1204	1303775185774	1	1.2004	1.0167	0.8194
1205	1303775186181	1	1.2004	1.0167	0.8194
1206	1303775186584	1	1.2004	1.0167	0.8194
1207	1303775186988	1	1.2004	1	0.8331
1208	1303775187398	1	1.2004	1.0167	0.8194
1209	1303775187802	1	1.2004	1.0167	0.8194
1210	1303775188205	1	1.2004	1.0167	0.8194
1211	1303775188617	1	1.2004	1	0.8331
1212	1303775189045	1	1.2004	1.0167	0.8194
1213	1303775189473	1	1.1999	1.0167	0.8198
1214	1303775189881	1	1.1998	1.0167	0.8198
1215	1303775190289	1	1.1998	1	0.8335
1216	1303775190700	1	1.1998	1.0167	0.8198
1217	1303775191103	1	1.1998	1.0167	0.8198
1218	1303775191507	1	1.1998	1.0167	0.8198
1219	1303775191917	1	1.1998	1	0.8335
1220	1303775192321	1	1.1998	1.0167	0.8198
1221	1303775192725	1	1.1998	1.0167	0.8198
1222	1303775193136	1	1.1998	1.0167	0.8198
1223	1303775193541	1	1.1998	1	0.8335
1224	1303775193944	1	1.1998	1.0167	0.8198
1225	1303775194349	1	1.1998	1.0167	0.8198
1226	1303775194758	1	1.1998	1.0167	0.8198
1227	1303775195161	1	1.1998	1	0.8335
1228	1303775195568	1	1.1998	1.0167	0.8198
1229	1303775195978	1	1.1998	1.0167	0.8198
1230	1303775196378	1	1.1998	1.0167	0.8198
1231	1303775196777	1	1.1998	1	0.8335
1232	1303775197182	1	1.1998	1.0167	0.8198
1233	1303775197583	1	1.1998	1.0167	0.8198
1234	1303775197984	1	1.1998	1.0167	0.8198
1235	1303775198391	1	1.1998	1	0.8335
1236	1303775198833	1	1.1998	1.0167	0.8198
1237	1303775199264	1	1.1998	1.0167	0.8198
1238	1303775199684	1	1.1998	1.0167	0.8198
1239	1303775200137	1	1.1998	1	0.8335
1240	1303775200552	1	1.1998	1.0167	0.8198
1241	1303775200957	1	1.1998	1.0167	0.8198
1242	1303775201361	1	1.2015	1.0167	0.8186
1243	1303775201769	1	1.2015	1	0.8323
1244	1303775202169	1	1.2015	1.0167	0.8186
1245	1303775202570	1	1.2015	1.0167	0.8186
1246	1303775202977	1	1.2015	1.0167	0.8186
1247	1303775203379	1	1.2015	1	0.8323
1248	1303775203781	1	1.2015	1.0167	0.8186
1249	1303775204188	1	1.2015	1.0167	0.8186
1250	1303775204587	1	1.2015	1.0167	0.8186
1251	1303775204988	1	1.2015	1	0.8323
1252	1303775205398	1	1.2015	1.0167	0.8186
1253	1303775205800	1	1.2015	1.0167	0.8186
1254	1303775206203	1	1.2015	1.0167	0.8186
1255	1303775206611	1	1.2015	1.0167	0.8186
1256	1303775207013	1	1.2015	1.0167	0.8186
1257	1303775207417	1	1.2015	1.0167	0.8186
1258	1303775207827	1	1.2015	1.0167	0.8186
1259	1303775208232	1	1.2015	1.0167	0.8186
1260	1303775208637	1	1.2015	1.0167	0.8186
1261	1303775209101	1	1.2015	1.0167	0.8186
1262	1303775209505	1	1.2015	1.0167	0.8186
1263	1303775209948	1	1.2015	1	0.8323
1264	1303775210357	1	1.2015	1.0167	0.8186
1265	1303775210761	1	1.2015	1.0167	0.8186
1266	1303775211204	1	1.2015	1.0167	0.8186
1267	1303775211616	1	1.2015	1	0.8323
1268	1303775212060	1	1.2015	1.0167	0.8186
1269	1303775212464	1	1.2015	1.0167	0.8186
1270	1303775212873	1	1.2015	1.0167	0.8186
1271	1303775213278	1	1.2015	1	0.8323
1272	1303775213686	1	1.2015	1.0167	0.8186
1273	1303775214125	1	1.2015	1.0167	0.8186
1274	1303775214542	1	1.2015	1.0167	0.8186
1275	1303775214951	1	1.198	1	0.8347
1276	1303775215364	1	1.198	1.0167	0.821
1277	1303775215812	1	1.198	1.0167	0.821
1278	1303775216217	1	1.198	1.0167	0.821
1279	1303775216626	1	1.198	1.0167	0.821
1280	1303775217068	1	1.198	1.0167	0.821
1281	1303775217469	1	1.198	1.0167	0.821
1282	1303775217874	1	1.198	1.0167	0.821
1283	1303775218271	1	1.198	1.0167	0.821
1284	1303775218671	1	1.198	1.0167	0.821
1285	1303775219122	1	1.198	1.0167	0.821
1286	1303775219525	1	1.198	1.0167	0.821
1287	1303775219926	1	1.198	1	0.8347
1288	1303775220372	1	1.198	1.0167	0.821
1289	1303775220772	1	1.198	1.0167	0.821
1290	1303775221213	1	1.198	1.0167	0.821
1291	1303775221622	1	1.198	1	0.8347
1292	1303775222021	1	1.198	1.0167	0.821
1293	1303775222423	1	1.198	1.0167	0.821
1294	1303775222828	1	1.198	1.0167	0.821
1295	1303775223230	1	1.198	1	0.8347
1296	1303775223633	1	1.198	1.0167	0.821
1297	1303775224041	1	1.198	1.0167	0.821
1298	1303775225724	1	1.198	1.0167	0.821
1299	1303775269564	1	1.198	1	0.8347
1300	1303775285608	1	1.198	1.0167	0.821
1301	1303775286020	1	1.1989	1.0167	0.8205
1302	1303775286426	1	1.1989	1.0167	0.8205
1303	1303775286828	1	1.1989	1	0.8341
1304	1303775287239	1	1.1989	1.0167	0.8205
1305	1303775287643	1	1.1989	1.0167	0.8205
1306	1303775288047	1	1.1989	1.0167	0.8205
1307	1303775288457	1	1.1989	1	0.8341
1308	1303775288859	1	1.1989	1.0167	0.8205
1309	1303775289264	1	1.1989	1.0167	0.8205
1310	1303775289676	1	1.1989	1.0167	0.8205
1311	1303775290081	1	1.1989	1.0167	0.8205
1312	1303775290488	1	1.1989	1.0167	0.8205
1313	1303775290943	1	1.1989	1.0167	0.8205
1314	1303775291354	1	1.1989	1.0167	0.8205
1315	1303775291812	1	1.1989	1.0167	0.8205
1316	1303775292223	1	1.1989	1.0167	0.8205
1317	1303775292634	1	1.1989	1.0167	0.8205
1318	1303775293052	1	1.1989	1.0167	0.8205
1319	1303775293464	1	1.1989	1.0167	0.8205
1320	1303775293876	1	1.1989	1.0167	0.8205
1321	1303775294294	1	1.1989	1.0167	0.8205
1322	1303775294703	1	1.1989	1.0167	0.8205
1323	1303775295121	1	1.1989	1.0167	0.8205
1324	1303775295533	1	1.1989	1.0167	0.8205
1325	1303775295944	1	1.1989	1.0167	0.8205
1326	1303775296359	1	1.1989	1.0167	0.8205
1327	1303775296771	1	1.1989	1.0167	0.8205
1328	1303775297189	1	1.1989	1.0167	0.8205
1329	1303775297602	1	1.1989	1.0167	0.8205
1330	1303775298013	1	1.1989	1.0167	0.8205
1331	1303775298430	1	1.1989	1.0167	0.8205
1332	1303775298841	1	1.1989	1.0167	0.8205
1333	1303775299250	1	1.1989	1.0167	0.8205
1334	1303775299683	1	1.1989	1.0167	0.8205
1335	1303775300097	1	1.1989	1.0167	0.8205
1336	1303775300506	1	1.1987	1.0167	0.8206
1337	1303775300908	1	1.1987	1.0167	0.8206
1338	1303775301310	1	1.1987	1.0167	0.8206
1339	1303775301719	1	1.1987	1.0167	0.8206
1340	1303775302120	1	1.1987	1.0167	0.8206
1341	1303775302520	1	1.1987	1.0167	0.8206
1342	1303775302926	1	1.1987	1.0167	0.8206
1343	1303775303326	1	1.1987	1.0167	0.8206
1344	1303775303728	1	1.1987	1.0167	0.8206
1345	1303775304136	1	1.1987	1.0167	0.8206
1346	1303775304537	1	1.1987	1.0167	0.8206
1347	1303775304938	1	1.1987	1.0167	0.8206
1348	1303775305346	1	1.1987	1.0167	0.8206
1349	1303775305750	1	1.1987	1.0167	0.8206
1350	1303775306152	1	1.1987	1.0167	0.8206
1351	1303775306560	1	1.1987	1.0167	0.8206
1352	1303775306961	1	1.1987	1.0167	0.8206
1353	1303775307364	1	1.1987	1.0167	0.8206
1354	1303775307773	1	1.1987	1.0167	0.8206
1355	1303775308176	1	1.1987	1	0.8343
1356	1303775308580	1	1.1987	1.0167	0.8206
1357	1303775308990	1	1.1987	1.0167	0.8206
1358	1303775309394	1	1.1987	1.0167	0.8206
1359	1303775311473	1	1.1987	1	0.8343
1360	1303775351341	1	1.1987	1.0167	0.8206
1361	1303775364132	1	1.1987	1.0167	0.8206
1362	1303775364541	1	1.199	1.0167	0.8204
1363	1303775364951	1	1.199	1	0.834
1364	1303775365354	1	1.199	1.0167	0.8204
1365	1303775365756	1	1.199	1.0167	0.8204
1366	1303775366204	1	1.199	1.0167	0.8204
1367	1303775366608	1	1.199	1	0.834
1368	1303775367051	1	1.199	1.0167	0.8204
1369	1303775367459	1	1.199	1.0167	0.8204
1370	1303775367861	1	1.199	1.0167	0.8204
1371	1303775368304	1	1.199	1.0167	0.8204
1372	1303775368754	1	1.199	1.0167	0.8204
1373	1303775369195	1	1.199	1.0167	0.8204
1374	1303775369597	1	1.199	1.0167	0.8204
1375	1303775370005	1	1.199	1.0167	0.8204
1376	1303775370409	1	1.199	1.0167	0.8204
1377	1303775370810	1	1.199	1.0167	0.8204
1378	1303775371218	1	1.199	1.0167	0.8204
1379	1303775371621	1	1.199	1.0167	0.8204
1380	1303775372024	1	1.199	1.0167	0.8204
1381	1303775372432	1	1.199	1.0167	0.8204
1382	1303775372875	1	1.199	1.0167	0.8204
1383	1303775373320	1	1.199	1.0167	0.8204
1384	1303775373731	1	1.199	1.0167	0.8204
1385	1303775374135	1	1.199	1.0167	0.8204
1386	1303775374541	1	1.199	1.0167	0.8204
1387	1303775374951	1	1.199	1.0167	0.8204
1388	1303775375355	1	1.199	1.0167	0.8204
1389	1303775375759	1	1.199	1.0167	0.8204
1390	1303775376170	1	1.199	1.0167	0.8204
1391	1303775376574	1	1.199	1.0167	0.8204
1392	1303775376979	1	1.199	1.0167	0.8204
1393	1303775377385	1	1.199	1.0161	0.8208
1394	1303775377839	1	1.199	1.0167	0.8204
1395	1303775378311	1	1.199	1.0167	0.8204
1396	1303775378737	1	1.1989	1.0161	0.8209
1397	1303775379188	1	1.1988	1.0161	0.8209
1398	1303775379598	1	1.181	1.0167	0.8329
1399	1303775380011	1	1.181	1.0167	0.8329
1400	1303775380416	1	1.181	1.0161	0.8333
1401	1303775380821	1	1.181	1.0161	0.8333
1402	1303775381231	1	1.181	1.0161	0.8333
1403	1303775381677	1	1.181	1.0161	0.8333
1404	1303775382077	1	1.181	1.0161	0.8333
1405	1303775382481	1	1.181	1.0161	0.8333
1406	1303775382878	1	1.181	1.0161	0.8333
1407	1303775383274	1	1.181	1.0161	0.8333
1408	1303775383680	1	1.181	1.0161	0.8333
1409	1303775384118	1	1.181	1.0161	0.8333
1410	1303775384516	1	1.181	1.0161	0.8333
1411	1303775384922	1	1.181	1.0161	0.8333
1412	1303775385321	1	1.181	1.0161	0.8333
1413	1303775385761	1	1.181	1.0161	0.8333
1414	1303775386162	1	1.181	1.0161	0.8333
1415	1303775386568	1	1.181	1.0161	0.8333
1416	1303775386969	1	1.181	1.0161	0.8333
