0	1303770600318	0	0	0	0
1	1303770600326	0	0	0	0
2	1303770600335	0	0	0	0
3	1303770600344	0	0	0	0
4	1303770600353	0	0	0	0
5	1303770600362	0	0	0	0
6	1303770600373	0	0	0	0
7	1303770600382	0	0	0	0
8	1303770600392	0	0	0	0
9	1303770600401	0	0	0	0
10	1303770600411	0	0	0	0
11	1303770600422	0	0	0	0
12	1303770600432	0	0	0	0
13	1303770600487	0	0	0	0
14	1303770600499	0	0	0	0
15	1303770600509	0	0	0	0
16	1303770600518	0	0	0	0
17	1303770600573	0	0	0	0
18	1303770600584	0	0	0	0
19	1303770600594	0	0	0	0
20	1303770600649	0	0	0	0
21	1303770600661	0	0	0	0
22	1303770600672	0	0	0	0
23	1303770600683	0	0	0	0
24	1303770600696	0	0	0	0
25	1303770600707	0	0	0	0
26	1303770600719	0	0	0	0
27	1303770600731	0	0	0	0
28	1303770600742	0	0	0	0
29	1303770600754	0	0	0	0
30	1303770600766	0	0	0	0
31	1303770600777	0	0	0	0
32	1303770600788	0	0	0	0
33	1303770600801	0	0	0	0
34	1303770600813	0	0	0	0
35	1303770600896	0	0	0	0
36	1303770600908	0	0	0	0
37	1303770600920	0	0	0	0
38	1303770600932	0	0	0	0
39	1303770600990	0	0	0	0
40	1303770601002	0	0	0	0
41	1303770601014	0	0	0	0
42	1303770601027	0	0	0	0
43	1303770601039	0	0	0	0
44	1303770601097	0	0	0	0
45	1303770601110	0	0	0	0
46	1303770601126	1	0	0	0
47	1303770601156	1	0	0	0
48	1303770601184	1	0	0	0
49	1303770601198	1	0	0	0
50	1303770601214	1	1.3174	0	0
51	1303770601232	1	1.3174	1.5	0.506
52	1303770601249	1	1.3174	0	0
53	1303770601310	1	1.3174	0	0
54	1303770601328	1	1.3174	1.5	0.506
55	1303770601346	1	1.3174	0	0
56	1303770601363	1	1.3174	1.5	0.506
57	1303770601380	1	1.3174	1.5	0.506
58	1303770601396	1	1.3174	1.5	0.506
59	1303770601413	1	1.3174	1.5	0.506
60	1303770601429	1	1.3174	1.5	0.506
61	1303770601445	1	1.3174	1.5	0.506
62	1303770601462	1	1.3174	1.5	0.506
63	1303770601478	1	1.3174	1.25	0.6072
64	1303770601495	1	1.3174	1.375	0.552
65	1303770601510	1	1.3174	1.25	0.6072
66	1303770601572	1	1.3174	1.25	0.6072
67	1303770601588	1	1.3174	1.25	0.6072
68	1303770601604	1	1.3174	1.25	0.6072
69	1303770601621	1	1.3174	1.25	0.6072
70	1303770601638	1	1.3174	1.25	0.6072
71	1303770601654	1	1.3174	1.25	0.6072
72	1303770601671	1	1.3174	1.3	0.5839
73	1303770601688	1	1.3174	1.1	0.69
74	1303770601703	1	1.3174	1.1	0.69
75	1303770601764	1	1.3174	1.1	0.69
76	1303770601781	1	1.3174	1.1	0.69
77	1303770601796	1	1.3174	1.1	0.69
78	1303770601813	1	1.3174	1.2	0.6325
79	1303770601829	1	1.3174	1.2	0.6325
80	1303770601845	1	1.3174	1.2	0.6325
81	1303770601862	1	1.3174	1.1667	0.6506
82	1303770601879	1	1.3174	1.1667	0.6506
83	1303770601895	1	1.3174	1.0833	0.7007
84	1303770601912	1	1.3174	1.0833	0.7007
85	1303770601928	1	1.3174	1.1429	0.6642
86	1303770601990	1	1.3174	1.0714	0.7084
87	1303770602005	1	1.3174	1.0714	0.7084
88	1303770602022	1	1.3174	1.1429	0.6642
89	1303770602084	1	1.3174	1.1429	0.6642
90	1303770602100	1	1.3174	1.1429	0.6642
91	1303770602118	1	1.3174	1.1429	0.6642
92	1303770602134	1	1.3174	1.1429	0.6642
93	1303770602151	1	1.3174	1.1429	0.6642
94	1303770602168	1	1.3174	1.1429	0.6642
95	1303770602183	1	1.3174	1.1429	0.6642
96	1303770602200	1	1.3174	1.1429	0.6642
97	1303770602261	1	1.3174	1.1429	0.6642
98	1303770602277	1	1.3174	1.1429	0.6642
99	1303770602339	1	1.3617	1.1429	0.6426
100	1303770602354	1	1.3617	1.1429	0.6426
101	1303770602371	1	1.3617	1.1429	0.6426
102	1303770602387	1	1.3617	1.1429	0.6426
103	1303770602402	1	1.3617	1.1429	0.6426
104	1303770602419	1	1.3617	1.1429	0.6426
105	1303770602434	1	1.3617	1.1429	0.6426
106	1303770602450	1	1.3617	1.1429	0.6426
107	1303770602466	1	1.3617	1.1429	0.6426
108	1303770602482	1	1.3617	1.1429	0.6426
109	1303770602498	1	1.3617	1.125	0.6528
110	1303770602514	1	1.3617	1.1429	0.6426
111	1303770602533	1	1.3805	1.125	0.6439
112	1303770602551	1	1.3805	1.125	0.6439
113	1303770602567	1	1.3805	1.125	0.6439
114	1303770602582	1	1.3805	1.125	0.6439
115	1303770602642	1	1.3805	1.1111	0.6519
116	1303770602658	1	1.3805	1.125	0.6439
117	1303770602717	1	1.3805	1.125	0.6439
118	1303770602733	1	1.3805	1.1111	0.6519
119	1303770602748	1	1.3805	1.125	0.6439
120	1303770602764	1	1.3805	1.1111	0.6519
121	1303770602780	1	1.3805	1.125	0.6439
122	1303770602795	1	1.3805	1.1111	0.6519
123	1303770602811	1	1.3805	1.1111	0.6519
124	1303770602825	1	1.3805	1.1111	0.6519
125	1303770602841	1	1.3805	1.1111	0.6519
126	1303770602856	1	1.3805	1.1111	0.6519
127	1303770602871	1	1.3805	1.1111	0.6519
128	1303770602886	1	1.3805	1.1111	0.6519
129	1303770602902	1	1.3805	1.1111	0.6519
130	1303770602916	1	1.3805	1.1111	0.6519
131	1303770602932	1	1.3805	1.1111	0.6519
132	1303770602946	1	1.3805	1.1111	0.6519
133	1303770602961	1	1.3805	1.1111	0.6519
134	1303770602976	1	1.3805	1.1111	0.6519
135	1303770602991	1	1.3805	1.1111	0.6519
136	1303770603006	1	1.3805	1.1111	0.6519
137	1303770603021	1	1.3805	1.1111	0.6519
138	1303770603036	1	1.3805	1.1111	0.6519
139	1303770603052	1	1.3805	1.1111	0.6519
140	1303770603066	1	1.3805	1.1111	0.6519
141	1303770603082	1	1.3805	1.1111	0.6519
142	1303770603096	1	1.3805	1.1111	0.6519
143	1303770603112	1	1.3805	1.1111	0.6519
144	1303770603126	1	1.3805	1.1111	0.6519
145	1303770603142	1	1.3805	1.1111	0.6519
146	1303770603157	1	1.3805	1.1111	0.6519
147	1303770603172	1	1.3805	1.1111	0.6519
148	1303770603187	1	1.3805	1.1111	0.6519
149	1303770603203	1	1.3805	1.1111	0.6519
150	1303770603218	1	1.3805	1.1111	0.6519
151	1303770603233	1	1.3805	1.1111	0.6519
152	1303770603248	1	1.3805	1.1111	0.6519
153	1303770603264	1	1.3805	1.1111	0.6519
154	1303770603357	1	1.3805	1.1111	0.6519
155	1303770603379	1	1.3805	1.1111	0.6519
156	1303770603393	1	1.3805	1.1111	0.6519
157	1303770603409	1	1.3805	1.1	0.6585
158	1303770603423	1	1.3805	1.1111	0.6519
159	1303770603483	1	1.3805	1.1111	0.6519
160	1303770603543	1	1.3805	1.1111	0.6519
161	1303770603557	1	1.3805	1.1	0.6585
162	1303770603573	1	1.3805	1.1111	0.6519
163	1303770603588	1	1.3805	1.1111	0.6519
164	1303770603604	1	1.3805	1.1	0.6585
165	1303770603618	1	1.3805	1.1	0.6585
166	1303770603634	1	1.3805	1.1	0.6585
167	1303770603648	1	1.3805	1.1	0.6585
168	1303770603664	1	1.3805	1.1	0.6585
169	1303770603678	1	1.3805	1.1	0.6585
170	1303770603694	1	1.3805	1.1	0.6585
171	1303770603709	1	1.396	1.1	0.6512
172	1303770603725	1	1.3763	1.1	0.6605
173	1303770603741	1	1.3763	1.1	0.6605
174	1303770603757	1	1.3763	1.1	0.6605
175	1303770603772	1	1.3763	1.1	0.6605
176	1303770603788	1	1.3763	1.1	0.6605
177	1303770603802	1	1.3763	1.1	0.6605
178	1303770603862	1	1.3763	1.1	0.6605
179	1303770603877	1	1.3763	1.1	0.6605
180	1303770603893	1	1.3763	1.1	0.6605
181	1303770603909	1	1.3763	1.1	0.6605
182	1303770603923	1	1.3763	1.1	0.6605
183	1303770603939	1	1.3763	1.1	0.6605
184	1303770603954	1	1.3763	1.1	0.6605
185	1303770603970	1	1.3763	1.1	0.6605
186	1303770603984	1	1.3763	1.1	0.6605
187	1303770604000	1	1.3763	1.1	0.6605
188	1303770604014	1	1.3763	1.1	0.6605
189	1303770604030	1	1.3763	1.1	0.6605
190	1303770604088	1	1.3763	1.1	0.6605
191	1303770604104	1	1.3763	1.1	0.6605
192	1303770604132	1	1.3763	1.1	0.6605
193	1303770604148	1	1.3763	1.1	0.6605
194	1303770604163	1	1.3763	1.1	0.6605
195	1303770604178	1	1.3763	1.1	0.6605
196	1303770604193	1	1.3763	1.1	0.6605
197	1303770604209	1	1.3763	1.1	0.6605
198	1303770604224	1	1.3763	1.1	0.6605
199	1303770604240	1	1.3763	1.1	0.6605
200	1303770604255	1	1.3763	1.1	0.6605
201	1303770604271	1	1.3763	1.1	0.6605
202	1303770604286	1	1.3763	1.1	0.6605
203	1303770604347	1	1.4991	1.1	0.6064
204	1303770604362	1	1.4991	1.1	0.6064
205	1303770604378	1	1.4991	1.1	0.6064
206	1303770604393	1	1.4991	1.1	0.6064
207	1303770604453	1	1.4991	1.1	0.6064
208	1303770604470	1	1.4991	1.1	0.6064
209	1303770604485	1	1.4991	1.1	0.6064
210	1303770604500	1	1.4991	1.1	0.6064
211	1303770604515	1	1.4991	1.1	0.6064
212	1303770604531	1	1.4991	1.1	0.6064
213	1303770604545	1	1.4991	1.1	0.6064
214	1303770604561	1	1.4991	1.1	0.6064
215	1303770604576	1	1.4991	1.1	0.6064
216	1303770604592	1	1.4991	1.1	0.6064
217	1303770604607	1	1.4991	1.1	0.6064
218	1303770604622	1	1.4991	1.1	0.6064
219	1303770604637	1	1.4991	1.1	0.6064
220	1303770604653	1	1.4991	1.1	0.6064
221	1303770604669	1	1.4991	1.1	0.6064
222	1303770604730	1	1.4991	1.1	0.6064
223	1303770604745	1	1.4991	1.1	0.6064
224	1303770604805	1	1.4991	1.1	0.6064
225	1303770604866	1	1.4991	1.1	0.6064
226	1303770604881	1	1.4991	1.1	0.6064
227	1303770604896	1	1.4991	1.1	0.6064
228	1303770604911	1	1.4991	1.1	0.6064
229	1303770604927	1	1.4991	1.1	0.6064
230	1303770604942	1	1.4991	1.1	0.6064
231	1303770604958	1	1.4991	1.1	0.6064
232	1303770604973	1	1.4991	1.1	0.6064
233	1303770604991	1	1.4991	1.1	0.6064
234	1303770605007	1	1.4991	1.1	0.6064
235	1303770605024	1	1.4991	1.1	0.6064
236	1303770605041	1	1.5029	1.1	0.6049
237	1303770605056	1	1.5029	1.1	0.6049
238	1303770605073	1	1.5029	1.1	0.6049
239	1303770605088	1	1.5029	1.1	0.6049
240	1303770605104	1	1.5435	1.1	0.589
241	1303770605120	1	1.5435	1.1	0.589
242	1303770605137	1	1.5435	1.1	0.589
243	1303770605154	1	1.5435	1.1	0.589
244	1303770605214	1	1.5435	1.1	0.589
245	1303770605231	1	1.5435	1.1	0.589
246	1303770605247	1	1.5435	1.1	0.589
247	1303770605264	1	1.5435	1.1	0.589
248	1303770605281	1	1.5435	1.1	0.589
249	1303770605296	1	1.5435	1.1	0.589
250	1303770605313	1	1.5435	1.1	0.589
251	1303770605373	1	1.5435	1.1	0.589
252	1303770605435	1	1.5435	1.1	0.589
253	1303770605496	1	1.5435	1.1	0.589
254	1303770605512	1	1.5435	1.1	0.589
255	1303770605528	1	1.5435	1.1	0.589
256	1303770605544	1	1.5435	1.1	0.589
257	1303770605561	1	1.5435	1.1	0.589
258	1303770605623	1	1.5435	1.1	0.589
259	1303770605638	1	1.5435	1.1	0.589
260	1303770605655	1	1.5435	1.1	0.589
261	1303770605670	1	1.5435	1.1	0.589
262	1303770605687	1	1.5435	1.1	0.589
263	1303770605703	1	1.5435	1.1	0.589
264	1303770605719	1	1.5435	1.1	0.589
265	1303770605736	1	1.5435	1.1	0.589
266	1303770605752	1	1.5435	1.1	0.589
267	1303770605768	1	1.5435	1.1	0.589
268	1303770605784	1	1.5435	1.1	0.589
269	1303770605800	1	1.5435	1.1	0.589
270	1303770605815	1	1.5435	1.1	0.589
271	1303770605832	1	1.5435	1.1	0.589
272	1303770605849	1	1.5435	1.1	0.589
273	1303770605864	1	1.5435	1.1	0.589
274	1303770605880	1	1.5435	1.1	0.589
275	1303770605941	1	1.5435	1.1	0.589
276	1303770605958	1	1.5435	1.1	0.589
277	1303770605973	1	1.5435	1.1	0.589
278	1303770605990	1	1.5435	1.1	0.589
279	1303770606006	1	1.5435	1.1	0.589
280	1303770606022	1	1.5435	1.1	0.589
281	1303770606038	1	1.5435	1.1	0.589
282	1303770606054	1	1.5435	1.1	0.589
283	1303770606071	1	1.5435	1.1	0.589
284	1303770606086	1	1.5435	1.1	0.589
285	1303770606103	1	1.5435	1.1	0.589
286	1303770606119	1	1.5435	1.1	0.589
287	1303770606134	1	1.5435	1.1	0.589
288	1303770606151	1	1.5435	1.1	0.589
289	1303770606167	1	1.5435	1.1	0.589
290	1303770606183	1	1.5435	1.1	0.589
291	1303770606199	1	1.5435	1.1	0.589
292	1303770606215	1	1.5435	1.1	0.589
293	1303770606232	1	1.5447	1.1	0.5885
294	1303770606252	1	1.5447	1.1	0.5885
295	1303770606270	1	1.5433	1.1	0.5891
296	1303770606286	1	1.5433	1.1	0.5891
297	1303770606348	1	1.5433	1.1	0.5891
298	1303770606365	1	1.5433	1.1	0.5891
299	1303770606380	1	1.5433	1.1	0.5891
300	1303770606397	1	1.5433	1.1	0.5891
301	1303770606412	1	1.5433	1.1	0.5891
302	1303770606429	1	1.5433	1.1	0.5891
303	1303770606445	1	1.5433	1.1	0.5891
304	1303770606461	1	1.5433	1.1	0.5891
305	1303770606478	1	1.5433	1.1	0.5891
306	1303770606494	1	1.5433	1.1	0.5891
307	1303770606510	1	1.5433	1.1	0.5891
308	1303770606526	1	1.5433	1.1	0.5891
309	1303770606542	1	1.5433	1.1	0.5891
310	1303770606603	1	1.5433	1.1	0.5891
311	1303770606619	1	1.5433	1.1	0.5891
312	1303770606635	1	1.5433	1.1	0.5891
313	1303770606651	1	1.5433	1.1	0.5891
314	1303770606668	1	1.5433	1.1	0.5891
315	1303770606683	1	1.5433	1.1	0.5891
316	1303770606700	1	1.5433	1.1	0.5891
317	1303770606762	1	1.5433	1.1	0.5891
318	1303770606777	1	1.5433	1.1	0.5891
319	1303770606794	1	1.5433	1.1	0.5891
320	1303770606809	1	1.5433	1.1	0.5891
321	1303770606826	1	1.5433	1.1	0.5891
322	1303770606842	1	1.5433	1.1	0.5891
323	1303770606858	1	1.5433	1.1	0.5891
324	1303770606875	1	1.5433	1.1	0.5891
325	1303770606890	1	1.5433	1.1	0.5891
326	1303770606907	1	1.5433	1.1	0.5891
327	1303770606923	1	1.5433	1.1	0.5891
328	1303770606939	1	1.5433	1.1	0.5891
329	1303770606955	1	1.5433	1.1	0.5891
330	1303770606972	1	1.5433	1.1	0.5891
331	1303770606987	1	1.5433	1.1	0.5891
332	1303770607004	1	1.5433	1.1	0.5891
333	1303770607021	1	1.5433	1.1	0.5891
334	1303770607036	1	1.5433	1.1	0.5891
335	1303770607053	1	1.5433	1.1	0.5891
336	1303770607069	1	1.5433	1.1	0.5891
337	1303770607085	1	1.5433	1.1	0.5891
338	1303770607101	1	1.5433	1.1	0.5891
339	1303770607118	1	1.5433	1.1	0.5891
340	1303770607180	1	1.5433	1.1	0.5891
341	1303770607196	1	1.5433	1.1	0.5891
342	1303770607213	1	1.5433	1.1	0.5891
343	1303770607229	1	1.5433	1.1	0.5891
344	1303770607246	1	1.5433	1.1	0.5891
345	1303770607309	1	1.5433	1.1	0.5891
346	1303770607369	1	1.5433	1.1	0.5891
347	1303770607386	1	1.5433	1.1	0.5891
348	1303770607401	1	1.5433	1.1	0.5891
349	1303770607418	1	1.5433	1.1	0.5891
350	1303770607435	1	1.5433	1.1	0.5891
351	1303770607451	1	1.5433	1.1	0.5891
352	1303770607467	1	1.5433	1.1	0.5891
353	1303770607483	1	1.5433	1.1	0.5891
354	1303770607500	1	1.5448	1.1	0.5885
355	1303770607518	1	1.5435	1.1	0.589
356	1303770607536	1	1.5435	1.1	0.589
357	1303770607553	1	1.5435	1.1	0.589
358	1303770607568	1	1.5435	1.1	0.589
359	1303770607585	1	1.5435	1.1	0.589
360	1303770607645	1	2.0059	1.1	0.4532
361	1303770607662	1	2.0059	1.1	0.4532
362	1303770607679	1	2.0059	1.1	0.4532
363	1303770607740	1	2.0059	1.1	0.4532
364	1303770607757	1	2.0059	1.1	0.4532
365	1303770607817	1	2.0059	1.1	0.4532
366	1303770607835	1	2.0059	1.1	0.4532
367	1303770607852	1	2.0059	1.1	0.4532
368	1303770607867	1	2.0059	1.1	0.4532
369	1303770607884	1	2.0059	1.1	0.4532
370	1303770607900	1	2.0059	1.1	0.4532
371	1303770607962	1	2.0059	1.1	0.4532
372	1303770607979	1	2.0059	1.1	0.4532
373	1303770607994	1	2.0059	1.1	0.4532
374	1303770608011	1	2.0059	1.1	0.4532
375	1303770608026	1	2.0059	1.1	0.4532
376	1303770608043	1	2.0059	1.1	0.4532
377	1303770608059	1	2.0059	1.1	0.4532
378	1303770608075	1	2.0059	1.1	0.4532
379	1303770608091	1	2.0059	1.1	0.4532
380	1303770608107	1	2.0059	1.1	0.4532
381	1303770608169	1	2.0059	1.1	0.4532
382	1303770608185	1	2.0059	1.1	0.4532
383	1303770608202	1	2.0059	1.1	0.4532
384	1303770608217	1	2.0059	1.1	0.4532
385	1303770608234	1	2.0059	1.1	0.4532
386	1303770608251	1	2.0059	1.1	0.4532
387	1303770608267	1	2.0059	1.1	0.4532
388	1303770608283	1	2.0059	1.1	0.4532
389	1303770608299	1	2.0059	1.1	0.4532
390	1303770608316	1	2.0059	1.1	0.4532
391	1303770608331	1	2.0059	1.1	0.4532
392	1303770608392	1	2.0059	1.1	0.4532
393	1303770608409	1	2.0059	1.1	0.4532
394	1303770608425	1	2.0059	1.1	0.4532
395	1303770608442	1	2.0059	1.1	0.4532
396	1303770608503	1	2.0059	1.1	0.4532
397	1303770608519	1	2.0059	1.1	0.4532
398	1303770608534	1	2.0059	1.1	0.4532
399	1303770608596	1	2.0059	1.1	0.4532
400	1303770608613	1	2.0059	1.1	0.4532
401	1303770608628	1	2.0059	1.1	0.4532
402	1303770608645	1	2.0059	1.1	0.4532
403	1303770608706	1	2.0059	1.1	0.4532
404	1303770608723	1	2.0059	1.1	0.4532
405	1303770608785	1	2.0059	1.1	0.4532
406	1303770608953	1	2.0986	1.1	0.4332
407	1303770608971	1	2.0986	1.1	0.4332
408	1303770608987	1	2.0986	1.1	0.4332
409	1303770609004	1	2.0986	1.1	0.4332
410	1303770609021	1	2.0986	1.1	0.4332
411	1303770609036	1	2.0986	1.1	0.4332
412	1303770609053	1	2.0986	1.1	0.4332
413	1303770609069	1	2.0986	1.1	0.4332
414	1303770609085	1	2.0986	1.1	0.4332
415	1303770609102	1	2.0986	1.1	0.4332
416	1303770609178	1	2.107	1.1	0.4315
417	1303770609196	1	2.107	1.1	0.4315
418	1303770609211	1	2.107	1.1	0.4315
419	1303770609274	1	2.107	1.1	0.4315
420	1303770609290	1	2.107	1.1	0.4315
421	1303770609308	1	2.107	1.1	0.4315
422	1303770609324	1	2.107	1.1	0.4315
423	1303770609340	1	2.107	1.1	0.4315
424	1303770609357	1	2.107	1.1	0.4315
425	1303770609417	1	1.7554	1.1	0.5179
426	1303770609434	1	1.7554	1.1	0.5179
427	1303770609450	1	1.7554	1.1	0.5179
428	1303770609467	1	1.7554	1.1	0.5179
429	1303770609484	1	1.7554	1.1	0.5179
430	1303770609500	1	1.7554	1.1	0.5179
431	1303770609516	1	1.7554	1.1	0.5179
432	1303770609576	1	1.6316	1.1	0.5572
433	1303770609594	1	1.6316	1.1	0.5572
434	1303770609609	1	1.6316	1.1	0.5572
435	1303770609627	1	1.6316	1.1	0.5572
436	1303770609643	1	1.6316	1.1	0.5572
437	1303770609659	1	1.6316	1.1	0.5572
438	1303770609676	1	1.6316	1.1	0.5572
439	1303770609735	1	1.6316	1.1	0.5572
440	1303770609753	1	1.6316	1.1	0.5572
441	1303770609768	1	1.6316	1.1	0.5572
442	1303770609831	1	1.6316	1.1	0.5572
443	1303770609848	1	1.6316	1.1	0.5572
444	1303770609864	1	1.6316	1.1	0.5572
445	1303770609881	1	1.6316	1.1	0.5572
446	1303770609897	1	1.6316	1.1	0.5572
447	1303770609914	1	1.6316	1.1	0.5572
448	1303770609930	1	1.6316	1.1	0.5572
449	1303770609947	1	1.6316	1.1	0.5572
450	1303770610009	1	1.2511	1.1	0.7266
451	1303770610024	1	1.2511	1.1	0.7266
452	1303770610041	1	1.2511	1.1	0.7266
453	1303770610057	1	1.2511	1.1	0.7266
454	1303770610074	1	1.2511	1.1	0.7266
455	1303770610090	1	1.2511	1.1	0.7266
456	1303770610107	1	1.2511	1.1	0.7266
457	1303770610123	1	1.2511	1.1	0.7266
458	1303770610139	1	1.2511	1.1	0.7266
459	1303770610156	1	1.2511	1.1	0.7266
460	1303770610172	1	1.2511	1.1	0.7266
461	1303770610189	1	1.2511	1.1	0.7266
462	1303770610205	1	1.2511	1.1	0.7266
463	1303770610222	1	1.2511	1.1	0.7266
464	1303770610237	1	1.2511	1.1	0.7266
465	1303770610254	1	1.2511	1.1	0.7266
466	1303770610271	1	1.2511	1.1	0.7266
467	1303770610332	1	1.4819	1.1	0.6135
468	1303770610349	1	1.4819	1.1	0.6135
469	1303770610364	1	1.4819	1.1	0.6135
470	1303770610382	1	1.4819	1.1	0.6135
471	1303770610398	1	1.4819	1.1	0.6135
472	1303770610414	1	1.4819	1.1	0.6135
473	1303770610430	1	1.4819	1.1	0.6135
474	1303770610446	1	1.4819	1.1	0.6135
475	1303770610463	1	1.4819	1.1	0.6135
476	1303770610479	1	1.4819	1.1	0.6135
477	1303770610499	1	1.4819	1.1	0.6135
478	1303770610517	1	1.4819	1.1	0.6135
479	1303770610533	1	1.4819	1.1	0.6135
480	1303770610549	1	1.4819	1.1	0.6135
481	1303770610609	1	1.4742	1.1	0.6167
482	1303770610627	1	1.4742	1.1	0.6167
483	1303770610642	1	1.4742	1.1	0.6167
484	1303770610659	1	1.4742	1.1	0.6167
485	1303770610676	1	1.4742	1.1	0.6167
486	1303770610692	1	1.4742	1.1	0.6167
487	1303770610709	1	1.4742	1.1	0.6167
488	1303770610725	1	1.4742	1.1	0.6167
489	1303770610786	1	1.6255	1.1	0.5593
490	1303770610802	1	1.6255	1.1	0.5593
491	1303770610819	1	1.6255	1.1	0.5593
492	1303770610836	1	1.6255	1.1	0.5593
493	1303770610852	1	1.6255	1.1	0.5593
494	1303770610868	1	1.6255	1.1	0.5593
495	1303770610884	1	1.6255	1.1	0.5593
496	1303770610900	1	1.6255	1.1	0.5593
497	1303770610916	1	1.6255	1.1	0.5593
498	1303770610977	1	1.6255	1.1	0.5593
499	1303770610994	1	1.6255	1.1	0.5593
500	1303770611010	1	1.6255	1.1	0.5593
501	1303770611026	1	1.6255	1.1	0.5593
502	1303770611042	1	1.6255	1.1	0.5593
503	1303770611058	1	1.6255	1.1	0.5593
504	1303770611074	1	1.6255	1.1	0.5593
505	1303770611136	1	1.6255	1.1	0.5593
506	1303770611153	1	1.6255	1.1	0.5593
507	1303770611168	1	1.6255	1.1	0.5593
508	1303770611185	1	1.6255	1.1	0.5593
509	1303770611201	1	1.6255	1.1	0.5593
510	1303770611217	1	1.6255	1.1	0.5593
511	1303770611278	1	1.6255	1.1	0.5593
512	1303770611295	1	1.6255	1.1	0.5593
513	1303770611311	1	1.6255	1.1	0.5593
514	1303770611328	1	1.6255	1.1	0.5593
515	1303770611389	1	1.6255	1.1	0.5593
516	1303770611404	1	1.6255	1.1	0.5593
517	1303770611421	1	1.6255	1.1	0.5593
518	1303770611437	1	1.6255	1.1	0.5593
519	1303770611453	1	1.6255	1.1	0.5593
520	1303770611469	1	1.6255	1.1	0.5593
521	1303770611529	1	1.6255	1.1	0.5593
522	1303770611547	1	1.6255	1.1	0.5593
523	1303770611562	1	1.6255	1.1	0.5593
524	1303770611578	1	1.6255	1.1	0.5593
525	1303770611639	1	1.6255	1.1	0.5593
526	1303770611656	1	1.6255	1.1	0.5593
527	1303770611671	1	1.6255	1.1	0.5593
528	1303770611688	1	1.6255	1.1	0.5593
529	1303770611705	1	1.6255	1.1	0.5593
530	1303770611720	1	1.6255	1.1	0.5593
531	1303770611737	1	1.6255	1.1	0.5593
532	1303770611752	1	1.6255	1.1	0.5593
533	1303770611768	1	1.6255	1.1	0.5593
534	1303770611784	1	1.6255	1.1	0.5593
535	1303770611800	1	1.6255	1.1	0.5593
536	1303770611816	1	1.6255	1.1	0.5593
537	1303770611833	1	1.6267	1.1	0.5588
538	1303770611852	1	1.6267	1.1	0.5588
539	1303770611881	1	1.6267	1.1	0.5588
540	1303770611901	1	1.6267	1.1	0.5588
541	1303770611918	1	1.6267	1.1	0.5588
542	1303770611933	1	1.6267	1.1	0.5588
543	1303770611949	1	1.6267	1.1	0.5588
544	1303770612009	1	1.6267	1.1	0.5588
545	1303770612026	1	1.6267	1.1	0.5588
546	1303770612042	1	1.6267	1.1	0.5588
547	1303770612059	1	1.6267	1.1	0.5588
548	1303770612075	1	1.6267	1.1	0.5588
549	1303770612091	1	1.6267	1.1	0.5588
550	1303770612107	1	1.6267	1.1	0.5588
551	1303770612123	1	1.6267	1.1	0.5588
552	1303770612139	1	1.6267	1.1	0.5588
553	1303770612200	1	1.6267	1.1	0.5588
554	1303770612217	1	1.6267	1.1	0.5588
555	1303770612232	1	1.6267	1.1	0.5588
556	1303770612249	1	1.6267	1.1	0.5588
557	1303770612266	1	1.6267	1.1	0.5588
558	1303770612281	1	1.6267	1.1	0.5588
559	1303770612298	1	1.6267	1.1	0.5588
560	1303770612313	1	1.6267	1.1	0.5588
561	1303770612329	1	1.6267	1.1	0.5588
562	1303770612344	1	1.6267	1.1	0.5588
563	1303770612361	1	1.6267	1.1	0.5588
564	1303770612376	1	1.6267	1.1	0.5588
565	1303770612437	1	1.6267	1.1	0.5588
566	1303770612454	1	1.6267	1.1	0.5588
567	1303770612469	1	1.6267	1.1	0.5588
568	1303770612486	1	1.6267	1.1	0.5588
569	1303770612501	1	1.6267	1.1	0.5588
570	1303770612518	1	1.6267	1.1	0.5588
571	1303770612534	1	1.6267	1.1	0.5588
572	1303770612595	1	1.6267	1.1	0.5588
573	1303770612612	1	1.6267	1.1	0.5588
574	1303770612628	1	1.6267	1.1	0.5588
575	1303770612690	1	1.6267	1.1	0.5588
576	1303770612705	1	1.6267	1.1	0.5588
577	1303770612767	1	1.6267	1.1	0.5588
578	1303770612783	1	1.6267	1.1	0.5588
579	1303770612799	1	1.6267	1.1	0.5588
580	1303770612815	1	1.6267	1.1	0.5588
581	1303770612831	1	1.6267	1.1	0.5588
582	1303770612847	1	1.6267	1.1	0.5588
583	1303770612863	1	1.6267	1.1	0.5588
584	1303770612880	1	1.6267	1.1	0.5588
585	1303770612895	1	1.6267	1.1	0.5588
586	1303770612912	1	1.6267	1.1	0.5588
587	1303770612927	1	1.6267	1.1	0.5588
588	1303770612989	1	1.6267	1.1	0.5588
589	1303770613005	1	1.6267	1.1	0.5588
590	1303770613021	1	1.6267	1.1	0.5588
591	1303770613038	1	1.6267	1.1	0.5588
592	1303770613053	1	1.6267	1.1	0.5588
593	1303770613070	1	1.6267	1.1	0.5588
594	1303770613085	1	1.6267	1.1	0.5588
595	1303770613101	1	1.6267	1.1	0.5588
596	1303770613117	1	1.6267	1.1	0.5588
597	1303770613134	1	1.6267	1.1	0.5588
598	1303770613151	1	1.6267	1.1	0.5588
599	1303770613170	1	1.6267	1.1	0.5588
600	1303770613201	1	1.6267	1.1	0.5588
601	1303770613223	1	1.6267	1.1	0.5588
602	1303770613239	1	1.6667	1.1	0.5455
603	1303770613300	1	1.6667	1.1	0.5455
604	1303770613317	1	1.6667	1.1	0.5455
605	1303770613333	1	1.6667	1.1	0.5455
606	1303770613349	1	1.6667	1.1	0.5455
607	1303770613365	1	1.6667	1.1	0.5455
608	1303770613381	1	1.6667	1.1	0.5455
609	1303770613397	1	1.6667	1.1	0.5455
610	1303770613414	1	1.6667	1.1	0.5455
611	1303770613429	1	1.6667	1.1	0.5455
612	1303770613491	1	1.6667	1.1	0.5455
613	1303770613508	1	1.6667	1.1	0.5455
614	1303770613523	1	1.6667	1.1	0.5455
615	1303770613540	1	1.6667	1.1	0.5455
616	1303770613601	1	1.7399	1.1	0.5225
617	1303770613618	1	1.7399	1.1	0.5225
618	1303770613634	1	1.7399	1.1	0.5225
619	1303770613651	1	1.7399	1.1	0.5225
620	1303770613668	1	1.7399	1.1	0.5225
621	1303770613684	1	1.7399	1.1	0.5225
622	1303770613701	1	1.7399	1.1	0.5225
623	1303770613762	1	1.7399	1.1	0.5225
624	1303770613779	1	1.7399	1.1	0.5225
625	1303770613795	1	1.7399	1.1	0.5225
626	1303770613811	1	1.7399	1.1	0.5225
627	1303770613827	1	1.7399	1.1	0.5225
628	1303770613889	1	1.7189	1.1	0.5289
629	1303770613905	1	1.7189	1.1	0.5289
630	1303770613966	1	1.7189	1.1	0.5289
631	1303770613983	1	1.7189	1.1	0.5289
632	1303770613999	1	1.7189	1.1	0.5289
633	1303770614016	1	1.7189	1.1	0.5289
634	1303770614032	1	1.7189	1.1	0.5289
635	1303770614048	1	1.7189	1.1	0.5289
636	1303770614065	1	1.7189	1.1	0.5289
637	1303770614081	1	1.7189	1.1	0.5289
638	1303770614097	1	1.7189	1.1	0.5289
639	1303770614113	1	1.7189	1.1	0.5289
640	1303770614130	1	1.7189	1.1	0.5289
641	1303770614146	1	1.7189	1.1	0.5289
642	1303770614162	1	1.7189	1.1	0.5289
643	1303770614178	1	1.7189	1.1	0.5289
644	1303770614195	1	1.7189	1.1	0.5289
645	1303770614212	1	1.7189	1.1	0.5289
646	1303770614227	1	1.7189	1.1	0.5289
647	1303770614244	1	1.7189	1.1	0.5289
648	1303770614260	1	1.7189	1.1	0.5289
649	1303770614277	1	1.7189	1.1	0.5289
650	1303770614337	1	1.7189	1.1	0.5289
651	1303770614354	1	1.7189	1.1	0.5289
652	1303770614370	1	1.7189	1.1	0.5289
653	1303770614387	1	1.7189	1.1	0.5289
654	1303770614404	1	1.7189	1.1	0.5289
655	1303770614420	1	1.7189	1.1	0.5289
656	1303770614437	1	1.7189	1.1	0.5289
657	1303770614452	1	1.7189	1.1	0.5289
658	1303770614469	1	1.7189	1.1	0.5289
659	1303770614486	1	1.7189	1.1	0.5289
660	1303770614504	1	1.7189	1.1	0.5289
661	1303770614520	1	1.7189	1.1	0.5289
662	1303770614537	1	1.7189	1.1	0.5289
663	1303770614554	1	1.6781	1.1	0.5417
664	1303770614570	1	1.6781	1.1	0.5417
665	1303770614587	1	1.6781	1.1	0.5417
666	1303770614603	1	1.6781	1.1	0.5417
667	1303770614619	1	1.6781	1.1	0.5417
668	1303770614635	1	1.6781	1.1	0.5417
669	1303770614701	1	1.6781	1.1	0.5417
670	1303770614717	1	1.6781	1.1	0.5417
671	1303770614733	1	1.6781	1.1	0.5417
672	1303770614749	1	1.6781	1.1	0.5417
673	1303770614766	1	1.6781	1.1	0.5417
674	1303770614829	1	1.6781	1.1	0.5417
675	1303770614845	1	1.6781	1.1	0.5417
676	1303770614862	1	1.6781	1.1	0.5417
677	1303770614878	1	1.6781	1.1	0.5417
678	1303770614895	1	1.6781	1.1	0.5417
679	1303770614910	1	1.6781	1.1	0.5417
680	1303770614927	1	1.6781	1.1	0.5417
681	1303770614943	1	1.6781	1.1	0.5417
682	1303770614960	1	1.6781	1.1	0.5417
683	1303770614977	1	1.6781	1.1	0.5417
684	1303770614993	1	1.6781	1.1	0.5417
685	1303770615009	1	1.6781	1.1	0.5417
686	1303770615025	1	1.6781	1.1	0.5417
687	1303770615087	1	1.6781	1.1	0.5417
688	1303770615103	1	1.6781	1.1	0.5417
689	1303770615120	1	1.6781	1.1	0.5417
690	1303770615136	1	1.6781	1.1	0.5417
691	1303770615153	1	1.6781	1.1	0.5417
692	1303770615170	1	1.6781	1.1	0.5417
693	1303770615185	1	1.6781	1.1	0.5417
694	1303770615202	1	1.6781	1.1	0.5417
695	1303770615218	1	1.6781	1.1	0.5417
696	1303770615235	1	1.6781	1.1	0.5417
697	1303770615251	1	1.6781	1.1	0.5417
698	1303770615267	1	1.6781	1.1	0.5417
699	1303770615283	1	1.6781	1.1	0.5417
700	1303770615300	1	1.6781	1.1	0.5417
701	1303770615316	1	1.6781	1.1	0.5417
702	1303770615333	1	1.6781	1.1	0.5417
703	1303770615349	1	1.6781	1.1	0.5417
704	1303770615365	1	1.6781	1.1	0.5417
705	1303770615428	1	1.6781	1.1	0.5417
706	1303770615444	1	1.6781	1.1	0.5417
707	1303770615461	1	1.6781	1.1	0.5417
708	1303770615522	1	1.6781	1.1	0.5417
709	1303770615539	1	1.6781	1.1	0.5417
710	1303770615556	1	1.6781	1.1	0.5417
711	1303770615572	1	1.6781	1.1	0.5417
712	1303770615589	1	1.6781	1.1	0.5417
713	1303770615605	1	1.6781	1.1	0.5417
714	1303770615622	1	1.6781	1.1	0.5417
715	1303770615638	1	1.6781	1.1	0.5417
716	1303770615655	1	1.6781	1.1	0.5417
717	1303770615716	1	1.6781	1.1	0.5417
718	1303770615732	1	1.6781	1.1	0.5417
719	1303770615749	1	1.6781	1.1	0.5417
720	1303770615809	1	1.6781	1.1	0.5417
721	1303770615828	1	1.6781	1.1	0.5417
722	1303770615844	1	1.6781	1.1	0.5417
723	1303770615862	1	1.6781	1.1	0.5417
724	1303770615878	1	1.6781	1.1	0.5417
725	1303770615895	1	1.676	1.1	0.5424
726	1303770615957	1	1.676	1.1	0.5424
727	1303770615973	1	1.676	1.1	0.5424
728	1303770615990	1	1.676	1.1	0.5424
729	1303770616006	1	1.676	1.1	0.5424
730	1303770616023	1	1.676	1.1	0.5424
731	1303770616039	1	1.676	1.1	0.5424
732	1303770616101	1	1.676	1.1	0.5424
733	1303770616119	1	1.676	1.1	0.5424
734	1303770616135	1	1.676	1.1	0.5424
735	1303770616152	1	1.676	1.1	0.5424
736	1303770616168	1	1.676	1.1	0.5424
737	1303770616185	1	1.676	1.1	0.5424
738	1303770616201	1	1.676	1.1	0.5424
739	1303770616218	1	1.676	1.1	0.5424
740	1303770616280	1	1.676	1.1	0.5424
741	1303770616296	1	1.676	1.1	0.5424
742	1303770616314	1	1.676	1.1	0.5424
743	1303770616329	1	1.676	1.1	0.5424
744	1303770616347	1	1.676	1.1	0.5424
745	1303770616363	1	1.676	1.1	0.5424
746	1303770616380	1	1.676	1.1	0.5424
747	1303770616395	1	1.676	1.1	0.5424
748	1303770616412	1	1.676	1.1	0.5424
749	1303770616428	1	1.676	1.1	0.5424
750	1303770616445	1	1.676	1.1	0.5424
751	1303770616462	1	1.676	1.1	0.5424
752	1303770616478	1	1.676	1.1	0.5424
753	1303770616495	1	1.676	1.1	0.5424
754	1303770616511	1	1.676	1.1	0.5424
755	1303770616528	1	1.676	1.1	0.5424
756	1303770616544	1	1.676	1.1	0.5424
757	1303770616605	1	1.676	1.1	0.5424
758	1303770616622	1	1.676	1.1	0.5424
759	1303770616638	1	1.676	1.1	0.5424
760	1303770616655	1	1.676	1.1	0.5424
761	1303770616671	1	1.676	1.1	0.5424
762	1303770616688	1	1.676	1.1	0.5424
763	1303770616704	1	1.676	1.1	0.5424
764	1303770616720	1	1.676	1.1	0.5424
765	1303770616736	1	1.676	1.1	0.5424
766	1303770616753	1	1.676	1.1	0.5424
767	1303770616769	1	1.676	1.1	0.5424
768	1303770616786	1	1.676	1.1	0.5424
769	1303770616803	1	1.676	1.1	0.5424
770	1303770616819	1	1.676	1.1	0.5424
771	1303770616835	1	1.676	1.1	0.5424
772	1303770616851	1	1.676	1.1	0.5424
773	1303770616868	1	1.676	1.1	0.5424
774	1303770616884	1	1.676	1.1	0.5424
775	1303770616901	1	1.676	1.1	0.5424
776	1303770616917	1	1.676	1.1	0.5424
777	1303770616978	1	1.676	1.1	0.5424
778	1303770617039	1	1.676	1.1	0.5424
779	1303770617055	1	1.676	1.1	0.5424
780	1303770617072	1	1.676	1.1	0.5424
781	1303770617089	1	1.676	1.1	0.5424
782	1303770617108	1	1.676	1.1	0.5424
783	1303770617125	1	1.676	1.1	0.5424
784	1303770617142	1	1.676	1.1	0.5424
785	1303770617160	1	1.676	1.1	0.5424
786	1303770617220	1	1.676	1.1	0.5424
787	1303770617238	1	1.676	1.1	0.5424
788	1303770617254	1	1.676	1.1	0.5424
789	1303770617271	1	1.676	1.1	0.5424
790	1303770617287	1	1.676	1.1	0.5424
791	1303770617304	1	1.676	1.1	0.5424
792	1303770617320	1	1.676	1.1	0.5424
793	1303770617338	1	1.676	1.1	0.5424
794	1303770617355	1	1.676	1.1	0.5424
795	1303770617371	1	1.676	1.1	0.5424
796	1303770617388	1	1.676	1.1	0.5424
797	1303770617404	1	1.676	1.1	0.5424
798	1303770617421	1	1.676	1.1	0.5424
799	1303770617437	1	1.676	1.1	0.5424
800	1303770617453	1	1.676	1.1	0.5424
801	1303770617470	1	1.676	1.1	0.5424
802	1303770617486	1	1.676	1.1	0.5424
803	1303770617504	1	1.676	1.1	0.5424
804	1303770617563	1	1.676	1.1	0.5424
805	1303770617580	1	1.676	1.1	0.5424
806	1303770617596	1	1.676	1.1	0.5424
807	1303770617614	1	1.676	1.1	0.5424
808	1303770617673	1	1.676	1.1	0.5424
809	1303770617691	1	1.676	1.1	0.5424
810	1303770617708	1	1.676	1.1	0.5424
811	1303770617724	1	1.676	1.1	0.5424
812	1303770617741	1	1.676	1.1	0.5424
813	1303770617757	1	1.676	1.1	0.5424
814	1303770617774	1	1.676	1.1	0.5424
815	1303770617790	1	1.676	1.1	0.5424
816	1303770617807	1	1.676	1.1	0.5424
817	1303770617823	1	1.676	1.1	0.5424
818	1303770617840	1	1.676	1.1	0.5424
819	1303770617856	1	1.676	1.1	0.5424
820	1303770617873	1	1.676	1.1	0.5424
821	1303770617889	1	1.676	1.1	0.5424
822	1303770617905	1	1.676	1.1	0.5424
823	1303770617922	1	1.676	1.1	0.5424
824	1303770617938	1	1.676	1.1	0.5424
825	1303770617955	1	1.676	1.1	0.5424
826	1303770617971	1	1.676	1.1	0.5424
827	1303770617988	1	1.676	1.1	0.5424
828	1303770618004	1	1.676	1.1	0.5424
829	1303770618021	1	1.676	1.1	0.5424
830	1303770618037	1	1.676	1.1	0.5424
831	1303770618054	1	1.676	1.1	0.5424
832	1303770618071	1	1.676	1.1	0.5424
833	1303770618087	1	1.676	1.1	0.5424
834	1303770618104	1	1.676	1.1	0.5424
835	1303770618120	1	1.676	1.1	0.5424
836	1303770618137	1	1.676	1.1	0.5424
837	1303770618153	1	1.676	1.1	0.5424
838	1303770618170	1	1.676	1.1	0.5424
839	1303770618230	1	1.9941	1.1	0.4559
840	1303770618247	1	1.9941	1.1	0.4559
841	1303770618264	1	1.9941	1.1	0.4559
842	1303770618280	1	1.9432	1.1	0.4678
843	1303770618299	1	1.9432	1.1	0.4678
844	1303770618316	1	1.9432	1.1	0.4678
845	1303770618333	1	1.9385	1.1	0.469
846	1303770618393	1	1.9385	1.1	0.469
847	1303770618410	1	1.9385	1.1	0.469
848	1303770618427	1	1.9385	1.1	0.469
849	1303770618443	1	1.9385	1.1	0.469
850	1303770618460	1	1.9385	1.1	0.469
851	1303770618477	1	1.9385	1.1	0.469
852	1303770618493	1	1.9385	1.1	0.469
853	1303770618509	1	1.9385	1.1	0.469
854	1303770618526	1	1.9385	1.1	0.469
855	1303770618542	1	1.9385	1.1	0.469
856	1303770618559	1	1.9385	1.1	0.469
857	1303770618576	1	1.9385	1.1	0.469
858	1303770618592	1	1.9385	1.1	0.469
859	1303770618653	1	1.9385	1.1	0.469
860	1303770618714	1	1.9385	1.1	0.469
861	1303770618731	1	1.9385	1.1	0.469
862	1303770618748	1	1.9385	1.1	0.469
863	1303770618765	1	1.9385	1.1	0.469
864	1303770618826	1	1.9385	1.1	0.469
865	1303770618842	1	1.9385	1.1	0.469
866	1303770618860	1	1.9385	1.1	0.469
867	1303770618876	1	1.9385	1.1	0.469
868	1303770618893	1	1.9385	1.1	0.469
869	1303770618910	1	1.9385	1.1	0.469
870	1303770618926	1	1.9385	1.1	0.469
871	1303770618942	1	1.9385	1.1	0.469
872	1303770618959	1	1.9385	1.1	0.469
873	1303770618976	1	1.9385	1.1	0.469
874	1303770618992	1	1.9385	1.1	0.469
875	1303770619009	1	1.9385	1.1	0.469
876	1303770619025	1	1.9385	1.1	0.469
877	1303770619042	1	1.9385	1.1	0.469
878	1303770619059	1	1.9385	1.1	0.469
879	1303770619074	1	1.9385	1.1	0.469
880	1303770619091	1	1.9385	1.1	0.469
881	1303770619107	1	1.9385	1.1	0.469
882	1303770619124	1	1.9385	1.1	0.469
883	1303770619141	1	1.9385	1.1	0.469
884	1303770619158	1	1.9385	1.1	0.469
885	1303770619174	1	1.9385	1.1	0.469
886	1303770619191	1	1.9385	1.1	0.469
887	1303770619207	1	1.9385	1.1	0.469
888	1303770619225	1	1.9385	1.1	0.469
889	1303770619242	1	1.9385	1.1	0.469
890	1303770619259	1	1.9385	1.1	0.469
891	1303770619276	1	1.9385	1.1	0.469
892	1303770619291	1	1.9385	1.1	0.469
893	1303770619308	1	1.9385	1.1	0.469
894	1303770619324	1	1.9385	1.1	0.469
895	1303770619341	1	1.9385	1.1	0.469
896	1303770619402	1	1.9385	1.1	0.469
897	1303770619419	1	1.9385	1.1	0.469
898	1303770619436	1	1.9385	1.1	0.469
899	1303770619452	1	1.9385	1.1	0.469
900	1303770619469	1	1.9385	1.1	0.469
901	1303770619485	1	1.9385	1.1	0.469
902	1303770619503	1	1.9385	1.1	0.469
903	1303770619519	1	1.9385	1.1	0.469
904	1303770619538	1	1.9379	1.1	0.4691
905	1303770619558	1	1.9376	1.1	0.4692
906	1303770619575	1	1.9376	1.1	0.4692
907	1303770619592	1	1.9376	1.1	0.4692
908	1303770619608	1	1.9376	1.1	0.4692
909	1303770619625	1	1.9376	1.1	0.4692
910	1303770619686	1	1.9376	1.1	0.4692
911	1303770619703	1	1.9376	1.1	0.4692
912	1303770619720	1	1.9376	1.1	0.4692
913	1303770619736	1	1.9376	1.1	0.4692
914	1303770619753	1	1.9376	1.1	0.4692
915	1303770619769	1	1.9376	1.1	0.4692
916	1303770619834	1	1.9376	1.1	0.4692
917	1303770619850	1	1.9376	1.1	0.4692
918	1303770619866	1	1.9376	1.1	0.4692
919	1303770619929	1	1.9376	1.1	0.4692
920	1303770619989	1	1.8276	1.1	0.4974
921	1303770620006	1	1.8276	1.1	0.4974
922	1303770620023	1	1.8276	1.1	0.4974
923	1303770620040	1	1.8276	1.1	0.4974
924	1303770620056	1	1.8276	1.1	0.4974
925	1303770620073	1	1.8276	1.1	0.4974
926	1303770620089	1	1.8276	1.1	0.4974
927	1303770620106	1	1.8276	1.1	0.4974
928	1303770620123	1	1.8276	1.1	0.4974
929	1303770620139	1	1.8276	1.1	0.4974
930	1303770620156	1	1.8276	1.1	0.4974
931	1303770620172	1	1.8276	1.1	0.4974
932	1303770620234	1	1.8276	1.1	0.4974
933	1303770620251	1	1.8276	1.1	0.4974
934	1303770620267	1	1.8276	1.1	0.4974
935	1303770620284	1	1.8276	1.1	0.4974
936	1303770620300	1	1.8276	1.1	0.4974
937	1303770620317	1	1.8276	1.1	0.4974
938	1303770620333	1	1.8276	1.1	0.4974
939	1303770620350	1	1.8276	1.1	0.4974
940	1303770620365	1	1.8276	1.1	0.4974
941	1303770620382	1	1.8276	1.1	0.4974
942	1303770620444	1	1.8276	1.1	0.4974
943	1303770620459	1	1.8276	1.1	0.4974
944	1303770620476	1	1.8276	1.1	0.4974
945	1303770620492	1	1.8276	1.1	0.4974
946	1303770620509	1	1.8276	1.1	0.4974
947	1303770620525	1	1.8276	1.1	0.4974
948	1303770620542	1	1.8276	1.1	0.4974
949	1303770620603	1	1.6103	1.1	0.5646
950	1303770620619	1	1.6103	1.1	0.5646
951	1303770620636	1	1.6103	1.1	0.5646
952	1303770620652	1	1.6103	1.1	0.5646
953	1303770620668	1	1.6103	1.1	0.5646
954	1303770620684	1	1.6103	1.1	0.5646
955	1303770620701	1	1.6103	1.1	0.5646
956	1303770620716	1	1.6103	1.1	0.5646
957	1303770620778	1	1.6103	1.1	0.5646
958	1303770620794	1	1.6103	1.1	0.5646
959	1303770620812	1	1.6103	1.1	0.5646
960	1303770620828	1	1.6103	1.1	0.5646
961	1303770620844	1	1.6103	1.1	0.5646
962	1303770620860	1	1.6103	1.1	0.5646
963	1303770620920	1	1.6103	1.1	0.5646
964	1303770620938	1	1.6103	1.1	0.5646
965	1303770620956	1	1.6103	1.1	0.5646
966	1303770621021	1	1.6103	1.1	0.5646
967	1303770621040	1	1.6103	1.1	0.5646
968	1303770621056	1	1.6147	1.1	0.563
969	1303770621074	1	1.6147	1.1	0.563
970	1303770621091	1	1.6147	1.1	0.563
971	1303770621107	1	1.6147	1.1	0.563
972	1303770621124	1	1.6147	1.1	0.563
973	1303770621139	1	1.6147	1.1	0.563
974	1303770621156	1	1.6147	1.1	0.563
975	1303770621172	1	1.6147	1.1	0.563
976	1303770621189	1	1.6147	1.1	0.563
977	1303770621204	1	1.6147	1.1	0.563
978	1303770621221	1	1.6147	1.1	0.563
979	1303770621237	1	1.6147	1.1	0.563
980	1303770621254	1	1.6147	1.1	0.563
981	1303770621271	1	1.6147	1.1	0.563
982	1303770621287	1	1.6147	1.1	0.563
983	1303770621304	1	1.6147	1.1	0.563
984	1303770621320	1	1.6147	1.1	0.563
985	1303770621337	1	1.6147	1.1	0.563
986	1303770621353	1	1.6147	1.1	0.563
987	1303770621369	1	1.6147	1.1	0.563
988	1303770621430	1	1.6147	1.1	0.563
989	1303770621447	1	1.6147	1.1	0.563
990	1303770621464	1	1.6147	1.1	0.563
991	1303770621479	1	1.6147	1.1	0.563
992	1303770621496	1	1.6147	1.1	0.563
993	1303770621512	1	1.6147	1.1	0.563
994	1303770621529	1	1.6147	1.1	0.563
995	1303770621589	1	1.6147	1.1	0.563
996	1303770621606	1	1.6147	1.1	0.563
997	1303770621623	1	1.6147	1.1	0.563
998	1303770621639	1	1.6147	1.1	0.563
999	1303770621656	1	1.6147	1.1	0.563
1000	1303770621672	1	1.6147	1.1	0.563
1001	1303770621689	1	1.6147	1.1	0.563
1002	1303770621704	1	1.6147	1.1	0.563
1003	1303770621721	1	1.6147	1.1	0.563
1004	1303770621782	1	1.427	1.1	0.6371
1005	1303770621799	1	1.427	1.1	0.6371
1006	1303770621816	1	1.427	1.1	0.6371
1007	1303770621832	1	1.427	1.1	0.6371
1008	1303770621849	1	1.427	1.1	0.6371
1009	1303770621865	1	1.427	1.1	0.6371
1010	1303770621882	1	1.427	1.1	0.6371
1011	1303770621897	1	1.427	1.1	0.6371
1012	1303770621914	1	1.427	1.1	0.6371
1013	1303770621930	1	1.427	1.1	0.6371
1014	1303770621947	1	1.427	1.1	0.6371
1015	1303770621963	1	1.427	1.1	0.6371
1016	1303770621979	1	1.427	1.1	0.6371
1017	1303770621996	1	1.427	1.1	0.6371
1018	1303770622012	1	1.427	1.1	0.6371
1019	1303770622028	1	1.427	1.1	0.6371
1020	1303770622044	1	1.427	1.1	0.6371
1021	1303770622061	1	1.427	1.1	0.6371
1022	1303770622076	1	1.427	1.1	0.6371
1023	1303770622093	1	1.427	1.1	0.6371
1024	1303770622108	1	1.427	1.1	0.6371
1025	1303770622125	1	1.427	1.1	0.6371
1026	1303770622144	1	1.427	1.1	0.6371
1027	1303770622163	1	1.427	1.1	0.6371
1028	1303770622181	1	1.427	1.1	0.6371
1029	1303770622197	1	1.4272	1.1	0.637
1030	1303770622213	1	1.4272	1.1	0.637
1031	1303770622229	1	1.4272	1.1	0.637
1032	1303770622246	1	1.4272	1.1	0.637
1033	1303770622262	1	1.4272	1.1	0.637
1034	1303770622278	1	1.4272	1.1	0.637
1035	1303770622295	1	1.4272	1.1	0.637
1036	1303770622311	1	1.4272	1.1	0.637
1037	1303770622328	1	1.4272	1.1	0.637
1038	1303770622344	1	1.4272	1.1	0.637
1039	1303770622361	1	1.4272	1.1	0.637
1040	1303770622377	1	1.4272	1.1	0.637
1041	1303770622394	1	1.4272	1.1	0.637
1042	1303770622411	1	1.4272	1.1	0.637
1043	1303770622426	1	1.4272	1.1	0.637
1044	1303770622443	1	1.4272	1.1	0.637
1045	1303770622458	1	1.4272	1.1	0.637
1046	1303770622475	1	1.4272	1.1	0.637
1047	1303770622536	1	1.4272	1.1	0.637
1048	1303770622553	1	1.4272	1.1	0.637
1049	1303770622569	1	1.4272	1.1	0.637
1050	1303770622631	1	1.4272	1.1	0.637
1051	1303770622648	1	1.4272	1.1	0.637
1052	1303770622663	1	1.4272	1.1	0.637
1053	1303770622681	1	1.4272	1.1	0.637
1054	1303770622697	1	1.4272	1.1	0.637
1055	1303770622713	1	1.4272	1.1	0.637
1056	1303770622729	1	1.4272	1.1	0.637
1057	1303770622746	1	1.4272	1.1	0.637
1058	1303770622763	1	1.4272	1.1	0.637
1059	1303770622779	1	1.4272	1.1	0.637
1060	1303770622796	1	1.4272	1.1	0.637
1061	1303770622812	1	1.4272	1.1	0.637
1062	1303770622828	1	1.4272	1.1	0.637
1063	1303770622844	1	1.4272	1.1	0.637
1064	1303770622861	1	1.4272	1.1	0.637
1065	1303770622877	1	1.4272	1.1	0.637
1066	1303770622894	1	1.4272	1.1	0.637
1067	1303770622909	1	1.4272	1.1	0.637
1068	1303770622926	1	1.4272	1.1	0.637
1069	1303770622943	1	1.4272	1.1	0.637
1070	1303770622959	1	1.4272	1.1	0.637
1071	1303770622976	1	1.4272	1.1	0.637
1072	1303770623036	1	1.4272	1.1	0.637
1073	1303770623054	1	1.4272	1.1	0.637
1074	1303770623070	1	1.4272	1.1	0.637
1075	1303770623087	1	1.4272	1.1	0.637
1076	1303770623103	1	1.4272	1.1	0.637
1077	1303770623119	1	1.4272	1.1	0.637
1078	1303770623136	1	1.4272	1.1	0.637
1079	1303770623152	1	1.4272	1.1	0.637
1080	1303770623215	1	1.4272	1.1	0.637
1081	1303770623231	1	1.4272	1.1	0.637
1082	1303770623248	1	1.4272	1.1	0.637
1083	1303770623264	1	1.4272	1.1	0.637
1084	1303770623281	1	1.4272	1.1	0.637
1085	1303770623298	1	1.4272	1.1	0.637
1086	1303770623314	1	1.4272	1.1	0.637
1087	1303770623334	1	1.4272	1.1	0.637
1088	1303770623354	1	1.4272	1.1	0.637
1089	1303770623372	1	1.4272	1.1	0.637
1090	1303770623389	1	1.4272	1.1	0.637
1091	1303770623405	1	1.4272	1.1	0.637
1092	1303770623422	1	1.4272	1.1	0.637
1093	1303770623438	1	1.4272	1.1	0.637
1094	1303770623455	1	1.4272	1.1	0.637
1095	1303770623471	1	1.4272	1.1	0.637
1096	1303770623487	1	1.4272	1.1	0.637
1097	1303770623504	1	1.4272	1.1	0.637
1098	1303770623521	1	1.4272	1.1	0.637
1099	1303770623537	1	1.4272	1.1	0.637
1100	1303770623553	1	1.4272	1.1	0.637
1101	1303770623570	1	1.4272	1.1	0.637
1102	1303770623586	1	1.4272	1.1	0.637
1103	1303770623603	1	1.4272	1.1	0.637
1104	1303770623619	1	1.4272	1.1	0.637
1105	1303770623636	1	1.4272	1.1	0.637
1106	1303770623652	1	1.4272	1.1	0.637
1107	1303770623669	1	1.4272	1.1	0.637
1108	1303770623685	1	1.4272	1.1	0.637
1109	1303770623701	1	1.4272	1.1	0.637
1110	1303770623717	1	1.4272	1.1	0.637
1111	1303770623734	1	1.4272	1.1	0.637
1112	1303770623751	1	1.4272	1.1	0.637
1113	1303770623812	1	1.4272	1.1	0.637
1114	1303770623829	1	1.4272	1.1	0.637
1115	1303770623844	1	1.4272	1.1	0.637
1116	1303770623862	1	1.4272	1.1	0.637
1117	1303770623878	1	1.4272	1.1	0.637
1118	1303770623895	1	1.4272	1.1	0.637
1119	1303770623911	1	1.4272	1.1	0.637
1120	1303770623973	1	1.4272	1.1	0.637
1121	1303770623990	1	1.4272	1.1	0.637
1122	1303770624006	1	1.4272	1.1	0.637
1123	1303770624024	1	1.4272	1.1	0.637
1124	1303770624040	1	1.4272	1.1	0.637
1125	1303770624057	1	1.4272	1.1	0.637
1126	1303770624073	1	1.4272	1.1	0.637
1127	1303770624090	1	1.4272	1.1	0.637
1128	1303770624107	1	1.4272	1.1	0.637
1129	1303770624123	1	1.4272	1.1	0.637
1130	1303770624140	1	1.4272	1.1	0.637
1131	1303770624156	1	1.4272	1.1	0.637
1132	1303770624172	1	1.4272	1.1	0.637
1133	1303770624234	1	1.4272	1.1	0.637
1134	1303770624252	1	1.4272	1.1	0.637
1135	1303770624268	1	1.4272	1.1	0.637
1136	1303770624285	1	1.4272	1.1	0.637
1137	1303770624302	1	1.4272	1.1	0.637
1138	1303770624318	1	1.4272	1.1	0.637
1139	1303770624335	1	1.4272	1.1	0.637
1140	1303770624351	1	1.4272	1.1	0.637
1141	1303770624368	1	1.4272	1.1	0.637
1142	1303770624383	1	1.4272	1.1	0.637
1143	1303770624400	1	1.4272	1.1	0.637
1144	1303770624416	1	1.4272	1.1	0.637
1145	1303770624432	1	1.4272	1.1	0.637
1146	1303770624448	1	1.4272	1.1	0.637
1147	1303770624465	1	1.4272	1.1	0.637
1148	1303770624484	1	1.4272	1.1	0.637
1149	1303770624503	1	1.4272	1.1	0.637
1150	1303770624521	1	1.423	1.1	0.6389
1151	1303770624537	1	1.423	1.1	0.6389
1152	1303770624554	1	1.423	1.1	0.6389
1153	1303770624570	1	1.423	1.1	0.6389
1154	1303770624587	1	1.423	1.1	0.6389
1155	1303770624604	1	1.423	1.1	0.6389
1156	1303770624620	1	1.423	1.1	0.6389
1157	1303770624637	1	1.423	1.1	0.6389
1158	1303770624653	1	1.423	1.1	0.6389
1159	1303770624670	1	1.423	1.1	0.6389
1160	1303770624686	1	1.423	1.1	0.6389
1161	1303770624703	1	1.423	1.1	0.6389
1162	1303770624718	1	1.423	1.1	0.6389
1163	1303770624736	1	1.423	1.1	0.6389
1164	1303770624753	1	1.423	1.1	0.6389
1165	1303770624769	1	1.423	1.1	0.6389
1166	1303770624786	1	1.423	1.1	0.6389
1167	1303770624802	1	1.423	1.1	0.6389
1168	1303770624819	1	1.423	1.1	0.6389
1169	1303770624835	1	1.423	1.1	0.6389
1170	1303770624852	1	1.423	1.1	0.6389
1171	1303770624868	1	1.423	1.1	0.6389
1172	1303770624885	1	1.423	1.1	0.6389
1173	1303770624902	1	1.423	1.1	0.6389
1174	1303770624918	1	1.423	1.1	0.6389
1175	1303770624935	1	1.423	1.1	0.6389
1176	1303770624951	1	1.423	1.1	0.6389
1177	1303770624968	1	1.423	1.1	0.6389
1178	1303770624984	1	1.423	1.1	0.6389
1179	1303770625001	1	1.423	1.1	0.6389
1180	1303770625017	1	1.423	1.1	0.6389
1181	1303770625033	1	1.423	1.1	0.6389
1182	1303770625049	1	1.423	1.1	0.6389
1183	1303770625067	1	1.423	1.1	0.6389
1184	1303770625083	1	1.423	1.1	0.6389
1185	1303770625100	1	1.423	1.1	0.6389
1186	1303770625117	1	1.423	1.1	0.6389
1187	1303770625132	1	1.423	1.1	0.6389
1188	1303770625149	1	1.423	1.1	0.6389
1189	1303770625165	1	1.423	1.1	0.6389
1190	1303770625183	1	1.423	1.1	0.6389
1191	1303770625199	1	1.423	1.1	0.6389
1192	1303770625267	1	1.423	1.1	0.6389
1193	1303770625284	1	1.423	1.1	0.6389
1194	1303770625300	1	1.423	1.1	0.6389
1195	1303770625317	1	1.423	1.1	0.6389
1196	1303770625333	1	1.423	1.1	0.6389
1197	1303770625350	1	1.423	1.1	0.6389
1198	1303770625366	1	1.423	1.1	0.6389
1199	1303770625383	1	1.423	1.1	0.6389
1200	1303770625399	1	1.423	1.1	0.6389
1201	1303770625416	1	1.423	1.1	0.6389
1202	1303770625433	1	1.423	1.1	0.6389
1203	1303770625449	1	1.423	1.1	0.6389
1204	1303770625466	1	1.423	1.1	0.6389
1205	1303770625482	1	1.423	1.1	0.6389
1206	1303770625499	1	1.423	1.1	0.6389
1207	1303770625515	1	1.423	1.1	0.6389
1208	1303770625578	1	1.423	1.1	0.6389
1209	1303770625598	1	1.423	1.1	0.6389
1210	1303770625617	1	1.4214	1.1	0.6396
1211	1303770625635	1	1.4214	1.1	0.6396
1212	1303770625696	1	1.1119	1.1	0.8176
1213	1303770625714	1	1.1119	1.1	0.8176
1214	1303770625731	1	1.1119	1.1	0.8176
1215	1303770625747	1	1.1119	1.1	0.8176
1216	1303770625764	1	1.1119	1.1	0.8176
1217	1303770625780	1	1.1119	1.1	0.8176
1218	1303770625796	1	1.1119	1.1	0.8176
1219	1303770625812	1	1.1119	1.1	0.8176
1220	1303770625828	1	1.1119	1.1	0.8176
1221	1303770625889	1	1.1119	1.1	0.8176
1222	1303770625906	1	1.1119	1.1	0.8176
1223	1303770625967	1	1.1119	1.1	0.8176
1224	1303770625983	1	1.1119	1.1	0.8176
1225	1303770626045	1	1.1119	1.1	0.8176
1226	1303770626106	1	1.1119	1.1	0.8176
1227	1303770626122	1	1.1119	1.1	0.8176
1228	1303770626139	1	1.1119	1.1	0.8176
1229	1303770626155	1	1.1119	1.1	0.8176
1230	1303770626217	1	1.1119	1.1	0.8176
1231	1303770626232	1	1.1119	1.1	0.8176
1232	1303770626249	1	1.1119	1.1	0.8176
1233	1303770626265	1	1.1119	1.1	0.8176
1234	1303770626327	1	1.1119	1.1	0.8176
1235	1303770626344	1	1.1119	1.1	0.8176
1236	1303770626360	1	1.1119	1.1	0.8176
1237	1303770626377	1	1.1119	1.1	0.8176
1238	1303770626392	1	1.1119	1.1	0.8176
1239	1303770626410	1	1.1119	1.1	0.8176
1240	1303770626426	1	1.1119	1.1	0.8176
1241	1303770626443	1	1.1119	1.1	0.8176
1242	1303770626459	1	1.1119	1.1	0.8176
1243	1303770626475	1	1.1119	1.1	0.8176
1244	1303770626492	1	1.1119	1.1	0.8176
1245	1303770626508	1	1.1119	1.1	0.8176
1246	1303770626525	1	1.1119	1.1	0.8176
1247	1303770626540	1	1.1119	1.1	0.8176
1248	1303770626557	1	1.1119	1.1	0.8176
1249	1303770626618	1	1.1119	1.1	0.8176
1250	1303770626635	1	1.1119	1.1	0.8176
1251	1303770626652	1	1.1119	1.1	0.8176
1252	1303770626668	1	1.1119	1.1	0.8176
1253	1303770626685	1	1.1119	1.1	0.8176
1254	1303770626701	1	1.1119	1.1	0.8176
1255	1303770626717	1	1.1119	1.1	0.8176
1256	1303770626733	1	1.1119	1.1	0.8176
1257	1303770626750	1	1.1119	1.1	0.8176
1258	1303770626766	1	1.1119	1.1	0.8176
1259	1303770626782	1	1.1119	1.1	0.8176
1260	1303770626798	1	1.1119	1.1	0.8176
1261	1303770626815	1	1.1119	1.1	0.8176
1262	1303770626832	1	1.1119	1.1	0.8176
1263	1303770626848	1	1.1119	1.1	0.8176
1264	1303770626864	1	1.1119	1.1	0.8176
1265	1303770626880	1	1.1119	1.1	0.8176
1266	1303770626897	1	1.1119	1.1	0.8176
1267	1303770626913	1	1.1119	1.1	0.8176
1268	1303770626929	1	1.1119	1.1	0.8176
1269	1303770626946	1	1.1119	1.1	0.8176
1270	1303770626965	1	1.1217	1.1	0.8104
1271	1303770626987	1	1.1217	1.1	0.8104
1272	1303770627004	1	1.1217	1.1	0.8104
1273	1303770627020	1	1.1217	1.1	0.8104
1274	1303770627036	1	1.1217	1.1	0.8104
1275	1303770627053	1	1.1217	1.1	0.8104
1276	1303770627068	1	1.1217	1.1	0.8104
1277	1303770627085	1	1.1217	1.1	0.8104
1278	1303770627101	1	1.1217	1.1	0.8104
1279	1303770627117	1	1.1217	1.1	0.8104
1280	1303770627134	1	1.1217	1.1	0.8104
1281	1303770627195	1	1.1217	1.1	0.8104
1282	1303770627212	1	1.1217	1.1	0.8104
1283	1303770627228	1	1.1217	1.1	0.8104
1284	1303770627245	1	1.1217	1.1	0.8104
1285	1303770627261	1	1.1217	1.1	0.8104
1286	1303770627280	1	1.1217	1.1	0.8104
1287	1303770627296	1	1.1217	1.1	0.8104
1288	1303770627312	1	1.1217	1.1	0.8104
1289	1303770627329	1	1.1217	1.1	0.8104
1290	1303770627344	1	1.1217	1.1	0.8104
1291	1303770627361	1	1.1217	1.1	0.8104
1292	1303770627377	1	1.1217	1.1	0.8104
1293	1303770627394	1	1.1217	1.1	0.8104
1294	1303770627409	1	1.1217	1.1	0.8104
1295	1303770627426	1	1.1217	1.1	0.8104
1296	1303770627442	1	1.1217	1.1	0.8104
1297	1303770627459	1	1.1217	1.1	0.8104
1298	1303770627476	1	1.1217	1.1	0.8104
1299	1303770627491	1	1.1217	1.1	0.8104
1300	1303770627508	1	1.1217	1.1	0.8104
1301	1303770627524	1	1.1217	1.1	0.8104
1302	1303770627541	1	1.1217	1.1	0.8104
1303	1303770627601	1	1.1217	1.1	0.8104
1304	1303770627619	1	1.1217	1.1	0.8104
1305	1303770627634	1	1.1217	1.1	0.8104
1306	1303770627652	1	1.1217	1.1	0.8104
1307	1303770627668	1	1.1217	1.1	0.8104
1308	1303770627684	1	1.1217	1.1	0.8104
1309	1303770627701	1	1.1217	1.1	0.8104
1310	1303770627716	1	1.1217	1.1	0.8104
1311	1303770627733	1	1.1217	1.1	0.8104
1312	1303770627748	1	1.1217	1.1	0.8104
1313	1303770627765	1	1.1217	1.1	0.8104
1314	1303770627781	1	1.1217	1.1	0.8104
1315	1303770627797	1	1.1217	1.1	0.8104
1316	1303770627813	1	1.1217	1.1	0.8104
1317	1303770627829	1	1.1217	1.1	0.8104
1318	1303770627846	1	1.1217	1.1	0.8104
1319	1303770627862	1	1.1217	1.1	0.8104
1320	1303770627878	1	1.1217	1.1	0.8104
1321	1303770627939	1	1.1922	1.1	0.7625
1322	1303770627956	1	1.1922	1.1	0.7625
1323	1303770627971	1	1.1922	1.1	0.7625
1324	1303770627988	1	1.1922	1.1	0.7625
1325	1303770628004	1	1.1922	1.1	0.7625
1326	1303770628020	1	1.1922	1.1	0.7625
1327	1303770628037	1	1.1922	1.1	0.7625
1328	1303770628053	1	1.1922	1.1	0.7625
1329	1303770628115	1	1.1922	1.1	0.7625
1330	1303770628131	1	1.1922	1.1	0.7625
1331	1303770628151	1	1.1922	1.1	0.7625
1332	1303770628172	1	1.1922	1.1	0.7625
1333	1303770628190	1	1.1922	1.1	0.7625
1334	1303770628207	1	1.1922	1.1	0.7625
1335	1303770628223	1	1.1922	1.1	0.7625
1336	1303770628239	1	1.1922	1.1	0.7625
1337	1303770628255	1	1.1922	1.1	0.7625
1338	1303770628272	1	1.1922	1.1	0.7625
1339	1303770628288	1	1.1922	1.1	0.7625
1340	1303770628304	1	1.1922	1.1	0.7625
1341	1303770628366	1	1.1922	1.1	0.7625
1342	1303770628382	1	1.1922	1.1	0.7625
1343	1303770628399	1	1.1927	1.1	0.7622
1344	1303770628415	1	1.1927	1.1	0.7622
1345	1303770628432	1	1.1927	1.1	0.7622
1346	1303770628448	1	1.1927	1.1	0.7622
1347	1303770628465	1	1.1927	1.1	0.7622
1348	1303770628480	1	1.1927	1.1	0.7622
1349	1303770628497	1	1.1927	1.1	0.7622
1350	1303770628513	1	1.1927	1.1	0.7622
1351	1303770628529	1	1.1927	1.1	0.7622
1352	1303770628546	1	1.1927	1.1	0.7622
1353	1303770628562	1	1.1927	1.1	0.7622
1354	1303770628579	1	1.1927	1.1	0.7622
1355	1303770628595	1	1.1927	1.1	0.7622
1356	1303770628656	1	1.1927	1.1	0.7622
1357	1303770628673	1	1.1927	1.1	0.7622
1358	1303770628689	1	1.1927	1.1	0.7622
1359	1303770628705	1	1.1927	1.1	0.7622
1360	1303770628721	1	1.1927	1.1	0.7622
1361	1303770628738	1	1.1927	1.1	0.7622
1362	1303770628754	1	1.1927	1.1	0.7622
1363	1303770628771	1	1.1927	1.1	0.7622
1364	1303770628787	1	1.1927	1.1	0.7622
1365	1303770628849	1	1.1927	1.1	0.7622
1366	1303770628866	1	1.1927	1.1	0.7622
1367	1303770628882	1	1.1927	1.1	0.7622
1368	1303770628899	1	1.1927	1.1	0.7622
1369	1303770628915	1	1.1927	1.1	0.7622
1370	1303770628932	1	1.1927	1.1	0.7622
1371	1303770628992	1	1.1902	1.1	0.7638
1372	1303770629054	1	1.1902	1.1	0.7638
1373	1303770629071	1	1.1902	1.1	0.7638
1374	1303770629087	1	1.1902	1.1	0.7638
1375	1303770629104	1	1.1902	1.1	0.7638
1376	1303770629120	1	1.1902	1.1	0.7638
1377	1303770629137	1	1.1902	1.1	0.7638
1378	1303770629153	1	1.1902	1.1	0.7638
1379	1303770629170	1	1.1902	1.1	0.7638
1380	1303770629186	1	1.1902	1.1	0.7638
1381	1303770629203	1	1.1902	1.1	0.7638
1382	1303770629220	1	1.1902	1.1	0.7638
1383	1303770629282	1	1.1902	1.1	0.7638
1384	1303770629299	1	1.1902	1.1	0.7638
1385	1303770629360	1	1.1902	1.1	0.7638
1386	1303770629377	1	1.1902	1.1	0.7638
1387	1303770629393	1	1.1902	1.1	0.7638
1388	1303770629410	1	1.1902	1.1	0.7638
1389	1303770629427	1	1.1902	1.1	0.7638
1390	1303770629443	1	1.1902	1.1	0.7638
1391	1303770629460	1	1.1902	1.1	0.7638
1392	1303770629479	1	1.1902	1.1	0.7638
1393	1303770629501	1	1.1902	1.1	0.7638
1394	1303770629519	1	1.1902	1.1	0.7638
1395	1303770629535	1	1.1902	1.1	0.7638
1396	1303770629552	1	1.1902	1.1	0.7638
1397	1303770629568	1	1.1902	1.1	0.7638
1398	1303770629585	1	1.1902	1.1	0.7638
1399	1303770629646	1	1.1902	1.1	0.7638
1400	1303770629663	1	1.1902	1.1	0.7638
1401	1303770629681	1	1.1902	1.1	0.7638
1402	1303770629697	1	1.1902	1.1	0.7638
1403	1303770629714	1	1.1902	1.1	0.7638
1404	1303770629730	1	1.1902	1.1	0.7638
1405	1303770629747	1	1.1902	1.1	0.7638
1406	1303770629763	1	1.1902	1.1	0.7638
1407	1303770629779	1	1.1902	1.1	0.7638
1408	1303770629795	1	1.1902	1.1	0.7638
1409	1303770629812	1	1.1902	1.1	0.7638
1410	1303770629875	1	1.0959	1.1	0.8295
1411	1303770629891	1	1.0959	1.1	0.8295
1412	1303770629908	1	1.0959	1.1	0.8295
1413	1303770629924	1	1.0959	1.1	0.8295
1414	1303770629941	1	1.0959	1.1	0.8295
1415	1303770629957	1	1.0959	1.1	0.8295
1416	1303770629974	1	1.0959	1.1	0.8295
1417	1303770629990	1	1.0959	1.1	0.8295
1418	1303770630006	1	1.0959	1.1	0.8295
1419	1303770630023	1	1.0959	1.1	0.8295
1420	1303770630039	1	1.0959	1.1	0.8295
1421	1303770630056	1	1.0959	1.1	0.8295
1422	1303770630072	1	1.0959	1.1	0.8295
1423	1303770630089	1	1.0959	1.1	0.8295
1424	1303770630105	1	1.0959	1.1	0.8295
1425	1303770630122	1	1.0959	1.1	0.8295
1426	1303770630138	1	1.0959	1.1	0.8295
1427	1303770630155	1	1.0959	1.1	0.8295
1428	1303770630173	1	1.0959	1.1	0.8295
1429	1303770630189	1	1.0959	1.1	0.8295
1430	1303770630205	1	1.0959	1.1	0.8295
1431	1303770630221	1	1.0959	1.1	0.8295
1432	1303770630238	1	1.0959	1.1	0.8295
1433	1303770630255	1	1.0959	1.1	0.8295
1434	1303770630272	1	1.0959	1.1	0.8295
1435	1303770630287	1	1.0959	1.1	0.8295
1436	1303770630304	1	1.0959	1.1	0.8295
1437	1303770630320	1	1.0959	1.1	0.8295
1438	1303770630337	1	1.0959	1.1	0.8295
1439	1303770630354	1	1.0959	1.1	0.8295
1440	1303770630370	1	1.0959	1.1	0.8295
1441	1303770630387	1	1.0959	1.1	0.8295
1442	1303770630403	1	1.0959	1.1	0.8295
1443	1303770630420	1	1.0959	1.1	0.8295
1444	1303770630436	1	1.0959	1.1	0.8295
1445	1303770630454	1	1.0959	1.1	0.8295
1446	1303770630470	1	1.0959	1.1	0.8295
1447	1303770630487	1	1.0959	1.1	0.8295
1448	1303770630503	1	1.0959	1.1	0.8295
1449	1303770630519	1	1.0959	1.1	0.8295
1450	1303770630536	1	1.0959	1.1	0.8295
1451	1303770630552	1	1.0959	1.1	0.8295
1452	1303770630569	1	1.0959	1.1	0.8295
1453	1303770630588	1	1.0959	1.1	0.8295
1454	1303770630610	1	1.0959	1.1	0.8295
1455	1303770630628	1	1.0877	1.1	0.8358
1456	1303770630644	1	1.0877	1.1	0.8358
1457	1303770630706	1	1.0877	1.1	0.8358
1458	1303770630722	1	1.0877	1.1	0.8358
1459	1303770630784	1	1.0877	1.1	0.8358
1460	1303770630802	1	1.0877	1.1	0.8358
1461	1303770630818	1	1.0877	1.1	0.8358
1462	1303770630835	1	1.0877	1.1	0.8358
1463	1303770630851	1	1.0877	1.1	0.8358
1464	1303770630868	1	1.0877	1.1	0.8358
1465	1303770630884	1	1.0877	1.1	0.8358
1466	1303770630902	1	1.0877	1.1	0.8358
1467	1303770630918	1	1.0877	1.1	0.8358
1468	1303770630935	1	1.0877	1.1	0.8358
1469	1303770630952	1	1.0877	1.1	0.8358
1470	1303770630968	1	1.0877	1.1	0.8358
1471	1303770630985	1	1.0877	1.1	0.8358
1472	1303770631001	1	1.0877	1.1	0.8358
1473	1303770631018	1	1.0877	1.1	0.8358
1474	1303770631034	1	1.0877	1.1	0.8358
1475	1303770631096	1	1.0877	1.1	0.8358
1476	1303770631113	1	1.0877	1.1	0.8358
1477	1303770631130	1	1.0877	1.1	0.8358
1478	1303770631147	1	1.0877	1.1	0.8358
1479	1303770631163	1	1.0877	1.1	0.8358
1480	1303770631180	1	1.0877	1.1	0.8358
1481	1303770631196	1	1.0877	1.1	0.8358
1482	1303770631213	1	1.0877	1.1	0.8358
1483	1303770631277	1	1.0877	1.1	0.8358
1484	1303770631293	1	1.0877	1.1	0.8358
1485	1303770631310	1	1.0877	1.1	0.8358
1486	1303770631326	1	1.0877	1.1	0.8358
1487	1303770631344	1	1.0877	1.1	0.8358
1488	1303770631360	1	1.0877	1.1	0.8358
1489	1303770631377	1	1.0877	1.1	0.8358
1490	1303770631393	1	1.0877	1.1	0.8358
1491	1303770631455	1	1.0877	1.1	0.8358
1492	1303770631472	1	1.0877	1.1	0.8358
1493	1303770631488	1	1.0877	1.1	0.8358
1494	1303770631505	1	1.0877	1.1	0.8358
1495	1303770631521	1	1.0877	1.1	0.8358
1496	1303770631538	1	1.0877	1.1	0.8358
1497	1303770631554	1	1.0877	1.1	0.8358
1498	1303770631571	1	1.0877	1.1	0.8358
1499	1303770631587	1	1.0877	1.1	0.8358
1500	1303770631604	1	1.0877	1.1	0.8358
1501	1303770631622	1	1.0877	1.1	0.8358
1502	1303770631638	1	1.0877	1.1	0.8358
1503	1303770631655	1	1.0877	1.1	0.8358
1504	1303770631670	1	1.0877	1.1	0.8358
1505	1303770631688	1	1.0877	1.1	0.8358
1506	1303770631704	1	1.0877	1.1	0.8358
1507	1303770631721	1	1.0877	1.1	0.8358
1508	1303770631737	1	1.0877	1.1	0.8358
1509	1303770631754	1	1.0877	1.1	0.8358
1510	1303770631771	1	1.0877	1.1	0.8358
1511	1303770631787	1	1.0877	1.1	0.8358
1512	1303770631804	1	1.0877	1.1	0.8358
1513	1303770631821	1	1.0877	1.1	0.8358
1514	1303770631841	1	1.0877	1.1	0.8358
1515	1303770631863	1	1.0862	1.1	0.837
1516	1303770631880	1	1.0862	1.1	0.837
1517	1303770631897	1	1.0862	1.1	0.837
1518	1303770631912	1	1.0862	1.1	0.837
1519	1303770631929	1	1.0862	1.1	0.837
1520	1303770631945	1	1.0862	1.1	0.837
1521	1303770631962	1	1.0862	1.1	0.837
1522	1303770631978	1	1.0862	1.1	0.837
1523	1303770631995	1	1.0862	1.1	0.837
1524	1303770632012	1	1.0862	1.1	0.837
1525	1303770632028	1	1.0862	1.1	0.837
1526	1303770632045	1	1.0862	1.1	0.837
1527	1303770632061	1	1.0862	1.1	0.837
1528	1303770632078	1	1.0862	1.1	0.837
1529	1303770632094	1	1.0862	1.1	0.837
1530	1303770632110	1	1.0862	1.1	0.837
1531	1303770632126	1	1.0862	1.1	0.837
1532	1303770632143	1	1.0862	1.1	0.837
1533	1303770632159	1	1.0862	1.1	0.837
1534	1303770632176	1	1.0862	1.1	0.837
1535	1303770632193	1	1.0862	1.1	0.837
1536	1303770632209	1	1.0862	1.1	0.837
1537	1303770632271	1	1.0862	1.1	0.837
1538	1303770632287	1	1.0862	1.1	0.837
1539	1303770632305	1	1.0862	1.1	0.837
1540	1303770632320	1	1.0862	1.1	0.837
1541	1303770632337	1	1.0862	1.1	0.837
1542	1303770632354	1	1.0862	1.1	0.837
1543	1303770632414	1	1.0862	1.1	0.837
1544	1303770632476	1	1.0894	1.1	0.8345
1545	1303770632492	1	1.0894	1.1	0.8345
1546	1303770632509	1	1.0894	1.1	0.8345
1547	1303770632525	1	1.0894	1.1	0.8345
1548	1303770632542	1	1.0894	1.1	0.8345
1549	1303770632558	1	1.0894	1.1	0.8345
1550	1303770632574	1	1.0894	1.1	0.8345
1551	1303770632591	1	1.0894	1.1	0.8345
1552	1303770632607	1	1.0894	1.1	0.8345
1553	1303770632624	1	1.0894	1.1	0.8345
1554	1303770632640	1	1.0894	1.1	0.8345
1555	1303770632657	1	1.0894	1.1	0.8345
1556	1303770632673	1	1.0894	1.1	0.8345
1557	1303770632690	1	1.0894	1.1	0.8345
1558	1303770632707	1	1.0894	1.1	0.8345
1559	1303770632723	1	1.0894	1.1	0.8345
1560	1303770632740	1	1.0894	1.1	0.8345
1561	1303770632756	1	1.0894	1.1	0.8345
1562	1303770632818	1	1.0894	1.1	0.8345
1563	1303770632834	1	1.0894	1.1	0.8345
1564	1303770632852	1	1.0894	1.1	0.8345
1565	1303770632868	1	1.0894	1.1	0.8345
1566	1303770632885	1	1.0894	1.1	0.8345
1567	1303770632902	1	1.0894	1.1	0.8345
1568	1303770632917	1	1.0894	1.1	0.8345
1569	1303770632934	1	1.0894	1.1	0.8345
1570	1303770632950	1	1.0894	1.1	0.8345
1571	1303770632967	1	1.0894	1.1	0.8345
1572	1303770632983	1	1.0894	1.1	0.8345
1573	1303770633000	1	1.0894	1.1	0.8345
1574	1303770633017	1	1.0894	1.1	0.8345
1575	1303770633037	1	1.0964	1.1	0.8292
1576	1303770633105	1	1.0964	1.1	0.8292
1577	1303770633129	1	1.0964	1.1	0.8292
1578	1303770633145	1	1.0964	1.1	0.8292
1579	1303770633208	1	1.0964	1.1	0.8292
1580	1303770633224	1	1.0964	1.1	0.8292
1581	1303770633241	1	1.0964	1.1	0.8292
1582	1303770633257	1	1.0964	1.1	0.8292
1583	1303770633274	1	1.0964	1.1	0.8292
1584	1303770633291	1	1.0964	1.1	0.8292
1585	1303770633307	1	1.0964	1.1	0.8292
1586	1303770633323	1	1.0964	1.1	0.8292
1587	1303770633339	1	1.0964	1.1	0.8292
1588	1303770633356	1	1.0964	1.1	0.8292
1589	1303770633372	1	1.0964	1.1	0.8292
1590	1303770633388	1	1.0964	1.1	0.8292
1591	1303770633449	1	1.0964	1.1	0.8292
1592	1303770633467	1	1.0964	1.1	0.8292
1593	1303770633484	1	1.0964	1.1	0.8292
1594	1303770633500	1	1.0964	1.1	0.8292
1595	1303770633517	1	1.0964	1.1	0.8292
1596	1303770633532	1	1.0964	1.1	0.8292
1597	1303770633549	1	1.0964	1.1	0.8292
1598	1303770633565	1	1.0964	1.1	0.8292
1599	1303770633581	1	1.0964	1.1	0.8292
1600	1303770633597	1	1.0964	1.1	0.8292
1601	1303770633614	1	1.0964	1.1	0.8292
1602	1303770633630	1	1.0964	1.1	0.8292
1603	1303770633647	1	1.0964	1.1	0.8292
1604	1303770633664	1	1.0964	1.1	0.8292
1605	1303770633679	1	1.0964	1.1	0.8292
1606	1303770633696	1	1.0964	1.1	0.8292
1607	1303770633757	1	1.1081	1.1	0.8204
1608	1303770633819	1	1.1081	1.1	0.8204
1609	1303770633835	1	1.1081	1.1	0.8204
1610	1303770633852	1	1.1081	1.1	0.8204
1611	1303770633869	1	1.1081	1.1	0.8204
1612	1303770633885	1	1.1081	1.1	0.8204
1613	1303770633902	1	1.1081	1.1	0.8204
1614	1303770633918	1	1.1081	1.1	0.8204
1615	1303770633934	1	1.1081	1.1	0.8204
1616	1303770633950	1	1.1081	1.1	0.8204
1617	1303770633967	1	1.1081	1.1	0.8204
1618	1303770633983	1	1.1081	1.1	0.8204
1619	1303770633999	1	1.1081	1.1	0.8204
1620	1303770634015	1	1.1081	1.1	0.8204
1621	1303770634032	1	1.1081	1.1	0.8204
1622	1303770634049	1	1.1081	1.1	0.8204
1623	1303770634065	1	1.1081	1.1	0.8204
1624	1303770634081	1	1.1081	1.1	0.8204
1625	1303770634097	1	1.1081	1.1	0.8204
1626	1303770634113	1	1.1081	1.1	0.8204
1627	1303770634129	1	1.1081	1.1	0.8204
1628	1303770634145	1	1.1081	1.1	0.8204
1629	1303770634206	1	1.1081	1.1	0.8204
1630	1303770634224	1	1.1081	1.1	0.8204
1631	1303770634241	1	1.1081	1.1	0.8204
1632	1303770634257	1	1.1081	1.1	0.8204
1633	1303770634273	1	1.1081	1.1	0.8204
1634	1303770634289	1	1.1081	1.1	0.8204
1635	1303770634352	1	1.1081	1.1	0.8204
1636	1303770634370	1	1.1081	1.1	0.8204
1637	1303770634391	1	1.1081	1.1	0.8204
1638	1303770634412	1	1.1081	1.1	0.8204
1639	1303770634428	1	1.1081	1.1	0.8204
1640	1303770634445	1	1.1081	1.1	0.8204
1641	1303770634461	1	1.1081	1.1	0.8204
1642	1303770634477	1	1.1081	1.1	0.8204
1643	1303770634493	1	1.1081	1.1	0.8204
1644	1303770634511	1	1.1081	1.1	0.8204
1645	1303770634527	1	1.1081	1.1	0.8204
1646	1303770634588	1	1.1081	1.1	0.8204
1647	1303770634651	1	1.1081	1.1	0.8204
1648	1303770634667	1	1.1081	1.1	0.8204
1649	1303770634684	1	1.1081	1.1	0.8204
1650	1303770634699	1	1.1081	1.1	0.8204
1651	1303770634716	1	1.1081	1.1	0.8204
1652	1303770634731	1	1.1081	1.1	0.8204
1653	1303770634748	1	1.1081	1.1	0.8204
1654	1303770634765	1	1.1081	1.1	0.8204
1655	1303770634781	1	1.1081	1.1	0.8204
1656	1303770634798	1	1.1081	1.1	0.8204
1657	1303770634813	1	1.1081	1.1	0.8204
1658	1303770634830	1	1.1081	1.1	0.8204
1659	1303770634846	1	1.1081	1.1	0.8204
1660	1303770634908	1	1.1081	1.1	0.8204
1661	1303770634924	1	1.1081	1.1	0.8204
1662	1303770634941	1	1.1081	1.1	0.8204
1663	1303770634958	1	1.1081	1.1	0.8204
1664	1303770635018	1	1.1081	1.1	0.8204
1665	1303770635035	1	1.1081	1.1	0.8204
1666	1303770635051	1	1.1081	1.1	0.8204
1667	1303770635068	1	1.1081	1.1	0.8204
1668	1303770635084	1	1.1081	1.1	0.8204
1669	1303770635101	1	1.1081	1.1	0.8204
1670	1303770635117	1	1.1081	1.1	0.8204
1671	1303770635134	1	1.1081	1.1	0.8204
1672	1303770635151	1	1.1081	1.1	0.8204
1673	1303770635166	1	1.1081	1.1	0.8204
1674	1303770635183	1	1.1081	1.1	0.8204
1675	1303770635199	1	1.1081	1.1	0.8204
1676	1303770635216	1	1.1081	1.1	0.8204
1677	1303770635232	1	1.1081	1.1	0.8204
1678	1303770635249	1	1.1081	1.1	0.8204
1679	1303770635265	1	1.1081	1.1	0.8204
1680	1303770635282	1	1.1081	1.1	0.8204
1681	1303770635344	1	1.1081	1.1	0.8204
1682	1303770635360	1	1.1081	1.1	0.8204
1683	1303770635377	1	1.1081	1.1	0.8204
1684	1303770635393	1	1.1081	1.1	0.8204
1685	1303770635410	1	1.1081	1.1	0.8204
1686	1303770635426	1	1.1081	1.1	0.8204
1687	1303770635442	1	1.1081	1.1	0.8204
1688	1303770635457	1	1.1081	1.1	0.8204
1689	1303770635474	1	1.1081	1.1	0.8204
1690	1303770635490	1	1.1081	1.1	0.8204
1691	1303770635507	1	1.1081	1.1	0.8204
1692	1303770635524	1	1.1081	1.1	0.8204
1693	1303770635539	1	1.1081	1.1	0.8204
1694	1303770635556	1	1.1081	1.1	0.8204
1695	1303770635572	1	1.1081	1.1	0.8204
1696	1303770635589	1	1.1081	1.1	0.8204
1697	1303770635608	1	1.1081	1.1	0.8204
1698	1303770635628	1	1.1081	1.1	0.8204
1699	1303770635651	1	1.1081	1.1	0.8204
1700	1303770635712	1	1.1081	1.1	0.8204
1701	1303770635730	1	1.1081	1.1	0.8204
1702	1303770635746	1	1.1081	1.1	0.8204
1703	1303770635763	1	1.1081	1.1	0.8204
1704	1303770635780	1	1.1081	1.1	0.8204
1705	1303770635796	1	1.1081	1.1	0.8204
1706	1303770635813	1	1.1081	1.1	0.8204
1707	1303770635828	1	1.1081	1.1	0.8204
1708	1303770635845	1	1.1081	1.1	0.8204
1709	1303770635862	1	1.1081	1.1	0.8204
1710	1303770635879	1	1.1081	1.1	0.8204
1711	1303770635895	1	1.1081	1.1	0.8204
1712	1303770635912	1	1.1081	1.1	0.8204
1713	1303770635929	1	1.1081	1.1	0.8204
1714	1303770635945	1	1.1081	1.1	0.8204
1715	1303770635961	1	1.1081	1.1	0.8204
1716	1303770635977	1	1.1081	1.1	0.8204
1717	1303770635994	1	1.1081	1.1	0.8204
1718	1303770636056	1	1.1081	1.1	0.8204
1719	1303770636073	1	1.1081	1.1	0.8204
1720	1303770636091	1	1.1081	1.1	0.8204
1721	1303770636107	1	1.1081	1.1	0.8204
1722	1303770636124	1	1.1081	1.1	0.8204
1723	1303770636140	1	1.1081	1.1	0.8204
1724	1303770636157	1	1.1081	1.1	0.8204
1725	1303770636173	1	1.1081	1.1	0.8204
1726	1303770636190	1	1.1081	1.1	0.8204
1727	1303770636206	1	1.1081	1.1	0.8204
1728	1303770636223	1	1.1081	1.1	0.8204
1729	1303770636239	1	1.1081	1.1	0.8204
1730	1303770636255	1	1.1081	1.1	0.8204
1731	1303770636273	1	1.1081	1.1	0.8204
1732	1303770636288	1	1.1081	1.1	0.8204
1733	1303770636305	1	1.1081	1.1	0.8204
1734	1303770636321	1	1.1081	1.1	0.8204
1735	1303770636338	1	1.1081	1.1	0.8204
1736	1303770636400	1	1.1081	1.1	0.8204
1737	1303770636417	1	1.1081	1.1	0.8204
1738	1303770636436	1	1.1081	1.1	0.8204
1739	1303770636452	1	1.1081	1.1	0.8204
1740	1303770636469	1	1.1081	1.1	0.8204
1741	1303770636485	1	1.1022	1.1	0.8248
1742	1303770636503	1	1.1022	1.1	0.8248
1743	1303770636564	1	1.1022	1.1	0.8248
1744	1303770636582	1	1.1022	1.1	0.8248
1745	1303770636599	1	1.1022	1.1	0.8248
1746	1303770636616	1	1.1022	1.1	0.8248
1747	1303770636633	1	1.1022	1.1	0.8248
1748	1303770636649	1	1.1022	1.1	0.8248
1749	1303770636666	1	1.1022	1.1	0.8248
1750	1303770636683	1	1.1022	1.1	0.8248
1751	1303770636700	1	1.1022	1.1	0.8248
1752	1303770636716	1	1.1022	1.1	0.8248
1753	1303770636777	1	1.1022	1.1	0.8248
1754	1303770636795	1	1.1022	1.1	0.8248
1755	1303770636811	1	1.1022	1.1	0.8248
1756	1303770636829	1	1.1022	1.1	0.8248
1757	1303770636846	1	1.1022	1.1	0.8248
1758	1303770636867	1	1.1022	1.1	0.8248
1759	1303770636886	1	1.1022	1.1	0.8248
1760	1303770636905	1	1.1022	1.1	0.8248
1761	1303770636923	1	1.1022	1.1	0.8248
1762	1303770636939	1	1.1022	1.1	0.8248
1763	1303770637001	1	1.1022	1.1	0.8248
1764	1303770637073	1	1.1022	1.1	0.8248
1765	1303770637089	1	1.1022	1.1	0.8248
1766	1303770637107	1	1.1022	1.1	0.8248
1767	1303770637124	1	1.1022	1.1	0.8248
1768	1303770637146	1	1.1022	1.1	0.8248
1769	1303770637166	1	1.1022	1.1	0.8248
1770	1303770637183	1	1.1022	1.1	0.8248
1771	1303770637200	1	1.1022	1.1	0.8248
1772	1303770637217	1	1.1022	1.1	0.8248
1773	1303770637234	1	1.1022	1.1	0.8248
1774	1303770637251	1	1.1022	1.1	0.8248
1775	1303770637268	1	1.1022	1.1	0.8248
1776	1303770637285	1	1.1022	1.1	0.8248
1777	1303770637302	1	1.1022	1.1	0.8248
1778	1303770637365	1	1.1022	1.1	0.8248
1779	1303770637382	1	1.1022	1.1	0.8248
1780	1303770637399	1	1.1022	1.1	0.8248
1781	1303770637416	1	1.1022	1.1	0.8248
1782	1303770637433	1	1.1022	1.1	0.8248
1783	1303770637449	1	1.1022	1.1	0.8248
1784	1303770637467	1	1.1022	1.1	0.8248
1785	1303770637484	1	1.1022	1.1	0.8248
1786	1303770637500	1	1.1022	1.1	0.8248
1787	1303770637518	1	1.1022	1.1	0.8248
1788	1303770637534	1	1.1022	1.1	0.8248
1789	1303770637551	1	1.1022	1.1	0.8248
1790	1303770637567	1	1.1022	1.1	0.8248
1791	1303770637585	1	1.1022	1.1	0.8248
1792	1303770637601	1	1.1022	1.1	0.8248
1793	1303770637663	1	1.1022	1.1	0.8248
1794	1303770637680	1	1.1022	1.1	0.8248
1795	1303770637697	1	1.1022	1.1	0.8248
1796	1303770637714	1	1.1022	1.1	0.8248
1797	1303770637730	1	1.1022	1.1	0.8248
1798	1303770637748	1	1.1022	1.1	0.8248
1799	1303770637764	1	1.1022	1.1	0.8248
1800	1303770637781	1	1.1022	1.1	0.8248
