0	1303775388099	0	0	0	0
1	1303775388108	0	0	0	0
2	1303775388117	0	0	0	0
3	1303775388139	0	0	0	0
4	1303775388149	0	0	0	0
5	1303775388160	0	0	0	0
6	1303775388171	0	0	0	0
7	1303775388184	0	0	0	0
8	1303775388237	0	0	0	0
9	1303775388249	0	0	0	0
10	1303775388262	0	0	0	0
11	1303775388277	0	0	0	0
12	1303775388331	0	0	0	0
13	1303775388345	0	0	0	0
14	1303775388358	0	0	0	0
15	1303775388372	0	0	0	0
16	1303775388427	0	0	0	0
17	1303775388441	0	0	0	0
18	1303775388496	0	0	0	0
19	1303775388517	0	0	0	0
20	1303775388533	0	0	0	0
21	1303775388548	0	0	0	0
22	1303775388563	0	0	0	0
23	1303775388578	0	0	0	0
24	1303775388593	0	0	0	0
25	1303775388649	0	0	0	0
26	1303775388665	0	0	0	0
27	1303775388681	0	0	0	0
28	1303775388697	0	0	0	0
29	1303775388713	0	0	0	0
30	1303775388730	0	0	0	0
31	1303775388752	0	0	0	0
32	1303775388769	0	0	0	0
33	1303775388786	0	0	0	0
34	1303775388802	0	0	0	0
35	1303775388819	0	0	0	0
36	1303775388836	0	0	0	0
37	1303775388854	0	0	0	0
38	1303775388871	0	0	0	0
39	1303775388929	0	0	0	0
40	1303775388947	0	0	0	0
41	1303775388965	0	0	0	0
42	1303775388983	0	0	0	0
43	1303775389006	0	0	0	0
44	1303775389024	0	0	0	0
45	1303775389043	0	0	0	0
46	1303775389061	0	0	0	0
47	1303775389079	0	0	0	0
48	1303775389097	0	0	0	0
49	1303775389115	0	0	0	0
50	1303775389133	0	0	0	0
51	1303775389191	0	0	0	0
52	1303775389209	0	0	0	0
53	1303775389227	0	0	0	0
54	1303775389252	0	0	0	0
55	1303775389271	0	0	0	0
56	1303775389290	0	0	0	0
57	1303775389309	0	0	0	0
58	1303775389328	0	0	0	0
59	1303775389387	0	0	0	0
60	1303775389405	0	0	0	0
61	1303775389425	0	0	0	0
62	1303775389443	0	0	0	0
63	1303775389463	0	0	0	0
64	1303775389483	0	0	0	0
65	1303775389508	0	0	0	0
66	1303775389528	0	0	0	0
67	1303775389548	0	0	0	0
68	1303775389567	0	0	0	0
69	1303775389587	0	0	0	0
70	1303775389607	0	0	0	0
71	1303775389626	0	0	0	0
72	1303775389646	0	0	0	0
73	1303775389666	0	0	0	0
74	1303775389685	0	0	0	0
75	1303775389711	0	0	0	0
76	1303775389770	0	0	0	0
77	1303775389790	0	0	0	0
78	1303775389810	0	0	0	0
79	1303775389830	0	0	0	0
80	1303775389851	0	0	0	0
81	1303775389871	0	0	0	0
82	1303775389892	0	0	0	0
83	1303775389912	0	0	0	0
84	1303775389933	0	0	0	0
85	1303775389959	0	0	0	0
86	1303775389980	0	0	0	0
87	1303775390039	0	0	0	0
88	1303775390100	0	0	0	0
89	1303775390120	0	0	0	0
90	1303775390141	0	0	0	0
91	1303775390161	0	0	0	0
92	1303775390222	0	0	0	0
93	1303775390242	0	0	0	0
94	1303775390268	0	0	0	0
95	1303775390289	0	0	0	0
96	1303775390310	0	0	0	0
97	1303775390330	0	0	0	0
98	1303775390390	0	0	0	0
99	1303775390412	0	0	0	0
100	1303775390432	0	0	0	0
101	1303775390453	0	0	0	0
102	1303775390474	0	0	0	0
103	1303775390495	0	0	0	0
104	1303775390522	0	0	0	0
105	1303775390543	0	0	0	0
106	1303775390565	0.5	0	0	0
107	1303775390594	0.5	0	0	0
108	1303775390636	0.5	0	0	0
109	1303775390681	0.5	0	0	0
110	1303775390706	0.5	0	0	0
111	1303775390755	0.5	1.1841	1.5	0.2815
112	1303775390798	0.5	1.1841	1.5	0.2815
113	1303775390821	0.5	1.1841	1.5	0.2815
114	1303775390844	0.5	1.1841	1.5	0.2815
115	1303775390867	1	1.1841	1.5	0.563
116	1303775390906	1	1.1841	1.5	0.563
117	1303775390952	1	1.1841	1.4286	0.5912
118	1303775390987	1	1.1841	1.4167	0.5961
119	1303775391012	1	1.1841	1.5	0.563
120	1303775391033	1	1.1841	1.5	0.563
121	1303775391060	1	1.1841	1.5	0.563
122	1303775391082	1	1.1841	1.3333	0.6334
123	1303775391104	1	1.1841	1.2	0.7038
124	1303775391125	1	1.1841	1.1818	0.7146
125	1303775391147	1	1.1841	1.2083	0.6989
126	1303775391169	1	1.1841	1.1786	0.7165
127	1303775391190	1	1.1841	1.1071	0.7628
128	1303775391252	1	1.1841	1.0357	0.8154
129	1303775391274	1	1.1841	1.0357	0.8154
130	1303775391342	1	1.1841	1.0714	0.7882
131	1303775391364	1	1.1841	1.0714	0.7882
132	1303775391386	1	1.1841	1.0714	0.7882
133	1303775391408	1	1.1841	1.0714	0.7882
134	1303775391430	1	1.1841	1.0714	0.7882
135	1303775391452	1	1.1841	1.0714	0.7882
136	1303775391474	1	1.1841	1.0714	0.7882
137	1303775391535	1	1.1841	1.0714	0.7882
138	1303775391556	1	1.1841	1.0714	0.7882
139	1303775391584	1	1.1841	1.0714	0.7882
140	1303775391608	1	1.173	1.1	0.775
141	1303775391674	1	1.1633	1.1	0.7815
142	1303775391700	1	1.1633	1.0714	0.8023
143	1303775391763	1	1.1633	1.1	0.7815
144	1303775391786	1	1.1633	1.0938	0.786
145	1303775391847	1	1.1633	1.0938	0.786
146	1303775391869	1	1.1633	1.1	0.7815
147	1303775391897	1	1.1633	1.0938	0.786
148	1303775391919	1	1.1633	1.0938	0.786
149	1303775391940	1	1.1633	1.0938	0.786
150	1303775391963	1	1.1633	1.0938	0.786
151	1303775392025	1	1.1633	1.0938	0.786
152	1303775392048	1	1.1633	1.0938	0.786
153	1303775392070	1	1.1633	1.0938	0.786
154	1303775392133	1	1.1633	1.0938	0.786
155	1303775392160	1	1.1633	1.0938	0.786
156	1303775392182	1	1.1633	1.0938	0.786
157	1303775392204	1	1.1633	1.0938	0.786
158	1303775392266	1	1.1633	1.0938	0.786
159	1303775392329	1	1.1633	1.0938	0.786
160	1303775392351	1	1.1633	1.0938	0.786
161	1303775392373	1	1.1633	1.0938	0.786
162	1303775392435	1	1.1633	1.0938	0.786
163	1303775392498	1	1.1633	1.0938	0.786
164	1303775392525	1	1.1633	1.0938	0.786
165	1303775392547	1	1.1633	1.0938	0.786
166	1303775392569	1	1.1633	1.0882	0.79
167	1303775392591	1	1.1633	1.0882	0.79
168	1303775392613	1	1.1633	1.0882	0.79
169	1303775392635	1	1.1633	1.0882	0.79
170	1303775392657	1	1.1633	1.0882	0.79
171	1303775392769	1	1.1918	1.0882	0.7711
172	1303775392929	1	1.1716	1.1176	0.7637
173	1303775392992	1	1.1675	1.1176	0.7664
174	1303775393058	1	1.1675	1.1176	0.7664
175	1303775393121	1	1.1697	1.1176	0.7649
176	1303775393149	1	1.1697	1.1176	0.7649
177	1303775393171	1	1.1697	1.1176	0.7649
178	1303775393233	1	1.1697	1.1111	0.7694
179	1303775393254	1	1.1697	1.1176	0.7649
180	1303775393316	1	1.1697	1.1176	0.7649
181	1303775393338	1	1.1697	1.1111	0.7694
182	1303775393359	1	1.1697	1.1111	0.7694
183	1303775393381	1	1.1697	1.0833	0.7892
184	1303775393403	1	1.1697	1.0833	0.7892
185	1303775393431	1	1.1697	1.0833	0.7892
186	1303775393493	1	1.1697	1.0833	0.7892
187	1303775393514	1	1.1697	1.0833	0.7892
188	1303775393535	1	1.1697	1.0833	0.7892
189	1303775393556	1	1.1697	1.0833	0.7892
190	1303775393577	1	1.1697	1.0833	0.7892
191	1303775393599	1	1.1697	1.0833	0.7892
192	1303775393621	1	1.1697	1.0833	0.7892
193	1303775393643	1	1.1697	1.0833	0.7892
194	1303775393710	1	1.1697	1.0833	0.7892
195	1303775393732	1	1.1697	1.0833	0.7892
196	1303775393754	1	1.1697	1.0833	0.7892
197	1303775393775	1	1.1697	1.0833	0.7892
198	1303775393797	1	1.1697	1.0789	0.7924
199	1303775393818	1	1.1697	1.0833	0.7892
200	1303775393840	1	1.1697	1.0789	0.7924
201	1303775393866	1	1.1697	1.0833	0.7892
202	1303775393961	1	1.1697	1.0789	0.7924
203	1303775394013	1	1.1697	1.0789	0.7924
204	1303775394036	1	1.1697	1.0789	0.7924
205	1303775394059	1	1.1697	1.0789	0.7924
206	1303775394080	1	1.1697	1.1053	0.7735
207	1303775394102	1	1.1697	1.0789	0.7924
208	1303775394124	1	1.1697	1.0789	0.7924
209	1303775394186	1	1.1697	1.0789	0.7924
210	1303775394213	1	1.1697	1.0789	0.7924
211	1303775394234	1	1.1697	1.0789	0.7924
212	1303775394256	1	1.1697	1.0789	0.7924
213	1303775394277	1	1.1697	1.0789	0.7924
214	1303775394299	1	1.1697	1.0789	0.7924
215	1303775394320	1	1.1697	1.075	0.7953
216	1303775394342	1	1.1697	1.0789	0.7924
217	1303775394363	1	1.1697	1.075	0.7953
218	1303775394384	1	1.1697	1.075	0.7953
219	1303775394411	1	1.1697	1.075	0.7953
220	1303775394432	1	1.1697	1.075	0.7953
221	1303775394454	1	1.1697	1.075	0.7953
222	1303775394475	1	1.1697	1.075	0.7953
223	1303775394497	1	1.1697	1.075	0.7953
224	1303775394517	1	1.1697	1.075	0.7953
225	1303775394539	1	1.1697	1.075	0.7953
226	1303775394560	1	1.1697	1.075	0.7953
227	1303775394581	1	1.1697	1.075	0.7953
228	1303775394601	1	1.1697	1.075	0.7953
229	1303775394628	1	1.1697	1.075	0.7953
230	1303775394650	1	1.1697	1.075	0.7953
231	1303775394672	1	1.1697	1.075	0.7953
232	1303775395868	1	1.167	1.075	0.7971
233	1303775397955	1	1.1674	1.075	0.7968
234	1303775398065	1	1.1674	1.075	0.7968
235	1303775398088	1	1.1674	1.075	0.7968
236	1303775398111	1	1.1674	1.05	0.8158
237	1303775398132	1	1.1674	1.075	0.7968
238	1303775398154	1	1.1674	1.075	0.7968
239	1303775398175	1	1.1674	1.075	0.7968
240	1303775398197	1	1.1674	1.05	0.8158
241	1303775398219	1	1.1674	1.075	0.7968
242	1303775398286	1	1.1674	1.075	0.7968
243	1303775398308	1	1.1674	1.075	0.7968
244	1303775398353	1	1.1674	1.05	0.8158
245	1303775398375	1	1.1674	1.075	0.7968
246	1303775398437	1	1.2674	1.075	0.7339
247	1303775398460	1	1.2674	1.075	0.7339
248	1303775398482	1	1.2674	1.05	0.7514
249	1303775398505	1	1.2674	1.075	0.7339
250	1303775398527	1	1.2674	1.075	0.7339
251	1303775398555	1	1.2674	1.075	0.7339
252	1303775398577	1	1.2674	1.05	0.7514
253	1303775398598	1	1.2674	1.075	0.7339
254	1303775398620	1	1.2674	1.075	0.7339
255	1303775398682	1	1.2674	1.075	0.7339
256	1303775398704	1	1.2674	1.075	0.7339
257	1303775398725	1	1.2674	1.075	0.7339
258	1303775398747	1	1.2674	1.075	0.7339
259	1303775398769	1	1.2674	1.075	0.7339
260	1303775398837	1	1.2674	1.075	0.7339
261	1303775398900	1	1.2674	1.075	0.7339
262	1303775398937	1	1.2674	1.075	0.7339
263	1303775399072	1	1.2674	1.075	0.7339
264	1303775399106	1	1.2674	1.075	0.7339
265	1303775399130	1	1.2674	1.075	0.7339
266	1303775399159	1	1.2674	1.075	0.7339
267	1303775399182	1	1.2674	1.1	0.7173
268	1303775399203	1	1.2674	1.1	0.7173
269	1303775399225	1	1.2674	1.1	0.7173
270	1303775399247	1	1.2674	1.1	0.7173
271	1303775399269	1	1.2674	1.1	0.7173
272	1303775399290	1	1.2674	1.1	0.7173
273	1303775399312	1	1.2674	1.1	0.7173
274	1303775399334	1	1.2674	1.1	0.7173
275	1303775399361	1	1.2674	1.1	0.7173
276	1303775399423	1	1.2674	1.1	0.7173
277	1303775399445	1	1.2674	1.1	0.7173
278	1303775399466	1	1.2674	1.1	0.7173
279	1303775399488	1	1.2674	1.1	0.7173
280	1303775399510	1	1.2674	1.1	0.7173
281	1303775399531	1	1.2674	1.1	0.7173
282	1303775399553	1	1.2674	1.1	0.7173
283	1303775399614	1	1.2674	1.1	0.7173
284	1303775399641	1	1.2674	1.1	0.7173
285	1303775399662	1	1.2674	1.1	0.7173
286	1303775399724	1	1.2674	1.1	0.7173
287	1303775399785	1	1.2674	1.1	0.7173
288	1303775399806	1	1.2674	1.1	0.7173
289	1303775399826	1	1.2674	1.1	0.7173
290	1303775399848	1	1.2674	1.1	0.7173
291	1303775399910	1	1.2674	1.1	0.7173
292	1303775399932	1	1.2674	1.1	0.7173
293	1303775400753	1	1.2654	1.1	0.7184
294	1303775402752	1	1.2654	1.1	0.7184
295	1303775402789	1	1.2649	1.1	0.7187
296	1303775402812	1	1.2649	1.1	0.7187
297	1303775402835	1	1.2649	1.1	0.7187
298	1303775402862	1	1.2649	1.1	0.7187
299	1303775402883	1	1.2649	1.1	0.7187
300	1303775402905	1	1.2649	1.119	0.7065
301	1303775402926	1	1.2649	1.075	0.7354
302	1303775402987	1	1.2649	1.125	0.7028
303	1303775403009	1	1.2649	1.1429	0.6918
304	1303775403036	1	1.2649	1.0952	0.7219
305	1303775403057	1	1.2649	1.0714	0.7379
306	1303775403078	1	1.2649	1.0714	0.7379
307	1303775403099	1	1.2649	1.0714	0.7379
308	1303775403120	1	1.2649	1.0952	0.7219
309	1303775403142	1	1.2649	1.0952	0.7219
310	1303775403163	1	1.2649	1.0952	0.7219
311	1303775403225	1	1.2649	1.0952	0.7219
312	1303775403246	1	1.2649	1.0952	0.7219
313	1303775403273	1	1.2649	1.0952	0.7219
314	1303775403294	1	1.2649	1.0952	0.7219
315	1303775403315	1	1.2649	1.0952	0.7219
316	1303775403337	1	1.2649	1.0952	0.7219
317	1303775403358	1	1.2649	1.0952	0.7219
318	1303775403380	1	1.2649	1.0952	0.7219
319	1303775403402	1	1.2649	1.0909	0.7247
320	1303775403424	1	1.2649	1.0909	0.7247
321	1303775403445	1	1.2649	1.0682	0.7401
322	1303775403473	1	1.2649	1.0682	0.7401
323	1303775403499	1	1.2649	1.0909	0.7247
324	1303775406428	1	1.2649	1.0909	0.7247
325	1303775411191	1	1.2649	1.0909	0.7247
326	1303775411446	1	1.2649	1.0909	0.7247
327	1303775411469	1	1.2649	1.0682	0.7401
328	1303775411491	1	1.3927	1.0682	0.6722
329	1303775411512	1	1.3927	1.0682	0.6722
330	1303775411540	1	1.3927	1.0682	0.6722
331	1303775411562	1	1.3927	1.0682	0.6722
332	1303775411583	1	1.3927	1.0682	0.6722
333	1303775411604	1	1.3927	1.0682	0.6722
334	1303775411626	1	1.3927	1.0682	0.6722
335	1303775411647	1	1.3927	1.0682	0.6722
336	1303775411668	1	1.3927	1.0682	0.6722
337	1303775411690	1	1.3927	1.0682	0.6722
338	1303775411711	1	1.3927	1.0682	0.6722
339	1303775411739	1	1.3927	1.0682	0.6722
340	1303775411761	1	1.3927	1.0682	0.6722
341	1303775411822	1	1.3927	1.0682	0.6722
342	1303775411844	1	1.3927	1.0682	0.6722
343	1303775411865	1	1.3927	1.0682	0.6722
344	1303775411887	1	1.3927	1.0682	0.6722
345	1303775411908	1	1.3927	1.0682	0.6722
346	1303775411930	1	1.3927	1.0682	0.6722
347	1303775411990	1	1.3927	1.0682	0.6722
348	1303775412020	1	1.3927	1.0682	0.6722
349	1303775412041	1	1.3927	1.0682	0.6722
350	1303775412063	1	1.3927	1.0682	0.6722
351	1303775412085	1	1.3927	1.0682	0.6722
352	1303775412106	1	1.3927	1.0682	0.6722
353	1303775412131	1	1.3927	1.0682	0.6722
354	1303775414993	1	1.3928	1.0682	0.6722
355	1303775419376	1	1.3928	1.0682	0.6722
356	1303775419454	1	1.3928	1.0682	0.6722
357	1303775419477	1	1.3928	1.0682	0.6722
358	1303775419499	1	1.3928	1.0682	0.6722
359	1303775419520	1	1.3928	1.0682	0.6722
360	1303775419542	1	1.3928	1.0682	0.6722
361	1303775419563	1	1.3928	1.0682	0.6722
362	1303775419590	1	1.3928	1.0682	0.6722
363	1303775419611	1	1.3928	1.0652	0.674
364	1303775419633	1	1.3928	1.0682	0.6722
365	1303775419655	1	1.3928	1.0652	0.674
366	1303775419676	1	1.3928	1.0652	0.674
367	1303775419698	1	1.3928	1.0682	0.6722
368	1303775419720	1	1.3928	1.0652	0.674
369	1303775419741	1	1.3928	1.0652	0.674
370	1303775419763	1	1.3928	1.0652	0.674
371	1303775419789	1	1.3928	1.0652	0.674
372	1303775419811	1	1.3928	1.0652	0.674
373	1303775419832	1	1.3928	1.0652	0.674
374	1303775419854	1	1.3928	1.0652	0.674
375	1303775419876	1	1.3928	1.0652	0.674
376	1303775419897	1	1.3928	1.0652	0.674
377	1303775419919	1	1.3928	1.0652	0.674
378	1303775419941	1	1.3928	1.0652	0.674
379	1303775419962	1	1.3928	1.0652	0.674
380	1303775419988	1	1.3928	1.0652	0.674
381	1303775420010	1	1.3928	1.0652	0.674
382	1303775420032	1	1.3928	1.0652	0.674
383	1303775420053	1	1.3928	1.0652	0.674
384	1303775420079	1	1.2926	1.0652	0.7263
385	1303775420111	1	1.1986	1.0652	0.7832
386	1303775420176	1	1.1989	1.0652	0.783
387	1303775420200	1	1.1989	1.0652	0.783
388	1303775420227	1	1.1989	1.0652	0.783
389	1303775420249	1	1.1989	1.0435	0.7993
390	1303775420270	1	1.1989	1.0435	0.7993
391	1303775420292	1	1.1989	1.0435	0.7993
392	1303775420313	1	1.1989	1.0625	0.785
393	1303775420334	1	1.1989	1.0417	0.8007
394	1303775420356	1	1.1989	1.0435	0.7993
395	1303775420377	1	1.1989	1.0435	0.7993
396	1303775420399	1	1.1989	1.0417	0.8007
397	1303775420426	1	1.1989	1.0625	0.785
398	1303775420448	1	1.1989	1.0417	0.8007
399	1303775420469	1	1.1989	1.06	0.7869
400	1303775420491	1	1.1989	1.0417	0.8007
401	1303775420512	1	1.1989	1.06	0.7869
402	1303775420573	1	1.1989	1.06	0.7869
403	1303775420594	1	1.1989	1.0625	0.785
404	1303775420615	1	1.1989	1.08	0.7723
405	1303775420677	1	1.1989	1.0625	0.785
406	1303775420704	1	1.1989	1.08	0.7723
407	1303775420766	1	1.1989	1.06	0.7869
408	1303775420788	1	1.1989	1.06	0.7869
409	1303775420809	1	1.1989	1.06	0.7869
410	1303775420830	1	1.1989	1.08	0.7723
411	1303775420851	1	1.1989	1.06	0.7869
412	1303775420873	1	1.1989	1.06	0.7869
413	1303775420895	1	1.1989	1.08	0.7723
414	1303775420958	1	1.1989	1.08	0.7723
415	1303775422146	1	1.1989	1.06	0.7869
416	1303775424008	1	1.1989	1.06	0.7869
417	1303775424049	1	1.1989	1.06	0.7869
418	1303775424072	1	1.1756	1.08	0.7876
419	1303775424094	1	1.1756	1.06	0.8025
420	1303775424116	1	1.1756	1.06	0.8025
421	1303775424137	1	1.1756	1.06	0.8025
422	1303775424158	1	1.1756	1.08	0.7876
423	1303775424184	1	1.1756	1.06	0.8025
424	1303775424205	1	1.1756	1.08	0.7876
425	1303775424227	1	1.1756	1.06	0.8025
426	1303775424248	1	1.1756	1.08	0.7876
427	1303775424270	1	1.1756	1.06	0.8025
428	1303775424291	1	1.1756	1.08	0.7876
429	1303775424312	1	1.1756	1.06	0.8025
430	1303775424334	1	1.1756	1.08	0.7876
431	1303775424355	1	1.1756	1.06	0.8025
432	1303775424381	1	1.1756	1.08	0.7876
433	1303775424402	1	1.1756	1.06	0.8025
434	1303775424423	1	1.1756	1.08	0.7876
435	1303775424445	1	1.1756	1.08	0.7876
436	1303775424466	1	1.1756	1.08	0.7876
437	1303775424487	1	1.1756	1.06	0.8025
438	1303775424508	1	1.1756	1.08	0.7876
439	1303775424529	1	1.1756	1.08	0.7876
440	1303775424550	1	1.1756	1.08	0.7876
441	1303775424577	1	1.1756	1.06	0.8025
442	1303775424598	1	1.1756	1.08	0.7876
443	1303775424619	1	1.1756	1.08	0.7876
444	1303775424640	1	1.1756	1.08	0.7876
445	1303775424677	1	1.1756	1.06	0.8025
446	1303775427371	1	1.1723	1.08	0.7899
447	1303775432310	1	1.1783	1.1	0.7716
448	1303775432339	1	1.1783	1.1	0.7716
449	1303775432362	1	1.1783	1.0962	0.7743
450	1303775432424	1	1.1783	1.1	0.7716
451	1303775432445	1	1.1783	1.1	0.7716
452	1303775432466	1	1.1783	1.1154	0.7609
453	1303775432527	1	1.1783	1.0769	0.7881
454	1303775432548	1	1.1783	1.0926	0.7768
455	1303775432569	1	1.1783	1.06	0.8007
456	1303775432630	1	1.1783	1.06	0.8007
457	1303775432657	1	1.1783	1.0556	0.804
458	1303775432678	1	1.1783	1.0926	0.7768
459	1303775432699	1	1.1783	1.0741	0.7902
460	1303775432720	1	1.1783	1.0893	0.7791
461	1303775432741	1	1.1783	1.0192	0.8327
462	1303775432762	1	1.1783	1.0893	0.7791
463	1303775432783	1	1.1783	1.0556	0.804
464	1303775432804	1	1.1783	1.0556	0.804
465	1303775432825	1	1.1783	1.037	0.8184
466	1303775432851	1	1.1783	1.0556	0.804
467	1303775432872	1	1.1783	1.0536	0.8056
468	1303775432893	1	1.1783	1.0556	0.804
469	1303775432915	1	1.1783	1.0357	0.8194
470	1303775432936	1	1.1783	1.0536	0.8056
471	1303775432957	1	1.1783	1.0556	0.804
472	1303775432978	1	1.1783	1.0556	0.804
473	1303775432999	1	1.1783	1.0357	0.8194
474	1303775433021	1	1.1783	1.0556	0.804
475	1303775433049	1	1.1783	1.0556	0.804
476	1303775434500	1	1.1783	1.0556	0.804
477	1303775436619	1	1.1783	1.0357	0.8194
478	1303775436793	1	1.1783	1.0536	0.8056
479	1303775436816	1	1.2181	1.0536	0.7792
480	1303775436837	1	1.2181	1.0536	0.7792
481	1303775436859	1	1.2181	1.0357	0.7927
482	1303775436879	1	1.2181	1.0536	0.7792
483	1303775436901	1	1.2181	1.0536	0.7792
484	1303775436922	1	1.2181	1.0536	0.7792
485	1303775436948	1	1.2181	1.0357	0.7927
486	1303775436969	1	1.2181	1.0536	0.7792
487	1303775436990	1	1.2181	1.0536	0.7792
488	1303775437011	1	1.2181	1.0536	0.7792
489	1303775437073	1	1.2181	1.0357	0.7927
490	1303775437094	1	1.2181	1.0536	0.7792
491	1303775437115	1	1.2181	1.0536	0.7792
492	1303775437136	1	1.2181	1.0536	0.7792
493	1303775437157	1	1.2181	1.0357	0.7927
494	1303775437224	1	1.2181	1.0536	0.7792
495	1303775437245	1	1.2181	1.0536	0.7792
496	1303775437306	1	1.2181	1.0536	0.7792
497	1303775437326	1	1.2181	1.0357	0.7927
498	1303775437347	1	1.2181	1.0536	0.7792
499	1303775437368	1	1.2181	1.0536	0.7792
500	1303775437389	1	1.2181	1.0536	0.7792
501	1303775437410	1	1.2181	1.0357	0.7927
502	1303775437431	1	1.2181	1.0536	0.7792
503	1303775437452	1	1.2181	1.0536	0.7792
504	1303775437478	1	1.2181	1.0536	0.7792
505	1303775437499	1	1.2181	1.0357	0.7927
506	1303775437553	1	1.2181	1.0536	0.7792
507	1303775437637	1	1.2181	1.0536	0.7792
508	1303775437733	1	1.2415	1.0536	0.7645
509	1303775437760	1	1.2415	1.0357	0.7777
510	1303775437788	1	1.2415	1.0357	0.7777
511	1303775437810	1	1.2415	1.0536	0.7645
512	1303775437870	1	1.2496	1.0536	0.7596
513	1303775437931	1	1.2496	1.0357	0.7727
514	1303775437952	1	1.2496	1.0357	0.7727
515	1303775437973	1	1.2496	1.0536	0.7596
516	1303775437994	1	1.2496	1.0357	0.7727
517	1303775438015	1	1.2496	1.0357	0.7727
518	1303775438042	1	1.2496	1.0536	0.7596
519	1303775438063	1	1.2496	1.0357	0.7727
520	1303775438084	1	1.2496	1.0357	0.7727
521	1303775438105	1	1.2496	1.0536	0.7596
522	1303775438127	1	1.2496	1.0357	0.7727
523	1303775438148	1	1.2496	1.0357	0.7727
524	1303775438209	1	1.2496	1.0536	0.7596
525	1303775438230	1	1.2496	1.0536	0.7596
526	1303775438252	1	1.2496	1.0357	0.7727
527	1303775438319	1	1.2496	1.0357	0.7727
528	1303775438340	1	1.2496	1.0536	0.7596
529	1303775438362	1	1.2496	1.0357	0.7727
530	1303775438383	1	1.2496	1.0357	0.7727
531	1303775438404	1	1.2496	1.0536	0.7596
532	1303775438425	1	1.2496	1.0536	0.7596
533	1303775438446	1	1.2496	1.0357	0.7727
534	1303775438467	1	1.2496	1.0357	0.7727
535	1303775438488	1	1.2496	1.0536	0.7596
536	1303775438526	1	1.2496	1.0536	0.7596
537	1303775444430	1	1.249	1.0357	0.7731
538	1303775450116	1	1.2485	1.0357	0.7733
539	1303775450143	1	1.2485	1.0536	0.7602
540	1303775450168	1	1.2481	1.0536	0.7605
541	1303775450191	1	1.2481	1.0357	0.7736
542	1303775450214	1	1.2481	1.0357	0.7736
543	1303775450274	1	1.2481	1.0536	0.7605
544	1303775450295	1	1.2481	1.0536	0.7605
545	1303775450317	1	1.2481	1.0357	0.7736
546	1303775450344	1	1.2481	1.0357	0.7736
547	1303775450405	1	1.2481	1.0536	0.7605
548	1303775450427	1	1.2481	1.0536	0.7605
549	1303775450448	1	1.2481	1.0357	0.7736
550	1303775450509	1	1.24	1.0357	0.7786
551	1303775450531	1	1.24	1.0536	0.7654
552	1303775450553	1	1.24	1.0536	0.7654
553	1303775450574	1	1.24	1.0357	0.7786
554	1303775450596	1	1.24	1.0357	0.7786
555	1303775450623	1	1.24	1.0536	0.7654
556	1303775450645	1	1.24	1.0357	0.7786
557	1303775450666	1	1.24	1.0357	0.7786
558	1303775450687	1	1.24	1.0357	0.7786
559	1303775450709	1	1.24	1.0536	0.7654
560	1303775450730	1	1.24	1.0357	0.7786
561	1303775450752	1	1.24	1.0357	0.7786
562	1303775450773	1	1.24	1.0536	0.7654
563	1303775450794	1	1.24	1.0536	0.7654
564	1303775450821	1	1.24	1.0357	0.7786
565	1303775450843	1	1.24	1.0357	0.7786
566	1303775450864	1	1.24	1.0536	0.7654
567	1303775450944	1	1.24	1.0536	0.7654
568	1303775451129	1	1.24	1.0357	0.7786
569	1303775451183	1	1.24	1.0357	0.7786
570	1303775451209	1	1.2265	1.0536	0.7739
571	1303775451232	1	1.2265	1.0536	0.7739
572	1303775451294	1	1.2265	1.0357	0.7872
573	1303775451316	1	1.2265	1.0357	0.7872
574	1303775451378	1	1.2265	1.0357	0.7872
575	1303775451399	1	1.2265	1.0536	0.7739
576	1303775451421	1	1.2265	1.0179	0.801
577	1303775451448	1	1.2265	1.0357	0.7872
578	1303775451469	1	1.2265	1.0536	0.7739
579	1303775451491	1	1.2265	1.0357	0.7872
580	1303775451512	1	1.2265	1.0179	0.801
581	1303775451534	1	1.2265	1.0536	0.7739
582	1303775451556	1	1.2265	1.0536	0.7739
583	1303775451577	1	1.2265	1.0357	0.7872
584	1303775451599	1	1.2265	1.0179	0.801
585	1303775451620	1	1.2265	1.0536	0.7739
586	1303775451647	1	1.2265	1.0357	0.7872
587	1303775451669	1	1.2265	1.0357	0.7872
588	1303775451691	1	1.2265	1.0357	0.7872
589	1303775451752	1	1.2712	1.0536	0.7467
590	1303775451774	1	1.2712	1.0357	0.7595
591	1303775451835	1	1.2712	1.0357	0.7595
592	1303775451856	1	1.2712	1.0357	0.7595
593	1303775451878	1	1.2712	1.0357	0.7595
594	1303775451899	1	1.2712	1.0357	0.7595
595	1303775451927	1	1.2712	1.0536	0.7467
596	1303775451948	1	1.2712	1.0357	0.7595
597	1303775451976	1	1.2712	1.0357	0.7595
598	1303775452736	1	1.2712	1.0357	0.7595
599	1303775453241	1	1.2712	1.0536	0.7467
600	1303775453284	1	1.2712	1.0179	0.7729
601	1303775453307	1	1.2733	1.0357	0.7583
602	1303775453329	1	1.2733	1.0536	0.7454
603	1303775453356	1	1.2733	1.0536	0.7454
604	1303775453418	1	1.2817	1.0179	0.7665
605	1303775453440	1	1.2817	1.0357	0.7533
606	1303775453461	1	1.2817	1.0536	0.7406
607	1303775453483	1	1.2817	1.0536	0.7406
608	1303775453505	1	1.2817	1.0179	0.7665
609	1303775453526	1	1.2817	1.0357	0.7533
610	1303775453548	1	1.2817	1.0536	0.7406
611	1303775453569	1	1.2817	1.0536	0.7406
612	1303775453636	1	1.2817	1.0179	0.7665
613	1303775453657	1	1.2817	1.0357	0.7533
614	1303775453678	1	1.2817	1.0536	0.7406
615	1303775453699	1	1.2817	1.0536	0.7406
616	1303775453721	1	1.2817	1.0179	0.7665
617	1303775453742	1	1.2817	1.0357	0.7533
618	1303775453763	1	1.2817	1.0536	0.7406
619	1303775453785	1	1.2817	1.0357	0.7533
620	1303775453806	1	1.2817	1.0179	0.7665
621	1303775453833	1	1.2817	1.0536	0.7406
622	1303775453854	1	1.2817	1.0536	0.7406
623	1303775453875	1	1.2817	1.0357	0.7533
624	1303775453936	1	1.2817	1.0179	0.7665
625	1303775453957	1	1.2817	1.0536	0.7406
626	1303775454019	1	1.2743	1.0536	0.7449
627	1303775454040	1	1.2743	1.0357	0.7577
628	1303775454124	1	1.2743	1.0179	0.771
629	1303775454335	1	1.2785	1.0536	0.7424
630	1303775454392	1	1.2785	1.0357	0.7552
631	1303775454424	1	1.2776	1.0357	0.7558
632	1303775454451	1	1.2776	1.0357	0.7558
633	1303775454480	1	1.2776	1.0536	0.7429
634	1303775454501	1	1.2776	1.0357	0.7558
635	1303775454523	1	1.2776	1.0357	0.7558
636	1303775454544	1	1.2776	1.0357	0.7558
637	1303775454566	1	1.2776	1.0357	0.7558
638	1303775454587	1	1.2776	1.0357	0.7558
639	1303775454608	1	1.2776	1.0536	0.7429
640	1303775454629	1	1.2776	1.0357	0.7558
641	1303775454690	1	1.2776	1.0357	0.7558
642	1303775454717	1	1.2776	1.0357	0.7558
643	1303775454739	1	1.2776	1.0536	0.7429
644	1303775454760	1	1.2776	1.0179	0.769
645	1303775454781	1	1.2776	1.0357	0.7558
646	1303775454843	1	1.3563	1.0536	0.6998
647	1303775454865	1	1.3563	1.0536	0.6998
648	1303775454886	1	1.3563	1.0179	0.7243
649	1303775454907	1	1.3563	1.0357	0.7119
650	1303775454928	1	1.3563	1.0536	0.6998
651	1303775454956	1	1.3563	1.0357	0.7119
652	1303775454977	1	1.3563	1.0179	0.7243
653	1303775454998	1	1.3563	1.0536	0.6998
654	1303775455020	1	1.3563	1.0536	0.6998
655	1303775455041	1	1.3563	1.0357	0.7119
656	1303775455062	1	1.3563	1.0179	0.7243
657	1303775455084	1	1.3563	1.0357	0.7119
658	1303775455110	1	1.3563	1.0357	0.7119
659	1303775456270	1	1.3566	1.0357	0.7117
660	1303775457065	1	1.3565	1.0357	0.7118
661	1303775457100	1	1.3562	1.0357	0.7119
662	1303775457127	1	1.3562	1.0357	0.7119
663	1303775457158	1	1.3562	1.0357	0.7119
664	1303775457180	1	1.3562	1.0357	0.7119
665	1303775457202	1	1.3562	1.0179	0.7244
666	1303775457223	1	1.3562	1.0357	0.7119
667	1303775457245	1	1.3562	1.0536	0.6998
668	1303775457266	1	1.3562	1.0357	0.7119
669	1303775457288	1	1.3562	1.0179	0.7244
670	1303775457309	1	1.3562	1.0357	0.7119
671	1303775457331	1	1.3562	1.0536	0.6998
672	1303775457401	1	1.3931	1.0179	0.7052
673	1303775457423	1	1.3931	1.0179	0.7052
674	1303775457444	1	1.3931	1.0536	0.6813
675	1303775457465	1	1.3931	1.0536	0.6813
676	1303775457487	1	1.3931	1.0179	0.7052
677	1303775457508	1	1.3931	1.0179	0.7052
678	1303775457530	1	1.3931	1.0536	0.6813
679	1303775457551	1	1.3931	1.0357	0.6931
680	1303775457572	1	1.3931	1.0179	0.7052
681	1303775457601	1	1.3931	1.0357	0.6931
682	1303775457623	1	1.3931	1.0536	0.6813
683	1303775457644	1	1.3931	1.0357	0.6931
684	1303775457665	1	1.3931	1.0179	0.7052
685	1303775457687	1	1.3931	1.0357	0.6931
686	1303775457708	1	1.3931	1.0357	0.6931
687	1303775457730	1	1.3931	1.0357	0.6931
688	1303775457791	1	1.3931	1.0357	0.6931
689	1303775457907	1	1.3931	1.0357	0.6931
690	1303775458169	1	1.3931	1.0357	0.6931
691	1303775458279	1	1.3871	1.0179	0.7083
692	1303775458316	1	1.3871	1.0357	0.6961
693	1303775458342	1	1.379	1.0357	0.7002
694	1303775458366	1	1.379	1.0357	0.7002
695	1303775458388	1	1.379	1.0357	0.7002
696	1303775458409	1	1.379	1.0179	0.7124
697	1303775458431	1	1.379	1.0357	0.7002
698	1303775458452	1	1.379	1.0357	0.7002
699	1303775458512	1	1.379	1.0357	0.7002
700	1303775458540	1	1.379	1.0357	0.7002
701	1303775458561	1	1.379	1.0357	0.7002
702	1303775458583	1	1.379	1.0357	0.7002
703	1303775458604	1	1.379	1.0179	0.7124
704	1303775458626	1	1.379	1.0357	0.7002
705	1303775458648	1	1.379	1.0357	0.7002
706	1303775458669	1	1.379	1.0179	0.7124
707	1303775458690	1	1.379	1.0357	0.7002
708	1303775458711	1	1.379	1.0536	0.6883
709	1303775458778	1	1.3756	1.0357	0.7019
710	1303775458800	1	1.3756	1.0179	0.7142
711	1303775458821	1	1.3756	1.0357	0.7019
712	1303775458843	1	1.3756	1.0357	0.7019
713	1303775458905	1	1.3756	1.0179	0.7142
714	1303775458927	1	1.3756	1.0357	0.7019
715	1303775458948	1	1.3756	1.0536	0.69
716	1303775458970	1	1.3756	1.0179	0.7142
717	1303775458991	1	1.3756	1.0179	0.7142
718	1303775459059	1	1.3756	1.0536	0.69
719	1303775459086	1	1.3756	1.0357	0.7019
720	1303775460695	1	1.3756	1.0179	0.7142
721	1303775461922	1	1.3756	1.0357	0.7019
722	1303775461977	1	1.3756	1.0536	0.69
723	1303775462041	1	1.3879	1.0179	0.7078
724	1303775462064	1	1.3879	1.0179	0.7078
725	1303775462086	1	1.3879	1.0536	0.6839
726	1303775462107	1	1.3879	1.0179	0.7078
727	1303775462129	1	1.3879	1.0179	0.7078
728	1303775462156	1	1.3879	1.0536	0.6839
729	1303775462178	1	1.3879	1.0357	0.6956
730	1303775462200	1	1.3879	1.0179	0.7078
731	1303775462221	1	1.3879	1.0357	0.6956
732	1303775462243	1	1.3879	1.0357	0.6956
733	1303775462265	1	1.3879	1.0179	0.7078
734	1303775462286	1	1.3879	1.0357	0.6956
735	1303775462307	1	1.3879	1.0536	0.6839
736	1303775462329	1	1.3879	1.0179	0.7078
737	1303775462356	1	1.3879	1.0179	0.7078
738	1303775462377	1	1.3879	1.0536	0.6839
739	1303775462399	1	1.3879	1.0357	0.6956
740	1303775462421	1	1.3879	1.0179	0.7078
741	1303775462442	1	1.3879	1.0357	0.6956
742	1303775462464	1	1.3879	1.0357	0.6956
743	1303775462485	1	1.3879	1.0179	0.7078
744	1303775462507	1	1.3879	1.0357	0.6956
745	1303775462529	1	1.3879	1.0536	0.6839
746	1303775462556	1	1.3879	1.0179	0.7078
747	1303775462577	1	1.3879	1.0179	0.7078
748	1303775462599	1	1.3879	1.0536	0.6839
749	1303775462621	1	1.3879	1.0357	0.6956
750	1303775462709	1	1.3879	1.0179	0.7078
751	1303775462886	1	1.2279	1.0357	0.7863
752	1303775462921	1	1.2111	1.0536	0.7837
753	1303775462945	1	1.2111	1.0179	0.8112
754	1303775462968	1	1.2111	1.0179	0.8112
755	1303775462989	1	1.2111	1.0357	0.7972
756	1303775463011	1	1.2111	1.0345	0.7982
757	1303775463032	1	1.2111	1.0517	0.7851
758	1303775463053	1	1.2111	1.1034	0.7483
759	1303775463075	1	1.2111	1.1167	0.7395
760	1303775463101	1	1.2111	1.0833	0.7622
761	1303775463123	1	1.2111	1.0667	0.7741
762	1303775463145	1	1.2111	1.0806	0.7641
763	1303775463166	1	1.2111	1.0806	0.7641
764	1303775463187	1	1.2111	1.0625	0.7772
765	1303775463208	1	1.2111	1.0781	0.7659
766	1303775463229	1	1.2111	1.0781	0.7659
767	1303775463249	1	1.2111	1.0625	0.7772
768	1303775463270	1	1.2111	1.0625	0.7772
769	1303775463297	1	1.2111	1.0938	0.7549
770	1303775463318	1	1.2111	1.0781	0.7659
771	1303775463339	1	1.2111	1.0781	0.7659
772	1303775463360	1	1.2111	1.0938	0.7549
773	1303775463381	1	1.2111	1.0781	0.7659
774	1303775463403	1	1.2111	1.0781	0.7659
775	1303775463424	1	1.2111	1.0938	0.7549
776	1303775463446	1	1.2111	1.0781	0.7659
777	1303775463467	1	1.2111	1.0781	0.7659
778	1303775463493	1	1.2111	1.0938	0.7549
779	1303775463515	1	1.2111	1.0781	0.7659
780	1303775463538	1	1.2111	1.0781	0.7659
781	1303775467105	1	1.2087	1.0938	0.7564
782	1303775477631	1	1.2087	1.0781	0.7674
783	1303775478074	1	1.2075	1.0781	0.7681
784	1303775478097	1	1.2075	1.0938	0.7571
785	1303775478120	1	1.2075	1.0781	0.7681
786	1303775478142	1	1.2075	1.0781	0.7681
787	1303775478163	1	1.2075	1.0938	0.7571
788	1303775478185	1	1.2075	1.0781	0.7681
789	1303775478206	1	1.2075	1.0938	0.7571
790	1303775478275	1	1.2075	1.0938	0.7571
791	1303775478296	1	1.2075	1.0781	0.7681
792	1303775478318	1	1.2075	1.0938	0.7571
793	1303775478339	1	1.2075	1.0938	0.7571
794	1303775478360	1	1.2075	1.0781	0.7681
795	1303775478381	1	1.2075	1.1061	0.7487
796	1303775478402	1	1.2075	1.0781	0.7681
797	1303775478463	1	1.2075	1.1061	0.7487
798	1303775478484	1	1.2075	1.1061	0.7487
799	1303775478505	1	1.2075	1.1061	0.7487
800	1303775478535	1	1.2075	1.0606	0.7808
801	1303775478557	1	1.2075	1.0758	0.7698
802	1303775478577	1	1.2075	1.0909	0.7591
803	1303775478599	1	1.2075	1.0909	0.7591
804	1303775478620	1	1.2075	1.0606	0.7808
805	1303775478641	1	1.2075	1.0909	0.7591
806	1303775478662	1	1.2075	1.0909	0.7591
807	1303775478723	1	1.2075	1.0909	0.7591
808	1303775478745	1	1.2075	1.0606	0.7808
809	1303775478772	1	1.2075	1.0909	0.7591
810	1303775478794	1	1.2075	1.0909	0.7591
811	1303775478817	1	1.1943	1.0909	0.7675
812	1303775479304	1	1.1821	1.0758	0.7864
813	1303775479933	1	1.1685	1.0909	0.7845
814	1303775479963	1	1.1685	1.0909	0.7845
815	1303775479986	1	1.1685	1.0882	0.7864
816	1303775480048	1	1.1685	1.0735	0.7972
817	1303775480070	1	1.1685	1.0588	0.8082
818	1303775480091	1	1.1685	1.0588	0.8082
819	1303775480112	1	1.1685	1.0588	0.8082
820	1303775480134	1	1.1685	1.0441	0.8196
821	1303775480195	1	1.1685	1.0441	0.8196
822	1303775480222	1	1.1685	1.0588	0.8082
823	1303775480244	1	1.1685	1.0588	0.8082
824	1303775480265	1	1.1685	1.0441	0.8196
825	1303775480286	1	1.1685	1.0441	0.8196
826	1303775480308	1	1.1685	1.0588	0.8082
827	1303775480369	1	1.1406	1.0441	0.8397
828	1303775480391	1	1.1406	1.0441	0.8397
829	1303775480412	1	1.1406	1.0588	0.828
830	1303775480434	1	1.1406	1.0441	0.8397
831	1303775480461	1	1.1406	1.0441	0.8397
832	1303775480483	1	1.1406	1.0588	0.828
833	1303775480504	1	1.1406	1.0441	0.8397
834	1303775480526	1	1.1406	1.0441	0.8397
835	1303775480547	1	1.1406	1.0588	0.828
836	1303775480568	1	1.1406	1.0441	0.8397
837	1303775480589	1	1.1406	1.0441	0.8397
838	1303775480611	1	1.1406	1.0588	0.828
839	1303775480632	1	1.1406	1.0441	0.8397
840	1303775480659	1	1.1406	1.0441	0.8397
841	1303775480682	1	1.1406	1.0588	0.828
842	1303775484272	1	1.1064	1.0441	0.8656
843	1303775493357	1	1.1051	1.0441	0.8666
844	1303775493725	1	1.1051	1.0441	0.8666
845	1303775493748	1	1.1051	1.0441	0.8666
846	1303775493775	1	1.1051	1.0441	0.8666
847	1303775493797	1	1.1051	1.0441	0.8666
848	1303775493817	1	1.1051	1.0441	0.8666
849	1303775493838	1	1.1051	1.0441	0.8666
850	1303775493859	1	1.1051	1.0441	0.8666
851	1303775493880	1	1.1051	1.0441	0.8666
852	1303775493901	1	1.1051	1.0441	0.8666
853	1303775493922	1	1.1051	1.0441	0.8666
854	1303775493983	1	1.1051	1.0441	0.8666
855	1303775494010	1	1.1051	1.0441	0.8666
856	1303775494031	1	1.1051	1.0441	0.8666
857	1303775494092	1	1.1051	1.0441	0.8666
858	1303775494114	1	1.1051	1.0441	0.8666
859	1303775494134	1	1.1051	1.0441	0.8666
860	1303775494156	1	1.1051	1.0441	0.8666
861	1303775494177	1	1.1051	1.0441	0.8666
862	1303775494198	1	1.1051	1.0441	0.8666
863	1303775494219	1	1.1051	1.0441	0.8666
864	1303775494247	1	1.1051	1.0441	0.8666
865	1303775494268	1	1.1051	1.0441	0.8666
866	1303775494289	1	1.1051	1.0441	0.8666
867	1303775494310	1	1.1051	1.0441	0.8666
868	1303775494332	1	1.1051	1.0441	0.8666
869	1303775494353	1	1.1051	1.0441	0.8666
870	1303775494374	1	1.1051	1.0441	0.8666
871	1303775494396	1	1.1051	1.0441	0.8666
872	1303775494457	1	1.1051	1.0441	0.8666
873	1303775494626	1	1.103	1.0441	0.8683
874	1303775494659	1	1.103	1.0441	0.8683
875	1303775494697	1	1.1006	1.0441	0.8702
876	1303775494726	1	1.1005	1.0441	0.8703
877	1303775494750	1	1.1005	1.0429	0.8713
878	1303775494778	1	1.1005	1.0441	0.8703
879	1303775494800	1	1.1005	1.0441	0.8703
880	1303775494821	1	1.1005	1.0441	0.8703
881	1303775494883	1	1.1005	1.0441	0.8703
882	1303775494904	1	1.1005	1.0441	0.8703
883	1303775494925	1	1.1005	1.0441	0.8703
884	1303775494947	1	1.1005	1.0441	0.8703
885	1303775494968	1	1.1005	1.0441	0.8703
886	1303775494990	1	1.1005	1.0294	0.8827
887	1303775495017	1	1.1005	1.0286	0.8834
888	1303775495038	1	1.1005	1.0294	0.8827
889	1303775495059	1	1.1005	1.0294	0.8827
890	1303775495080	1	1.1005	1.0286	0.8834
891	1303775495101	1	1.1005	1.0294	0.8827
892	1303775495123	1	1.1005	1.0286	0.8834
893	1303775495144	1	1.1005	1.0286	0.8834
894	1303775495166	1	1.1005	1.0294	0.8827
895	1303775495187	1	1.1005	1.0286	0.8834
896	1303775495214	1	1.1005	1.0286	0.8834
897	1303775495236	1	1.1005	1.0286	0.8834
898	1303775495257	1	1.1005	1.0286	0.8834
899	1303775495278	1	1.1005	1.0286	0.8834
900	1303775495299	1	1.1005	1.0286	0.8834
901	1303775495320	1	1.1005	1.0286	0.8834
902	1303775495343	1	1.1005	1.0286	0.8834
903	1303775498058	1	1.102	1.0286	0.8822
904	1303775506479	1	1.1063	1.0286	0.8788
905	1303775506979	1	1.1063	1.0286	0.8788
906	1303775507002	1	1.1063	1.0286	0.8788
907	1303775507025	1	1.1063	1.0286	0.8788
908	1303775507053	1	1.1063	1.0286	0.8788
909	1303775507074	1	1.1063	1.0286	0.8788
910	1303775507096	1	1.1063	1.0286	0.8788
911	1303775507117	1	1.1063	1.0286	0.8788
912	1303775507138	1	1.1063	1.0286	0.8788
913	1303775507160	1	1.1063	1.0286	0.8788
914	1303775507181	1	1.1063	1.0286	0.8788
915	1303775507203	1	1.1063	1.0286	0.8788
916	1303775507224	1	1.1063	1.0286	0.8788
917	1303775507252	1	1.1063	1.0286	0.8788
918	1303775507273	1	1.1063	1.0286	0.8788
919	1303775507294	1	1.1063	1.0286	0.8788
920	1303775507315	1	1.1063	1.0286	0.8788
921	1303775507337	1	1.1063	1.0286	0.8788
922	1303775507358	1	1.1063	1.0286	0.8788
923	1303775507379	1	1.1063	1.0286	0.8788
924	1303775507400	1	1.1063	1.0286	0.8788
925	1303775507422	1	1.1063	1.0286	0.8788
926	1303775507449	1	1.1063	1.0286	0.8788
927	1303775507471	1	1.1063	1.0286	0.8788
928	1303775507492	1	1.1063	1.0286	0.8788
929	1303775507513	1	1.1063	1.0286	0.8788
930	1303775507535	1	1.1063	1.0286	0.8788
931	1303775507556	1	1.1063	1.0286	0.8788
932	1303775507578	1	1.1063	1.0286	0.8788
933	1303775507618	1	1.0978	1.0286	0.8856
934	1303775507685	1	1.0978	1.0286	0.8856
935	1303775507711	1	1.0978	1.0143	0.8981
936	1303775507735	1	1.0978	1.0143	0.8981
937	1303775507758	1	1.0978	1.0143	0.8981
938	1303775507779	1	1.0978	1.0143	0.8981
939	1303775507801	1	1.0978	1.0143	0.8981
940	1303775507822	1	1.0978	1.0143	0.8981
941	1303775507843	1	1.0978	1.0143	0.8981
942	1303775507870	1	1.0978	1.0286	0.8856
943	1303775507891	1	1.0978	1.0143	0.8981
944	1303775507913	1	1.0978	1.0143	0.8981
945	1303775507934	1	1.0978	1.0286	0.8856
946	1303775507955	1	1.0978	1.0143	0.8981
947	1303775507976	1	1.0978	1.0143	0.8981
948	1303775507997	1	1.0978	1.0286	0.8856
949	1303775508018	1	1.0978	1.0143	0.8981
950	1303775508040	1	1.0978	1.0143	0.8981
951	1303775508067	1	1.0978	1.0286	0.8856
952	1303775508088	1	1.0978	1.0286	0.8856
953	1303775508109	1	1.0978	1.0143	0.8981
954	1303775508170	1	1.0978	1.0286	0.8856
955	1303775508191	1	1.0978	1.0286	0.8856
956	1303775508212	1	1.0978	1.0286	0.8856
957	1303775508233	1	1.0978	1.0143	0.8981
958	1303775508254	1	1.0978	1.0286	0.8856
959	1303775508276	1	1.0978	1.0286	0.8856
960	1303775508304	1	1.0978	1.0286	0.8856
961	1303775508325	1	1.0978	1.0143	0.8981
962	1303775508346	1	1.0978	1.0286	0.8856
963	1303775508369	1	1.0978	1.0286	0.8856
964	1303775511618	1	1.0987	1.0286	0.8849
965	1303775518696	1	1.0987	1.0143	0.8974
966	1303775519498	1	1.0986	1.0286	0.885
967	1303775519524	1	1.0974	1.0286	0.8859
968	1303775519549	1	1.0974	1.0286	0.8859
969	1303775519572	1	1.0974	1.0143	0.8984
970	1303775519600	1	1.0974	1.0286	0.8859
971	1303775519622	1	1.0974	1.0143	0.8984
972	1303775519643	1	1.0974	1.0143	0.8984
973	1303775519665	1	1.0974	1	0.9112
974	1303775519686	1	1.0974	1.0143	0.8984
975	1303775519708	1	1.0974	1.0143	0.8984
976	1303775519729	1	1.0974	1.0143	0.8984
977	1303775519751	1	1.0974	1	0.9112
978	1303775519772	1	1.0974	1.0143	0.8984
979	1303775519800	1	1.0974	1.0143	0.8984
980	1303775519822	1	1.0974	1.0143	0.8984
981	1303775519843	1	1.0974	1.0143	0.8984
982	1303775519905	1	1.1004	1.0143	0.896
983	1303775519926	1	1.1004	1.0143	0.896
984	1303775519948	1	1.1004	1.0143	0.896
985	1303775519970	1	1.1004	1.0143	0.896
986	1303775519991	1	1.1004	1.0143	0.896
987	1303775520012	1	1.1004	1.0143	0.896
988	1303775520040	1	1.1004	1.0143	0.896
989	1303775520061	1	1.1004	1.0143	0.896
990	1303775520083	1	1.1004	1.0143	0.896
991	1303775520144	1	1.1004	1.0143	0.896
992	1303775520165	1	1.1004	1.0143	0.896
993	1303775520187	1	1.1004	1.0143	0.896
994	1303775520227	1	1.1004	1.0143	0.896
995	1303775520293	1	1.1004	1.0143	0.896
996	1303775520330	1	1.1105	1	0.9005
997	1303775520363	1	1.1105	1.0143	0.8878
998	1303775520426	1	1.1105	1	0.9005
999	1303775520450	1	1.1105	1	0.9005
1000	1303775520472	1	1.1105	1.0143	0.8878
1001	1303775520493	1	1.1105	1	0.9005
1002	1303775520514	1	1.1105	1	0.9005
1003	1303775520542	1	1.1105	1.0143	0.8878
1004	1303775520564	1	1.1105	1	0.9005
1005	1303775520586	1	1.1105	1.0143	0.8878
1006	1303775520607	1	1.1105	1.0143	0.8878
1007	1303775520629	1	1.1105	1.0143	0.8878
1008	1303775520651	1	1.1105	1	0.9005
1009	1303775520672	1	1.1105	1.0143	0.8878
1010	1303775520693	1	1.1105	1.0143	0.8878
1011	1303775520715	1	1.1105	1.0143	0.8878
1012	1303775520743	1	1.1105	1	0.9005
1013	1303775520765	1	1.1105	1.0143	0.8878
1014	1303775520787	1	1.1105	1.0143	0.8878
1015	1303775520808	1	1.1105	1.0143	0.8878
1016	1303775520830	1	1.1105	1	0.9005
1017	1303775520852	1	1.1105	1.0143	0.8878
1018	1303775520873	1	1.1105	1.0143	0.8878
1019	1303775520894	1	1.1105	1.0143	0.8878
1020	1303775520916	1	1.1105	1.0143	0.8878
1021	1303775520943	1	1.1105	1.0143	0.8878
1022	1303775521005	1	1.1105	1.0143	0.8878
1023	1303775521027	1	1.1105	1.0143	0.8878
1024	1303775521050	1	1.1105	1.0143	0.8878
1025	1303775523212	1	1.117	1.0143	0.8827
1026	1303775528079	1	1.1169	1.0143	0.8827
1027	1303775528677	1	1.1169	1.0143	0.8827
1028	1303775528699	1	1.1169	1.0143	0.8827
1029	1303775528721	1	1.1169	1.0143	0.8827
1030	1303775528742	1	1.1169	1.0143	0.8827
1031	1303775528764	1	1.1169	1.0143	0.8827
1032	1303775528785	1	1.1169	1.0143	0.8827
1033	1303775528812	1	1.1169	1.0143	0.8827
1034	1303775528833	1	1.1169	1.0143	0.8827
1035	1303775528855	1	1.1169	1.0143	0.8827
1036	1303775528876	1	1.1169	1.0143	0.8827
1037	1303775528898	1	1.1169	1.0143	0.8827
1038	1303775528919	1	1.1169	1.0143	0.8827
1039	1303775528939	1	1.1169	1.0143	0.8827
1040	1303775529000	1	1.1169	1.0143	0.8827
1041	1303775529022	1	1.1169	1.0143	0.8827
1042	1303775529050	1	1.1169	1.0143	0.8827
1043	1303775529071	1	1.1169	1.0143	0.8827
1044	1303775529092	1	1.1169	1.0143	0.8827
1045	1303775529114	1	1.1169	1.0143	0.8827
1046	1303775529135	1	1.1169	1.0143	0.8827
1047	1303775529156	1	1.1169	1.0143	0.8827
1048	1303775529178	1	1.1169	1.0143	0.8827
1049	1303775529199	1	1.1169	1.0143	0.8827
1050	1303775529220	1	1.1169	1.0143	0.8827
1051	1303775529248	1	1.1169	1.0143	0.8827
1052	1303775529269	1	1.1169	1.0143	0.8827
1053	1303775529290	1	1.1169	1.0143	0.8827
1054	1303775529311	1	1.1169	1.0143	0.8827
1055	1303775529354	1	1.1169	1.0143	0.8827
1056	1303775529420	1	1.1195	1.0143	0.8807
1057	1303775529456	1	1.1195	1	0.8933
1058	1303775529487	1	1.1195	1.0286	0.8685
1059	1303775529511	1	1.134	1.0286	0.8573
1060	1303775529535	1	1.134	1.0286	0.8573
1061	1303775529557	1	1.134	1.0286	0.8573
1062	1303775529579	1	1.134	1.0286	0.8573
1063	1303775529601	1	1.134	1.0429	0.8456
1064	1303775529622	1	1.134	1.0429	0.8456
1065	1303775529644	1	1.134	1.0429	0.8456
1066	1303775529671	1	1.134	1.0429	0.8456
1067	1303775529693	1	1.134	1.0286	0.8573
1068	1303775529714	1	1.134	1.0286	0.8573
1069	1303775529735	1	1.134	1.0143	0.8694
1070	1303775529756	1	1.134	1.0143	0.8694
1071	1303775529778	1	1.134	1.0286	0.8573
1072	1303775529799	1	1.134	1.0143	0.8694
1073	1303775529821	1	1.134	1.0286	0.8573
1074	1303775529881	1	1.134	1.0286	0.8573
1075	1303775529909	1	1.134	1.0286	0.8573
1076	1303775529971	1	1.1052	1	0.9048
1077	1303775529992	1	1.1052	1.0143	0.8921
1078	1303775530014	1	1.1052	1.0143	0.8921
1079	1303775530036	1	1.1052	1.0143	0.8921
1080	1303775530057	1	1.1052	1	0.9048
1081	1303775530118	1	1.1052	1.0143	0.8921
1082	1303775530141	1	1.1052	1.0143	0.8921
1083	1303775530163	1	1.1052	1.0143	0.8921
1084	1303775530192	1	1.1052	1.0143	0.8921
1085	1303775530217	1	1.1052	1.0143	0.8921
1086	1303775532378	1	1.1052	1.0143	0.8921
1087	1303775537024	1	1.1052	1.0143	0.8921
1088	1303775537461	1	1.1052	1.0286	0.8797
1089	1303775537547	1	1.1052	1.0143	0.8921
1090	1303775537569	1	1.1052	1.0143	0.8921
1091	1303775537592	1	1.1052	1.0143	0.8921
1092	1303775537613	1	1.1052	1.0143	0.8921
1093	1303775537636	1	1.1052	1.0143	0.8921
1094	1303775537657	1	1.1052	1.0143	0.8921
1095	1303775537679	1	1.1052	1.0143	0.8921
1096	1303775537701	1	1.1052	1.0143	0.8921
1097	1303775537722	1	1.1052	1.0143	0.8921
1098	1303775537753	1	1.1052	1.0143	0.8921
1099	1303775537775	1	1.1052	1.0143	0.8921
1100	1303775537797	1	1.1052	1.0143	0.8921
1101	1303775537819	1	1.1052	1.0143	0.8921
1102	1303775537840	1	1.1052	1.0143	0.8921
1103	1303775537862	1	1.1052	1.0143	0.8921
1104	1303775537884	1	1.1052	1.0143	0.8921
1105	1303775537905	1	1.1052	1.0143	0.8921
1106	1303775537927	1	1.1052	1.0143	0.8921
1107	1303775537958	1	1.1052	1.0143	0.8921
1108	1303775537980	1	1.1052	1.0143	0.8921
1109	1303775538002	1	1.1052	1.0143	0.8921
1110	1303775538024	1	1.1052	1.0143	0.8921
1111	1303775538046	1	1.1052	1.0143	0.8921
1112	1303775538107	1	1.1052	1.0143	0.8921
1113	1303775538129	1	1.1052	1.0143	0.8921
1114	1303775538151	1	1.1052	1.0143	0.8921
1115	1303775538183	1	1.1052	1.0143	0.8921
1116	1303775538228	1	1.1052	1.0143	0.8921
1117	1303775538301	1	1.1052	1.0143	0.8921
1118	1303775538354	1	1.1029	1	0.9067
1119	1303775538381	1	1.1029	1.0286	0.8815
1120	1303775538445	1	1.1029	1.0429	0.8694
1121	1303775538479	1	1.1029	1.0429	0.8694
1122	1303775538501	1	1.1029	1.0429	0.8694
1123	1303775538523	1	1.1029	1.0286	0.8815
1124	1303775538545	1	1.1029	1.0286	0.8815
1125	1303775538566	1	1.1029	1.0286	0.8815
1126	1303775538588	1	1.1029	1.0143	0.8939
1127	1303775538610	1	1.1029	1	0.9067
1128	1303775538671	1	1.1029	1.0143	0.8939
1129	1303775538693	1	1.1029	1	0.9067
1130	1303775538721	1	1.1029	1.0143	0.8939
1131	1303775538782	1	1.1029	1.0143	0.8939
1132	1303775538804	1	1.1029	1.0143	0.8939
1133	1303775538826	1	1.1029	1	0.9067
1134	1303775538847	1	1.1029	1.0143	0.8939
1135	1303775538869	1	1.1029	1.0143	0.8939
1136	1303775538891	1	1.1029	1.0143	0.8939
1137	1303775538912	1	1.1029	1.0143	0.8939
1138	1303775538934	1	1.1029	1.0143	0.8939
1139	1303775538962	1	1.1029	1.0143	0.8939
1140	1303775538984	1	1.1029	1.0143	0.8939
1141	1303775539006	1	1.1029	1.0143	0.8939
1142	1303775539028	1	1.1029	1.0143	0.8939
1143	1303775539049	1	1.1029	1.0143	0.8939
1144	1303775539071	1	1.1029	1.0143	0.8939
1145	1303775539092	1	1.1029	1.0143	0.8939
1146	1303775539116	1	1.1029	1.0143	0.8939
1147	1303775542588	1	1.103	1.0143	0.8939
1148	1303775549527	1	1.103	1.0143	0.8939
1149	1303775550263	1	1.103	1.0143	0.8939
1150	1303775550287	1	1.103	1.0143	0.8939
1151	1303775550318	1	1.103	1.0143	0.8939
1152	1303775550380	1	1.103	1.0143	0.8939
1153	1303775550401	1	1.103	1.0143	0.8939
1154	1303775550422	1	1.103	1.0143	0.8939
1155	1303775550444	1	1.103	1.0143	0.8939
1156	1303775550465	1	1.103	1.0143	0.8939
1157	1303775550487	1	1.103	1.0143	0.8939
1158	1303775550507	1	1.103	1.0143	0.8939
1159	1303775550538	1	1.103	1.0143	0.8939
1160	1303775550560	1	1.103	1.0143	0.8939
1161	1303775550581	1	1.103	1.0143	0.8939
1162	1303775550603	1	1.103	1.0143	0.8939
1163	1303775550624	1	1.103	1.0143	0.8939
1164	1303775550646	1	1.103	1.0143	0.8939
1165	1303775550667	1	1.103	1.0143	0.8939
1166	1303775550689	1	1.103	1.0143	0.8939
1167	1303775550710	1	1.103	1.0143	0.8939
1168	1303775550741	1	1.103	1.0143	0.8939
1169	1303775550762	1	1.103	1.0143	0.8939
1170	1303775550783	1	1.103	1.0143	0.8939
1171	1303775550804	1	1.103	1.0143	0.8939
1172	1303775550825	1	1.103	1.0143	0.8939
1173	1303775550847	1	1.103	1.0143	0.8939
1174	1303775550868	1	1.103	1.0143	0.8939
1175	1303775550890	1	1.103	1.0143	0.8939
1176	1303775550911	1	1.103	1.0143	0.8939
1177	1303775550969	1	1.103	1.0143	0.8939
1178	1303775551032	1	1.103	1.0143	0.8939
1179	1303775551060	1	1.1036	1.0143	0.8933
1180	1303775551085	1	1.1036	1.0143	0.8933
1181	1303775551108	1	1.1036	1.0143	0.8933
1182	1303775551130	1	1.1036	1.0143	0.8933
1183	1303775551152	1	1.1036	1.0143	0.8933
1184	1303775551179	1	1.1036	1.0143	0.8933
1185	1303775551201	1	1.1036	1.0143	0.8933
1186	1303775551223	1	1.1036	1.0143	0.8933
1187	1303775551245	1	1.1036	1.0143	0.8933
1188	1303775551266	1	1.1036	1.0143	0.8933
1189	1303775551288	1	1.1036	1.0143	0.8933
1190	1303775551310	1	1.1036	1.0143	0.8933
1191	1303775551331	1	1.1036	1.0143	0.8933
1192	1303775551353	1	1.1036	1.0143	0.8933
1193	1303775551381	1	1.1036	1.0143	0.8933
1194	1303775551403	1	1.1036	1.0143	0.8933
1195	1303775551424	1	1.1036	1.0143	0.8933
1196	1303775551446	1	1.1036	1.0143	0.8933
1197	1303775551468	1	1.1036	1.0143	0.8933
1198	1303775551490	1	1.1036	1.0143	0.8933
1199	1303775551511	1	1.1036	1.0143	0.8933
1200	1303775551533	1	1.1036	1.0143	0.8933
1201	1303775551555	1	1.1036	1.0143	0.8933
1202	1303775551582	1	1.1036	1.0143	0.8933
1203	1303775551604	1	1.1036	1.0143	0.8933
1204	1303775551626	1	1.1036	1.0143	0.8933
1205	1303775551687	1	1.1648	1.0143	0.8465
1206	1303775551708	1	1.1648	1.0143	0.8465
1207	1303775551731	1	1.1648	1.0143	0.8465
1208	1303775553921	1	1.1649	1.0143	0.8464
1209	1303775557576	1	1.1616	1.0143	0.8487
1210	1303775557853	1	1.1611	1.0143	0.8491
1211	1303775557878	1	1.1611	1.0143	0.8491
1212	1303775557902	1	1.1611	1.0143	0.8491
1213	1303775557924	1	1.1611	1.0143	0.8491
1214	1303775557954	1	1.1611	1.0143	0.8491
1215	1303775557976	1	1.1611	1.0143	0.8491
1216	1303775557998	1	1.1611	1.0143	0.8491
1217	1303775558059	1	1.1397	1.0143	0.8651
1218	1303775558081	1	1.1397	1.0143	0.8651
1219	1303775558103	1	1.1397	1.0143	0.8651
1220	1303775558165	1	1.1322	1.0143	0.8708
1221	1303775558187	1	1.1322	1.0143	0.8708
1222	1303775558208	1	1.1322	1.0143	0.8708
1223	1303775558237	1	1.1322	1.0143	0.8708
1224	1303775558258	1	1.1322	1.0143	0.8708
1225	1303775558280	1	1.1322	1.0143	0.8708
1226	1303775558301	1	1.1322	1.0143	0.8708
1227	1303775558323	1	1.1322	1.0143	0.8708
1228	1303775558344	1	1.1322	1.0143	0.8708
1229	1303775558405	1	1.1322	1.0143	0.8708
1230	1303775558466	1	1.1322	1.0143	0.8708
1231	1303775558488	1	1.1322	1.0143	0.8708
1232	1303775558516	1	1.1322	1.0143	0.8708
1233	1303775558537	1	1.1322	1.0143	0.8708
1234	1303775558558	1	1.1322	1.0143	0.8708
1235	1303775558579	1	1.1322	1.0143	0.8708
1236	1303775558601	1	1.1322	1.0143	0.8708
1237	1303775558622	1	1.1322	1.0143	0.8708
1238	1303775558667	1	1.1322	1.0143	0.8708
1239	1303775558726	1	1.1322	1.0143	0.8708
1240	1303775558753	1	1.131	1.0143	0.8717
1241	1303775558818	1	1.131	1.0286	0.8596
1242	1303775558842	1	1.1673	1	0.8567
1243	1303775558906	1	1.1673	1.0143	0.8446
1244	1303775558929	1	1.1673	1.0143	0.8446
1245	1303775558951	1	1.1673	1.0143	0.8446
1246	1303775558973	1	1.1673	1.0143	0.8446
1247	1303775559002	1	1.1673	1.0143	0.8446
1248	1303775559024	1	1.1673	1.0143	0.8446
1249	1303775559046	1	1.1673	1.0143	0.8446
1250	1303775559067	1	1.1673	1.0143	0.8446
1251	1303775559089	1	1.1673	1.0143	0.8446
1252	1303775559111	1	1.1673	1.0143	0.8446
1253	1303775559133	1	1.1673	1.0143	0.8446
1254	1303775559154	1	1.1673	1.0143	0.8446
1255	1303775559216	1	1.1673	1.0143	0.8446
1256	1303775559245	1	1.1673	1.0143	0.8446
1257	1303775559267	1	1.1673	1.0143	0.8446
1258	1303775559329	1	1.1673	1.0143	0.8446
1259	1303775559351	1	1.1673	1.0143	0.8446
1260	1303775559372	1	1.1673	1.0143	0.8446
1261	1303775559394	1	1.1673	1.0143	0.8446
1262	1303775559416	1	1.1673	1.0143	0.8446
1263	1303775559438	1	1.1673	1.0143	0.8446
1264	1303775559467	1	1.1673	1.0143	0.8446
1265	1303775559489	1	1.1673	1.0143	0.8446
1266	1303775559510	1	1.1673	1.0143	0.8446
1267	1303775559532	1	1.1673	1.0143	0.8446
1268	1303775559555	1	1.1673	1.0143	0.8446
1269	1303775563410	1	1.1671	1.0143	0.8448
1270	1303775569821	1	1.167	1.0143	0.8448
1271	1303775570023	1	1.167	1.0143	0.8448
1272	1303775570046	1	1.167	1.0143	0.8448
1273	1303775570077	1	1.167	1.0143	0.8448
1274	1303775570099	1	1.167	1.0143	0.8448
1275	1303775570121	1	1.167	1.0143	0.8448
1276	1303775570142	1	1.167	1.0143	0.8448
1277	1303775570163	1	1.167	1.0143	0.8448
1278	1303775570185	1	1.167	1.0143	0.8448
1279	1303775570206	1	1.167	1.0143	0.8448
1280	1303775570228	1	1.167	1.0143	0.8448
1281	1303775570249	1	1.167	1.0143	0.8448
1282	1303775570278	1	1.167	1.0143	0.8448
1283	1303775570300	1	1.167	1.0143	0.8448
1284	1303775570362	1	1.2015	1.0143	0.8206
1285	1303775570423	1	1.2015	1.0143	0.8206
1286	1303775570485	1	1.2314	1.0143	0.8006
1287	1303775570507	1	1.2314	1.0143	0.8006
1288	1303775570528	1	1.2314	1.0143	0.8006
1289	1303775570550	1	1.2314	1.0143	0.8006
1290	1303775570579	1	1.2314	1.0143	0.8006
1291	1303775570601	1	1.2314	1.0143	0.8006
1292	1303775570623	1	1.2314	1.0143	0.8006
1293	1303775570685	1	1.2314	1.0143	0.8006
1294	1303775570746	1	1.2314	1.0143	0.8006
1295	1303775570767	1	1.2314	1.0143	0.8006
1296	1303775570789	1	1.2314	1.0143	0.8006
1297	1303775570810	1	1.2314	1.0143	0.8006
1298	1303775570832	1	1.2314	1.0143	0.8006
1299	1303775570892	1	1.2314	1.0143	0.8006
1300	1303775571000	1	1.2314	1.0143	0.8006
1301	1303775571045	1	1.2441	1.0286	0.7815
1302	1303775571069	1	1.2441	1.0143	0.7925
1303	1303775571091	1	1.2441	1.0143	0.7925
1304	1303775571120	1	1.2441	1.0143	0.7925
1305	1303775571142	1	1.2441	1.0143	0.7925
1306	1303775571163	1	1.2441	1.0143	0.7925
1307	1303775571184	1	1.2441	1.0143	0.7925
1308	1303775571206	1	1.2441	1.0143	0.7925
1309	1303775571267	1	1.2441	1.0143	0.7925
1310	1303775571289	1	1.2441	1.0143	0.7925
1311	1303775571350	1	1.2441	1.0143	0.7925
1312	1303775571371	1	1.2441	1.0143	0.7925
1313	1303775571399	1	1.2441	1.0143	0.7925
1314	1303775571461	1	1.2456	1.0143	0.7915
1315	1303775571482	1	1.2456	1.0143	0.7915
1316	1303775571543	1	1.2456	1.0143	0.7915
1317	1303775571564	1	1.2456	1.0143	0.7915
1318	1303775571586	1	1.2456	1.0143	0.7915
1319	1303775571647	1	1.2076	1.0143	0.8164
1320	1303775571669	1	1.2076	1.0143	0.8164
1321	1303775571690	1	1.2076	1.0143	0.8164
1322	1303775571718	1	1.2076	1.0143	0.8164
1323	1303775571739	1	1.2076	1.0143	0.8164
1324	1303775571760	1	1.2076	1.0147	0.8161
1325	1303775571781	1	1.2076	1.0429	0.7941
1326	1303775571802	1	1.2076	1.0143	0.8164
1327	1303775571823	1	1.2076	1.0143	0.8164
1328	1303775571845	1	1.2076	1.0143	0.8164
1329	1303775571869	1	1.2076	1.0143	0.8164
1330	1303775604695	1	1.207	1.0143	0.8168
1331	1303775644938	1	1.207	1.0143	0.8168
1332	1303775646035	1	1.207	1.0143	0.8168
1333	1303775646061	1	1.2074	1.0143	0.8166
1334	1303775646085	1	1.2074	1.0143	0.8166
1335	1303775646108	1	1.2074	1.0143	0.8166
1336	1303775646131	1	1.2074	1.0143	0.8166
1337	1303775646165	1	1.2074	1.0143	0.8166
1338	1303775646187	1	1.2074	1.0143	0.8166
1339	1303775646208	1	1.2074	1.0143	0.8166
1340	1303775646230	1	1.2074	1.0143	0.8166
1341	1303775646252	1	1.2074	1.0143	0.8166
1342	1303775646273	1	1.2074	1.0143	0.8166
1343	1303775646295	1	1.2074	1.0143	0.8166
1344	1303775646316	1	1.2074	1.0143	0.8166
1345	1303775646338	1	1.2074	1.0143	0.8166
1346	1303775646372	1	1.2074	1.0143	0.8166
1347	1303775646393	1	1.2074	1.0143	0.8166
1348	1303775646415	1	1.2074	1.0143	0.8166
1349	1303775646437	1	1.2074	1.0139	0.8169
1350	1303775646458	1	1.2074	1.0143	0.8166
1351	1303775646480	1	1.2074	1.0139	0.8169
1352	1303775646501	1	1.2074	1.0139	0.8169
1353	1303775646522	1	1.2074	1.0139	0.8169
1354	1303775646544	1	1.2074	1.0139	0.8169
1355	1303775646578	1	1.2074	1.0139	0.8169
1356	1303775646599	1	1.2074	1.0139	0.8169
1357	1303775646621	1	1.2074	1.0139	0.8169
1358	1303775646642	1	1.2074	1.0139	0.8169
1359	1303775646663	1	1.2074	1.0139	0.8169
1360	1303775646733	1	1.2074	1.0139	0.8169
1361	1303775646826	1	1.2074	1.0139	0.8169
1362	1303775646853	1	1.2074	1.0139	0.8169
1363	1303775646877	1	1.2074	1.0139	0.8169
1364	1303775646901	1	1.1513	1.0417	0.8339
1365	1303775646924	1	1.1513	1.0139	0.8567
1366	1303775646946	1	1.1513	1.0972	0.7916
1367	1303775646968	1	1.1513	1.0833	0.8018
1368	1303775646989	1	1.1513	1.0714	0.8107
1369	1303775647018	1	1.1513	1.0694	0.8122
1370	1303775647040	1	1.1513	1.0556	0.8229
1371	1303775647062	1	1.1513	1.0429	0.8329
1372	1303775647084	1	1.1513	1.0417	0.8339
1373	1303775647106	1	1.1513	1.0441	0.8319
1374	1303775647129	1	1.1513	1.0429	0.8329
1375	1303775647150	1	1.1513	1.0278	0.8451
1376	1303775647212	1	1.1062	1.0294	0.8782
1377	1303775647235	1	1.1062	1.0278	0.8796
1378	1303775647264	1	1.1062	1.0556	0.8564
1379	1303775647285	1	1.1062	1.0278	0.8796
1380	1303775647307	1	1.1062	1.0143	0.8913
1381	1303775647329	1	1.1062	1.0143	0.8913
1382	1303775647351	1	1.1062	1.0278	0.8796
1383	1303775647373	1	1.1062	1.0417	0.8678
1384	1303775647394	1	1.1062	1.0417	0.8678
1385	1303775647416	1	1.1062	1.0417	0.8678
1386	1303775647445	1	1.1062	1.0417	0.8678
1387	1303775647467	1	1.1062	1.0143	0.8913
1388	1303775647489	1	1.1062	1.0139	0.8916
1389	1303775647511	1	1.1062	1.0278	0.8796
1390	1303775647630	1	1.1062	1.0278	0.8796
1391	1303775662882	1	1.1062	1.0278	0.8795
1392	1303775664750	1	1.1062	1.0139	0.8916
1393	1303775664776	1	1.1062	1.0286	0.8789
1394	1303775664800	1	1.1062	1.0139	0.8916
1395	1303775664821	1	1.1062	1.0143	0.8912
1396	1303775664843	1	1.1062	1.0143	0.8912
1397	1303775664865	1	1.1062	1.0143	0.8912
1398	1303775664893	1	1.1062	1.0143	0.8912
1399	1303775664914	1	1.1062	1.0139	0.8916
1400	1303775664936	1	1.1062	1.0143	0.8912
1401	1303775664957	1	1.1062	1.0139	0.8916
1402	1303775664979	1	1.1062	1.0139	0.8916
1403	1303775665000	1	1.1062	1.0286	0.8789
1404	1303775665021	1	1.1062	1.0139	0.8916
1405	1303775665043	1	1.1062	1.0417	0.8678
1406	1303775665064	1	1.1062	1.0417	0.8678
1407	1303775665132	1	1.1062	1.0286	0.8789
1408	1303775665154	1	1.1062	1.0143	0.8912
1409	1303775665176	1	1.1062	1.0143	0.8912
1410	1303775665238	1	1.1062	1.0139	0.8916
1411	1303775665260	1	1.1062	1.0143	0.8912
1412	1303775665281	1	1.1062	1.0143	0.8912
1413	1303775665303	1	1.1062	1.0139	0.8916
1414	1303775665325	1	1.1062	1.0143	0.8912
1415	1303775665354	1	1.1062	1.0139	0.8916
1416	1303775665376	1	1.1062	1.0139	0.8916
1417	1303775665398	1	1.1062	1.0139	0.8916
1418	1303775665460	1	1.1062	1.0278	0.8795
1419	1303775665522	1	1.1062	1.0143	0.8912
1420	1303775665544	1	1.1062	1.0139	0.8916
1421	1303775669298	1	1.1191	1.0278	0.8694
1422	1303775674483	1	1.1191	1.0278	0.8694
1423	1303775674564	1	1.1191	1.0278	0.8694
1424	1303775674587	1	1.1191	1	0.8935
1425	1303775674648	1	1.1191	1.0139	0.8813
1426	1303775674670	1	1.1191	1.0286	0.8687
1427	1303775674691	1	1.1191	1.0139	0.8813
1428	1303775674712	1	1.1191	1.0143	0.881
1429	1303775674734	1	1.1191	1.0143	0.881
1430	1303775674763	1	1.1191	1.0139	0.8813
1431	1303775674784	1	1.1191	1.0143	0.881
1432	1303775674806	1	1.1191	1	0.8935
1433	1303775674827	1	1.1191	1.0139	0.8813
1434	1303775674849	1	1.1191	1.0139	0.8813
1435	1303775674910	1	1.1191	1.0139	0.8813
1436	1303775674971	1	1.1191	1.0139	0.8813
1437	1303775674992	1	1.1191	1.0278	0.8694
1438	1303775675013	1	1.1191	1.0278	0.8694
1439	1303775675042	1	1.1191	1.0139	0.8813
1440	1303775675063	1	1.1191	1	0.8935
1441	1303775675085	1	1.1191	1.0139	0.8813
1442	1303775675106	1	1.1191	1.0139	0.8813
1443	1303775675127	1	1.1191	1.0139	0.8813
1444	1303775675149	1	1.1191	1	0.8935
1445	1303775675170	1	1.1191	1.0139	0.8813
1446	1303775675231	1	1.1191	1.0139	0.8813
1447	1303775675253	1	1.1191	1.0139	0.8813
1448	1303775675282	1	1.1191	1	0.8935
1449	1303775675303	1	1.1191	1.0139	0.8813
1450	1303775675325	1	1.1191	1.0139	0.8813
1451	1303775675505	1	1.1191	1.0139	0.8813
1452	1303775699186	1	1.1196	1	0.8932
1453	1303775701941	1	1.1182	1.0139	0.8821
1454	1303775701968	1	1.1182	1.0139	0.8821
1455	1303775701991	1	1.1182	1.0139	0.8821
1456	1303775702013	1	1.1182	1	0.8943
1457	1303775702075	1	1.1182	1.0139	0.8821
1458	1303775702103	1	1.1182	1.0139	0.8821
1459	1303775702125	1	1.1182	1.0139	0.8821
1460	1303775702147	1	1.1182	1	0.8943
1461	1303775702208	1	1.1182	1.0139	0.8821
1462	1303775702230	1	1.1182	1.0139	0.8821
1463	1303775702251	1	1.1182	1.0139	0.8821
1464	1303775702272	1	1.1182	1	0.8943
1465	1303775702294	1	1.1182	1.0139	0.8821
1466	1303775702315	1	1.1182	1.0139	0.8821
1467	1303775702344	1	1.1182	1.0139	0.8821
1468	1303775702365	1	1.1182	1	0.8943
1469	1303775702387	1	1.1182	1.0139	0.8821
1470	1303775702409	1	1.1182	1.0139	0.8821
1471	1303775702430	1	1.1182	1.0139	0.8821
1472	1303775702452	1	1.1182	1	0.8943
1473	1303775702473	1	1.1182	1	0.8943
1474	1303775702495	1	1.1182	1.0139	0.8821
1475	1303775702524	1	1.1182	1.0139	0.8821
1476	1303775702545	1	1.1182	1	0.8943
1477	1303775702566	1	1.1182	1	0.8943
1478	1303775702587	1	1.1182	1.0139	0.8821
1479	1303775702609	1	1.1182	1.0139	0.8821
1480	1303775702630	1	1.1182	1	0.8943
1481	1303775702652	1	1.1182	1	0.8943
1482	1303775707380	1	1.1182	1.0139	0.8821
1483	1303775712482	1	1.1182	1.0139	0.8821
1484	1303775712514	1	1.1182	1	0.8943
1485	1303775712538	1	1.1182	1	0.8943
1486	1303775712561	1	1.1053	1.0139	0.8924
1487	1303775712582	1	1.1053	1	0.9047
1488	1303775712604	1	1.1053	1	0.9047
1489	1303775712625	1	1.1053	1.0139	0.8924
1490	1303775712647	1	1.1053	1.0139	0.8924
1491	1303775712676	1	1.1053	1	0.9047
1492	1303775712697	1	1.1053	1	0.9047
1493	1303775712719	1	1.1053	1.0139	0.8924
1494	1303775712741	1	1.1053	1	0.9047
1495	1303775712762	1	1.1053	1	0.9047
1496	1303775712784	1	1.1053	1.0139	0.8924
1497	1303775712805	1	1.1053	1.0139	0.8924
1498	1303775712827	1	1.1053	1	0.9047
1499	1303775712848	1	1.1053	1	0.9047
1500	1303775712878	1	1.1053	1.0139	0.8924
1501	1303775712899	1	1.1053	1	0.9047
1502	1303775712921	1	1.1053	1	0.9047
1503	1303775712942	1	1.1053	1.0139	0.8924
1504	1303775712964	1	1.1053	1	0.9047
1505	1303775712985	1	1.1053	1	0.9047
1506	1303775713007	1	1.1053	1.0139	0.8924
1507	1303775713029	1	1.1053	1.0139	0.8924
1508	1303775713057	1	1.1053	1	0.9047
1509	1303775713078	1	1.1053	1	0.9047
1510	1303775713100	1	1.1053	1.0139	0.8924
1511	1303775713122	1	1.1053	1	0.9047
1512	1303775713315	1	1.1053	1	0.9047
1513	1303775741228	1	1.1064	1.0139	0.8914
1514	1303775744397	1	1.1064	1	0.9038
1515	1303775744423	1	1.1053	1.0139	0.8923
1516	1303775744488	1	1.1053	1.0139	0.8923
1517	1303775744512	1	1.1053	1	0.9047
1518	1303775744533	1	1.1053	1	0.9047
1519	1303775744555	1	1.1053	1.0139	0.8923
1520	1303775744577	1	1.1053	1	0.9047
1521	1303775744605	1	1.1053	1	0.9047
1522	1303775744627	1	1.1053	1.0139	0.8923
1523	1303775744649	1	1.1053	1	0.9047
1524	1303775744711	1	1.1099	1	0.901
1525	1303775744733	1	1.1099	1.0139	0.8886
1526	1303775744755	1	1.1099	1	0.901
1527	1303775744777	1	1.1099	1	0.901
1528	1303775744798	1	1.1099	1.0139	0.8886
1529	1303775744827	1	1.1099	1	0.901
1530	1303775744889	1	1.1099	1	0.901
1531	1303775744911	1	1.1099	1.0139	0.8886
1532	1303775744932	1	1.1099	1	0.901
1533	1303775744954	1	1.1099	1	0.901
1534	1303775744976	1	1.1099	1.0139	0.8886
1535	1303775744998	1	1.1099	1	0.901
1536	1303775745019	1	1.1099	1	0.901
1537	1303775745081	1	1.1099	1.0139	0.8886
1538	1303775745110	1	1.1099	1	0.901
1539	1303775745132	1	1.1099	1	0.901
1540	1303775745193	1	1.1099	1.0139	0.8886
1541	1303775745215	1	1.1099	1	0.901
1542	1303775745238	1	1.1099	1	0.901
1543	1303775750692	1	1.1365	1.0139	0.8678
1544	1303775756382	1	1.1365	1.0139	0.8678
1545	1303775756420	1	1.1367	1.0139	0.8677
1546	1303775756483	1	1.1367	1.0139	0.8677
1547	1303775756506	1	1.1367	1	0.8797
1548	1303775756528	1	1.1367	1	0.8797
1549	1303775756549	1	1.1367	1.0139	0.8677
1550	1303775756571	1	1.1367	1	0.8797
1551	1303775756593	1	1.1367	1	0.8797
1552	1303775756614	1	1.1367	1.0139	0.8677
1553	1303775756643	1	1.1367	1	0.8797
1554	1303775756664	1	1.1367	1	0.8797
1555	1303775756686	1	1.1367	1.0139	0.8677
1556	1303775756708	1	1.1367	1	0.8797
1557	1303775756729	1	1.1367	1	0.8797
1558	1303775756791	1	1.1367	1.0139	0.8677
1559	1303775756852	1	1.1439	1	0.8742
1560	1303775756873	1	1.1439	1	0.8742
1561	1303775756895	1	1.1439	1.0139	0.8622
1562	1303775756924	1	1.1439	1	0.8742
1563	1303775756986	1	1.1439	1	0.8742
1564	1303775757047	1	1.1439	1.0139	0.8622
1565	1303775757069	1	1.1439	1	0.8742
1566	1303775757090	1	1.1439	1	0.8742
1567	1303775757112	1	1.1439	1.0139	0.8622
1568	1303775757133	1	1.1439	1	0.8742
1569	1303775757194	1	1.1439	1	0.8742
1570	1303775757223	1	1.1439	1.0139	0.8622
1571	1303775757245	1	1.1439	1	0.8742
1572	1303775757266	1	1.1439	1	0.8742
1573	1303775757461	1	1.1439	1.0139	0.8622
1574	1303775784516	1	1.1452	1	0.8732
1575	1303775787626	1	1.1435	1	0.8745
1576	1303775787653	1	1.1435	1.0139	0.8625
1577	1303775787684	1	1.1435	1	0.8745
1578	1303775787707	1	1.1435	1	0.8745
1579	1303775787730	1	1.1435	1.0139	0.8625
1580	1303775787752	1	1.1435	1	0.8745
1581	1303775787774	1	1.1435	1	0.8745
1582	1303775787795	1	1.1435	1.0139	0.8625
1583	1303775787817	1	1.1435	1	0.8745
1584	1303775787879	1	1.1435	1	0.8745
1585	1303775787901	1	1.1435	1.0139	0.8625
1586	1303775787930	1	1.1435	1	0.8745
1587	1303775787952	1	1.1435	1	0.8745
1588	1303775787974	1	1.1435	1.0139	0.8625
1589	1303775787996	1	1.1435	1	0.8745
1590	1303775788018	1	1.1435	1	0.8745
1591	1303775788039	1	1.1435	1.0139	0.8625
1592	1303775788061	1	1.1435	1	0.8745
1593	1303775788083	1	1.1435	1	0.8745
1594	1303775788113	1	1.1435	1.0139	0.8625
1595	1303775788135	1	1.1435	1	0.8745
1596	1303775788157	1	1.1435	1	0.8745
1597	1303775788178	1	1.1435	1.0139	0.8625
1598	1303775788200	1	1.1435	1	0.8745
1599	1303775788221	1	1.1435	1	0.8745
1600	1303775788284	1	1.279	1.0139	0.7711
1601	1303775788306	1	1.279	1	0.7818
1602	1303775788375	1	1.2576	1	0.7952
1603	1303775788398	1	1.2576	1.0139	0.7843
1604	1303775791175	1	1.26	1	0.7936
1605	1303775794085	1	1.26	1.0139	0.7828
1606	1303775794115	1	1.26	1.0139	0.7828
1607	1303775794139	1	1.26	1	0.7936
1608	1303775794162	1	1.26	1	0.7936
1609	1303775794184	1	1.26	1.0139	0.7828
1610	1303775794207	1	1.26	1	0.7936
1611	1303775794229	1	1.26	1	0.7936
1612	1303775794259	1	1.26	1.0139	0.7828
1613	1303775794281	1	1.26	1	0.7936
1614	1303775794303	1	1.26	1	0.7936
1615	1303775794325	1	1.26	1.0139	0.7828
1616	1303775794347	1	1.26	1	0.7936
1617	1303775794369	1	1.26	1	0.7936
1618	1303775794391	1	1.26	1.0139	0.7828
1619	1303775794413	1	1.26	1	0.7936
1620	1303775794436	1	1.26	1	0.7936
1621	1303775794505	1	1.26	1.0139	0.7828
1622	1303775794526	1	1.26	1	0.7936
1623	1303775794548	1	1.26	1	0.7936
1624	1303775794570	1	1.26	1.0139	0.7828
1625	1303775794592	1	1.26	1	0.7936
1626	1303775794615	1	1.26	1	0.7936
1627	1303775794637	1	1.26	1.0139	0.7828
1628	1303775794659	1	1.26	1	0.7936
1629	1303775794689	1	1.26	1	0.7936
1630	1303775794711	1	1.26	1.0139	0.7828
1631	1303775794733	1	1.26	1	0.7936
1632	1303775794755	1	1.26	1	0.7936
1633	1303775794777	1	1.26	1.0139	0.7828
1634	1303775794951	1	1.26	1	0.7936
1635	1303775818268	1	1.2605	1	0.7933
1636	1303775820902	1	1.2602	1.0139	0.7827
1637	1303775820928	1	1.2603	1	0.7935
1638	1303775820953	1	1.2603	1	0.7935
1639	1303775820976	1	1.2603	1.0139	0.7826
1640	1303775821005	1	1.2603	1	0.7935
1641	1303775821027	1	1.2603	1	0.7935
1642	1303775821049	1	1.2603	1.0139	0.7826
1643	1303775821112	1	1.2603	1	0.7935
1644	1303775821134	1	1.2603	1	0.7935
1645	1303775821156	1	1.2603	1.0139	0.7826
1646	1303775821178	1	1.2603	1	0.7935
1647	1303775821240	1	1.2603	1	0.7935
1648	1303775821270	1	1.2603	1.0139	0.7826
1649	1303775821292	1	1.2603	1	0.7935
1650	1303775821314	1	1.2603	1	0.7935
1651	1303775821336	1	1.2603	1.0139	0.7826
1652	1303775821359	1	1.2603	1	0.7935
1653	1303775821381	1	1.2603	1	0.7935
1654	1303775821444	1	1.2603	1.0139	0.7826
1655	1303775821466	1	1.2603	1	0.7935
1656	1303775821488	1	1.2603	1	0.7935
1657	1303775821557	1	1.3238	1.0139	0.7451
1658	1303775821580	1	1.3238	1	0.7554
1659	1303775821602	1	1.3238	1	0.7554
1660	1303775821624	1	1.3238	1.0139	0.7451
1661	1303775821646	1	1.3238	1	0.7554
1662	1303775821668	1	1.3238	1	0.7554
1663	1303775821690	1	1.3238	1.0139	0.7451
1664	1303775821713	1	1.3238	1	0.7554
1665	1303775824783	1	1.3263	1	0.754
1666	1303775828968	1	1.3247	1.0278	0.7345
1667	1303775829000	1	1.3247	1	0.7549
1668	1303775829025	1	1.3247	1.0139	0.7445
1669	1303775829088	1	1.3247	1.0278	0.7345
1670	1303775829111	1	1.3247	1.0139	0.7445
1671	1303775829133	1	1.3247	1	0.7549
1672	1303775829162	1	1.3247	1.0139	0.7445
1673	1303775829184	1	1.3247	1	0.7549
1674	1303775829207	1	1.3247	1	0.7549
1675	1303775829229	1	1.3247	1.0139	0.7445
1676	1303775829251	1	1.3247	1	0.7549
1677	1303775829273	1	1.3247	1	0.7549
1678	1303775829296	1	1.3247	1.0139	0.7445
1679	1303775829318	1	1.3247	1	0.7549
1680	1303775829341	1	1.3247	1	0.7549
1681	1303775829370	1	1.3247	1.0139	0.7445
1682	1303775829393	1	1.3247	1	0.7549
1683	1303775829455	1	1.3247	1	0.7549
1684	1303775829478	1	1.3247	1.0139	0.7445
1685	1303775829500	1	1.3247	1	0.7549
1686	1303775829522	1	1.3247	1	0.7549
1687	1303775829544	1	1.3247	1.0139	0.7445
1688	1303775829567	1	1.3247	1	0.7549
1689	1303775829589	1	1.3247	1	0.7549
1690	1303775829619	1	1.3247	1.0139	0.7445
1691	1303775829641	1	1.3247	1	0.7549
1692	1303775829663	1	1.3247	1	0.7549
1693	1303775829686	1	1.3247	1.0139	0.7445
1694	1303775829708	1	1.3247	1	0.7549
1695	1303775829911	1	1.3247	1	0.7549
1696	1303775855964	1	1.3244	1.0139	0.7447
1697	1303775858824	1	1.3244	1	0.7551
1698	1303775858848	1	1.3244	1	0.7551
1699	1303775858870	1	1.3244	1	0.7551
1700	1303775858892	1	1.3244	1	0.7551
1701	1303775858914	1	1.3244	1	0.7551
1702	1303775858936	1	1.3244	1	0.7551
1703	1303775858958	1	1.3244	1	0.7551
1704	1303775858988	1	1.3244	1	0.7551
1705	1303775859010	1	1.3244	1	0.7551
1706	1303775859032	1	1.3244	1	0.7551
1707	1303775859054	1	1.3244	1	0.7551
1708	1303775859075	1	1.3244	1	0.7551
1709	1303775859098	1	1.3244	1	0.7551
1710	1303775859119	1	1.3244	1	0.7551
1711	1303775859142	1	1.3244	1	0.7551
1712	1303775859164	1	1.3244	1	0.7551
1713	1303775859193	1	1.3244	1	0.7551
1714	1303775859216	1	1.3244	1	0.7551
1715	1303775859238	1	1.3244	1	0.7551
1716	1303775859259	1	1.3244	1	0.7551
1717	1303775859282	1	1.3244	1	0.7551
1718	1303775859304	1	1.3244	1	0.7551
1719	1303775859326	1	1.3244	1	0.7551
1720	1303775859348	1	1.3244	1	0.7551
1721	1303775859378	1	1.3244	1	0.7551
1722	1303775859400	1	1.3244	1	0.7551
1723	1303775859422	1	1.3244	1	0.7551
1724	1303775859444	1	1.3244	1	0.7551
1725	1303775859467	1	1.3244	1	0.7551
1726	1303775862443	1	1.3244	1	0.7551
1727	1303775865557	1	1.3244	1.0139	0.7447
1728	1303775865596	1	1.3244	1.0139	0.7447
1729	1303775865620	1	1.319	1	0.7581
1730	1303775865642	1	1.319	1	0.7581
1731	1303775865705	1	1.2886	1	0.776
1732	1303775865728	1	1.2886	1	0.776
1733	1303775865750	1	1.2886	1	0.776
1734	1303775865772	1	1.2886	1	0.776
1735	1303775865835	1	1.2373	1	0.8082
1736	1303775865863	1	1.2373	1	0.8082
1737	1303775865885	1	1.2373	1	0.8082
1738	1303775865906	1	1.2373	1	0.8082
1739	1303775865928	1	1.2373	1	0.8082
1740	1303775865949	1	1.2373	1	0.8082
1741	1303775865971	1	1.2373	1	0.8082
1742	1303775865992	1	1.2373	1	0.8082
1743	1303775866014	1	1.2373	1	0.8082
1744	1303775866035	1	1.2373	1	0.8082
1745	1303775866064	1	1.2373	1	0.8082
1746	1303775866086	1	1.2373	1	0.8082
1747	1303775866108	1	1.2373	1	0.8082
1748	1303775866130	1	1.2373	1	0.8082
1749	1303775866152	1	1.2373	1	0.8082
1750	1303775866174	1	1.2373	1	0.8082
1751	1303775866195	1	1.2373	1	0.8082
1752	1303775866216	1	1.2373	1	0.8082
1753	1303775866245	1	1.2373	1	0.8082
1754	1303775866267	1	1.2373	1	0.8082
1755	1303775866289	1	1.2373	1	0.8082
1756	1303775866524	1	1.2373	1	0.8082
1757	1303775896323	1	1.2387	1	0.8073
1758	1303775899972	1	1.2373	1	0.8082
1759	1303775899998	1	1.2373	1	0.8082
1760	1303775900022	1	1.2373	1	0.8082
1761	1303775900045	1	1.2373	1	0.8082
1762	1303775900073	1	1.2373	1	0.8082
1763	1303775900095	1	1.2373	1	0.8082
1764	1303775900117	1	1.2373	1	0.8082
1765	1303775900139	1	1.2373	1	0.8082
1766	1303775900160	1	1.2373	1	0.8082
1767	1303775900182	1	1.2373	1	0.8082
1768	1303775900204	1	1.2373	1	0.8082
1769	1303775900226	1	1.2373	1	0.8082
1770	1303775900247	1	1.2373	1	0.8082
1771	1303775900276	1	1.2373	1	0.8082
1772	1303775900297	1	1.2373	1	0.8082
1773	1303775900319	1	1.2373	1	0.8082
1774	1303775900340	1	1.2373	1	0.8082
1775	1303775900362	1	1.2373	1	0.8082
1776	1303775900384	1	1.2373	1	0.8082
1777	1303775900406	1	1.2373	1	0.8082
1778	1303775900428	1	1.2373	1	0.8082
1779	1303775900456	1	1.2373	1	0.8082
1780	1303775900477	1	1.2373	1	0.8082
1781	1303775900498	1	1.2373	1	0.8082
1782	1303775900520	1	1.2373	1	0.8082
1783	1303775900541	1	1.2373	1	0.8082
1784	1303775900562	1	1.2373	1	0.8082
1785	1303775900584	1	1.2373	1	0.8082
1786	1303775900606	1	1.2373	1	0.8082
1787	1303775903540	1	1.2373	1	0.8082
1788	1303775906402	1	1.2403	1	0.8062
1789	1303775906438	1	1.2403	1	0.8062
1790	1303775906461	1	1.2403	1.0139	0.7952
1791	1303775906484	1	1.2403	1.0139	0.7952
1792	1303775906545	1	1.2403	1	0.8062
1793	1303775906567	1	1.2403	1	0.8062
1794	1303775906589	1	1.2403	1	0.8062
1795	1303775906610	1	1.2403	1	0.8062
1796	1303775906632	1	1.2403	1	0.8062
1797	1303775906661	1	1.2403	1	0.8062
1798	1303775906683	1	1.2403	1	0.8062
1799	1303775906745	1	1.2403	1	0.8062
1800	1303775906767	1	1.2403	1	0.8062
