0	1303771548239	0	0	0	0
1	1303771548249	0	0	0	0
2	1303771548259	0	0	0	0
3	1303771548270	0	0	0	0
4	1303771548281	0	0	0	0
5	1303771548335	0	0	0	0
6	1303771548348	0	0	0	0
7	1303771548361	0	0	0	0
8	1303771548375	0	0	0	0
9	1303771548391	0	0	0	0
10	1303771548405	0	0	0	0
11	1303771548421	0	0	0	0
12	1303771548435	0	0	0	0
13	1303771548450	0	0	0	0
14	1303771548467	0	0	0	0
15	1303771548482	0	0	0	0
16	1303771548499	0	0	0	0
17	1303771548515	0	0	0	0
18	1303771548532	0	0	0	0
19	1303771548587	0	0	0	0
20	1303771548605	0	0	0	0
21	1303771548664	0	0	0	0
22	1303771548680	0	0	0	0
23	1303771548696	0	0	0	0
24	1303771548711	0	0	0	0
25	1303771548726	0	0	0	0
26	1303771548743	0	0	0	0
27	1303771548757	0	0	0	0
28	1303771548774	0	0	0	0
29	1303771548789	0	0	0	0
30	1303771548845	0	0	0	0
31	1303771548862	0	0	0	0
32	1303771548878	0	0	0	0
33	1303771548940	0	0	0	0
34	1303771548958	0	0	0	0
35	1303771548974	0	0	0	0
36	1303771549032	0	0	0	0
37	1303771549049	0	0	0	0
38	1303771549082	1	0	0	0
39	1303771549169	1	0	0	0
40	1303771549200	1	0	0	0
41	1303771549218	1	0	0	0
42	1303771549238	1	0	0	0
43	1303771549255	1	0	0	0
44	1303771549315	1	0	0	0
45	1303771549373	1	0	0	0
46	1303771549392	1	0	0	0
47	1303771549411	1	0	0	0
48	1303771549430	1	0	0	0
49	1303771549448	1	0	0	0
50	1303771549466	1	0	0	0
51	1303771549529	1	0	0	0
52	1303771549549	1	0	0	0
53	1303771549566	1	0	0	0
54	1303771549586	1	0	0	0
55	1303771549606	1	0	0	0
56	1303771549624	1	0	0	0
57	1303771549684	1	0	0	0
58	1303771549703	1	0	0	0
59	1303771549723	1	0	0	0
60	1303771549741	1	0	0	0
61	1303771549761	1	0	0	0
62	1303771549779	1	0	0	0
63	1303771549799	1	0	0	0
64	1303771549819	1	0	0	0
65	1303771549839	1	0	0	0
66	1303771549859	1	0	0	0
67	1303771549879	1	0	0	0
68	1303771549898	1	0	0	0
69	1303771549918	1	0	0	0
70	1303771549936	1	0	0	0
71	1303771549956	1	0	0	0
72	1303771550015	1	0	0	0
73	1303771550036	1	0	0	0
74	1303771550095	1	0	0	0
75	1303771550117	1	0	0	0
76	1303771550136	1	0	0	0
77	1303771550157	1	0	0	0
78	1303771550216	1	0	0	0
79	1303771550236	1	0	0	0
80	1303771550255	1	0	0	0
81	1303771550276	1	0	0	0
82	1303771550296	1	0	0	0
83	1303771550317	1	0	0	0
84	1303771550336	1	0	0	0
85	1303771550399	1	0	0	0
86	1303771550418	1	0	0	0
87	1303771550439	1	0	0	0
88	1303771550460	1	0	0	0
89	1303771550480	1	0	0	0
90	1303771550539	1	0	0	0
91	1303771550601	1	0	0	0
92	1303771550620	1	0	0	0
93	1303771550640	1	0	0	0
94	1303771550699	1	0	0	0
95	1303771550761	1	0	0	0
96	1303771550821	1	0	0	0
97	1303771550882	1	0	0	0
98	1303771550902	1	0	0	0
99	1303771550923	1	0	0	0
100	1303771550943	1	0	0	0
101	1303771550965	1	1.2068	0	0
102	1303771550989	1	1.0458	1.5	0.6375
103	1303771551013	1	1.0458	1.25	0.765
104	1303771551081	1	1.0458	1.5	0.6375
105	1303771551101	1	1.0458	1.25	0.765
106	1303771551125	1	1.0458	1.25	0.765
107	1303771551147	1	1.0458	1.1667	0.8196
108	1303771551171	1	1.0458	1.5	0.6375
109	1303771551194	1	1.0458	1.4167	0.675
110	1303771551215	1	1.0458	1.4286	0.6694
111	1303771551239	1	1.0458	1.3333	0.7172
112	1303771551261	1	1.0458	1.2857	0.7437
113	1303771551283	1	1.0458	1.3571	0.7046
114	1303771551306	1	1.0458	1.2857	0.7437
115	1303771551327	1	1.0458	1.2857	0.7437
116	1303771551351	1	1.0458	1.2143	0.7875
117	1303771551373	1	1.0458	1.1875	0.8052
118	1303771551396	1	1.0458	1.2143	0.7875
119	1303771551459	1	1.0458	1.2143	0.7875
120	1303771551482	1	1.0458	1.1875	0.8052
121	1303771551505	1	1.0458	1.1875	0.8052
122	1303771551527	1	1.0458	1.125	0.85
123	1303771551550	1	1.0458	1.125	0.85
124	1303771551573	1	1.0458	1.125	0.85
125	1303771551635	1	1.0458	1.125	0.85
126	1303771551658	1	1.0458	1.1875	0.8052
127	1303771551679	1	1.0458	1.1875	0.8052
128	1303771551702	1	1.0458	1.1875	0.8052
129	1303771551723	1	1.0458	1.1667	0.8196
130	1303771551745	1	1.0458	1.1875	0.8052
131	1303771551767	1	1.0458	1.1	0.8693
132	1303771551788	1	1.0458	1.15	0.8315
133	1303771551812	1	1.0458	1.05	0.9107
134	1303771551833	1	1.0458	1.05	0.9107
135	1303771551856	1	1.0458	1.1	0.8693
136	1303771551876	1	1.0458	1.1	0.8693
137	1303771551898	1	1.0458	1.1	0.8693
138	1303771551962	1	1.0458	1.1	0.8693
139	1303771551984	1	1.0458	1.1	0.8693
140	1303771552007	1	1.0458	1.1	0.8693
141	1303771552028	1	1.0458	1.1	0.8693
142	1303771552051	1	1.0458	1.1	0.8693
143	1303771552114	1	1.0458	1.1	0.8693
144	1303771552135	1	1.0458	1.1	0.8693
145	1303771552158	1	1.0458	1.1	0.8693
146	1303771552179	1	1.0458	1.1	0.8693
147	1303771552201	1	1.0458	1.1	0.8693
148	1303771552264	1	1.0458	1.1	0.8693
149	1303771552285	1	1.0458	1.1	0.8693
150	1303771552307	1	1.0458	1.1	0.8693
151	1303771552328	1	1.0458	1.0909	0.8765
152	1303771552350	1	1.0458	1.0909	0.8765
153	1303771552411	1	1.0458	1.05	0.9107
154	1303771552434	1	1.0458	1.0455	0.9147
155	1303771552497	1	1.0458	1.1	0.8693
156	1303771552520	1	1.0458	1.0455	0.9147
157	1303771552543	1	1.0458	1.0909	0.8765
158	1303771552604	1	1.0458	1.0455	0.9147
159	1303771552627	1	1.0458	1.0909	0.8765
160	1303771552650	1	1.0458	1.0909	0.8765
161	1303771552670	1	1.0458	1.0909	0.8765
162	1303771552698	1	1.0221	1.0909	0.8968
163	1303771552751	1	1.0546	1.0833	0.8752
164	1303771552777	1	1.0546	1.0909	0.8692
165	1303771552800	1	1.0546	1.0909	0.8692
166	1303771552821	1	1.0546	1.0833	0.8752
167	1303771552843	1	1.0546	1.1154	0.8501
168	1303771552865	1	1.0546	1.1154	0.8501
169	1303771552887	1	1.0546	1.1154	0.8501
170	1303771552909	1	1.0546	1.1923	0.7953
171	1303771552929	1	1.0546	1.125	0.8428
172	1303771552992	1	1.0546	1.1667	0.8127
173	1303771553054	1	1.0546	1.1429	0.8297
174	1303771553076	1	1.0546	1.1923	0.7953
175	1303771553137	1	1.0546	1.1071	0.8564
176	1303771553159	1	1.0546	1.1786	0.8045
177	1303771553179	1	1.0546	1.1071	0.8564
178	1303771553201	1	1.0546	1.0714	0.885
179	1303771553223	1	1.0546	1.0357	0.9155
180	1303771553244	1	1.0546	1.0714	0.885
181	1303771553266	1	1.0546	1.0714	0.885
182	1303771553287	1	1.0546	1.0714	0.885
183	1303771553309	1	1.0546	1.0714	0.885
184	1303771553369	1	1.0546	1.0714	0.885
185	1303771553390	1	1.0546	1.0714	0.885
186	1303771553451	1	1.0546	1.0714	0.885
187	1303771553514	1	1.0546	1.0714	0.885
188	1303771553535	1	1.0546	1.0714	0.885
189	1303771553558	1	1.0546	1.0714	0.885
190	1303771553581	1	1.0546	1.0714	0.885
191	1303771553602	1	1.0546	1.0714	0.885
192	1303771553624	1	1.0546	1.0714	0.885
193	1303771553644	1	1.0546	1.0714	0.885
194	1303771553667	1	1.0546	1.0714	0.885
195	1303771553687	1	1.0546	1.0714	0.885
196	1303771553708	1	1.0546	1.0714	0.885
197	1303771553729	1	1.0546	1.0714	0.885
198	1303771553751	1	1.0546	1.0714	0.885
199	1303771553771	1	1.0546	1.0714	0.885
200	1303771553793	1	1.0546	1.0714	0.885
201	1303771553813	1	1.0546	1.0714	0.885
202	1303771553835	1	1.0546	1.0714	0.885
203	1303771553855	1	1.0546	1.0714	0.885
204	1303771553877	1	1.0546	1.0714	0.885
205	1303771553899	1	1.0546	1.0714	0.885
206	1303771553920	1	1.0546	1.0714	0.885
207	1303771553982	1	1.0546	1.0714	0.885
208	1303771554003	1	1.0546	1.0714	0.885
209	1303771554025	1	1.0546	1.0714	0.885
210	1303771554045	1	1.0546	1.0714	0.885
211	1303771554068	1	1.0546	1.0714	0.885
212	1303771554088	1	1.0546	1.0714	0.885
213	1303771554110	1	1.0546	1.0714	0.885
214	1303771554130	1	1.0546	1.0714	0.885
215	1303771554153	1	1.0546	1.0714	0.885
216	1303771554173	1	1.0546	1.0714	0.885
217	1303771554194	1	1.0546	1.0714	0.885
218	1303771554216	1	1.0546	1.0714	0.885
219	1303771554238	1	1.0546	1.0714	0.885
220	1303771554260	1	1.0546	1.0714	0.885
221	1303771554281	1	1.0546	1.0714	0.885
222	1303771554303	1	1.0546	1.0714	0.885
223	1303771554365	1	1.0546	1.0714	0.885
224	1303771554644	1	1.0295	1.0714	0.9066
225	1303771555242	1	1.0197	1.1333	0.8653
226	1303771555296	1	1.0197	1.1429	0.8581
227	1303771555330	1	1.0197	1.1333	0.8653
228	1303771555353	1	1.0197	1.0938	0.8967
229	1303771555376	1	1.0197	1.0667	0.9194
230	1303771555396	1	1.0197	1.0667	0.9194
231	1303771555459	1	1.0197	1.125	0.8717
232	1303771555480	1	1.0197	1.125	0.8717
233	1303771555503	1	1.0197	1.0938	0.8967
234	1303771555523	1	1.0197	1.0938	0.8967
235	1303771555587	1	1.0197	1.0882	0.9012
236	1303771555607	1	1.0197	1.0833	0.9053
237	1303771555629	1	1.0197	1.0556	0.9291
238	1303771555651	1	1.0197	1.1316	0.8667
239	1303771555671	1	1.0197	1.0789	0.909
240	1303771555693	1	1.0197	1.1053	0.8873
241	1303771555713	1	1.0197	1.0833	0.9053
242	1303771555735	1	1.0197	1.0526	0.9317
243	1303771555801	1	1.0197	1.0526	0.9317
244	1303771555824	1	1.0197	1.0263	0.9556
245	1303771555845	1	1.0197	1.0263	0.9556
246	1303771555867	1	1.0197	1.0263	0.9556
247	1303771555888	1	1.0197	1.0789	0.909
248	1303771555951	1	1.0197	1.0789	0.909
249	1303771555974	1	1.0197	1.0556	0.9291
250	1303771556034	1	1.0197	1.0526	0.9317
251	1303771556097	1	1.0197	1.0789	0.909
252	1303771556118	1	1.0197	1.0263	0.9556
253	1303771556140	1	1.0197	1.0263	0.9556
254	1303771556160	1	1.0197	1.0263	0.9556
255	1303771556182	1	1.0197	1.0263	0.9556
256	1303771556203	1	1.0197	1.0263	0.9556
257	1303771556225	1	1.0197	1.0263	0.9556
258	1303771556247	1	1.0197	1.0263	0.9556
259	1303771556267	1	1.0197	1.0263	0.9556
260	1303771556289	1	1.0197	1.0263	0.9556
261	1303771556310	1	1.0197	1.0263	0.9556
262	1303771556332	1	1.0197	1.0263	0.9556
263	1303771556353	1	1.0197	1.0263	0.9556
264	1303771556375	1	1.0197	1.0263	0.9556
265	1303771556396	1	1.0197	1.0263	0.9556
266	1303771556458	1	1.0197	1.0263	0.9556
267	1303771556478	1	1.0197	1	0.9807
268	1303771556500	1	1.0197	1.0263	0.9556
269	1303771556522	1	1.0197	1.0263	0.9556
270	1303771556542	1	1.0197	1.0263	0.9556
271	1303771556564	1	1.0197	1	0.9807
272	1303771556584	1	1.0197	1.0263	0.9556
273	1303771556606	1	1.0197	1.0263	0.9556
274	1303771556626	1	1.0197	1.0263	0.9556
275	1303771556648	1	1.0197	1	0.9807
276	1303771556668	1	1.0197	1.0263	0.9556
277	1303771556690	1	1.0197	1.0263	0.9556
278	1303771556711	1	1.0197	1.0263	0.9556
279	1303771556732	1	1.0197	1	0.9807
280	1303771556752	1	1.0197	1.0263	0.9556
281	1303771556773	1	1.0197	1.0263	0.9556
282	1303771556795	1	1.0197	1.0263	0.9556
283	1303771556815	1	1.0197	1	0.9807
284	1303771556852	1	1.0197	1.0263	0.9556
285	1303771556925	1	1.0197	1.0263	0.9556
286	1303771556955	1	1.0197	1.0263	0.9556
287	1303771556981	1	1.0197	1	0.9807
288	1303771557005	1	1.0173	1.0263	0.9578
289	1303771557028	1	1.0173	1.0263	0.9578
290	1303771557050	1	1.0173	1.0263	0.9578
291	1303771557113	1	1.0173	1	0.983
292	1303771557134	1	1.0173	1.0263	0.9578
293	1303771557197	1	1.0173	1.0263	0.9578
294	1303771557217	1	1.0173	1.0263	0.9578
295	1303771557239	1	1.0173	1	0.983
296	1303771557259	1	1.0173	1	0.983
297	1303771557280	1	1.0173	1.0263	0.9578
298	1303771557302	1	1.0173	1.0263	0.9578
299	1303771557322	1	1.0173	1	0.983
300	1303771557344	1	1.0173	1	0.983
301	1303771557363	1	1.0173	1.0263	0.9578
302	1303771557385	1	1.0173	1.0263	0.9578
303	1303771557407	1	1.0173	1	0.983
304	1303771557429	1	1.0173	1	0.983
305	1303771557451	1	1.0173	1.0263	0.9578
306	1303771557473	1	1.0173	1	0.983
307	1303771557493	1	1.0173	1	0.983
308	1303771557555	1	1.0173	1.0263	0.9578
309	1303771557620	1	1.0173	1	0.983
310	1303771557640	1	1.0173	1	0.983
311	1303771557663	1	1.0173	1.0263	0.9578
312	1303771557683	1	1.0173	1	0.983
313	1303771557705	1	1.0173	1	0.983
314	1303771557726	1	1.0173	1.0263	0.9578
315	1303771557748	1	1.0173	1	0.983
316	1303771557768	1	1.0173	1	0.983
317	1303771557790	1	1.0173	1.0263	0.9578
318	1303771557810	1	1.0173	1	0.983
319	1303771557832	1	1.0173	1	0.983
320	1303771557853	1	1.0173	1.0263	0.9578
321	1303771557874	1	1.0173	1	0.983
322	1303771557896	1	1.0173	1	0.983
323	1303771557916	1	1.0173	1.0263	0.9578
324	1303771557938	1	1.0173	1	0.983
325	1303771557998	1	1.0173	1	0.983
326	1303771558020	1	1.0173	1.0263	0.9578
327	1303771558040	1	1.0173	1	0.983
328	1303771558062	1	1.0173	1	0.983
329	1303771558082	1	1.0173	1.0263	0.9578
330	1303771558104	1	1.0173	1	0.983
331	1303771558125	1	1.0173	1	0.983
332	1303771558145	1	1.0173	1.0263	0.9578
333	1303771558166	1	1.0173	1	0.983
334	1303771558186	1	1.0173	1	0.983
335	1303771558209	1	1.0173	1.0263	0.9578
336	1303771558229	1	1.0173	1	0.983
337	1303771558250	1	1.0173	1	0.983
338	1303771558272	1	1.0173	1	0.983
339	1303771558294	1	1.0173	1	0.983
340	1303771558315	1	1.0173	1	0.983
341	1303771558337	1	1.0173	1	0.983
342	1303771558358	1	1.0173	1	0.983
343	1303771558379	1	1.0173	1	0.983
344	1303771558400	1	1.0173	1	0.983
345	1303771558432	1	1.0173	1	0.983
346	1303771559077	1	1.0164	1	0.9839
347	1303771559253	1	1.0164	1	0.9839
348	1303771559280	1	1.0153	1	0.985
349	1303771559303	1	1.0153	1	0.985
350	1303771559327	1	1.0153	1	0.985
351	1303771559349	1	1.0153	1	0.985
352	1303771559370	1	1.0153	1	0.985
353	1303771559392	1	1.0153	1	0.985
354	1303771559412	1	1.0153	1	0.985
355	1303771559434	1	1.0153	1	0.985
356	1303771559454	1	1.0153	1	0.985
357	1303771559476	1	1.0153	1	0.985
358	1303771559496	1	1.0153	1	0.985
359	1303771559517	1	1.0153	1	0.985
360	1303771559538	1	1.0153	1	0.985
361	1303771559559	1	1.0153	1	0.985
362	1303771559580	1	1.0153	1	0.985
363	1303771559600	1	1.0153	1	0.985
364	1303771559622	1	1.0153	1	0.985
365	1303771559642	1	1.0153	1	0.985
366	1303771559664	1	1.0153	1	0.985
367	1303771559686	1	1.0153	1	0.985
368	1303771559750	1	1.0153	1	0.985
369	1303771559811	1	1.0153	1	0.985
370	1303771559833	1	1.0153	1	0.985
371	1303771559854	1	1.0153	1	0.985
372	1303771559874	1	1.0153	1	0.985
373	1303771559896	1	1.0153	1	0.985
374	1303771559916	1	1.0153	1	0.985
375	1303771559938	1	1.0153	1	0.985
376	1303771559960	1	1.0153	1	0.985
377	1303771559982	1	1.0153	1	0.985
378	1303771560004	1	1.0153	1	0.985
379	1303771560026	1	1.0153	1	0.985
380	1303771560047	1	1.0153	1	0.985
381	1303771560068	1	1.0153	1	0.985
382	1303771560090	1	1.0153	1	0.985
383	1303771560110	1	1.0153	1	0.985
384	1303771560131	1	1.0153	1	0.985
385	1303771560153	1	1.0153	1	0.985
386	1303771560175	1	1.0153	1	0.985
387	1303771560197	1	1.0153	1	0.985
388	1303771560219	1	1.0153	1	0.985
389	1303771560239	1	1.0153	1	0.985
390	1303771560261	1	1.0153	1	0.985
391	1303771560325	1	1.0153	1	0.985
392	1303771560386	1	1.0153	1	0.985
393	1303771560408	1	1.0153	1	0.985
394	1303771560429	1	1.0153	1	0.985
395	1303771560451	1	1.0153	1	0.985
396	1303771560471	1	1.0153	1	0.985
397	1303771560493	1	1.0153	1	0.985
398	1303771560513	1	1.0153	1	0.985
399	1303771560534	1	1.0153	1	0.985
400	1303771560555	1	1.0153	1	0.985
401	1303771560576	1	1.0153	1	0.985
402	1303771560596	1	1.0153	1	0.985
403	1303771560618	1	1.0153	1	0.985
404	1303771560639	1	1.0153	1	0.985
405	1303771560659	1	1.0153	1	0.985
406	1303771560694	1	1.0153	1	0.985
407	1303771560955	1	1.013	1	0.9872
408	1303771560997	1	1.013	1	0.9872
409	1303771561020	1	1.013	1	0.9872
410	1303771561042	1	1.013	1	0.9872
411	1303771561062	1	1.013	1	0.9872
412	1303771561084	1	1.013	1	0.9872
413	1303771561104	1	1.013	1	0.9872
414	1303771561125	1	1.013	1	0.9872
415	1303771561145	1	1.013	1	0.9872
416	1303771561167	1	1.013	1	0.9872
417	1303771561187	1	1.013	1	0.9872
418	1303771561209	1	1.013	1	0.9872
419	1303771561229	1	1.013	1	0.9872
420	1303771561252	1	1.013	1	0.9872
421	1303771561274	1	1.013	1	0.9872
422	1303771561296	1	1.013	1	0.9872
423	1303771561319	1	1.013	1	0.9872
424	1303771561339	1	1.013	1	0.9872
425	1303771561361	1	1.013	1	0.9872
426	1303771561381	1	1.013	1	0.9872
427	1303771561403	1	1.013	1	0.9872
428	1303771561423	1	1.013	1	0.9872
429	1303771561445	1	1.013	1	0.9872
430	1303771561464	1	1.013	1	0.9872
431	1303771561486	1	1.013	1	0.9872
432	1303771561507	1	1.013	1	0.9872
433	1303771561570	1	1.013	1	0.9872
434	1303771561632	1	1.013	1	0.9872
435	1303771561652	1	1.013	1	0.9872
436	1303771561674	1	1.013	1	0.9872
437	1303771561695	1	1.013	1	0.9872
438	1303771561717	1	1.013	1	0.9872
439	1303771561738	1	1.013	1	0.9872
440	1303771561759	1	1.013	1	0.9872
441	1303771561779	1	1.013	1	0.9872
442	1303771561801	1	1.013	1	0.9872
443	1303771561821	1	1.013	1	0.9872
444	1303771561843	1	1.013	1	0.9872
445	1303771561863	1	1.013	1	0.9872
446	1303771561885	1	1.013	1	0.9872
447	1303771561907	1	1.013	1	0.9872
448	1303771561927	1	1.013	1	0.9872
449	1303771561948	1	1.013	1	0.9872
450	1303771561968	1	1.013	1	0.9872
451	1303771561990	1	1.013	1	0.9872
452	1303771562009	1	1.013	1	0.9872
453	1303771562031	1	1.013	1	0.9872
454	1303771562051	1	1.013	1	0.9872
455	1303771562072	1	1.013	1	0.9872
456	1303771562093	1	1.013	1	0.9872
457	1303771562154	1	1.013	1	0.9872
458	1303771562175	1	1.013	1	0.9872
459	1303771562235	1	1.013	1	0.9872
460	1303771562257	1	1.013	1	0.9872
461	1303771562277	1	1.013	1	0.9872
462	1303771562298	1	1.013	1	0.9872
463	1303771562318	1	1.013	1	0.9872
464	1303771562340	1	1.013	1	0.9872
465	1303771562411	1	1.013	1	0.9872
466	1303771562433	1	1.013	1	0.9872
467	1303771562506	1	1.013	1	0.9872
468	1303771562687	1	1.013	1	0.9872
469	1303771562732	1	1.013	1	0.9872
470	1303771562757	1	1.013	1	0.9872
471	1303771562781	1	1.0137	1	0.9865
472	1303771562803	1	1.0137	1	0.9865
473	1303771562825	1	1.0137	1	0.9865
474	1303771562846	1	1.0137	1	0.9865
475	1303771562868	1	1.0137	1	0.9865
476	1303771562906	1	1.0137	1	0.9865
477	1303771562927	1	1.0137	1	0.9865
478	1303771562990	1	1.0137	1	0.9865
479	1303771563011	1	1.0137	1	0.9865
480	1303771563033	1	1.0137	1	0.9865
481	1303771563054	1	1.0137	1	0.9865
482	1303771563076	1	1.0137	1	0.9865
483	1303771563096	1	1.0137	1	0.9865
484	1303771563118	1	1.0137	1	0.9865
485	1303771563140	1	1.0137	1	0.9865
486	1303771563162	1	1.0137	1	0.9865
487	1303771563184	1	1.0137	1	0.9865
488	1303771563205	1	1.0137	1	0.9865
489	1303771563226	1	1.0137	1	0.9865
490	1303771563246	1	1.0137	1	0.9865
491	1303771563269	1	1.0137	1	0.9865
492	1303771563289	1	1.0137	1	0.9865
493	1303771563352	1	1.0137	1	0.9865
494	1303771563372	1	1.0137	1	0.9865
495	1303771563393	1	1.0137	1	0.9865
496	1303771563415	1	1.0137	1	0.9865
497	1303771563476	1	1.0137	1	0.9865
498	1303771563498	1	1.0137	1	0.9865
499	1303771563518	1	1.0137	1	0.9865
500	1303771563539	1	1.0137	1	0.9865
501	1303771563600	1	1.0137	1	0.9865
502	1303771563623	1	1.0137	1	0.9865
503	1303771563643	1	1.0137	1	0.9865
504	1303771563667	1	1.0137	1	0.9865
505	1303771563729	1	1.0137	1	0.9865
506	1303771563751	1	1.0137	1	0.9865
507	1303771563814	1	1.0137	1	0.9865
508	1303771563834	1	1.0137	1	0.9865
509	1303771563855	1	1.0137	1	0.9865
510	1303771563876	1	1.0137	1	0.9865
511	1303771563897	1	1.0137	1	0.9865
512	1303771563917	1	1.0137	1	0.9865
513	1303771563939	1	1.0137	1	0.9865
514	1303771563959	1	1.0137	1	0.9865
515	1303771563981	1	1.0137	1	0.9865
516	1303771564004	1	1.0137	1	0.9865
517	1303771564025	1	1.0137	1	0.9865
518	1303771564046	1	1.0137	1	0.9865
519	1303771564068	1	1.0137	1	0.9865
520	1303771564090	1	1.0137	1	0.9865
521	1303771564110	1	1.0137	1	0.9865
522	1303771564131	1	1.0137	1	0.9865
523	1303771564153	1	1.0137	1	0.9865
524	1303771564175	1	1.0137	1	0.9865
525	1303771564197	1	1.0137	1	0.9865
526	1303771564220	1	1.0137	1	0.9865
527	1303771564241	1	1.0137	1	0.9865
528	1303771564274	1	1.0137	1	0.9865
529	1303771564463	1	1.0137	1	0.9865
530	1303771564532	1	1.0137	1	0.9865
531	1303771564556	1	1.0137	1	0.9865
532	1303771564620	1	1.0137	1	0.9865
533	1303771564642	1	1.0155	1	0.9847
534	1303771564664	1	1.0155	1	0.9847
535	1303771564687	1	1.0155	1	0.9847
536	1303771564708	1	1.0155	1	0.9847
537	1303771564730	1	1.0155	1	0.9847
538	1303771564796	1	1.0155	1	0.9847
539	1303771564818	1	1.0155	1	0.9847
540	1303771564878	1	1.0155	1	0.9847
541	1303771564940	1	1.0155	1	0.9847
542	1303771564960	1	1.0155	1	0.9847
543	1303771564982	1	1.0155	1	0.9847
544	1303771565003	1	1.0155	1	0.9847
545	1303771565024	1	1.0155	1	0.9847
546	1303771565045	1	1.0155	1	0.9847
547	1303771565105	1	1.0155	1	0.9847
548	1303771565127	1	1.0155	1	0.9847
549	1303771565147	1	1.0155	1	0.9847
550	1303771565169	1	1.0155	1	0.9847
551	1303771565190	1	1.0155	1	0.9847
552	1303771565252	1	1.0155	1	0.9847
553	1303771565272	1	1.0155	1	0.9847
554	1303771565293	1	1.0155	1	0.9847
555	1303771565315	1	1.0155	1	0.9847
556	1303771565336	1	1.0155	1	0.9847
557	1303771565358	1	1.0155	1	0.9847
558	1303771565379	1	1.0155	1	0.9847
559	1303771565402	1	1.0155	1	0.9847
560	1303771565423	1	1.0155	1	0.9847
561	1303771565445	1	1.0155	1	0.9847
562	1303771565465	1	1.0155	1	0.9847
563	1303771565486	1	1.0155	1	0.9847
564	1303771565506	1	1.0155	1	0.9847
565	1303771565528	1	1.0155	1	0.9847
566	1303771565547	1	1.0155	1	0.9847
567	1303771565569	1	1.0155	1	0.9847
568	1303771565590	1	1.0155	1	0.9847
569	1303771565610	1	1.0155	1	0.9847
570	1303771565631	1	1.0155	1	0.9847
571	1303771565691	1	1.0155	1	0.9847
572	1303771565713	1	1.0155	1	0.9847
573	1303771565733	1	1.0155	1	0.9847
574	1303771565754	1	1.0155	1	0.9847
575	1303771565774	1	1.0155	1	0.9847
576	1303771565796	1	1.0155	1	0.9847
577	1303771565817	1	1.0155	1	0.9847
578	1303771565839	1	1.0155	1	0.9847
579	1303771565862	1	1.0155	1	0.9847
580	1303771565884	1	1.0155	1	0.9847
581	1303771565906	1	1.0155	1	0.9847
582	1303771565927	1	1.0155	1	0.9847
583	1303771565949	1	1.0155	1	0.9847
584	1303771565968	1	1.0155	1	0.9847
585	1303771565990	1	1.0155	1	0.9847
586	1303771566010	1	1.0155	1	0.9847
587	1303771566031	1	1.0155	1	0.9847
588	1303771566052	1	1.0155	1	0.9847
589	1303771566128	1	1.0155	1	0.9847
590	1303771566291	1	1.0155	1	0.9847
591	1303771566352	1	1.0155	1	0.9847
592	1303771566377	1	1.0155	1	0.9847
593	1303771566440	1	1.0155	1	0.9847
594	1303771566463	1	1.0178	1	0.9825
595	1303771566525	1	1.0178	1	0.9825
596	1303771566545	1	1.0178	1	0.9825
597	1303771566567	1	1.0178	1	0.9825
598	1303771566587	1	1.0178	1	0.9825
599	1303771566609	1	1.0178	1	0.9825
600	1303771566631	1	1.0178	1	0.9825
601	1303771566694	1	1.0178	1	0.9825
602	1303771566745	1	1.0178	1	0.9825
603	1303771566768	1	1.0178	1	0.9825
604	1303771566790	1	1.0178	1	0.9825
605	1303771566811	1	1.0178	1	0.9825
606	1303771566833	1	1.0178	1	0.9825
607	1303771566853	1	1.0178	1	0.9825
608	1303771566875	1	1.0178	1	0.9825
609	1303771566896	1	1.0178	1	0.9825
610	1303771566919	1	1.0178	1	0.9825
611	1303771566940	1	1.0178	1	0.9825
612	1303771566962	1	1.0178	1	0.9825
613	1303771566982	1	1.0178	1	0.9825
614	1303771567003	1	1.0178	1	0.9825
615	1303771567024	1	1.0178	1	0.9825
616	1303771567086	1	1.0178	1	0.9825
617	1303771567148	1	1.0178	1	0.9825
618	1303771567168	1	1.0178	1	0.9825
619	1303771567190	1	1.0178	1	0.9825
620	1303771567210	1	1.0178	1	0.9825
621	1303771567232	1	1.0178	1	0.9825
622	1303771567253	1	1.0178	1	0.9825
623	1303771567275	1	1.0178	1	0.9825
624	1303771567295	1	1.0178	1	0.9825
625	1303771567317	1	1.0178	1	0.9825
626	1303771567379	1	1.0178	1	0.9825
627	1303771567399	1	1.0178	1	0.9825
628	1303771567421	1	1.0178	1	0.9825
629	1303771567441	1	1.0178	1	0.9825
630	1303771567503	1	1.0178	1	0.9825
631	1303771567523	1	1.0178	1	0.9825
632	1303771567545	1	1.0178	1	0.9825
633	1303771567565	1	1.0178	1	0.9825
634	1303771567586	1	1.0178	1	0.9825
635	1303771567607	1	1.0178	1	0.9825
636	1303771567628	1	1.0178	1	0.9825
637	1303771567650	1	1.0178	1	0.9825
638	1303771567670	1	1.0178	1	0.9825
639	1303771567733	1	1.0178	1	0.9825
640	1303771567753	1	1.0178	1	0.9825
641	1303771567775	1	1.0178	1	0.9825
642	1303771567835	1	1.1135	1	0.8981
643	1303771567857	1	1.1135	1	0.8981
644	1303771567876	1	1.1135	1	0.8981
645	1303771567898	1	1.1135	1	0.8981
646	1303771567918	1	1.1135	1	0.8981
647	1303771567940	1	1.1135	1	0.8981
648	1303771567962	1	1.1135	1	0.8981
649	1303771567983	1	1.1135	1	0.8981
650	1303771568017	1	1.1135	1	0.8981
651	1303771568186	1	1.1135	1	0.8981
652	1303771568242	1	1.1135	1	0.8981
653	1303771568265	1	1.1135	1	0.8981
654	1303771568288	1	1.1135	1	0.8981
655	1303771568310	1	1.1141	1	0.8976
656	1303771568332	1	1.1141	1	0.8976
657	1303771568354	1	1.1141	1	0.8976
658	1303771568374	1	1.1141	1	0.8976
659	1303771568436	1	1.1141	1	0.8976
660	1303771568456	1	1.1141	1	0.8976
661	1303771568477	1	1.1141	1	0.8976
662	1303771568499	1	1.1141	1	0.8976
663	1303771568521	1	1.1141	1	0.8976
664	1303771568581	1	1.1141	1	0.8976
665	1303771568603	1	1.1141	1	0.8976
666	1303771568623	1	1.1141	1	0.8976
667	1303771568645	1	1.1141	1	0.8976
668	1303771568664	1	1.1141	1	0.8976
669	1303771568726	1	1.1141	1	0.8976
670	1303771568748	1	1.1141	1	0.8976
671	1303771568770	1	1.1141	1	0.8976
672	1303771568792	1	1.1141	1	0.8976
673	1303771568812	1	1.1141	1	0.8976
674	1303771568833	1	1.1141	1	0.8976
675	1303771568853	1	1.1141	1	0.8976
676	1303771568875	1	1.1141	1	0.8976
677	1303771568936	1	1.1141	1	0.8976
678	1303771568958	1	1.1141	1	0.8976
679	1303771568979	1	1.1141	1	0.8976
680	1303771568999	1	1.1141	1	0.8976
681	1303771569021	1	1.1141	1	0.8976
682	1303771569041	1	1.1141	1	0.8976
683	1303771569089	1	1.1141	1	0.8976
684	1303771569109	1	1.1141	1	0.8976
685	1303771569131	1	1.1141	1	0.8976
686	1303771569151	1	1.1141	1	0.8976
687	1303771569213	1	1.1141	1	0.8976
688	1303771569233	1	1.1141	1	0.8976
689	1303771569254	1	1.1141	1	0.8976
690	1303771569275	1	1.1141	1	0.8976
691	1303771569298	1	1.1141	1	0.8976
692	1303771569319	1	1.1141	1	0.8976
693	1303771569339	1	1.1141	1	0.8976
694	1303771569362	1	1.1141	1	0.8976
695	1303771569383	1	1.1141	1	0.8976
696	1303771569406	1	1.1141	1	0.8976
697	1303771569467	1	1.1141	1	0.8976
698	1303771569489	1	1.1141	1	0.8976
699	1303771569510	1	1.1141	1	0.8976
700	1303771569533	1	1.1141	1	0.8976
701	1303771569554	1	1.1141	1	0.8976
702	1303771569576	1	1.1141	1	0.8976
703	1303771569596	1	1.1141	1	0.8976
704	1303771569618	1	1.1141	1	0.8976
705	1303771569640	1	1.1141	1	0.8976
706	1303771569661	1	1.1141	1	0.8976
707	1303771569682	1	1.1141	1	0.8976
708	1303771569703	1	1.1141	1	0.8976
709	1303771569725	1	1.1141	1	0.8976
710	1303771569744	1	1.1141	1	0.8976
711	1303771569774	1	1.1141	1	0.8976
712	1303771569925	1	1.1141	1	0.8976
713	1303771569985	1	1.1141	1	0.8976
714	1303771570010	1	1.1141	1	0.8976
715	1303771570033	1	1.1141	1	0.8976
716	1303771570055	1	1.1171	1	0.8952
717	1303771570076	1	1.1171	1	0.8952
718	1303771570098	1	1.1171	1	0.8952
719	1303771570118	1	1.1171	1	0.8952
720	1303771570139	1	1.1171	1	0.8952
721	1303771570159	1	1.1171	1	0.8952
722	1303771570181	1	1.1171	1	0.8952
723	1303771570201	1	1.1171	1	0.8952
724	1303771570223	1	1.1171	1	0.8952
725	1303771570243	1	1.1171	1	0.8952
726	1303771570264	1	1.1171	1	0.8952
727	1303771570285	1	1.1171	1	0.8952
728	1303771570307	1	1.1171	1	0.8952
729	1303771570330	1	1.1171	1	0.8952
730	1303771570350	1	1.1171	1	0.8952
731	1303771570372	1	1.1171	1	0.8952
732	1303771570432	1	1.1171	1	0.8952
733	1303771570454	1	1.1171	1	0.8952
734	1303771570475	1	1.1171	1	0.8952
735	1303771570497	1	1.1171	1	0.8952
736	1303771570557	1	1.2734	1	0.7853
737	1303771570579	1	1.2734	1	0.7853
738	1303771570600	1	1.2734	1	0.7853
739	1303771570621	1	1.2734	1	0.7853
740	1303771570643	1	1.2734	1	0.7853
741	1303771570663	1	1.2734	1	0.7853
742	1303771570684	1	1.2734	1	0.7853
743	1303771570744	1	1.2734	1	0.7853
744	1303771570766	1	1.2734	1	0.7853
745	1303771570786	1	1.2734	1	0.7853
746	1303771570808	1	1.2734	1	0.7853
747	1303771570828	1	1.2734	1	0.7853
748	1303771570851	1	1.2734	1	0.7853
749	1303771570872	1	1.2734	1	0.7853
750	1303771570896	1	1.2734	1	0.7853
751	1303771570916	1	1.2734	1	0.7853
752	1303771570938	1	1.2734	1	0.7853
753	1303771570960	1	1.2734	1	0.7853
754	1303771570981	1	1.2734	1	0.7853
755	1303771571045	1	1.2734	1	0.7853
756	1303771571066	1	1.2734	1	0.7853
757	1303771571087	1	1.2734	1	0.7853
758	1303771571108	1	1.2734	1	0.7853
759	1303771571130	1	1.2734	1	0.7853
760	1303771571151	1	1.2734	1	0.7853
761	1303771571173	1	1.2734	1	0.7853
762	1303771571234	1	1.2734	1	0.7853
763	1303771571256	1	1.2734	1	0.7853
764	1303771571278	1	1.2734	1	0.7853
765	1303771571298	1	1.2734	1	0.7853
766	1303771571366	1	1.2734	1	0.7853
767	1303771571388	1	1.2734	1	0.7853
768	1303771571411	1	1.2734	1	0.7853
769	1303771571432	1	1.2734	1	0.7853
770	1303771571455	1	1.2734	1	0.7853
771	1303771571475	1	1.2734	1	0.7853
772	1303771571501	1	1.2734	1	0.7853
773	1303771571602	1	1.2734	1	0.7853
774	1303771571658	1	1.2734	1	0.7853
775	1303771571683	1	1.2734	1	0.7853
776	1303771571706	1	1.278	1	0.7825
777	1303771571727	1	1.278	1	0.7825
778	1303771571749	1	1.278	1	0.7825
779	1303771571769	1	1.278	1	0.7825
780	1303771571790	1	1.278	1	0.7825
781	1303771571811	1	1.278	1	0.7825
782	1303771571833	1	1.278	1	0.7825
783	1303771571854	1	1.278	1	0.7825
784	1303771571876	1	1.278	1	0.7825
785	1303771571938	1	1.278	1	0.7825
786	1303771571958	1	1.278	1	0.7825
787	1303771571980	1	1.278	1	0.7825
788	1303771572000	1	1.278	1	0.7825
789	1303771572022	1	1.278	1	0.7825
790	1303771572042	1	1.278	1	0.7825
791	1303771572064	1	1.278	1	0.7825
792	1303771572084	1	1.278	1	0.7825
793	1303771572107	1	1.278	1	0.7825
794	1303771572127	1	1.278	1	0.7825
795	1303771572148	1	1.278	1	0.7825
796	1303771572169	1	1.278	1	0.7825
797	1303771572191	1	1.278	1	0.7825
798	1303771572212	1	1.278	1	0.7825
799	1303771572273	1	1.278	1	0.7825
800	1303771572295	1	1.278	1	0.7825
801	1303771572315	1	1.278	1	0.7825
802	1303771572336	1	1.278	1	0.7825
803	1303771572357	1	1.278	1	0.7825
804	1303771572421	1	1.9582	1	0.5107
805	1303771572442	1	1.9582	1	0.5107
806	1303771572464	1	1.9582	1	0.5107
807	1303771572485	1	1.9582	1	0.5107
808	1303771572507	1	1.9582	1	0.5107
809	1303771572527	1	1.9582	1	0.5107
810	1303771572550	1	1.9582	1	0.5107
811	1303771572571	1	1.9582	1	0.5107
812	1303771572592	1	1.9582	1	0.5107
813	1303771572613	1	1.9582	1	0.5107
814	1303771572633	1	1.9582	1	0.5107
815	1303771572655	1	1.9582	1	0.5107
816	1303771572676	1	1.9582	1	0.5107
817	1303771572697	1	1.9582	1	0.5107
818	1303771572718	1	1.9582	1	0.5107
819	1303771572739	1	1.9582	1	0.5107
820	1303771572760	1	1.9582	1	0.5107
821	1303771572782	1	1.9582	1	0.5107
822	1303771572803	1	1.9582	1	0.5107
823	1303771572824	1	1.9582	1	0.5107
824	1303771572846	1	1.9582	1	0.5107
825	1303771572866	1	1.9582	1	0.5107
826	1303771572888	1	1.9582	1	0.5107
827	1303771572908	1	1.9582	1	0.5107
828	1303771572929	1	1.9582	1	0.5107
829	1303771572950	1	1.9582	1	0.5107
830	1303771572971	1	1.9582	1	0.5107
831	1303771572991	1	1.9582	1	0.5107
832	1303771573013	1	1.9582	1	0.5107
833	1303771573040	1	1.9582	1	0.5107
834	1303771573535	1	1.9582	1	0.5107
835	1303771574864	1	1.9582	1	0.5107
836	1303771580616	1	1.9582	1	0.5107
837	1303771581491	1	1.9592	1	0.5104
838	1303771581513	1	1.9592	1	0.5104
839	1303771581535	1	1.9592	1	0.5104
840	1303771581559	1	1.9592	1	0.5104
841	1303771581579	1	1.9592	1	0.5104
842	1303771581601	1	1.9592	1	0.5104
843	1303771581623	1	1.9592	1	0.5104
844	1303771581645	1	1.9592	1	0.5104
845	1303771581665	1	1.9592	1	0.5104
846	1303771581687	1	1.9592	1	0.5104
847	1303771581707	1	1.9592	1	0.5104
848	1303771581730	1	1.9592	1	0.5104
849	1303771581750	1	1.9592	1	0.5104
850	1303771581772	1	1.9592	1	0.5104
851	1303771581792	1	1.9592	1	0.5104
852	1303771581813	1	1.9592	1	0.5104
853	1303771581834	1	1.9592	1	0.5104
854	1303771581858	1	1.9592	1	0.5104
855	1303771581880	1	1.9592	1	0.5104
856	1303771581900	1	1.9592	1	0.5104
857	1303771581922	1	1.9592	1	0.5104
858	1303771581942	1	1.9592	1	0.5104
859	1303771581964	1	1.9592	1	0.5104
860	1303771581984	1	1.9592	1	0.5104
861	1303771582007	1	1.9592	1	0.5104
862	1303771582028	1	1.9592	1	0.5104
863	1303771582050	1	1.9592	1	0.5104
864	1303771582070	1	1.9592	1	0.5104
865	1303771582092	1	1.9592	1	0.5104
866	1303771582153	1	1.9592	1	0.5104
867	1303771582175	1	1.9592	1	0.5104
868	1303771582197	1	1.9592	1	0.5104
869	1303771582217	1	1.9592	1	0.5104
870	1303771582239	1	1.9592	1	0.5104
871	1303771582259	1	1.9592	1	0.5104
872	1303771582322	1	1.9592	1	0.5104
873	1303771582342	1	1.9592	1	0.5104
874	1303771582364	1	1.9592	1	0.5104
875	1303771582384	1	1.9592	1	0.5104
876	1303771582405	1	1.9592	1	0.5104
877	1303771582427	1	1.9592	1	0.5104
878	1303771582449	1	1.9592	1	0.5104
879	1303771582469	1	1.9592	1	0.5104
880	1303771582492	1	1.9592	1	0.5104
881	1303771582512	1	1.9592	1	0.5104
882	1303771582534	1	1.9592	1	0.5104
883	1303771582556	1	1.9592	1	0.5104
884	1303771582620	1	1.9592	1	0.5104
885	1303771582643	1	1.9592	1	0.5104
886	1303771582663	1	1.9592	1	0.5104
887	1303771582684	1	1.9592	1	0.5104
888	1303771582705	1	1.9592	1	0.5104
889	1303771582726	1	1.9592	1	0.5104
890	1303771582747	1	1.9592	1	0.5104
891	1303771582769	1	1.9592	1	0.5104
892	1303771582789	1	1.9592	1	0.5104
893	1303771582811	1	1.9592	1	0.5104
894	1303771582842	1	1.9592	1	0.5104
895	1303771583391	1	1.9592	1	0.5104
896	1303771583884	1	1.9592	1	0.5104
897	1303771583911	1	1.9592	1	0.5104
898	1303771583932	1	1.9771	1	0.5058
899	1303771583955	1	1.9771	1	0.5058
900	1303771583976	1	1.9771	1	0.5058
901	1303771583998	1	1.9771	1	0.5058
902	1303771584019	1	1.9771	1	0.5058
903	1303771584041	1	1.9771	1	0.5058
904	1303771584062	1	1.9771	1	0.5058
905	1303771584083	1	1.9771	1	0.5058
906	1303771584103	1	1.9771	1	0.5058
907	1303771584125	1	1.9771	1	0.5058
908	1303771584148	1	1.9771	1	0.5058
909	1303771584168	1	1.9771	1	0.5058
910	1303771584190	1	1.9771	1	0.5058
911	1303771584211	1	1.9771	1	0.5058
912	1303771584233	1	1.9771	1	0.5058
913	1303771584255	1	1.9771	1	0.5058
914	1303771584276	1	1.9771	1	0.5058
915	1303771584297	1	1.9771	1	0.5058
916	1303771584319	1	1.9771	1	0.5058
917	1303771584340	1	1.9771	1	0.5058
918	1303771584363	1	1.9771	1	0.5058
919	1303771584383	1	1.9771	1	0.5058
920	1303771584406	1	1.9771	1	0.5058
921	1303771584429	1	1.9771	1	0.5058
922	1303771584449	1	1.9771	1	0.5058
923	1303771584471	1	1.9771	1	0.5058
924	1303771584492	1	1.9771	1	0.5058
925	1303771584558	1	1.9771	1	0.5058
926	1303771584579	1	1.9771	1	0.5058
927	1303771584600	1	1.9771	1	0.5058
928	1303771584622	1	1.9771	1	0.5058
929	1303771584644	1	1.9771	1	0.5058
930	1303771584665	1	1.9771	1	0.5058
931	1303771584687	1	1.9771	1	0.5058
932	1303771584707	1	1.9771	1	0.5058
933	1303771584730	1	1.9771	1	0.5058
934	1303771584752	1	1.9771	1	0.5058
935	1303771584772	1	1.9771	1	0.5058
936	1303771584794	1	1.9771	1	0.5058
937	1303771584815	1	1.9771	1	0.5058
938	1303771584837	1	1.9771	1	0.5058
939	1303771584856	1	1.9771	1	0.5058
940	1303771584893	1	1.9771	1	0.5058
941	1303771584913	1	1.9771	1	0.5058
942	1303771584935	1	1.9771	1	0.5058
943	1303771584956	1	1.9771	1	0.5058
944	1303771584977	1	1.9771	1	0.5058
945	1303771584998	1	1.9771	1	0.5058
946	1303771585019	1	1.9771	1	0.5058
947	1303771585041	1	1.9771	1	0.5058
948	1303771585104	1	1.9771	1	0.5058
949	1303771585126	1	1.9771	1	0.5058
950	1303771585148	1	1.9771	1	0.5058
951	1303771585171	1	1.9771	1	0.5058
952	1303771585191	1	1.9771	1	0.5058
953	1303771585213	1	1.9771	1	0.5058
954	1303771585234	1	1.9771	1	0.5058
955	1303771585264	1	1.9771	1	0.5058
956	1303771585605	1	1.9771	1	0.5058
957	1303771585698	1	1.9771	1	0.5058
958	1303771585724	1	1.9771	1	0.5058
959	1303771585748	1	1.9771	1	0.5058
960	1303771585769	1	1.5078	1.0263	0.6462
961	1303771585792	1	1.5078	1.0526	0.63
962	1303771585814	1	1.5078	1.0263	0.6462
963	1303771585837	1	1.5078	1	0.6632
964	1303771585857	1	1.5078	1.0789	0.6147
965	1303771585919	1	1.5078	1.1316	0.5861
966	1303771585942	1	1.5078	1.0526	0.63
967	1303771585962	1	1.5078	1.0263	0.6462
968	1303771585986	1	1.5078	1	0.6632
969	1303771586007	1	1.5078	1	0.6632
970	1303771586029	1	1.5078	1.0526	0.63
971	1303771586065	1	1.5078	1.0263	0.6462
972	1303771586087	1	1.5078	1	0.6632
973	1303771586148	1	1.5078	1.0526	0.63
974	1303771586219	1	1.5078	1.0263	0.6462
975	1303771586241	1	1.5078	1.0263	0.6462
976	1303771586262	1	1.5078	1.0526	0.63
977	1303771586309	1	1.5078	1.0263	0.6462
978	1303771586342	1	1.5078	1	0.6632
979	1303771586364	1	1.5078	1	0.6632
980	1303771586385	1	1.5078	1.0263	0.6462
981	1303771586448	1	1.5078	1.0263	0.6462
982	1303771586468	1	1.5078	1.0526	0.63
983	1303771586596	1	1.5078	1.0526	0.63
984	1303771586700	1	1.5078	1.0263	0.6462
985	1303771586782	1	1.5078	1	0.6632
986	1303771586824	1	1.5078	1	0.6632
987	1303771586846	1	1.5078	1	0.6632
988	1303771586914	1	1.5078	1	0.6632
989	1303771586935	1	1.5078	1	0.6632
990	1303771586958	1	1.5078	1	0.6632
991	1303771586980	1	1.5078	1	0.6632
992	1303771587003	1	1.5078	1	0.6632
993	1303771587069	1	1.5078	1	0.6632
994	1303771587092	1	1.5078	1	0.6632
995	1303771587112	1	1.5078	1	0.6632
996	1303771587135	1	1.5078	1	0.6632
997	1303771587155	1	1.5078	1	0.6632
998	1303771587177	1	1.5078	1	0.6632
999	1303771587199	1	1.5078	1	0.6632
1000	1303771587221	1	1.5078	1	0.6632
1001	1303771587244	1	1.5078	1	0.6632
1002	1303771587265	1	1.5078	1	0.6632
1003	1303771587328	1	1.5078	1	0.6632
1004	1303771587350	1	1.5078	1	0.6632
1005	1303771587373	1	1.5078	1.0263	0.6462
1006	1303771587394	1	1.5078	1	0.6632
1007	1303771587416	1	1.5078	1	0.6632
1008	1303771587437	1	1.5078	1	0.6632
1009	1303771587459	1	1.5078	1	0.6632
1010	1303771587521	1	1.5078	1	0.6632
1011	1303771587542	1	1.5078	1	0.6632
1012	1303771587605	1	1.5078	1	0.6632
1013	1303771587625	1	1.5078	1	0.6632
1014	1303771587648	1	1.5078	1	0.6632
1015	1303771587669	1	1.5078	1	0.6632
1016	1303771587702	1	1.157	1	0.8643
1017	1303771588104	1	1.1552	1	0.8656
1018	1303771588435	1	1.1552	1	0.8656
1019	1303771588458	1	1.1552	1	0.8656
1020	1303771588481	1	1.1552	1	0.8656
1021	1303771588501	1	1.1552	1.0263	0.8434
1022	1303771588523	1	1.1552	1.0263	0.8434
1023	1303771588543	1	1.1552	1.0263	0.8434
1024	1303771588565	1	1.1552	1	0.8656
1025	1303771588586	1	1.1552	1.0263	0.8434
1026	1303771588650	1	1.1552	1	0.8656
1027	1303771588673	1	1.1552	1.0263	0.8434
1028	1303771588693	1	1.1552	1	0.8656
1029	1303771588715	1	1.1552	1.0263	0.8434
1030	1303771588735	1	1.1552	1	0.8656
1031	1303771588757	1	1.1552	1.0263	0.8434
1032	1303771588777	1	1.1552	1	0.8656
1033	1303771588799	1	1.1552	1.0263	0.8434
1034	1303771588820	1	1.1552	1	0.8656
1035	1303771588842	1	1.1552	1.0263	0.8434
1036	1303771588862	1	1.1552	1	0.8656
1037	1303771588884	1	1.1552	1.0263	0.8434
1038	1303771588905	1	1.1552	1	0.8656
1039	1303771588926	1	1.1552	1.0263	0.8434
1040	1303771588948	1	1.1552	1	0.8656
1041	1303771588968	1	1.1552	1.0263	0.8434
1042	1303771588990	1	1.1552	1	0.8656
1043	1303771589011	1	1.1552	1.0263	0.8434
1044	1303771589033	1	1.1552	1	0.8656
1045	1303771589054	1	1.1552	1	0.8656
1046	1303771589076	1	1.1552	1	0.8656
1047	1303771589096	1	1.1552	1	0.8656
1048	1303771589120	1	1.1552	1	0.8656
1049	1303771589140	1	1.1552	1	0.8656
1050	1303771589162	1	1.1552	1	0.8656
1051	1303771589182	1	1.1552	1	0.8656
1052	1303771589205	1	1.1552	1	0.8656
1053	1303771589225	1	1.1552	1	0.8656
1054	1303771589248	1	1.1552	1	0.8656
1055	1303771589270	1	1.1552	1	0.8656
1056	1303771589290	1	1.1552	1	0.8656
1057	1303771589312	1	1.1552	1	0.8656
1058	1303771589334	1	1.1552	1	0.8656
1059	1303771589357	1	1.1552	1	0.8656
1060	1303771589377	1	1.1552	1	0.8656
1061	1303771589399	1	1.1552	1	0.8656
1062	1303771589419	1	1.1552	1	0.8656
1063	1303771589441	1	1.1552	1	0.8656
1064	1303771589461	1	1.1552	1	0.8656
1065	1303771589483	1	1.1552	1	0.8656
1066	1303771589505	1	1.1552	1	0.8656
1067	1303771589527	1	1.1552	1	0.8656
1068	1303771589547	1	1.1552	1	0.8656
1069	1303771589568	1	1.1552	1	0.8656
1070	1303771589591	1	1.1552	1	0.8656
1071	1303771589652	1	1.1552	1	0.8656
1072	1303771589675	1	1.1552	1	0.8656
1073	1303771589695	1	1.1552	1	0.8656
1074	1303771589718	1	1.1552	1	0.8656
1075	1303771589739	1	1.1552	1	0.8656
1076	1303771589762	1	1.1552	1	0.8656
1077	1303771589792	1	1.1546	1	0.8661
1078	1303771590532	1	1.1546	1	0.8661
1079	1303771591329	1	1.1546	1	0.8661
1080	1303771591357	1	1.1535	1	0.8669
1081	1303771591381	1	1.1535	1	0.8669
1082	1303771591404	1	1.1535	1	0.8669
1083	1303771591424	1	1.1535	1	0.8669
1084	1303771591446	1	1.1535	1	0.8669
1085	1303771591467	1	1.1535	1	0.8669
1086	1303771591489	1	1.1535	1	0.8669
1087	1303771591509	1	1.1535	1	0.8669
1088	1303771591531	1	1.1535	1	0.8669
1089	1303771591552	1	1.1535	1	0.8669
1090	1303771591614	1	1.1535	1	0.8669
1091	1303771591677	1	1.1535	1	0.8669
1092	1303771591697	1	1.1535	1	0.8669
1093	1303771591720	1	1.1535	1	0.8669
1094	1303771591741	1	1.1535	1	0.8669
1095	1303771591764	1	1.1535	1	0.8669
1096	1303771591786	1	1.1535	1	0.8669
1097	1303771591808	1	1.1535	1	0.8669
1098	1303771591828	1	1.1535	1	0.8669
1099	1303771591851	1	1.1535	1	0.8669
1100	1303771591871	1	1.1535	1	0.8669
1101	1303771591934	1	1.1535	1	0.8669
1102	1303771591958	1	1.1535	1	0.8669
1103	1303771591980	1	1.1535	1	0.8669
1104	1303771592002	1	1.1535	1	0.8669
1105	1303771592067	1	1.1535	1	0.8669
1106	1303771592090	1	1.1535	1	0.8669
1107	1303771592111	1	1.1535	1	0.8669
1108	1303771592134	1	1.1535	1	0.8669
1109	1303771592154	1	1.1535	1	0.8669
1110	1303771592176	1	1.1535	1	0.8669
1111	1303771592196	1	1.1535	1	0.8669
1112	1303771592219	1	1.1535	1	0.8669
1113	1303771592243	1	1.1535	1	0.8669
1114	1303771592263	1	1.1535	1	0.8669
1115	1303771592286	1	1.1535	1	0.8669
1116	1303771592308	1	1.1535	1	0.8669
1117	1303771592331	1	1.1535	1	0.8669
1118	1303771592351	1	1.1535	1	0.8669
1119	1303771592416	1	1.1535	1	0.8669
1120	1303771592436	1	1.1535	1	0.8669
1121	1303771592459	1	1.1535	1	0.8669
1122	1303771592479	1	1.1535	1	0.8669
1123	1303771592501	1	1.1535	1	0.8669
1124	1303771592563	1	1.1535	1	0.8669
1125	1303771592584	1	1.1535	1	0.8669
1126	1303771592647	1	1.1535	1	0.8669
1127	1303771592711	1	1.1535	1	0.8669
1128	1303771592733	1	1.1535	1	0.8669
1129	1303771592754	1	1.1535	1	0.8669
1130	1303771592776	1	1.1535	1	0.8669
1131	1303771592796	1	1.1535	1	0.8669
1132	1303771592820	1	1.1535	1	0.8669
1133	1303771592843	1	1.1535	1	0.8669
1134	1303771592863	1	1.1535	1	0.8669
1135	1303771592886	1	1.1535	1	0.8669
1136	1303771592907	1	1.1535	1	0.8669
1137	1303771592929	1	1.1535	1	0.8669
1138	1303771592960	1	1.1535	1	0.8669
1139	1303771593602	1	1.1535	1	0.8669
1140	1303771594180	1	1.1535	1	0.8669
1141	1303771594246	1	1.1535	1	0.8669
1142	1303771594278	1	1.1535	1	0.8669
1143	1303771594301	1	1.1535	1	0.8669
1144	1303771594362	1	1.1535	1	0.8669
1145	1303771594385	1	1.1535	1	0.8669
1146	1303771594406	1	1.1535	1	0.8669
1147	1303771594429	1	1.1535	1	0.8669
1148	1303771594451	1	1.1535	1	0.8669
1149	1303771594471	1	1.1535	1	0.8669
1150	1303771594493	1	1.1535	1	0.8669
1151	1303771594557	1	1.1535	1	0.8669
1152	1303771594580	1	1.1535	1	0.8669
1153	1303771594602	1	1.1535	1	0.8669
1154	1303771594625	1	1.1535	1	0.8669
1155	1303771594645	1	1.1535	1	0.8669
1156	1303771594667	1	1.1535	1	0.8669
1157	1303771594687	1	1.1535	1	0.8669
1158	1303771594709	1	1.1535	1	0.8669
1159	1303771594732	1	1.1535	1	0.8669
1160	1303771594753	1	1.1535	1	0.8669
1161	1303771594775	1	1.1535	1	0.8669
1162	1303771594797	1	1.1535	1	0.8669
1163	1303771594820	1	1.1535	1	0.8669
1164	1303771594841	1	1.1535	1	0.8669
1165	1303771594863	1	1.1535	1	0.8669
1166	1303771594884	1	1.1535	1	0.8669
1167	1303771594906	1	1.1535	1	0.8669
1168	1303771594928	1	1.1535	1	0.8669
1169	1303771594950	1	1.1535	1	0.8669
1170	1303771594972	1	1.1535	1	0.8669
1171	1303771594995	1	1.1535	1	0.8669
1172	1303771595017	1	1.1535	1	0.8669
1173	1303771595038	1	1.1535	1	0.8669
1174	1303771595100	1	1.1535	1	0.8669
1175	1303771595121	1	1.1535	1	0.8669
1176	1303771595184	1	1.1535	1	0.8669
1177	1303771595205	1	1.1535	1	0.8669
1178	1303771595228	1	1.1535	1	0.8669
1179	1303771595248	1	1.1535	1	0.8669
1180	1303771595270	1	1.1535	1	0.8669
1181	1303771595290	1	1.1535	1	0.8669
1182	1303771595313	1	1.1535	1	0.8669
1183	1303771595337	1	1.1535	1	0.8669
1184	1303771595357	1	1.1535	1	0.8669
1185	1303771595379	1	1.1535	1	0.8669
1186	1303771595399	1	1.1535	1	0.8669
1187	1303771595421	1	1.1535	1	0.8669
1188	1303771595443	1	1.1535	1	0.8669
1189	1303771595506	1	1.1535	1	0.8669
1190	1303771595527	1	1.1535	1	0.8669
1191	1303771595549	1	1.1535	1	0.8669
1192	1303771595569	1	1.1535	1	0.8669
1193	1303771595592	1	1.1535	1	0.8669
1194	1303771595614	1	1.1535	1	0.8669
1195	1303771595635	1	1.1535	1	0.8669
1196	1303771595658	1	1.1535	1	0.8669
1197	1303771595678	1	1.1535	1	0.8669
1198	1303771595700	1	1.1535	1	0.8669
1199	1303771595733	1	1.1482	1	0.8709
1200	1303771596534	1	1.1467	1	0.8721
1201	1303771597299	1	1.1467	1	0.8721
1202	1303771597364	1	1.1467	1	0.8721
1203	1303771597396	1	1.1467	1	0.8721
1204	1303771597417	1	1.1467	1	0.8721
1205	1303771597480	1	1.1467	1	0.8721
1206	1303771597501	1	1.1467	1	0.8721
1207	1303771597568	1	1.1467	1	0.8721
1208	1303771597590	1	1.1467	1	0.8721
1209	1303771597654	1	1.1467	1	0.8721
1210	1303771597675	1	1.1467	1	0.8721
1211	1303771597698	1	1.1467	1	0.8721
1212	1303771597720	1	1.1467	1	0.8721
1213	1303771597742	1	1.1467	1	0.8721
1214	1303771597765	1	1.1467	1	0.8721
1215	1303771597786	1	1.1467	1	0.8721
1216	1303771597808	1	1.1467	1	0.8721
1217	1303771597829	1	1.1467	1	0.8721
1218	1303771597851	1	1.1467	1	0.8721
1219	1303771597871	1	1.1467	1	0.8721
1220	1303771597893	1	1.1467	1	0.8721
1221	1303771597913	1	1.1467	1	0.8721
1222	1303771597979	1	1.1963	1	0.8359
1223	1303771598000	1	1.1963	1	0.8359
1224	1303771598023	1	1.1963	1	0.8359
1225	1303771598046	1	1.1963	1	0.8359
1226	1303771598066	1	1.1963	1	0.8359
1227	1303771598089	1	1.1963	1	0.8359
1228	1303771598110	1	1.1963	1	0.8359
1229	1303771598133	1	1.1963	1	0.8359
1230	1303771598155	1	1.1963	1	0.8359
1231	1303771598177	1	1.1963	1	0.8359
1232	1303771598238	1	1.1963	1	0.8359
1233	1303771598261	1	1.1963	1	0.8359
1234	1303771598281	1	1.1963	1	0.8359
1235	1303771598304	1	1.1963	1	0.8359
1236	1303771598326	1	1.1963	1	0.8359
1237	1303771598347	1	1.1963	1	0.8359
1238	1303771598410	1	1.1963	1	0.8359
1239	1303771598431	1	1.1963	1	0.8359
1240	1303771598453	1	1.1963	1	0.8359
1241	1303771598473	1	1.1963	1	0.8359
1242	1303771598496	1	1.1963	1	0.8359
1243	1303771598517	1	1.1963	1	0.8359
1244	1303771598539	1	1.1963	1	0.8359
1245	1303771598559	1	1.1963	1	0.8359
1246	1303771598581	1	1.1963	1	0.8359
1247	1303771598646	1	1.1963	1	0.8359
1248	1303771598667	1	1.1963	1	0.8359
1249	1303771598689	1	1.1963	1	0.8359
1250	1303771598710	1	1.1963	1	0.8359
1251	1303771598732	1	1.1963	1	0.8359
1252	1303771598754	1	1.1963	1	0.8359
1253	1303771598777	1	1.1963	1	0.8359
1254	1303771598798	1	1.1963	1	0.8359
1255	1303771598821	1	1.1963	1	0.8359
1256	1303771598841	1	1.1963	1	0.8359
1257	1303771598863	1	1.1963	1	0.8359
1258	1303771598883	1	1.1963	1	0.8359
1259	1303771598907	1	1.1963	1	0.8359
1260	1303771598939	1	1.1963	1	0.8359
1261	1303771599630	1	1.1963	1	0.8359
1262	1303771600240	1	1.1963	1	0.8359
1263	1303771600286	1	1.1963	1	0.8359
1264	1303771600311	1	1.1963	1	0.8359
1265	1303771600334	1	1.1963	1	0.8359
1266	1303771600356	1	1.1963	1	0.8359
1267	1303771600379	1	1.1963	1	0.8359
1268	1303771600400	1	1.1963	1	0.8359
1269	1303771600422	1	1.1963	1	0.8359
1270	1303771600445	1	1.1963	1	0.8359
1271	1303771600465	1	1.1963	1	0.8359
1272	1303771600488	1	1.1963	1	0.8359
1273	1303771600548	1	1.1963	1	0.8359
1274	1303771600571	1	1.1963	1	0.8359
1275	1303771600593	1	1.1963	1	0.8359
1276	1303771600660	1	1.1963	1	0.8359
1277	1303771600681	1	1.1963	1	0.8359
1278	1303771600704	1	1.1963	1	0.8359
1279	1303771600724	1	1.1963	1	0.8359
1280	1303771600745	1	1.1963	1	0.8359
1281	1303771600808	1	1.1963	1	0.8359
1282	1303771600828	1	1.1963	1	0.8359
1283	1303771600851	1	1.1963	1	0.8359
1284	1303771600871	1	1.1963	1	0.8359
1285	1303771600935	1	1.1963	1	0.8359
1286	1303771600955	1	1.1963	1	0.8359
1287	1303771600977	1	1.1963	1	0.8359
1288	1303771600998	1	1.1963	1	0.8359
1289	1303771601020	1	1.1963	1	0.8359
1290	1303771601040	1	1.1963	1	0.8359
1291	1303771601063	1	1.1963	1	0.8359
1292	1303771601085	1	1.1963	1	0.8359
1293	1303771601105	1	1.1963	1	0.8359
1294	1303771601127	1	1.1963	1	0.8359
1295	1303771601147	1	1.1963	1	0.8359
1296	1303771601169	1	1.1963	1	0.8359
1297	1303771601189	1	1.1963	1	0.8359
1298	1303771601212	1	1.1963	1	0.8359
1299	1303771601233	1	1.1963	1	0.8359
1300	1303771601255	1	1.1963	1	0.8359
1301	1303771601277	1	1.1963	1	0.8359
1302	1303771601300	1	1.1963	1	0.8359
1303	1303771601321	1	1.1963	1	0.8359
1304	1303771601343	1	1.1963	1	0.8359
1305	1303771601364	1	1.1963	1	0.8359
1306	1303771601386	1	1.1963	1	0.8359
1307	1303771601449	1	1.1963	1	0.8359
1308	1303771601470	1	1.1963	1	0.8359
1309	1303771601492	1	1.1963	1	0.8359
1310	1303771601514	1	1.1963	1	0.8359
1311	1303771601537	1	1.1963	1	0.8359
1312	1303771601557	1	1.1963	1	0.8359
1313	1303771601624	1	1.1963	1	0.8359
1314	1303771601645	1	1.1963	1	0.8359
1315	1303771601667	1	1.1963	1	0.8359
1316	1303771601730	1	1.1963	1	0.8359
1317	1303771601791	1	1.1963	1	0.8359
1318	1303771601814	1	1.1963	1	0.8359
1319	1303771601835	1	1.1963	1	0.8359
1320	1303771601897	1	1.1963	1	0.8359
1321	1303771601927	1	1.1963	1	0.8359
1322	1303771602341	1	1.1963	1	0.8359
1323	1303771602598	1	1.1963	1	0.8359
1324	1303771602626	1	1.1963	1	0.8359
1325	1303771602650	1	1.1963	1	0.8359
1326	1303771602711	1	1.1963	1	0.8359
1327	1303771602735	1	1.1963	1	0.8359
1328	1303771602756	1	1.1963	1	0.8359
1329	1303771602778	1	1.1963	1	0.8359
1330	1303771602799	1	1.1963	1	0.8359
1331	1303771602821	1	1.1963	1	0.8359
1332	1303771602843	1	1.1963	1	0.8359
1333	1303771602903	1	1.1963	1	0.8359
1334	1303771602925	1	1.1963	1	0.8359
1335	1303771602946	1	1.1963	1	0.8359
1336	1303771602969	1	1.1963	1	0.8359
1337	1303771602989	1	1.1963	1	0.8359
1338	1303771603012	1	1.1963	1	0.8359
1339	1303771603072	1	1.1963	1	0.8359
1340	1303771603095	1	1.1963	1	0.8359
1341	1303771603116	1	1.1963	1	0.8359
1342	1303771603138	1	1.1963	1	0.8359
1343	1303771603201	1	1.1963	1	0.8359
1344	1303771603221	1	1.1963	1	0.8359
1345	1303771603244	1	1.1963	1	0.8359
1346	1303771603265	1	1.1963	1	0.8359
1347	1303771603289	1	1.1963	1	0.8359
1348	1303771603311	1	1.1963	1	0.8359
1349	1303771603334	1	1.1963	1	0.8359
1350	1303771603355	1	1.1963	1	0.8359
1351	1303771603377	1	1.1963	1	0.8359
1352	1303771603398	1	1.1963	1	0.8359
1353	1303771603420	1	1.1963	1	0.8359
1354	1303771603441	1	1.1963	1	0.8359
1355	1303771603463	1	1.1963	1	0.8359
1356	1303771603485	1	1.1963	1	0.8359
1357	1303771603505	1	1.1963	1	0.8359
1358	1303771603529	1	1.1963	1	0.8359
1359	1303771603551	1	1.1963	1	0.8359
1360	1303771603573	1	1.1963	1	0.8359
1361	1303771603593	1	1.1963	1	0.8359
1362	1303771603615	1	1.1963	1	0.8359
1363	1303771603637	1	1.1963	1	0.8359
1364	1303771603659	1	1.1963	1	0.8359
1365	1303771603679	1	1.1963	1	0.8359
1366	1303771603702	1	1.1963	1	0.8359
1367	1303771603722	1	1.1963	1	0.8359
1368	1303771603744	1	1.1963	1	0.8359
1369	1303771603765	1	1.1963	1	0.8359
1370	1303771603787	1	1.1963	1	0.8359
1371	1303771603809	1	1.1963	1	0.8359
1372	1303771603829	1	1.1963	1	0.8359
1373	1303771603851	1	1.1963	1	0.8359
1374	1303771603872	1	1.1963	1	0.8359
1375	1303771603893	1	1.1963	1	0.8359
1376	1303771603914	1	1.1963	1	0.8359
1377	1303771603936	1	1.1963	1	0.8359
1378	1303771603956	1	1.1963	1	0.8359
1379	1303771603978	1	1.1963	1	0.8359
1380	1303771603999	1	1.1963	1	0.8359
1381	1303771604021	1	1.1963	1	0.8359
1382	1303771604052	1	1.1963	1	0.8359
1383	1303771604456	1	1.1963	1	0.8359
1384	1303771604704	1	1.1963	1	0.8359
1385	1303771604728	1	1.1963	1	0.8359
1386	1303771604751	1	1.1963	1	0.8359
1387	1303771604773	1	1.1963	1	0.8359
1388	1303771604794	1	1.1963	1	0.8359
1389	1303771604855	1	1.1963	1	0.8359
1390	1303771604878	1	1.1963	1	0.8359
1391	1303771604944	1	1.1963	1	0.8359
1392	1303771604965	1	1.1963	1	0.8359
1393	1303771605028	1	1.1963	1	0.8359
1394	1303771605048	1	1.1963	1	0.8359
1395	1303771605071	1	1.1963	1	0.8359
1396	1303771605092	1	1.1963	1	0.8359
1397	1303771605114	1	1.1963	1	0.8359
1398	1303771605135	1	1.1963	1	0.8359
1399	1303771605157	1	1.1963	1	0.8359
1400	1303771605180	1	1.1963	1	0.8359
1401	1303771605201	1	1.1963	1	0.8359
1402	1303771605223	1	1.1963	1	0.8359
1403	1303771605245	1	1.1963	1	0.8359
1404	1303771605268	1	1.1963	1	0.8359
1405	1303771605329	1	1.1963	1	0.8359
1406	1303771605352	1	1.1963	1	0.8359
1407	1303771605375	1	1.1963	1	0.8359
1408	1303771605397	1	1.1963	1	0.8359
1409	1303771605418	1	1.1963	1	0.8359
1410	1303771605440	1	1.1963	1	0.8359
1411	1303771605463	1	1.1963	1	0.8359
1412	1303771605483	1	1.1963	1	0.8359
1413	1303771605506	1	1.1963	1	0.8359
1414	1303771605526	1	1.1963	1	0.8359
1415	1303771605549	1	1.1963	1	0.8359
1416	1303771605569	1	1.1963	1	0.8359
1417	1303771605633	1	1.1963	1	0.8359
1418	1303771605654	1	1.1963	1	0.8359
1419	1303771605676	1	1.1963	1	0.8359
1420	1303771605697	1	1.1963	1	0.8359
1421	1303771605719	1	1.1963	1	0.8359
1422	1303771605742	1	1.1963	1	0.8359
1423	1303771605762	1	1.1963	1	0.8359
1424	1303771605785	1	1.1963	1	0.8359
1425	1303771605806	1	1.1963	1	0.8359
1426	1303771605828	1	1.1963	1	0.8359
1427	1303771605849	1	1.1963	1	0.8359
1428	1303771605871	1	1.1963	1	0.8359
1429	1303771605893	1	1.1963	1	0.8359
1430	1303771605916	1	1.1963	1	0.8359
1431	1303771605938	1	1.1963	1	0.8359
1432	1303771605961	1	1.1963	1	0.8359
1433	1303771605982	1	1.1963	1	0.8359
1434	1303771606005	1	1.1963	1	0.8359
1435	1303771606029	1	1.1963	1	0.8359
1436	1303771606050	1	1.1963	1	0.8359
1437	1303771606074	1	1.1963	1	0.8359
1438	1303771606095	1	1.1963	1	0.8359
1439	1303771606118	1	1.1963	1	0.8359
1440	1303771606139	1	1.1963	1	0.8359
1441	1303771606162	1	1.1963	1	0.8359
1442	1303771606225	1	1.1963	1	0.8359
1443	1303771606258	1	1.1963	1	0.8359
1444	1303771606693	1	1.1963	1	0.8359
1445	1303771606971	1	1.1963	1	0.8359
1446	1303771607035	1	1.285	1	0.7782
1447	1303771607059	1	1.2837	1	0.779
1448	1303771607081	1	1.2836	1	0.7791
1449	1303771607105	1	1.2836	1	0.7791
1450	1303771607129	1	1.2836	1	0.7791
1451	1303771607151	1	1.2836	1	0.7791
1452	1303771607175	1	1.2836	1	0.7791
1453	1303771607198	1	1.2836	1	0.7791
1454	1303771607222	1	1.2836	1	0.7791
1455	1303771607245	1	1.2836	1	0.7791
1456	1303771607267	1	1.2836	1	0.7791
1457	1303771607293	1	1.2836	1	0.7791
1458	1303771607317	1	1.2836	1	0.7791
1459	1303771607381	1	1.2836	1	0.7791
1460	1303771607405	1	1.2836	1	0.7791
1461	1303771607429	1	1.2836	1	0.7791
1462	1303771607451	1	1.2836	1	0.7791
1463	1303771607518	1	1.2836	1	0.7791
1464	1303771607541	1	1.2836	1	0.7791
1465	1303771607566	1	1.2836	1	0.7791
1466	1303771607591	1	1.2836	1	0.7791
1467	1303771607613	1	1.2836	1	0.7791
1468	1303771607682	1	1.2836	1	0.7791
1469	1303771607749	1	1.2836	1	0.7791
1470	1303771607772	1	1.2836	1	0.7791
1471	1303771607795	1	1.2836	1	0.7791
1472	1303771607817	1	1.2836	1	0.7791
1473	1303771607841	1	1.2836	1	0.7791
1474	1303771607865	1	1.2836	1	0.7791
1475	1303771607887	1	1.2836	1	0.7791
1476	1303771607911	1	1.2836	1	0.7791
1477	1303771607934	1	1.2836	1	0.7791
1478	1303771607956	1	1.2836	1	0.7791
1479	1303771607980	1	1.2836	1	0.7791
1480	1303771608002	1	1.2836	1	0.7791
1481	1303771608026	1	1.2836	1	0.7791
1482	1303771608049	1	1.2836	1	0.7791
1483	1303771608071	1	1.2836	1	0.7791
1484	1303771608095	1	1.2836	1	0.7791
1485	1303771608119	1	1.2836	1	0.7791
1486	1303771608141	1	1.2836	1	0.7791
1487	1303771608165	1	1.2836	1	0.7791
1488	1303771608187	1	1.2836	1	0.7791
1489	1303771608212	1	1.2836	1	0.7791
1490	1303771608236	1	1.2836	1	0.7791
1491	1303771608258	1	1.2836	1	0.7791
1492	1303771608282	1	1.2836	1	0.7791
1493	1303771608306	1	1.2836	1	0.7791
1494	1303771608328	1	1.2836	1	0.7791
1495	1303771608351	1	1.2836	1	0.7791
1496	1303771608373	1	1.2836	1	0.7791
1497	1303771608397	1	1.2836	1	0.7791
1498	1303771608911	1	1.2836	1	0.7791
1499	1303771608933	1	1.2836	1	0.7791
1500	1303771608957	1	1.2836	1	0.7791
1501	1303771608981	1	1.2836	1	0.7791
1502	1303771609043	1	1.2836	1	0.7791
1503	1303771609079	1	1.2836	1	0.7791
1504	1303771609115	1	1.2836	1	0.7791
1505	1303771609766	1	1.2836	1	0.7791
1506	1303771610070	1	1.2836	1	0.7791
1507	1303771610092	1	1.2836	1	0.7791
1508	1303771610117	1	1.2835	1	0.7791
1509	1303771610140	1	1.2835	1	0.7791
1510	1303771610164	1	1.2835	1	0.7791
1511	1303771610189	1	1.2835	1	0.7791
1512	1303771610212	1	1.2835	1	0.7791
1513	1303771610236	1	1.2835	1	0.7791
1514	1303771610260	1	1.2835	1	0.7791
1515	1303771610282	1	1.2835	1	0.7791
1516	1303771610307	1	1.2835	1	0.7791
1517	1303771610330	1	1.2835	1	0.7791
1518	1303771610354	1	1.2835	1	0.7791
1519	1303771610419	1	1.2835	1	0.7791
1520	1303771610441	1	1.2835	1	0.7791
1521	1303771610465	1	1.2835	1	0.7791
1522	1303771610489	1	1.2835	1	0.7791
1523	1303771610511	1	1.2835	1	0.7791
1524	1303771610535	1	1.2835	1	0.7791
1525	1303771610560	1	1.2835	1	0.7791
1526	1303771610582	1	1.2835	1	0.7791
1527	1303771610606	1	1.2835	1	0.7791
1528	1303771610628	1	1.2835	1	0.7791
1529	1303771610652	1	1.2835	1	0.7791
1530	1303771610676	1	1.2835	1	0.7791
1531	1303771610698	1	1.2835	1	0.7791
1532	1303771610762	1	1.2835	1	0.7791
1533	1303771610787	1	1.2835	1	0.7791
1534	1303771610809	1	1.2835	1	0.7791
1535	1303771610833	1	1.2835	1	0.7791
1536	1303771610857	1	1.2835	1	0.7791
1537	1303771610882	1	1.2835	1	0.7791
1538	1303771610906	1	1.2835	1	0.7791
1539	1303771610928	1	1.2835	1	0.7791
1540	1303771610952	1	1.2835	1	0.7791
1541	1303771610978	1	1.2835	1	0.7791
1542	1303771611001	1	1.2835	1	0.7791
1543	1303771611025	1	1.2835	1	0.7791
1544	1303771611048	1	1.2835	1	0.7791
1545	1303771611071	1	1.2835	1	0.7791
1546	1303771611095	1	1.2835	1	0.7791
1547	1303771611117	1	1.2835	1	0.7791
1548	1303771611141	1	1.2835	1	0.7791
1549	1303771611164	1	1.2835	1	0.7791
1550	1303771611187	1	1.2835	1	0.7791
1551	1303771611211	1	1.2835	1	0.7791
1552	1303771611234	1	1.2835	1	0.7791
1553	1303771611258	1	1.2835	1	0.7791
1554	1303771611281	1	1.2835	1	0.7791
1555	1303771611303	1	1.2835	1	0.7791
1556	1303771611327	1	1.2835	1	0.7791
1557	1303771611351	1	1.2835	1	0.7791
1558	1303771611376	1	1.2835	1	0.7791
1559	1303771611401	1	1.2835	1	0.7791
1560	1303771611423	1	1.2835	1	0.7791
1561	1303771611447	1	1.2835	1	0.7791
1562	1303771611513	1	1.2835	1	0.7791
1563	1303771611537	1	1.2835	1	0.7791
1564	1303771611561	1	1.2835	1	0.7791
1565	1303771611597	1	1.2835	1	0.7791
1566	1303771612117	1	1.2835	1	0.7791
1567	1303771612370	1	1.2835	1	0.7791
1568	1303771612396	1	1.2835	1	0.7791
1569	1303771612420	1	1.2834	1	0.7792
1570	1303771612442	1	1.2834	1	0.7792
1571	1303771612466	1	1.2834	1	0.7792
1572	1303771612490	1	1.2834	1	0.7792
1573	1303771612512	1	1.2834	1	0.7792
1574	1303771612536	1	1.2834	1	0.7792
1575	1303771612559	1	1.2834	1	0.7792
1576	1303771612583	1	1.2834	1	0.7792
1577	1303771612607	1	1.2834	1	0.7792
1578	1303771612630	1	1.2834	1	0.7792
1579	1303771612695	1	1.2834	1	0.7792
1580	1303771612719	1	1.2834	1	0.7792
1581	1303771612743	1	1.2834	1	0.7792
1582	1303771612768	1	1.2834	1	0.7792
1583	1303771612793	1	1.2834	1	0.7792
1584	1303771612817	1	1.2834	1	0.7792
1585	1303771612842	1	1.2834	1	0.7792
1586	1303771612864	1	1.2834	1	0.7792
1587	1303771612888	1	1.2834	1	0.7792
1588	1303771612912	1	1.2834	1	0.7792
1589	1303771612935	1	1.2834	1	0.7792
1590	1303771612959	1	1.2834	1	0.7792
1591	1303771612983	1	1.2834	1	0.7792
1592	1303771613006	1	1.2834	1	0.7792
1593	1303771613031	1	1.2834	1	0.7792
1594	1303771613094	1	1.2834	1	0.7792
1595	1303771613118	1	1.2834	1	0.7792
1596	1303771613144	1	1.2834	1	0.7792
1597	1303771613167	1	1.2834	1	0.7792
1598	1303771613195	1	1.2834	1	0.7792
1599	1303771613219	1	1.2834	1	0.7792
1600	1303771613241	1	1.2834	1	0.7792
1601	1303771613265	1	1.2834	1	0.7792
1602	1303771613288	1	1.2834	1	0.7792
1603	1303771613312	1	1.2834	1	0.7792
1604	1303771613336	1	1.2834	1	0.7792
1605	1303771613358	1	1.2834	1	0.7792
1606	1303771613383	1	1.2834	1	0.7792
1607	1303771613407	1	1.2834	1	0.7792
1608	1303771613429	1	1.2834	1	0.7792
1609	1303771613453	1	1.2834	1	0.7792
1610	1303771613476	1	1.2834	1	0.7792
1611	1303771613500	1	1.2834	1	0.7792
1612	1303771613524	1	1.2834	1	0.7792
1613	1303771613546	1	1.2834	1	0.7792
1614	1303771613570	1	1.2834	1	0.7792
1615	1303771613594	1	1.2834	1	0.7792
1616	1303771613616	1	1.2834	1	0.7792
1617	1303771613641	1	1.2834	1	0.7792
1618	1303771613664	1	1.2834	1	0.7792
1619	1303771613689	1	1.2834	1	0.7792
1620	1303771613714	1	1.2834	1	0.7792
1621	1303771613736	1	1.2834	1	0.7792
1622	1303771613760	1	1.2834	1	0.7792
1623	1303771613784	1	1.2834	1	0.7792
1624	1303771613806	1	1.2834	1	0.7792
1625	1303771613831	1	1.2834	1	0.7792
1626	1303771613869	1	1.2834	1	0.7792
1627	1303771614319	1	1.2834	1	0.7792
1628	1303771614563	1	1.2834	1	0.7792
1629	1303771614588	1	1.2834	1	0.7792
1630	1303771614610	1	1.2834	1	0.7792
1631	1303771614634	1	1.2834	1	0.7792
1632	1303771614656	1	1.2834	1	0.7792
1633	1303771614680	1	1.2834	1	0.7792
1634	1303771614704	1	1.2834	1	0.7792
1635	1303771614727	1	1.2834	1	0.7792
1636	1303771614792	1	1.2834	1	0.7792
1637	1303771614816	1	1.2834	1	0.7792
1638	1303771614839	1	1.2834	1	0.7792
1639	1303771614864	1	1.2834	1	0.7792
1640	1303771614888	1	1.2834	1	0.7792
1641	1303771614914	1	1.2834	1	0.7792
1642	1303771614939	1	1.2834	1	0.7792
1643	1303771615006	1	1.2834	1	0.7792
1644	1303771615031	1	1.2834	1	0.7792
1645	1303771615056	1	1.2834	1	0.7792
1646	1303771615077	1	1.2834	1	0.7792
1647	1303771615142	1	1.2834	1	0.7792
1648	1303771615166	1	1.2834	1	0.7792
1649	1303771615188	1	1.2834	1	0.7792
1650	1303771615213	1	1.2834	1	0.7792
1651	1303771615235	1	1.2834	1	0.7792
1652	1303771615260	1	1.2834	1	0.7792
1653	1303771615284	1	1.2834	1	0.7792
1654	1303771615307	1	1.2834	1	0.7792
1655	1303771615331	1	1.2834	1	0.7792
1656	1303771615355	1	1.2834	1	0.7792
1657	1303771615378	1	1.2834	1	0.7792
1658	1303771615401	1	1.2834	1	0.7792
1659	1303771615424	1	1.2834	1	0.7792
1660	1303771615448	1	1.2834	1	0.7792
1661	1303771615474	1	1.2834	1	0.7792
1662	1303771615496	1	1.2834	1	0.7792
1663	1303771615520	1	1.2834	1	0.7792
1664	1303771615544	1	1.2834	1	0.7792
1665	1303771615566	1	1.2834	1	0.7792
1666	1303771615590	1	1.2834	1	0.7792
1667	1303771615613	1	1.2834	1	0.7792
1668	1303771615637	1	1.2834	1	0.7792
1669	1303771615662	1	1.2834	1	0.7792
1670	1303771615684	1	1.2834	1	0.7792
1671	1303771615752	1	1.2834	1	0.7792
1672	1303771615776	1	1.2834	1	0.7792
1673	1303771615800	1	1.2834	1	0.7792
1674	1303771615824	1	1.2834	1	0.7792
1675	1303771615848	1	1.2834	1	0.7792
1676	1303771615871	1	1.2834	1	0.7792
1677	1303771615895	1	1.2834	1	0.7792
1678	1303771615917	1	1.2834	1	0.7792
1679	1303771615941	1	1.2834	1	0.7792
1680	1303771615965	1	1.2834	1	0.7792
1681	1303771615988	1	1.2834	1	0.7792
1682	1303771616014	1	1.2834	1	0.7792
1683	1303771616079	1	1.2834	1	0.7792
1684	1303771616101	1	1.2834	1	0.7792
1685	1303771616125	1	1.2834	1	0.7792
1686	1303771616148	1	1.2834	1	0.7792
1687	1303771616181	1	1.2834	1	0.7792
1688	1303771616623	1	1.2834	1	0.7792
1689	1303771617063	1	1.2834	1	0.7792
1690	1303771617090	1	1.2834	1	0.7792
1691	1303771617112	1	1.2834	1	0.7792
1692	1303771617136	1	1.2834	1	0.7792
1693	1303771617160	1	1.2834	1	0.7792
1694	1303771617183	1	1.2834	1	0.7792
1695	1303771617207	1	1.2834	1	0.7792
1696	1303771617230	1	1.2834	1	0.7792
1697	1303771617298	1	1.2834	1	0.7792
1698	1303771617323	1	1.2834	1	0.7792
1699	1303771617345	1	1.2834	1	0.7792
1700	1303771617369	1	1.2834	1	0.7792
1701	1303771617393	1	1.2834	1	0.7792
1702	1303771617417	1	1.2834	1	0.7792
1703	1303771617441	1	1.2834	1	0.7792
1704	1303771617464	1	1.2834	1	0.7792
1705	1303771617486	1	1.2834	1	0.7792
1706	1303771617510	1	1.2834	1	0.7792
1707	1303771617532	1	1.2834	1	0.7792
1708	1303771617556	1	1.2834	1	0.7792
1709	1303771617580	1	1.2834	1	0.7792
1710	1303771617601	1	1.2834	1	0.7792
1711	1303771617625	1	1.2834	1	0.7792
1712	1303771617649	1	1.2834	1	0.7792
1713	1303771617670	1	1.2834	1	0.7792
1714	1303771617694	1	1.2834	1	0.7792
1715	1303771617716	1	1.2834	1	0.7792
1716	1303771617740	1	1.2834	1	0.7792
1717	1303771617764	1	1.2834	1	0.7792
1718	1303771617786	1	1.2834	1	0.7792
1719	1303771617810	1	1.2834	1	0.7792
1720	1303771617874	1	1.2834	1	0.7792
1721	1303771617896	1	1.2834	1	0.7792
1722	1303771617920	1	1.2834	1	0.7792
1723	1303771617942	1	1.2834	1	0.7792
1724	1303771617966	1	1.2834	1	0.7792
1725	1303771617991	1	1.2834	1	0.7792
1726	1303771618014	1	1.2834	1	0.7792
1727	1303771618039	1	1.2834	1	0.7792
1728	1303771618062	1	1.2834	1	0.7792
1729	1303771618084	1	1.2834	1	0.7792
1730	1303771618108	1	1.2834	1	0.7792
1731	1303771618132	1	1.2834	1	0.7792
1732	1303771618156	1	1.2834	1	0.7792
1733	1303771618180	1	1.2834	1	0.7792
1734	1303771618202	1	1.2834	1	0.7792
1735	1303771618225	1	1.2834	1	0.7792
1736	1303771618250	1	1.2834	1	0.7792
1737	1303771618272	1	1.2834	1	0.7792
1738	1303771618296	1	1.2834	1	0.7792
1739	1303771618318	1	1.2834	1	0.7792
1740	1303771618343	1	1.2834	1	0.7792
1741	1303771618368	1	1.2834	1	0.7792
1742	1303771618390	1	1.2834	1	0.7792
1743	1303771618415	1	1.2834	1	0.7792
1744	1303771618440	1	1.2834	1	0.7792
1745	1303771618462	1	1.2834	1	0.7792
1746	1303771618488	1	1.2834	1	0.7792
1747	1303771618510	1	1.2834	1	0.7792
1748	1303771618594	1	1.2834	1	0.7792
1749	1303771619484	1	1.2834	1	0.7792
1750	1303771619903	1	1.2834	1	0.7792
1751	1303771619926	1	1.2834	1	0.7792
1752	1303771619949	1	1.2834	1	0.7792
1753	1303771619973	1	1.2834	1	0.7792
1754	1303771619995	1	1.2834	1	0.7792
1755	1303771620019	1	1.2834	1	0.7792
1756	1303771620041	1	1.2834	1	0.7792
1757	1303771620066	1	1.2834	1	0.7792
1758	1303771620090	1	1.2834	1	0.7792
1759	1303771620114	1	1.2834	1	0.7792
1760	1303771620138	1	1.2834	1	0.7792
1761	1303771620162	1	1.2834	1	0.7792
1762	1303771620184	1	1.2834	1	0.7792
1763	1303771620209	1	1.2834	1	0.7792
1764	1303771620232	1	1.2834	1	0.7792
1765	1303771620255	1	1.2834	1	0.7792
1766	1303771620279	1	1.2834	1	0.7792
1767	1303771620301	1	1.2834	1	0.7792
1768	1303771620324	1	1.2834	1	0.7792
1769	1303771620348	1	1.2834	1	0.7792
1770	1303771620370	1	1.2834	1	0.7792
1771	1303771620394	1	1.2834	1	0.7792
1772	1303771620415	1	1.2834	1	0.7792
1773	1303771620439	1	1.2834	1	0.7792
1774	1303771620463	1	1.2834	1	0.7792
1775	1303771620525	1	1.2834	1	0.7792
1776	1303771620550	1	1.2834	1	0.7792
1777	1303771620574	1	1.2834	1	0.7792
1778	1303771620598	1	1.2834	1	0.7792
1779	1303771620622	1	1.2834	1	0.7792
1780	1303771620646	1	1.2834	1	0.7792
1781	1303771620668	1	1.2834	1	0.7792
1782	1303771620693	1	1.2834	1	0.7792
1783	1303771620715	1	1.2834	1	0.7792
1784	1303771620740	1	1.2834	1	0.7792
1785	1303771620763	1	1.2834	1	0.7792
1786	1303771620785	1	1.2834	1	0.7792
1787	1303771620809	1	1.2834	1	0.7792
1788	1303771620874	1	1.2834	1	0.7792
1789	1303771620897	1	1.2834	1	0.7792
1790	1303771620961	1	1.2834	1	0.7792
1791	1303771620986	1	1.2834	1	0.7792
1792	1303771621048	1	1.2834	1	0.7792
1793	1303771621115	1	1.2834	1	0.7792
1794	1303771621139	1	1.2834	1	0.7792
1795	1303771621161	1	1.2834	1	0.7792
1796	1303771621186	1	1.2834	1	0.7792
1797	1303771621248	1	1.2834	1	0.7792
1798	1303771621272	1	1.2834	1	0.7792
1799	1303771621296	1	1.2834	1	0.7792
1800	1303771621318	1	1.2834	1	0.7792
