0	1303770875113	0	0	0	0
1	1303770875124	0	0	0	0
2	1303770875177	0	0	0	0
3	1303770875187	0	0	0	0
4	1303770875199	0	0	0	0
5	1303770875211	0	0	0	0
6	1303770875221	0	0	0	0
7	1303770875231	0	0	0	0
8	1303770875242	0	0	0	0
9	1303770875255	0	0	0	0
10	1303770875266	0	0	0	0
11	1303770875279	0	0	0	0
12	1303770875291	0	0	0	0
13	1303770875303	0	0	0	0
14	1303770875316	0	0	0	0
15	1303770875328	0	0	0	0
16	1303770875342	0	0	0	0
17	1303770875394	0	0	0	0
18	1303770875408	0	0	0	0
19	1303770875420	0	0	0	0
20	1303770875434	0	0	0	0
21	1303770875486	0	0	0	0
22	1303770875497	0	0	0	0
23	1303770875554	0	0	0	0
24	1303770875567	0	0	0	0
25	1303770875580	0	0	0	0
26	1303770875592	0	0	0	0
27	1303770875606	0	0	0	0
28	1303770875618	0	0	0	0
29	1303770875632	0	0	0	0
30	1303770875645	0	0	0	0
31	1303770875658	0	0	0	0
32	1303770875673	0	0	0	0
33	1303770875686	0	0	0	0
34	1303770875701	0	0	0	0
35	1303770875716	0	0	0	0
36	1303770875731	0	0	0	0
37	1303770875745	0	0	0	0
38	1303770875760	0	0	0	0
39	1303770875776	0	0	0	0
40	1303770875790	0	0	0	0
41	1303770875806	0	0	0	0
42	1303770875821	0	0	0	0
43	1303770875837	0	0	0	0
44	1303770875851	0	0	0	0
45	1303770875866	0	0	0	0
46	1303770875881	0	0	0	0
47	1303770875936	0	0	0	0
48	1303770875951	0	0	0	0
49	1303770875967	0	0	0	0
50	1303770875983	0	0	0	0
51	1303770875998	0	0	0	0
52	1303770876058	0	0	0	0
53	1303770876072	0	0	0	0
54	1303770876089	0	0	0	0
55	1303770876103	0	0	0	0
56	1303770876119	0	0	0	0
57	1303770876133	0	0	0	0
58	1303770876148	0	0	0	0
59	1303770876163	0	0	0	0
60	1303770876179	0	0	0	0
61	1303770876193	0	0	0	0
62	1303770876209	0	0	0	0
63	1303770876225	0	0	0	0
64	1303770876241	0	0	0	0
65	1303770876257	0	0	0	0
66	1303770876273	0	0	0	0
67	1303770876330	0	0	0	0
68	1303770876346	0	0	0	0
69	1303770876363	0	0	0	0
70	1303770876379	0	0	0	0
71	1303770876395	0	0	0	0
72	1303770876411	0	0	0	0
73	1303770876427	0	0	0	0
74	1303770876444	0	0	0	0
75	1303770876459	0	0	0	0
76	1303770876475	0	0	0	0
77	1303770876491	0	0	0	0
78	1303770876507	0	0	0	0
79	1303770876523	0	0	0	0
80	1303770876539	0	0	0	0
81	1303770876556	0	0	0	0
82	1303770876573	0	0	0	0
83	1303770876590	0	0	0	0
84	1303770876605	0	0	0	0
85	1303770876621	0	0	0	0
86	1303770876636	0	0	0	0
87	1303770876652	0	0	0	0
88	1303770876667	0	0	0	0
89	1303770876684	0	0	0	0
90	1303770876700	0	0	0	0
91	1303770876756	0	0	0	0
92	1303770876772	0	0	0	0
93	1303770876788	0	0	0	0
94	1303770876845	0	0	0	0
95	1303770876862	0	0	0	0
96	1303770876877	0	0	0	0
97	1303770876893	0	0	0	0
98	1303770876909	0	0	0	0
99	1303770876925	0	0	0	0
100	1303770876940	0	0	0	0
101	1303770876957	0	0	0	0
102	1303770876974	0	0	0	0
103	1303770876990	0	0	0	0
104	1303770877007	0	0	0	0
105	1303770877023	0	0	0	0
106	1303770877040	0	0	0	0
107	1303770877055	0	0	0	0
108	1303770877072	0	0	0	0
109	1303770877088	0	0	0	0
110	1303770877105	0	0	0	0
111	1303770877163	0	0	0	0
112	1303770877179	0	0	0	0
113	1303770877195	0	0	0	0
114	1303770877211	0	0	0	0
115	1303770877228	0	0	0	0
116	1303770877287	0	0	0	0
117	1303770877302	0	0	0	0
118	1303770877319	0	0	0	0
119	1303770877334	0	0	0	0
120	1303770877350	0	0	0	0
121	1303770877366	0	0	0	0
122	1303770877384	0	0	0	0
123	1303770877399	0	0	0	0
124	1303770877416	0	0	0	0
125	1303770877433	0	0	0	0
126	1303770877448	0	0	0	0
127	1303770877465	0	0	0	0
128	1303770877480	0	0	0	0
129	1303770877498	0	0	0	0
130	1303770877513	0	0	0	0
131	1303770877530	0	0	0	0
132	1303770877547	0	0	0	0
133	1303770877563	0	0	0	0
134	1303770877580	0	0	0	0
135	1303770877595	0	0	0	0
136	1303770877612	0	0	0	0
137	1303770877627	0	0	0	0
138	1303770877643	0	0	0	0
139	1303770877660	0	0	0	0
140	1303770877676	0	0	0	0
141	1303770877693	0	0	0	0
142	1303770877710	0	0	0	0
143	1303770877727	0	0	0	0
144	1303770877743	0	0	0	0
145	1303770877760	0	0	0	0
146	1303770877776	0	0	0	0
147	1303770877793	0	0	0	0
148	1303770877850	0	0	0	0
149	1303770877866	0	0	0	0
150	1303770877883	0	0	0	0
151	1303770877899	0	0	0	0
152	1303770877916	0	0	0	0
153	1303770877931	0	0	0	0
154	1303770877947	0	0	0	0
155	1303770877963	0	0	0	0
156	1303770877981	0	0	0	0
157	1303770877998	0	0	0	0
158	1303770878014	0	0	0	0
159	1303770878031	0	0	0	0
160	1303770878087	0	0	0	0
161	1303770878147	0	0	0	0
162	1303770878164	0	0	0	0
163	1303770878180	0	0	0	0
164	1303770878196	0	0	0	0
165	1303770878212	0	0	0	0
166	1303770878228	0	0	0	0
167	1303770878244	0	0	0	0
168	1303770878260	0	0	0	0
169	1303770878322	0	0	0	0
170	1303770878337	0	0	0	0
171	1303770878354	0	0	0	0
172	1303770878370	0	0	0	0
173	1303770878387	0	0	0	0
174	1303770878403	0	0	0	0
175	1303770878419	0	0	0	0
176	1303770878436	0	0	0	0
177	1303770878452	0	0	0	0
178	1303770878469	0	0	0	0
179	1303770878485	0	0	0	0
180	1303770878501	0	0	0	0
181	1303770878517	0	0	0	0
182	1303770878534	0	0	0	0
183	1303770878550	0	0	0	0
184	1303770878607	0	0	0	0
185	1303770878664	0	0	0	0
186	1303770878681	0	0	0	0
187	1303770878739	0	0	0	0
188	1303770878757	0	0	0	0
189	1303770878773	0	0	0	0
190	1303770878790	0	0	0	0
191	1303770878806	0	0	0	0
192	1303770878823	0	0	0	0
193	1303770878839	0	0	0	0
194	1303770878856	0	0	0	0
195	1303770878873	0	0	0	0
196	1303770878889	0	0	0	0
197	1303770878907	0	0	0	0
198	1303770878923	0	0	0	0
199	1303770878941	0	0	0	0
200	1303770878957	0	0	0	0
201	1303770878975	0	0	0	0
202	1303770878992	0	0	0	0
203	1303770879009	0	0	0	0
204	1303770879027	0	0	0	0
205	1303770879044	0	0	0	0
206	1303770879062	0	0	0	0
207	1303770879078	0	0	0	0
208	1303770879095	0	0	0	0
209	1303770879113	0	0	0	0
210	1303770879129	0	0	0	0
211	1303770879145	0	0	0	0
212	1303770879161	0	0	0	0
213	1303770879178	0	0	0	0
214	1303770879196	0	0	0	0
215	1303770879212	0	0	0	0
216	1303770879229	0	0	0	0
217	1303770879290	0	0	0	0
218	1303770879348	0	0	0	0
219	1303770879366	0	0	0	0
220	1303770879382	0	0	0	0
221	1303770879399	0	0	0	0
222	1303770879415	0	0	0	0
223	1303770879433	0	0	0	0
224	1303770879449	0	0	0	0
225	1303770879507	0	0	0	0
226	1303770879524	0	0	0	0
227	1303770879540	0	0	0	0
228	1303770879558	0	0	0	0
229	1303770879574	0	0	0	0
230	1303770879635	0	0	0	0
231	1303770879653	0	0	0	0
232	1303770879669	0	0	0	0
233	1303770879687	0	0	0	0
234	1303770879749	0	0	0	0
235	1303770879809	0	0	0	0
236	1303770879827	0	0	0	0
237	1303770879843	0	0	0	0
238	1303770879904	0	0	0	0
239	1303770879922	0	0	0	0
240	1303770879939	0	0	0	0
241	1303770879956	0	0	0	0
242	1303770879972	0	0	0	0
243	1303770879989	0	0	0	0
244	1303770880007	0	0	0	0
245	1303770880023	0	0	0	0
246	1303770880040	0	0	0	0
247	1303770880056	0	0	0	0
248	1303770880073	0	0	0	0
249	1303770880090	0	0	0	0
250	1303770880106	0	0	0	0
251	1303770880124	0	0	0	0
252	1303770880140	0	0	0	0
253	1303770880157	0	0	0	0
254	1303770880173	0	0	0	0
255	1303770880190	0	0	0	0
256	1303770880207	0	0	0	0
257	1303770880223	0	0	0	0
258	1303770880241	0	0	0	0
259	1303770880257	0	0	0	0
260	1303770880275	0	0	0	0
261	1303770880292	0	0	0	0
262	1303770880309	0	0	0	0
263	1303770880327	0	0	0	0
264	1303770880390	0	0	0	0
265	1303770880408	0	0	0	0
266	1303770880425	0	0	0	0
267	1303770880441	0	0	0	0
268	1303770880458	0	0	0	0
269	1303770880474	0	0	0	0
270	1303770880491	0	0	0	0
271	1303770880507	0	0	0	0
272	1303770880524	0	0	0	0
273	1303770880541	0	0	0	0
274	1303770880557	0	0	0	0
275	1303770880574	0	0	0	0
276	1303770880590	0	0	0	0
277	1303770880607	0	0	0	0
278	1303770880625	0	0	0	0
279	1303770880641	0	0	0	0
280	1303770880701	0	0	0	0
281	1303770880757	0	0	0	0
282	1303770880775	0	0	0	0
283	1303770880793	0	0	0	0
284	1303770880809	0	0	0	0
285	1303770880826	0	0	0	0
286	1303770880843	0	0	0	0
287	1303770880860	0	0	0	0
288	1303770880877	0	0	0	0
289	1303770881005	0	0	0	0
290	1303770881022	0	0	0	0
291	1303770881038	0	0	0	0
292	1303770881055	0	0	0	0
293	1303770881071	0	0	0	0
294	1303770881128	0	0	0	0
295	1303770881145	0	0	0	0
296	1303770881161	0	0	0	0
297	1303770881178	0	0	0	0
298	1303770881194	0	0	0	0
299	1303770881211	0	0	0	0
300	1303770881229	0	0	0	0
301	1303770881251	0	0	0	0
302	1303770881269	0	0	0	0
303	1303770881286	0	0	0	0
304	1303770881303	0	0	0	0
305	1303770881318	0	0	0	0
306	1303770881336	0	0	0	0
307	1303770881353	0	0	0	0
308	1303770881370	0	0	0	0
309	1303770881387	0	0	0	0
310	1303770881403	0	0	0	0
311	1303770881421	0	0	0	0
312	1303770881438	0	0	0	0
313	1303770881455	0	0	0	0
314	1303770881472	0	0	0	0
315	1303770881488	0	0	0	0
316	1303770881506	0	0	0	0
317	1303770881522	0	0	0	0
318	1303770881540	0	0	0	0
319	1303770881557	0	0	0	0
320	1303770881573	0	0	0	0
321	1303770881590	0	0	0	0
322	1303770881606	0	0	0	0
323	1303770881623	0	0	0	0
324	1303770881640	0	0	0	0
325	1303770881656	0	0	0	0
326	1303770881674	0	0	0	0
327	1303770881690	0	0	0	0
328	1303770881707	0	0	0	0
329	1303770881723	0	0	0	0
330	1303770881740	0	0	0	0
331	1303770881757	0	0	0	0
332	1303770881774	0	0	0	0
333	1303770881791	0	0	0	0
334	1303770881848	0	0	0	0
335	1303770881866	0	0	0	0
336	1303770881884	0	0	0	0
337	1303770881900	0	0	0	0
338	1303770881917	0	0	0	0
339	1303770881933	0	0	0	0
340	1303770881950	0	0	0	0
341	1303770881968	0	0	0	0
342	1303770881984	0	0	0	0
343	1303770882001	0	0	0	0
344	1303770882017	0	0	0	0
345	1303770882036	0	0	0	0
346	1303770882052	0	0	0	0
347	1303770882070	0	0	0	0
348	1303770882087	0	0	0	0
349	1303770882103	0	0	0	0
350	1303770882123	0	0	0	0
351	1303770882139	0	0	0	0
352	1303770882156	0	0	0	0
353	1303770882214	0	0	0	0
354	1303770882229	0	0	0	0
355	1303770882247	0	0	0	0
356	1303770882263	0	0	0	0
357	1303770882281	0	0	0	0
358	1303770882298	0	0	0	0
359	1303770882317	0	0	0	0
360	1303770882334	0	0	0	0
361	1303770882350	0	0	0	0
362	1303770882368	0	0	0	0
363	1303770882384	0	0	0	0
364	1303770882445	0	0	0	0
365	1303770882462	0	0	0	0
366	1303770882479	0	0	0	0
367	1303770882496	0	0	0	0
368	1303770882511	0	0	0	0
369	1303770882528	0	0	0	0
370	1303770882545	0	0	0	0
371	1303770882560	0	0	0	0
372	1303770882577	0	0	0	0
373	1303770882593	0	0	0	0
374	1303770882650	0	0	0	0
375	1303770882668	0	0	0	0
376	1303770882684	0	0	0	0
377	1303770882702	0	0	0	0
378	1303770882719	0	0	0	0
379	1303770882736	0	0	0	0
380	1303770882752	0	0	0	0
381	1303770882769	0	0	0	0
382	1303770882785	0	0	0	0
383	1303770882801	0	0	0	0
384	1303770882818	0	0	0	0
385	1303770882875	0	0	0	0
386	1303770882891	0	0	0	0
387	1303770882909	0	0	0	0
388	1303770882970	0	0	0	0
389	1303770882989	0	0	0	0
390	1303770883007	0	0	0	0
391	1303770883023	0	0	0	0
392	1303770883040	0	0	0	0
393	1303770883055	0	0	0	0
394	1303770883073	0	0	0	0
395	1303770883089	0	0	0	0
396	1303770883106	0	0	0	0
397	1303770883122	0	0	0	0
398	1303770883138	0	0	0	0
399	1303770883156	0	0	0	0
400	1303770883172	0	0	0	0
401	1303770883189	0	0	0	0
402	1303770883205	0	0	0	0
403	1303770883222	0	0	0	0
404	1303770883240	0	0	0	0
405	1303770883256	0	0	0	0
406	1303770883273	0	0	0	0
407	1303770883290	0	0	0	0
408	1303770883309	0	0	0	0
409	1303770883326	0	0	0	0
410	1303770883343	0	0	0	0
411	1303770883360	0	0	0	0
412	1303770883376	0	0	0	0
413	1303770883393	0	0	0	0
414	1303770883410	0	0	0	0
415	1303770883427	0	0	0	0
416	1303770883444	0	0	0	0
417	1303770883461	0	0	0	0
418	1303770883478	0	0	0	0
419	1303770883494	0	0	0	0
420	1303770883511	0	0	0	0
421	1303770883527	0	0	0	0
422	1303770883544	0	0	0	0
423	1303770883561	0	0	0	0
424	1303770883577	0	0	0	0
425	1303770883594	0	0	0	0
426	1303770883610	0	0	0	0
427	1303770883627	0	0	0	0
428	1303770883645	0	0	0	0
429	1303770883703	0	0	0	0
430	1303770883720	0	0	0	0
431	1303770883736	0	0	0	0
432	1303770883795	0	0	0	0
433	1303770883812	0	0	0	0
434	1303770883829	0	0	0	0
435	1303770883847	0	0	0	0
436	1303770883862	0	0	0	0
437	1303770883879	0	0	0	0
438	1303770883896	0	0	0	0
439	1303770883912	0	0	0	0
440	1303770883930	0	0	0	0
441	1303770883947	0	0	0	0
442	1303770883964	0	0	0	0
443	1303770883979	0	0	0	0
444	1303770883997	0	0	0	0
445	1303770884055	0	0	0	0
446	1303770884071	0	0	0	0
447	1303770884089	0	0	0	0
448	1303770884106	0	0	0	0
449	1303770884123	0	0	0	0
450	1303770884141	0	0	0	0
451	1303770884157	0	0	0	0
452	1303770884176	0	0	0	0
453	1303770884192	0	0	0	0
454	1303770884209	0	0	0	0
455	1303770884226	0	0	0	0
456	1303770884243	0	0	0	0
457	1303770884260	0	0	0	0
458	1303770884276	0	0	0	0
459	1303770884293	0	0	0	0
460	1303770884311	0	0	0	0
461	1303770884327	0	0	0	0
462	1303770884344	0	0	0	0
463	1303770884360	0	0	0	0
464	1303770884377	0	0	0	0
465	1303770884392	0	0	0	0
466	1303770884409	0	0	0	0
467	1303770884426	0	0	0	0
468	1303770884443	0	0	0	0
469	1303770884460	0	0	0	0
470	1303770884477	0	0	0	0
471	1303770884494	0	0	0	0
472	1303770884512	0	0	0	0
473	1303770884528	0	0	0	0
474	1303770884545	0	0	0	0
475	1303770884562	0	0	0	0
476	1303770884580	0	0	0	0
477	1303770884596	0	0	0	0
478	1303770884616	0	0	0	0
479	1303770884633	0	0	0	0
480	1303770884649	0	0	0	0
481	1303770884667	0	0	0	0
482	1303770884683	0	0	0	0
483	1303770884701	0	0	0	0
484	1303770884717	0	0	0	0
485	1303770884733	0	0	0	0
486	1303770884750	0	0	0	0
487	1303770884807	0	0	0	0
488	1303770884824	0	0	0	0
489	1303770884842	0	0	0	0
490	1303770884859	0	0	0	0
491	1303770884917	0	0	0	0
492	1303770884974	0	0	0	0
493	1303770885032	0	0	0	0
494	1303770885049	0	0	0	0
495	1303770885065	0	0	0	0
496	1303770885082	0	0	0	0
497	1303770885141	0	0	0	0
498	1303770885157	0	0	0	0
499	1303770885176	0	0	0	0
500	1303770885193	0	0	0	0
501	1303770885211	0	0	0	0
502	1303770885228	0	0	0	0
503	1303770885246	0	0	0	0
504	1303770885263	0	0	0	0
505	1303770885279	0	0	0	0
506	1303770885295	0	0	0	0
507	1303770885311	0	0	0	0
508	1303770885369	0	0	0	0
509	1303770885387	0	0	0	0
510	1303770885402	0	0	0	0
511	1303770885419	0	0	0	0
512	1303770885436	0	0	0	0
513	1303770885454	0	0	0	0
514	1303770885471	0	0	0	0
515	1303770885487	0	0	0	0
516	1303770885503	0	0	0	0
517	1303770885519	0	0	0	0
518	1303770885536	0	0	0	0
519	1303770885553	0	0	0	0
520	1303770885570	0	0	0	0
521	1303770885588	0	0	0	0
522	1303770885604	0	0	0	0
523	1303770885662	0	0	0	0
524	1303770885679	0	0	0	0
525	1303770885695	0	0	0	0
526	1303770885713	0	0	0	0
527	1303770885729	0	0	0	0
528	1303770885745	0	0	0	0
529	1303770885761	0	0	0	0
530	1303770885823	0	0	0	0
531	1303770885840	0	0	0	0
532	1303770885857	0	0	0	0
533	1303770885875	0	0	0	0
534	1303770885891	0	0	0	0
535	1303770885909	0	0	0	0
536	1303770885927	0	0	0	0
537	1303770885943	0	0	0	0
538	1303770886004	0	0	0	0
539	1303770886020	0	0	0	0
540	1303770886037	0	0	0	0
541	1303770886053	0	0	0	0
542	1303770886069	0	0	0	0
543	1303770886086	0	0	0	0
544	1303770886103	0	0	0	0
545	1303770886121	0	0	0	0
546	1303770886137	0	0	0	0
547	1303770886153	0	0	0	0
548	1303770886171	0	0	0	0
549	1303770886187	0	0	0	0
550	1303770886203	0	0	0	0
551	1303770886219	0	0	0	0
552	1303770886236	0	0	0	0
553	1303770886298	0	0	0	0
554	1303770886313	0	0	0	0
555	1303770886330	0	0	0	0
556	1303770886346	0	0	0	0
557	1303770886363	0	0	0	0
558	1303770886379	0	0	0	0
559	1303770886397	0	0	0	0
560	1303770886414	0	0	0	0
561	1303770886430	0	0	0	0
562	1303770886447	0	0	0	0
563	1303770886463	0	0	0	0
564	1303770886479	0	0	0	0
565	1303770886496	0	0	0	0
566	1303770886513	0	0	0	0
567	1303770886530	0	0	0	0
568	1303770886586	0	0	0	0
569	1303770886604	0	0	0	0
570	1303770886621	0	0	0	0
571	1303770886637	0	0	0	0
572	1303770886655	0	0	0	0
573	1303770886671	0	0	0	0
574	1303770886690	0	0	0	0
575	1303770886707	0	0	0	0
576	1303770886725	0	0	0	0
577	1303770886783	0	0	0	0
578	1303770886799	0	0	0	0
579	1303770886817	0	0	0	0
580	1303770886833	0	0	0	0
581	1303770886851	0	0	0	0
582	1303770886873	0	0	0	0
583	1303770886889	0	0	0	0
584	1303770886906	0	0	0	0
585	1303770886922	0	0	0	0
586	1303770886940	0	0	0	0
587	1303770886957	0	0	0	0
588	1303770887017	0	0	0	0
589	1303770887034	0	0	0	0
590	1303770887051	0	0	0	0
591	1303770887069	0	0	0	0
592	1303770887086	0	0	0	0
593	1303770887102	0	0	0	0
594	1303770887119	0	0	0	0
595	1303770887135	0	0	0	0
596	1303770887152	0	0	0	0
597	1303770887168	0	0	0	0
598	1303770887185	0	0	0	0
599	1303770887203	0	0	0	0
600	1303770887218	0	0	0	0
601	1303770887236	0	0	0	0
602	1303770887293	0	0	0	0
603	1303770887310	0	0	0	0
604	1303770887328	0	0	0	0
605	1303770887345	0	0	0	0
606	1303770887362	0	0	0	0
607	1303770887378	0	0	0	0
608	1303770887396	0	0	0	0
609	1303770887411	0	0	0	0
610	1303770887428	0	0	0	0
611	1303770887446	0	0	0	0
612	1303770887461	0	0	0	0
613	1303770887478	0	0	0	0
614	1303770887494	0	0	0	0
615	1303770887511	0	0	0	0
616	1303770887528	0	0	0	0
617	1303770887545	0	0	0	0
618	1303770887562	0	0	0	0
619	1303770887579	0	0	0	0
620	1303770887596	0	0	0	0
621	1303770887612	0	0	0	0
622	1303770887673	0	0	0	0
623	1303770887691	0	0	0	0
624	1303770887706	0	0	0	0
625	1303770887724	0	0	0	0
626	1303770887740	0	0	0	0
627	1303770887757	0	0	0	0
628	1303770887774	0	0	0	0
629	1303770887792	0	0	0	0
630	1303770887809	0	0	0	0
631	1303770887824	0	0	0	0
632	1303770887884	0	0	0	0
633	1303770887901	0	0	0	0
634	1303770887917	0	0	0	0
635	1303770887934	0	0	0	0
636	1303770887951	0	0	0	0
637	1303770887968	0	0	0	0
638	1303770888024	0	0	0	0
639	1303770888041	0	0	0	0
640	1303770888058	0	0	0	0
641	1303770888074	0	0	0	0
642	1303770888092	0	0	0	0
643	1303770888108	0	0	0	0
644	1303770888125	0	0	0	0
645	1303770888142	0	0	0	0
646	1303770888158	0	0	0	0
647	1303770888176	0	0	0	0
648	1303770888232	0	0	0	0
649	1303770888249	0	0	0	0
650	1303770888266	0	0	0	0
651	1303770888282	0	0	0	0
652	1303770888299	0	0	0	0
653	1303770888316	0	0	0	0
654	1303770888334	0	0	0	0
655	1303770888349	0	0	0	0
656	1303770888366	0	0	0	0
657	1303770888425	0	0	0	0
658	1303770888441	0	0	0	0
659	1303770888499	0	0	0	0
660	1303770888516	0	0	0	0
661	1303770888532	0	0	0	0
662	1303770888550	0	0	0	0
663	1303770888565	0	0	0	0
664	1303770888641	0	0	0	0
665	1303770888657	0	0	0	0
666	1303770888674	0	0	0	0
667	1303770888691	0	0	0	0
668	1303770888707	0	0	0	0
669	1303770888724	0	0	0	0
670	1303770888740	0	0	0	0
671	1303770888757	0	0	0	0
672	1303770888773	0	0	0	0
673	1303770888789	0	0	0	0
674	1303770888812	0	0	0	0
675	1303770888828	0	0	0	0
676	1303770888858	0	0	0	0
677	1303770888874	0	0	0	0
678	1303770888891	0	0	0	0
679	1303770888908	0	0	0	0
680	1303770888924	0	0	0	0
681	1303770888941	0	0	0	0
682	1303770888957	0	0	0	0
683	1303770889014	0	0	0	0
684	1303770889071	0	0	0	0
685	1303770889087	0	0	0	0
686	1303770889104	0	0	0	0
687	1303770889119	0	0	0	0
688	1303770889137	0	0	0	0
689	1303770889154	0	0	0	0
690	1303770889170	0	0	0	0
691	1303770889187	0	0	0	0
692	1303770889202	0	0	0	0
693	1303770889219	0	0	0	0
694	1303770889234	0	0	0	0
695	1303770889251	0	0	0	0
696	1303770889268	0	0	0	0
697	1303770889324	0	0	0	0
698	1303770889341	0	0	0	0
699	1303770889357	0	0	0	0
700	1303770889375	0	0	0	0
701	1303770889392	0	0	0	0
702	1303770889408	0	0	0	0
703	1303770889424	0	0	0	0
704	1303770889440	0	0	0	0
705	1303770889457	0	0	0	0
706	1303770889473	0	0	0	0
707	1303770889490	0	0	0	0
708	1303770889507	0	0	0	0
709	1303770889523	0	0	0	0
710	1303770889539	0	0	0	0
711	1303770889555	0	0	0	0
712	1303770889571	0	0	0	0
713	1303770889587	0	0	0	0
714	1303770889604	0	0	0	0
715	1303770889622	0	0	0	0
716	1303770889678	0	0	0	0
717	1303770889694	0	0	0	0
718	1303770889710	0	0	0	0
719	1303770889767	0	0	0	0
720	1303770889784	0	0	0	0
721	1303770889800	0	0	0	0
722	1303770889817	0	0	0	0
723	1303770889835	0	0	0	0
724	1303770889850	0	0	0	0
725	1303770889867	0	0	0	0
726	1303770889883	0	0	0	0
727	1303770889900	0	0	0	0
728	1303770889956	0	0	0	0
729	1303770890015	0	0	0	0
730	1303770890072	0	0	0	0
731	1303770890178	0	0	0	0
732	1303770890196	0	0	0	0
733	1303770890214	0	0	0	0
734	1303770890230	0	0	0	0
735	1303770890248	0	0	0	0
736	1303770890264	0	0	0	0
737	1303770890281	0	0	0	0
738	1303770890298	0	0	0	0
739	1303770890313	0	0	0	0
740	1303770890331	0	0	0	0
741	1303770890349	0	0	0	0
742	1303770890365	0	0	0	0
743	1303770890382	0	0	0	0
744	1303770890400	0	0	0	0
745	1303770890418	0	0	0	0
746	1303770890434	0	0	0	0
747	1303770890452	0	0	0	0
748	1303770890468	0	0	0	0
749	1303770890526	0	0	0	0
750	1303770890584	0	0	0	0
751	1303770890641	0	0	0	0
752	1303770890764	0	0	0	0
753	1303770890812	0	0	0	0
754	1303770890828	0	0	0	0
755	1303770890845	0	0	0	0
756	1303770890861	0	0	0	0
757	1303770890877	0	0	0	0
758	1303770890893	0	0	0	0
759	1303770890910	0	0	0	0
760	1303770890927	0	0	0	0
761	1303770890943	0	0	0	0
762	1303770890960	0	0	0	0
763	1303770890976	0	0	0	0
764	1303770890993	0	0	0	0
765	1303770891008	0	0	0	0
766	1303770891025	0	0	0	0
767	1303770891042	0	0	0	0
768	1303770891098	0	0	0	0
769	1303770891115	0	0	0	0
770	1303770891131	0	0	0	0
771	1303770891148	0	0	0	0
772	1303770891165	0	0	0	0
773	1303770891181	0	0	0	0
774	1303770891198	0	0	0	0
775	1303770891213	0	0	0	0
776	1303770891271	0	0	0	0
777	1303770891288	0	0	0	0
778	1303770891303	0	0	0	0
779	1303770891320	0	0	0	0
780	1303770891336	0	0	0	0
781	1303770891354	0	0	0	0
782	1303770891371	0	0	0	0
783	1303770891386	0	0	0	0
784	1303770891403	0	0	0	0
785	1303770891419	0	0	0	0
786	1303770891436	0	0	0	0
787	1303770891451	0	0	0	0
788	1303770891468	0	0	0	0
789	1303770891485	0	0	0	0
790	1303770891541	0	0	0	0
791	1303770891558	0	0	0	0
792	1303770891575	0	0	0	0
793	1303770891593	0	0	0	0
794	1303770891609	0	0	0	0
795	1303770891625	0	0	0	0
796	1303770891642	0	0	0	0
797	1303770891658	0	0	0	0
798	1303770891674	0	0	0	0
799	1303770891690	0	0	0	0
800	1303770891707	0	0	0	0
801	1303770891724	0	0	0	0
802	1303770891740	0	0	0	0
803	1303770891757	0	0	0	0
804	1303770891773	0	0	0	0
805	1303770891791	0	0	0	0
806	1303770891849	0	0	0	0
807	1303770891865	0	0	0	0
808	1303770891923	0	0	0	0
809	1303770891939	0	0	0	0
810	1303770891956	0	0	0	0
811	1303770891974	0	0	0	0
812	1303770891990	0	0	0	0
813	1303770892008	0	0	0	0
814	1303770892024	0	0	0	0
815	1303770892041	0	0	0	0
816	1303770892058	0	0	0	0
817	1303770892074	0	0	0	0
818	1303770892091	0	0	0	0
819	1303770892106	0	0	0	0
820	1303770892164	0	0	0	0
821	1303770892180	0	0	0	0
822	1303770892197	0	0	0	0
823	1303770892214	0	0	0	0
824	1303770892230	0	0	0	0
825	1303770892247	0	0	0	0
826	1303770892263	0	0	0	0
827	1303770892281	0	0	0	0
828	1303770892298	0	0	0	0
829	1303770892314	0	0	0	0
830	1303770892331	0	0	0	0
831	1303770892347	0	0	0	0
832	1303770892363	0	0	0	0
833	1303770892380	0	0	0	0
834	1303770892398	0	0	0	0
835	1303770892415	0	0	0	0
836	1303770892430	0	0	0	0
837	1303770892447	0	0	0	0
838	1303770892463	0	0	0	0
839	1303770892520	0	0	0	0
840	1303770892537	0	0	0	0
841	1303770892553	0	0	0	0
842	1303770892570	0	0	0	0
843	1303770892586	0	0	0	0
844	1303770892603	0	0	0	0
845	1303770892619	0	0	0	0
846	1303770892636	0	0	0	0
847	1303770892653	0	0	0	0
848	1303770892669	0	0	0	0
849	1303770892687	0	0	0	0
850	1303770892703	0	0	0	0
851	1303770892720	0	0	0	0
852	1303770892737	0	0	0	0
853	1303770892795	0	0	0	0
854	1303770892812	0	0	0	0
855	1303770892828	0	0	0	0
856	1303770892845	0	0	0	0
857	1303770892862	0	0	0	0
858	1303770892878	0	0	0	0
859	1303770892895	0	0	0	0
860	1303770892911	0	0	0	0
861	1303770892928	0	0	0	0
862	1303770892944	0	0	0	0
863	1303770892961	0	0	0	0
864	1303770892978	0	0	0	0
865	1303770892994	0	0	0	0
866	1303770893051	0	0	0	0
867	1303770893067	0	0	0	0
868	1303770893085	0	0	0	0
869	1303770893102	0	0	0	0
870	1303770893118	0	0	0	0
871	1303770893136	0	0	0	0
872	1303770893197	0	0	0	0
873	1303770893215	0	0	0	0
874	1303770893232	0	0	0	0
875	1303770893249	0	0	0	0
876	1303770893266	0	0	0	0
877	1303770893322	0	0	0	0
878	1303770893340	0	0	0	0
879	1303770893357	0	0	0	0
880	1303770893373	0	0	0	0
881	1303770893390	0	0	0	0
882	1303770893406	0	0	0	0
883	1303770893423	0	0	0	0
884	1303770893439	0	0	0	0
885	1303770893456	0	0	0	0
886	1303770893472	0	0	0	0
887	1303770893488	0	0	0	0
888	1303770893505	0	0	0	0
889	1303770893521	0	0	0	0
890	1303770893577	0	0	0	0
891	1303770893595	0	0	0	0
892	1303770893610	0	0	0	0
893	1303770893628	0	0	0	0
894	1303770893643	0	0	0	0
895	1303770893660	0	0	0	0
896	1303770893677	0	0	0	0
897	1303770893693	0	0	0	0
898	1303770893710	0	0	0	0
899	1303770893726	0	0	0	0
900	1303770893742	0	0	0	0
901	1303770893758	0	0	0	0
902	1303770893775	0	0	0	0
903	1303770893791	0	0	0	0
904	1303770893807	0	0	0	0
905	1303770893864	0	0	0	0
906	1303770893880	0	0	0	0
907	1303770893899	0	0	0	0
908	1303770893957	0	0	0	0
909	1303770893973	0	0	0	0
910	1303770893990	0	0	0	0
911	1303770894006	0	0	0	0
912	1303770894023	0	0	0	0
913	1303770894080	0	0	0	0
914	1303770894096	0	0	0	0
915	1303770894114	0	0	0	0
916	1303770894131	0	0	0	0
917	1303770894148	0	0	0	0
918	1303770894165	0	0	0	0
919	1303770894180	0	0	0	0
920	1303770894197	0	0	0	0
921	1303770894213	0	0	0	0
922	1303770894230	0	0	0	0
923	1303770894245	0	0	0	0
924	1303770894262	0	0	0	0
925	1303770894280	0	0	0	0
926	1303770894296	0	0	0	0
927	1303770894313	0	0	0	0
928	1303770894329	0	0	0	0
929	1303770894345	0	0	0	0
930	1303770894402	0	0	0	0
931	1303770894463	0	0	0	0
932	1303770894480	0	0	0	0
933	1303770894537	0	0	0	0
934	1303770894554	0	0	0	0
935	1303770894572	0	0	0	0
936	1303770894588	0	0	0	0
937	1303770894605	0	0	0	0
938	1303770894621	0	0	0	0
939	1303770894639	0	0	0	0
940	1303770894655	0	0	0	0
941	1303770894671	0	0	0	0
942	1303770894729	0	0	0	0
943	1303770894745	0	0	0	0
944	1303770894762	0	0	0	0
945	1303770894778	0	0	0	0
946	1303770894795	0	0	0	0
947	1303770894812	0	0	0	0
948	1303770894828	0	0	0	0
949	1303770894845	0	0	0	0
950	1303770894861	0	0	0	0
951	1303770894877	0	0	0	0
952	1303770894894	0	0	0	0
953	1303770894909	0	0	0	0
954	1303770894927	0	0	0	0
955	1303770894943	0	0	0	0
956	1303770895000	0	0	0	0
957	1303770895019	0	0	0	0
958	1303770895034	0	0	0	0
959	1303770895051	0	0	0	0
960	1303770895068	0	0	0	0
961	1303770895084	0	0	0	0
962	1303770895100	0	0	0	0
963	1303770895116	0	0	0	0
964	1303770895134	0	0	0	0
965	1303770895149	0	0	0	0
966	1303770895166	0	0	0	0
967	1303770895223	0	0	0	0
968	1303770895240	0	0	0	0
969	1303770895258	0	0	0	0
970	1303770895315	0	0	0	0
971	1303770895332	0	0	0	0
972	1303770895348	0	0	0	0
973	1303770895365	0	0	0	0
974	1303770895382	0	0	0	0
975	1303770895399	0	0	0	0
976	1303770895416	0	0	0	0
977	1303770895432	0	0	0	0
978	1303770895448	0	0	0	0
979	1303770895510	0	0	0	0
980	1303770895526	0	0	0	0
981	1303770895543	0	0	0	0
982	1303770895559	0	0	0	0
983	1303770895576	0	0	0	0
984	1303770895592	0	0	0	0
985	1303770895610	0	0	0	0
986	1303770895668	0	0	0	0
987	1303770895685	0	0	0	0
988	1303770895703	0	0	0	0
989	1303770895720	0	0	0	0
990	1303770895737	0	0	0	0
991	1303770895754	0	0	0	0
992	1303770895770	0	0	0	0
993	1303770895787	0	0	0	0
994	1303770895803	0	0	0	0
995	1303770895820	0	0	0	0
996	1303770895877	0	0	0	0
997	1303770895893	0	0	0	0
998	1303770895909	0	0	0	0
999	1303770895925	0	0	0	0
1000	1303770895942	0	0	0	0
1001	1303770895959	0	0	0	0
1002	1303770895975	0	0	0	0
1003	1303770895992	0	0	0	0
1004	1303770896008	0	0	0	0
1005	1303770896024	0	0	0	0
1006	1303770896040	0	0	0	0
1007	1303770896057	0	0	0	0
1008	1303770896074	0	0	0	0
1009	1303770896089	0	0	0	0
1010	1303770896107	0	0	0	0
1011	1303770896122	0	0	0	0
1012	1303770896141	0	0	0	0
1013	1303770896158	0	0	0	0
1014	1303770896175	0	0	0	0
1015	1303770896232	0	0	0	0
1016	1303770896249	0	0	0	0
1017	1303770896267	0	0	0	0
1018	1303770896284	0	0	0	0
1019	1303770896301	0	0	0	0
1020	1303770896318	0	0	0	0
1021	1303770896335	0	0	0	0
1022	1303770896352	0	0	0	0
1023	1303770896369	0	0	0	0
1024	1303770896386	0	0	0	0
1025	1303770896403	0	0	0	0
1026	1303770896419	0	0	0	0
1027	1303770896437	0	0	0	0
1028	1303770896453	0	0	0	0
1029	1303770896511	0	0	0	0
1030	1303770896529	0	0	0	0
1031	1303770896545	0	0	0	0
1032	1303770896563	0	0	0	0
1033	1303770896620	0	0	0	0
1034	1303770896637	0	0	0	0
1035	1303770896654	0	0	0	0
1036	1303770896670	0	0	0	0
1037	1303770896687	0	0	0	0
1038	1303770896703	0	0	0	0
1039	1303770896720	0	0	0	0
1040	1303770896736	0	0	0	0
1041	1303770896796	0	0	0	0
1042	1303770896814	0	0	0	0
1043	1303770896830	0	0	0	0
1044	1303770896846	0	0	0	0
1045	1303770896862	0	0	0	0
1046	1303770896879	0	0	0	0
1047	1303770896896	0	0	0	0
1048	1303770896912	0	0	0	0
1049	1303770896929	0	0	0	0
1050	1303770896946	0	0	0	0
1051	1303770897004	0	0	0	0
1052	1303770897062	0	0	0	0
1053	1303770897077	0	0	0	0
1054	1303770897094	0	0	0	0
1055	1303770897110	0	0	0	0
1056	1303770897128	0	0	0	0
1057	1303770897145	0	0	0	0
1058	1303770897161	0	0	0	0
1059	1303770897178	0	0	0	0
1060	1303770897194	0	0	0	0
1061	1303770897213	0	0	0	0
1062	1303770897230	0	0	0	0
1063	1303770897246	0	0	0	0
1064	1303770897263	0	0	0	0
1065	1303770897279	0	0	0	0
1066	1303770897296	0	0	0	0
1067	1303770897312	0	0	0	0
1068	1303770897330	0	0	0	0
1069	1303770897348	0	0	0	0
1070	1303770897365	0	0	0	0
1071	1303770897382	0	0	0	0
1072	1303770897398	0	0	0	0
1073	1303770897415	0	0	0	0
1074	1303770897430	0	0	0	0
1075	1303770897447	0	0	0	0
1076	1303770897464	0	0	0	0
1077	1303770897480	0	0	0	0
1078	1303770897497	0	0	0	0
1079	1303770897513	0	0	0	0
1080	1303770897531	0	0	0	0
1081	1303770897547	0	0	0	0
1082	1303770897564	0	0	0	0
1083	1303770897581	0	0	0	0
1084	1303770897638	0	0	0	0
1085	1303770897655	0	0	0	0
1086	1303770897671	0	0	0	0
1087	1303770897689	0	0	0	0
1088	1303770897708	0	0	0	0
1089	1303770897724	0	0	0	0
1090	1303770897741	0	0	0	0
1091	1303770897757	0	0	0	0
1092	1303770897774	0	0	0	0
1093	1303770897791	0	0	0	0
1094	1303770897808	0	0	0	0
1095	1303770897825	0	0	0	0
1096	1303770897840	0	0	0	0
1097	1303770897857	0	0	0	0
1098	1303770897873	0	0	0	0
1099	1303770897890	0	0	0	0
1100	1303770897908	0	0	0	0
1101	1303770897923	0	0	0	0
1102	1303770897941	0	0	0	0
1103	1303770897957	0	0	0	0
1104	1303770897974	0	0	0	0
1105	1303770897990	0	0	0	0
1106	1303770898007	0	0	0	0
1107	1303770898024	0	0	0	0
1108	1303770898040	0	0	0	0
1109	1303770898058	0	0	0	0
1110	1303770898075	0	0	0	0
1111	1303770898092	0	0	0	0
1112	1303770898108	0	0	0	0
1113	1303770898165	0	0	0	0
1114	1303770898182	0	0	0	0
1115	1303770898198	0	0	0	0
1116	1303770898215	0	0	0	0
1117	1303770898272	0	0	0	0
1118	1303770898288	0	0	0	0
1119	1303770898305	0	0	0	0
1120	1303770898362	0	0	0	0
1121	1303770898382	0	0	0	0
1122	1303770898401	0	0	0	0
1123	1303770898460	0	0	0	0
1124	1303770898480	0	0	0	0
1125	1303770898497	0	0	0	0
1126	1303770898515	0	0	0	0
1127	1303770898533	0	0	0	0
1128	1303770898550	0	0	0	0
1129	1303770898567	0	0	0	0
1130	1303770898583	0	0	0	0
1131	1303770898600	0	0	0	0
1132	1303770898616	0	0	0	0
1133	1303770898632	0	0	0	0
1134	1303770898649	0	0	0	0
1135	1303770898665	0	0	0	0
1136	1303770898682	0	0	0	0
1137	1303770898698	0	0	0	0
1138	1303770898714	0	0	0	0
1139	1303770898730	0	0	0	0
1140	1303770898747	0	0	0	0
1141	1303770898804	0	0	0	0
1142	1303770898820	0	0	0	0
1143	1303770898837	0	0	0	0
1144	1303770898853	0	0	0	0
1145	1303770898912	0	0	0	0
1146	1303770898929	0	0	0	0
1147	1303770898945	0	0	0	0
1148	1303770898961	0	0	0	0
1149	1303770898978	0	0	0	0
1150	1303770898996	0	0	0	0
1151	1303770899057	0	0	0	0
1152	1303770899074	0	0	0	0
1153	1303770899091	0	0	0	0
1154	1303770899108	0	0	0	0
1155	1303770899126	0	0	0	0
1156	1303770899143	0	0	0	0
1157	1303770899160	0	0	0	0
1158	1303770899177	0	0	0	0
1159	1303770899194	0	0	0	0
1160	1303770899211	0	0	0	0
1161	1303770899228	0	0	0	0
1162	1303770899246	0	0	0	0
1163	1303770899264	0	0	0	0
1164	1303770899280	0	0	0	0
1165	1303770899337	0	0	0	0
1166	1303770899353	0	0	0	0
1167	1303770899410	0	0	0	0
1168	1303770899428	0	0	0	0
1169	1303770899443	0	0	0	0
1170	1303770899460	0	0	0	0
1171	1303770899476	0	0	0	0
1172	1303770899492	0	0	0	0
1173	1303770899508	0	0	0	0
1174	1303770899525	0	0	0	0
1175	1303770899542	0	0	0	0
1176	1303770899557	0	0	0	0
1177	1303770899574	0	0	0	0
1178	1303770899590	0	0	0	0
1179	1303770899607	0	0	0	0
1180	1303770899622	0	0	0	0
1181	1303770899639	0	0	0	0
1182	1303770899656	0	0	0	0
1183	1303770899671	0	0	0	0
1184	1303770899688	0	0	0	0
1185	1303770899704	0	0	0	0
1186	1303770899721	0	0	0	0
1187	1303770899737	0	0	0	0
1188	1303770899753	0	0	0	0
1189	1303770899769	0	0	0	0
1190	1303770899785	0	0	0	0
1191	1303770899802	0	0	0	0
1192	1303770899817	0	0	0	0
1193	1303770899834	0	0	0	0
1194	1303770899891	0	0	0	0
1195	1303770899907	0	0	0	0
1196	1303770899924	0	0	0	0
1197	1303770899940	0	0	0	0
1198	1303770899957	0	0	0	0
1199	1303770899972	0	0	0	0
1200	1303770899989	0	0	0	0
1201	1303770900048	0	0	0	0
1202	1303770900063	0	0	0	0
1203	1303770900080	0	0	0	0
1204	1303770900097	0	0	0	0
1205	1303770900114	0	0	0	0
1206	1303770900131	0	0	0	0
1207	1303770900147	0	0	0	0
1208	1303770900163	0	0	0	0
1209	1303770900219	0	0	0	0
1210	1303770900235	0	0	0	0
1211	1303770900251	0	0	0	0
1212	1303770900308	0	0	0	0
1213	1303770900325	0	0	0	0
1214	1303770900381	0	0	0	0
1215	1303770900438	0	0	0	0
1216	1303770900455	0	0	0	0
1217	1303770900471	0	0	0	0
1218	1303770900487	0	0	0	0
1219	1303770900543	0	0	0	0
1220	1303770900560	0	0	0	0
1221	1303770900618	0	0	0	0
1222	1303770900634	0	0	0	0
1223	1303770900651	0	0	0	0
1224	1303770900667	0	0	0	0
1225	1303770900684	0	0	0	0
1226	1303770900700	0	0	0	0
1227	1303770900717	0	0	0	0
1228	1303770900734	0	0	0	0
1229	1303770900749	0	0	0	0
1230	1303770900766	0	0	0	0
1231	1303770900782	0	0	0	0
1232	1303770900799	0	0	0	0
1233	1303770900815	0	0	0	0
1234	1303770900832	0	0	0	0
1235	1303770900848	0	0	0	0
1236	1303770900864	0	0	0	0
1237	1303770900881	0	0	0	0
1238	1303770900896	0	0	0	0
1239	1303770900913	0	0	0	0
1240	1303770900928	0	0	0	0
1241	1303770900945	0	0	0	0
1242	1303770900962	0	0	0	0
1243	1303770900978	0	0	0	0
1244	1303770900994	0	0	0	0
1245	1303770901010	0	0	0	0
1246	1303770901026	0	0	0	0
1247	1303770901042	0	0	0	0
1248	1303770901059	0	0	0	0
1249	1303770901075	0	0	0	0
1250	1303770901091	0	0	0	0
1251	1303770901107	0	0	0	0
1252	1303770901123	0	0	0	0
1253	1303770901207	0	0	0	0
1254	1303770901265	0	0	0	0
1255	1303770901281	0	0	0	0
1256	1303770901298	0	0	0	0
1257	1303770901314	0	0	0	0
1258	1303770901331	0	0	0	0
1259	1303770901348	0	0	0	0
1260	1303770901366	0	0	0	0
1261	1303770901384	0	0	0	0
1262	1303770901444	0	0	0	0
1263	1303770901462	0	0	0	0
1264	1303770901478	0	0	0	0
1265	1303770901495	0	0	0	0
1266	1303770901512	0	0	0	0
1267	1303770901528	0	0	0	0
1268	1303770901546	0	0	0	0
1269	1303770901562	0	0	0	0
1270	1303770901579	0	0	0	0
1271	1303770901595	0	0	0	0
1272	1303770901612	0	0	0	0
1273	1303770901628	0	0	0	0
1274	1303770901644	0	0	0	0
1275	1303770901661	0	0	0	0
1276	1303770901677	0	0	0	0
1277	1303770901695	0	0	0	0
1278	1303770901710	0	0	0	0
1279	1303770901727	0	0	0	0
1280	1303770901744	0	0	0	0
1281	1303770901760	0	0	0	0
1282	1303770901778	0	0	0	0
1283	1303770901794	0	0	0	0
1284	1303770901812	0	0	0	0
1285	1303770901875	0	0	0	0
1286	1303770901891	0	0	0	0
1287	1303770901908	0	0	0	0
1288	1303770901924	0	0	0	0
1289	1303770901941	0	0	0	0
1290	1303770901957	0	0	0	0
1291	1303770901974	0	0	0	0
1292	1303770901991	0	0	0	0
1293	1303770902007	0	0	0	0
1294	1303770902023	0	0	0	0
1295	1303770902039	0	0	0	0
1296	1303770902056	0	0	0	0
1297	1303770902071	0	0	0	0
1298	1303770902088	0	0	0	0
1299	1303770902104	0	0	0	0
1300	1303770902121	0	0	0	0
1301	1303770902138	0	0	0	0
1302	1303770902154	0	0	0	0
1303	1303770902170	0	0	0	0
1304	1303770902186	0	0	0	0
1305	1303770902203	0	0	0	0
1306	1303770902220	0	0	0	0
1307	1303770902237	0	0	0	0
1308	1303770902254	0	0	0	0
1309	1303770902270	0	0	0	0
1310	1303770902287	0	0	0	0
1311	1303770902303	0	0	0	0
1312	1303770902320	0	0	0	0
1313	1303770902379	0	0	0	0
1314	1303770902395	0	0	0	0
1315	1303770902412	0	0	0	0
1316	1303770902428	0	0	0	0
1317	1303770902445	0	0	0	0
1318	1303770902461	0	0	0	0
1319	1303770902518	0	0	0	0
1320	1303770902579	0	0	0	0
1321	1303770902596	0	0	0	0
1322	1303770902614	0	0	0	0
1323	1303770902631	0	0	0	0
1324	1303770902646	0	0	0	0
1325	1303770902663	0	0	0	0
1326	1303770902679	0	0	0	0
1327	1303770902697	0	0	0	0
1328	1303770902712	0	0	0	0
1329	1303770902729	0	0	0	0
1330	1303770902746	0	0	0	0
1331	1303770902762	0	0	0	0
1332	1303770902781	0	0	0	0
1333	1303770902797	0	0	0	0
1334	1303770902814	0	0	0	0
1335	1303770902830	0	0	0	0
1336	1303770902848	0	0	0	0
1337	1303770902865	0	0	0	0
1338	1303770902881	0	0	0	0
1339	1303770902898	0	0	0	0
1340	1303770902915	0	0	0	0
1341	1303770902932	0	0	0	0
1342	1303770902949	0	0	0	0
1343	1303770902966	0	0	0	0
1344	1303770902982	0	0	0	0
1345	1303770902998	0	0	0	0
1346	1303770903015	0	0	0	0
1347	1303770903031	0	0	0	0
1348	1303770903048	0	0	0	0
1349	1303770903064	0	0	0	0
1350	1303770903080	0	0	0	0
1351	1303770903096	0	0	0	0
1352	1303770903112	0	0	0	0
1353	1303770903129	0	0	0	0
1354	1303770903145	0	0	0	0
1355	1303770903162	0	0	0	0
1356	1303770903178	0	0	0	0
1357	1303770903237	0	0	0	0
1358	1303770903255	0	0	0	0
1359	1303770903271	0	0	0	0
1360	1303770903288	0	0	0	0
1361	1303770903304	0	0	0	0
1362	1303770903362	0	0	0	0
1363	1303770903379	0	0	0	0
1364	1303770903394	0	0	0	0
1365	1303770903411	0	0	0	0
1366	1303770903427	0	0	0	0
1367	1303770903444	0	0	0	0
1368	1303770903461	0	0	0	0
1369	1303770903478	0	0	0	0
1370	1303770903495	0	0	0	0
1371	1303770903551	0	0	0	0
1372	1303770903569	0	0	0	0
1373	1303770903584	0	0	0	0
1374	1303770903602	0	0	0	0
1375	1303770903617	0	0	0	0
1376	1303770903635	0	0	0	0
1377	1303770903653	0	0	0	0
1378	1303770903669	0	0	0	0
1379	1303770903686	0	0	0	0
1380	1303770903702	0	0	0	0
1381	1303770903720	0	0	0	0
1382	1303770903736	0	0	0	0
1383	1303770903753	0	0	0	0
1384	1303770903770	0	0	0	0
1385	1303770903787	0	0	0	0
1386	1303770903803	0	0	0	0
1387	1303770903819	0	0	0	0
1388	1303770903836	0	0	0	0
1389	1303770903898	0	0	0	0
1390	1303770903913	0	0	0	0
1391	1303770903971	0	0	0	0
1392	1303770903987	0	0	0	0
1393	1303770904005	0	0	0	0
1394	1303770904023	0	0	0	0
1395	1303770904039	0	0	0	0
1396	1303770904056	0	0	0	0
1397	1303770904072	0	0	0	0
1398	1303770904129	0	0	0	0
1399	1303770904147	0	0	0	0
1400	1303770904163	0	0	0	0
1401	1303770904179	0	0	0	0
1402	1303770904195	0	0	0	0
1403	1303770904212	0	0	0	0
1404	1303770904227	0	0	0	0
1405	1303770904244	0	0	0	0
1406	1303770904261	0	0	0	0
1407	1303770904277	0	0	0	0
1408	1303770904294	0	0	0	0
1409	1303770904310	0	0	0	0
1410	1303770904327	0	0	0	0
1411	1303770904344	0	0	0	0
1412	1303770904361	0	0	0	0
1413	1303770904378	0	0	0	0
1414	1303770904395	0	0	0	0
1415	1303770904412	0	0	0	0
1416	1303770904428	0	0	0	0
1417	1303770904445	0	0	0	0
1418	1303770904460	0	0	0	0
1419	1303770904477	0	0	0	0
1420	1303770904494	0	0	0	0
1421	1303770904510	0	0	0	0
1422	1303770904527	0	0	0	0
1423	1303770904543	0	0	0	0
1424	1303770904601	0	0	0	0
1425	1303770904618	0	0	0	0
1426	1303770904634	0	0	0	0
1427	1303770904651	0	0	0	0
1428	1303770904667	0	0	0	0
1429	1303770904683	0	0	0	0
1430	1303770904699	0	0	0	0
1431	1303770904717	0	0	0	0
1432	1303770904774	0	0	0	0
1433	1303770904830	0	0	0	0
1434	1303770904888	0	0	0	0
1435	1303770904905	0	0	0	0
1436	1303770904921	0	0	0	0
1437	1303770904979	0	0	0	0
1438	1303770904994	0	0	0	0
1439	1303770905011	0	0	0	0
1440	1303770905027	0	0	0	0
1441	1303770905044	0	0	0	0
1442	1303770905061	0	0	0	0
1443	1303770905077	0	0	0	0
1444	1303770905094	0	0	0	0
1445	1303770905110	0	0	0	0
1446	1303770905127	0	0	0	0
1447	1303770905142	0	0	0	0
1448	1303770905159	0	0	0	0
1449	1303770905218	0	0	0	0
1450	1303770905234	0	0	0	0
1451	1303770905251	0	0	0	0
1452	1303770905267	0	0	0	0
1453	1303770905285	0	0	0	0
1454	1303770905302	0	0	0	0
1455	1303770905359	0	0	0	0
1456	1303770905376	0	0	0	0
1457	1303770905393	0	0	0	0
1458	1303770905411	0	0	0	0
1459	1303770905429	0	0	0	0
1460	1303770905444	0	0	0	0
1461	1303770905461	0	0	0	0
1462	1303770905478	0	0	0	0
1463	1303770905536	0	0	0	0
1464	1303770905552	0	0	0	0
1465	1303770905568	0	0	0	0
1466	1303770905585	0	0	0	0
1467	1303770905601	0	0	0	0
1468	1303770905618	0	0	0	0
1469	1303770905674	0	0	0	0
1470	1303770905691	0	0	0	0
1471	1303770905708	0	0	0	0
1472	1303770905724	0	0	0	0
1473	1303770905741	0	0	0	0
1474	1303770905757	0	0	0	0
1475	1303770905815	0	0	0	0
1476	1303770905830	0	0	0	0
1477	1303770905848	0	0	0	0
1478	1303770905865	0	0	0	0
1479	1303770905881	0	0	0	0
1480	1303770905898	0	0	0	0
1481	1303770905914	0	0	0	0
1482	1303770905931	0	0	0	0
1483	1303770905947	0	0	0	0
1484	1303770905964	0	0	0	0
1485	1303770905981	0	0	0	0
1486	1303770905997	0	0	0	0
1487	1303770906014	0	0	0	0
1488	1303770906031	0	0	0	0
1489	1303770906048	0	0	0	0
1490	1303770906063	0	0	0	0
1491	1303770906080	0	0	0	0
1492	1303770906097	0	0	0	0
1493	1303770906113	0	0	0	0
1494	1303770906130	0	0	0	0
1495	1303770906147	0	0	0	0
1496	1303770906164	0	0	0	0
1497	1303770906180	0	0	0	0
1498	1303770906198	0	0	0	0
1499	1303770906214	0	0	0	0
1500	1303770906231	0	0	0	0
1501	1303770906290	0	0	0	0
1502	1303770906306	0	0	0	0
1503	1303770906323	0	0	0	0
1504	1303770906340	0	0	0	0
1505	1303770906356	0	0	0	0
1506	1303770906373	0	0	0	0
1507	1303770906429	0	0	0	0
1508	1303770906446	0	0	0	0
1509	1303770906464	0	0	0	0
1510	1303770906480	0	0	0	0
1511	1303770906497	0	0	0	0
1512	1303770906513	0	0	0	0
1513	1303770906530	0	0	0	0
1514	1303770906586	0	0	0	0
1515	1303770906603	0	0	0	0
1516	1303770906620	0	0	0	0
1517	1303770906636	0	0	0	0
1518	1303770906694	0	0	0	0
1519	1303770906710	0	0	0	0
1520	1303770906727	0	0	0	0
1521	1303770906745	0	0	0	0
1522	1303770906760	0	0	0	0
1523	1303770906778	0	0	0	0
1524	1303770906797	0	0	0	0
1525	1303770906814	0	0	0	0
1526	1303770906872	0	0	0	0
1527	1303770906888	0	0	0	0
1528	1303770906906	0	0	0	0
1529	1303770906924	0	0	0	0
1530	1303770906941	0	0	0	0
1531	1303770906957	0	0	0	0
1532	1303770906974	0	0	0	0
1533	1303770906991	0	0	0	0
1534	1303770907008	0	0	0	0
1535	1303770907025	0	0	0	0
1536	1303770907041	0	0	0	0
1537	1303770907058	0	0	0	0
1538	1303770907075	0	0	0	0
1539	1303770907092	0	0	0	0
1540	1303770907109	0	0	0	0
1541	1303770907126	0	0	0	0
1542	1303770907143	0	0	0	0
1543	1303770907159	0	0	0	0
1544	1303770907176	0	0	0	0
1545	1303770907193	0	0	0	0
1546	1303770907210	0	0	0	0
1547	1303770907225	0	0	0	0
1548	1303770907242	0	0	0	0
1549	1303770907259	0	0	0	0
1550	1303770907276	0	0	0	0
1551	1303770907293	0	0	0	0
1552	1303770907309	0	0	0	0
1553	1303770907368	0	0	0	0
1554	1303770907385	0	0	0	0
1555	1303770907441	0	0	0	0
1556	1303770907458	0	0	0	0
1557	1303770907474	0	0	0	0
1558	1303770907491	0	0	0	0
1559	1303770907509	0	0	0	0
1560	1303770907525	0	0	0	0
1561	1303770907542	0	0	0	0
1562	1303770907558	0	0	0	0
1563	1303770907575	0	0	0	0
1564	1303770907591	0	0	0	0
1565	1303770907609	0	0	0	0
1566	1303770907625	0	0	0	0
1567	1303770907642	0	0	0	0
1568	1303770907660	0	0	0	0
1569	1303770907676	0	0	0	0
1570	1303770907694	0	0	0	0
1571	1303770907710	0	0	0	0
1572	1303770907727	0	0	0	0
1573	1303770907747	0	1.3464	0	0
1574	1303770907769	0	1.3464	0	0
1575	1303770907790	0	1.3464	1.5	0
1576	1303770907849	0	1.3464	0	0
1577	1303770907867	0	1.3464	1.5	0
1578	1303770907885	0	1.3464	1.5	0
1579	1303770907901	0	1.3464	1.5	0
1580	1303770907919	0	1.3464	1.5	0
1581	1303770907936	0	1.3464	1.5	0
1582	1303770907953	0	1.3464	1.5	0
1583	1303770907971	0	1.3464	1.5	0
1584	1303770907988	0	1.3464	1.5	0
1585	1303770908006	0	1.3464	1.5	0
1586	1303770908024	0	1.3464	1.5	0
1587	1303770908040	0	1.3464	1.5	0
1588	1303770908057	0	1.3464	1.5	0
1589	1303770908073	0	1.3464	1.5	0
1590	1303770908090	0	1.3464	1.5	0
1591	1303770908106	0	1.3464	1.5	0
1592	1303770908123	0	1.3464	1.5	0
1593	1303770908140	0	1.3464	1.5	0
1594	1303770908157	0	1.3464	1.5	0
1595	1303770908174	0	1.3464	1.5	0
1596	1303770908190	0	1.3464	1.5	0
1597	1303770908274	0	1.3464	1.5	0
1598	1303770908291	0	1.3464	1.5	0
1599	1303770908307	0	1.3464	1.5	0
1600	1303770908325	0	1.3464	1.5	0
1601	1303770908341	0	1.3464	1.5	0
1602	1303770908358	0	1.3464	1.5	0
1603	1303770908374	0	1.3464	1.5	0
1604	1303770908390	0	1.3464	1.5	0
1605	1303770908407	0	1.3464	1.5	0
1606	1303770908424	0	1.3464	1.5	0
1607	1303770908442	0	1.3464	1.5	0
1608	1303770908458	0	1.3464	1.5	0
1609	1303770908475	0	1.3464	1.5	0
1610	1303770908492	0	1.3464	1.5	0
1611	1303770908510	0	1.3464	1.5	0
1612	1303770908527	0	1.3464	1.5	0
1613	1303770908543	0	1.3464	1.5	0
1614	1303770908560	0	1.3464	1.5	0
1615	1303770908576	0	1.3464	1.45	0
1616	1303770908593	0	1.3464	1.45	0
1617	1303770908611	0	1.3464	1.4	0
1618	1303770908627	0	1.3464	1.4	0
1619	1303770908685	0	1.3464	1.4	0
1620	1303770908702	0	1.3464	1.4	0
1621	1303770908720	0	1.3464	1.4	0
1622	1303770908737	0	1.3464	1.4	0
1623	1303770908754	0	1.3464	1.4	0
1624	1303770908812	0	1.3464	1.4	0
1625	1303770908829	0	1.3464	1.4	0
1626	1303770908890	0	1.3464	1.4	0
1627	1303770908908	0	1.3464	1.4	0
1628	1303770908964	0	1.3464	1.4	0
1629	1303770908981	0	1.3464	1.4	0
1630	1303770908997	0	1.3464	1.4	0
1631	1303770909015	0	1.3464	1.4	0
1632	1303770909032	0	1.3464	1.4	0
1633	1303770909049	0	1.3464	1.4	0
1634	1303770909067	0	1.3418	1.4	0
1635	1303770909129	0	1.4154	1.4	0
1636	1303770909148	0	1.411	1.35	0
1637	1303770909166	0	1.411	1.3636	0
1638	1303770909183	0	1.411	1.4091	0
1639	1303770909201	0	1.411	1.4286	0
1640	1303770909217	0	1.411	1.4167	0
1641	1303770909234	0	1.411	1.4231	0
1642	1303770909251	0	1.411	1.4167	0
1643	1303770909267	0	1.411	1.4167	0
1644	1303770909285	0	1.411	1.4231	0
1645	1303770909301	0	1.411	1.4231	0
1646	1303770909318	0	1.411	1.4231	0
1647	1303770909335	0	1.411	1.4286	0
1648	1303770909351	0	1.411	1.4167	0
1649	1303770909368	0	1.411	1.3929	0
1650	1303770909384	0	1.411	1.3571	0
1651	1303770909402	0	1.411	1.3462	0
1652	1303770909420	0	1.411	1.3571	0
1653	1303770909436	0	1.411	1.3571	0
1654	1303770909454	0	1.411	1.3214	0
1655	1303770909470	0	1.411	1.3214	0
1656	1303770909487	0	1.411	1.3214	0
1657	1303770909503	0	1.411	1.3214	0
1658	1303770909520	0	1.411	1.3214	0
1659	1303770909537	0	1.411	1.3214	0
1660	1303770909554	0	1.411	1.3214	0
1661	1303770909570	0	1.411	1.3214	0
1662	1303770909586	0	1.411	1.3214	0
1663	1303770909603	0	1.411	1.2857	0
1664	1303770909620	0	1.411	1.2857	0
1665	1303770909636	0	1.411	1.2857	0
1666	1303770909653	0	1.411	1.2857	0
1667	1303770909669	0	1.411	1.2857	0
1668	1303770909686	0	1.411	1.2857	0
1669	1303770909702	0	1.411	1.25	0
1670	1303770909719	0	1.411	1.25	0
1671	1303770909736	0	1.411	1.25	0
1672	1303770909751	0	1.411	1.25	0
1673	1303770909768	0	1.411	1.25	0
1674	1303770909784	0	1.411	1.25	0
1675	1303770909801	0	1.411	1.2667	0
1676	1303770909818	0	1.411	1.2667	0
1677	1303770909836	0	1.411	1.2667	0
1678	1303770909895	0	1.411	1.2667	0
1679	1303770909912	0	1.411	1.2667	0
1680	1303770909930	0	1.411	1.2667	0
1681	1303770909947	0	1.411	1.2667	0
1682	1303770909963	0	1.411	1.2333	0
1683	1303770909980	0	1.411	1.2	0
1684	1303770910065	0	1.411	1.2	0
1685	1303770910082	0	1.411	1.2	0
1686	1303770910099	0	1.411	1.2	0
1687	1303770910118	0	1.411	1.2	0
1688	1303770910136	0	1.411	1.2	0
1689	1303770910151	0	1.411	1.2	0
1690	1303770910168	0	1.411	1.2	0
1691	1303770910184	0	1.411	1.2	0
1692	1303770910202	0	1.411	1.2	0
1693	1303770910220	0	1.411	1.2	0
1694	1303770910237	0	1.411	1.1875	0
1695	1303770910255	0	1.411	1.2	0
1696	1303770910275	0	1.304	1.1875	0
1697	1303770910298	0	1.304	1.1562	0
1698	1303770910319	0	1.304	1.1667	0
1699	1303770910337	0	1.304	1.1562	0
1700	1303770910356	0	1.304	1.1562	0
1701	1303770910373	0	1.304	1.1562	0
1702	1303770910388	0	1.304	1.1562	0
1703	1303770910405	0	1.304	1.1562	0
1704	1303770910463	0	1.2788	1.1562	0
1705	1303770910478	0	1.2788	1.1562	0
1706	1303770910496	0	1.2788	1.1562	0
1707	1303770910511	0	1.2788	1.1562	0
1708	1303770910529	0	1.2788	1.1562	0
1709	1303770910544	0	1.2788	1.1562	0
1710	1303770910602	0	1.2788	1.1562	0
1711	1303770910619	0	1.2788	1.1562	0
1712	1303770910635	0	1.2788	1.1562	0
1713	1303770910652	0	1.2788	1.1562	0
1714	1303770910668	0	1.2788	1.1562	0
1715	1303770910685	0	1.2788	1.1562	0
1716	1303770910702	0	1.2788	1.1562	0
1717	1303770910719	0	1.2788	1.1562	0
1718	1303770910736	0	1.2788	1.1562	0
1719	1303770910794	0	1.2788	1.1562	0
1720	1303770910811	0	1.2788	1.1562	0
1721	1303770910829	0	1.2788	1.1562	0
1722	1303770910845	0	1.2788	1.1562	0
1723	1303770910862	0	1.2788	1.1562	0
1724	1303770910879	0	1.2788	1.1562	0
1725	1303770910896	0	1.2788	1.1562	0
1726	1303770910912	0	1.2788	1.1562	0
1727	1303770910931	0	1.2788	1.1562	0
1728	1303770910949	0	1.2788	1.1562	0
1729	1303770910965	0	1.2788	1.1562	0
1730	1303770910982	0	1.2788	1.1562	0
1731	1303770910998	0	1.2788	1.1562	0
1732	1303770911016	0	1.2788	1.1562	0
1733	1303770911034	0	1.2788	1.1562	0
1734	1303770911050	0	1.2788	1.1562	0
1735	1303770911067	0	1.2788	1.1562	0
1736	1303770911083	0	1.2788	1.1562	0
1737	1303770911100	0	1.2788	1.1562	0
1738	1303770911116	0	1.2788	1.1562	0
1739	1303770911219	0	1.2788	1.1562	0
1740	1303770911236	0	1.2788	1.1562	0
1741	1303770911252	0	1.2788	1.1562	0
1742	1303770911269	0	1.2788	1.1562	0
1743	1303770911285	0	1.2788	1.1562	0
1744	1303770911302	0	1.2788	1.1562	0
1745	1303770911319	0	1.2788	1.1562	0
1746	1303770911335	0	1.2788	1.1562	0
1747	1303770911352	0	1.2788	1.1562	0
1748	1303770911368	0	1.2788	1.1562	0
1749	1303770911385	0	1.2788	1.1562	0
1750	1303770911401	0	1.2788	1.1562	0
1751	1303770911458	0	1.2788	1.1562	0
1752	1303770911475	0	1.2788	1.1562	0
1753	1303770911491	0	1.2788	1.1562	0
1754	1303770911550	0	1.2788	1.1562	0
1755	1303770911608	0	1.2788	1.1562	0
1756	1303770911625	0	1.2788	1.1562	0
1757	1303770911656	0	1.2788	1.1562	0
1758	1303770911698	0	1.2788	1.1562	0
1759	1303770911732	0	1.2788	1.1562	0
1760	1303770911754	0	1.2788	1.1562	0
1761	1303770911773	0	1.2642	1.1562	0
1762	1303770911815	0	1.2642	1.1562	0
1763	1303770911833	0	1.2642	1.1562	0
1764	1303770911850	0	1.2642	1.1562	0
1765	1303770911867	0	1.2642	1.1562	0
1766	1303770911885	0	1.2642	1.1562	0
1767	1303770911901	0	1.2642	1.1562	0
1768	1303770911959	0	1.2642	1.1562	0
1769	1303770911976	0	1.2642	1.1562	0
1770	1303770911992	0	1.2642	1.1562	0
1771	1303770912010	0	1.2642	1.1562	0
1772	1303770912025	0	1.2642	1.1562	0
1773	1303770912044	0	1.2642	1.1562	0
1774	1303770912102	0	1.2642	1.1562	0
1775	1303770912118	0	1.2642	1.1562	0
1776	1303770912135	0	1.2642	1.1562	0
1777	1303770912152	0	1.2642	1.1562	0
1778	1303770912168	0	1.2642	1.1562	0
1779	1303770912185	0	1.2642	1.1562	0
1780	1303770912201	0	1.2642	1.1562	0
1781	1303770912218	0	1.2642	1.1562	0
1782	1303770912234	0	1.2642	1.1562	0
1783	1303770912251	0	1.2642	1.1562	0
1784	1303770912268	0	1.2642	1.1562	0
1785	1303770912284	0	1.2642	1.1562	0
1786	1303770912301	0	1.2642	1.1562	0
1787	1303770912317	0	1.2642	1.1562	0
1788	1303770912334	0	1.2642	1.1562	0
1789	1303770912351	0	1.2642	1.1562	0
1790	1303770912407	0	1.2642	1.1562	0
1791	1303770912425	0	1.2642	1.1562	0
1792	1303770912441	0	1.2642	1.1562	0
1793	1303770912459	0	1.2642	1.1562	0
1794	1303770912476	0	1.2642	1.1562	0
1795	1303770912492	0	1.2642	1.1562	0
1796	1303770912508	0	1.2642	1.1562	0
1797	1303770912525	0	1.2642	1.1562	0
1798	1303770912542	0	1.2642	1.1562	0
1799	1303770912558	0	1.2642	1.1562	0
1800	1303770912575	0	1.2642	1.1562	0
