0	1303772882659	0	0	0	0
1	1303772882668	0	0	0	0
2	1303772882677	0	0	0	0
3	1303772882687	0	0	0	0
4	1303772882704	0	0	0	0
5	1303772882714	0	0	0	0
6	1303772882725	0	0	0	0
7	1303772882776	0	0	0	0
8	1303772882788	0	0	0	0
9	1303772882800	0	0	0	0
10	1303772882811	0	0	0	0
11	1303772882825	0	0	0	0
12	1303772882838	0	0	0	0
13	1303772882852	0	0	0	0
14	1303772882865	0	0	0	0
15	1303772882883	0	0	0	0
16	1303772882896	0	0	0	0
17	1303772882911	0	0	0	0
18	1303772882926	0	0	0	0
19	1303772882981	0	0	0	0
20	1303772883037	0	0	0	0
21	1303772883052	0	0	0	0
22	1303772883067	0	0	0	0
23	1303772883085	0	0	0	0
24	1303772883100	0	0	0	0
25	1303772883114	0.5	0	0	0
26	1303772883149	0.5	0	0	0
27	1303772883191	0.5	0	0	0
28	1303772883215	0.5	1.0418	0	0
29	1303772883282	0.5	1.0418	0	0
30	1303772883311	0.5	1.0418	0	0
31	1303772883336	0.5	1.0418	1.5	0.32
32	1303772883362	0.5	1.0418	1.5	0.32
33	1303772883390	0.5	1.0418	0	0
34	1303772883415	0.5	1.0418	1.5	0.32
35	1303772883440	0.5	1.0418	1.5	0.32
36	1303772883468	0.5	1.0418	1.5	0.32
37	1303772883492	0.5	1.0418	1.1667	0.4114
38	1303772883516	0.5	1.0418	1.375	0.3491
39	1303772883540	0.5	1.0418	1.1667	0.4114
40	1303772883568	0.5	1.0418	1.25	0.384
41	1303772883592	0.5	1.0418	1.25	0.384
42	1303772883617	0.5	1.0418	1.25	0.384
43	1303772883685	0.5	1.0418	1.2	0.4
44	1303772883710	0.5	1.0418	1.125	0.4266
45	1303772883735	0.5	1.0418	1.125	0.4266
46	1303772883763	0.5	1.0418	1.3	0.3692
47	1303772883786	0.5	1.0418	1.125	0.4266
48	1303772883810	0.5	1.0418	1.25	0.384
49	1303772883834	0.5	1.0418	1.3	0.3692
50	1303772883861	0.5	1.0418	1.2	0.4
51	1303772883885	0.5	1.0418	1.25	0.384
52	1303772883909	0.5	1.0418	1.25	0.384
53	1303772883935	0.5	1.0418	1.0833	0.443
54	1303772883959	0.5	1.0418	1.1429	0.42
55	1303772884022	0.5	1.0418	1.1	0.4363
56	1303772884047	0.5	1.0418	1.0714	0.448
57	1303772884114	0.5	1.0418	1.1	0.4363
58	1303772884137	0.5	1.0418	1.0714	0.448
59	1303772884161	0.5	1.0418	1.125	0.4266
60	1303772884186	0.5	1.0418	1	0.4799
61	1303772884224	0.5	1.0418	1.0714	0.448
62	1303772884338	0.5	1.0418	1.0714	0.448
63	1303772884371	1	1.0418	1	0.9599
64	1303772884421	1	1.0418	1	0.9599
65	1303772884458	1	1.0418	1	0.9599
66	1303772884485	1	1.0418	1.0625	0.9034
67	1303772884509	1	1.1949	1.1429	0.7323
68	1303772884534	1	1.1383	1.1667	0.753
69	1303772884598	1	1.1383	1.1875	0.7398
70	1303772884625	1	1.1383	1.125	0.7809
71	1303772884648	1	1.1383	1.2273	0.7158
72	1303772884671	1	1.1383	1.25	0.7028
73	1303772884693	1	1.1383	1.2273	0.7158
74	1303772884757	1	1.1383	1.2692	0.6921
75	1303772884782	1	1.1383	1.2308	0.7138
76	1303772884806	1	1.1383	1.2308	0.7138
77	1303772884829	1	1.1383	1.2308	0.7138
78	1303772884852	1	1.1383	1.2333	0.7123
79	1303772884878	1	1.1383	1.25	0.7028
80	1303772884900	1	1.1383	1.1429	0.7687
81	1303772884922	1	1.1383	1.1667	0.753
82	1303772884985	1	1.1383	1.1	0.7986
83	1303772885007	1	1.1383	1.0938	0.8032
84	1303772885033	1	1.1383	1.0938	0.8032
85	1303772885055	1	1.1383	1.0938	0.8032
86	1303772885076	1	1.1383	1.0556	0.8322
87	1303772885098	1	1.1383	1.0625	0.8268
88	1303772885119	1	1.1383	1.1	0.7986
89	1303772885145	1	1.1326	1.0833	0.815
90	1303772885207	1	1.1326	1.0588	0.8339
91	1303772885228	1	1.1326	1.0556	0.8365
92	1303772885290	1	1.1326	1.0556	0.8365
93	1303772885314	1	1.1326	1.0556	0.8365
94	1303772885334	1	1.1326	1.0556	0.8365
95	1303772885355	1	1.1326	1.0833	0.815
96	1303772885376	1	1.1326	1.0833	0.815
97	1303772885397	1	1.1326	1.0833	0.815
98	1303772885422	1	1.1326	1.0833	0.815
99	1303772885444	1	1.1326	1.0833	0.815
100	1303772885465	1	1.1326	1.0789	0.8183
101	1303772885487	1	1.1326	1.0833	0.815
102	1303772885508	1	1.1326	1.0789	0.8183
103	1303772885528	1	1.1326	1.0833	0.815
104	1303772885552	1	1.1326	1.0526	0.8388
105	1303772885572	1	1.1326	1.0556	0.8365
106	1303772885633	1	1.1326	1.0263	0.8603
107	1303772885654	1	1.1326	1.0278	0.8591
108	1303772885714	1	1.1326	1.0263	0.8603
109	1303772885738	1	1.1326	1.0263	0.8603
110	1303772885757	1	1.1326	1.0263	0.8603
111	1303772885778	1	1.1326	1.0263	0.8603
112	1303772885797	1	1.1326	1.0263	0.8603
113	1303772885818	1	1.1326	1.0263	0.8603
114	1303772885841	1	1.1326	1.0263	0.8603
115	1303772885861	1	1.1326	1.0263	0.8603
116	1303772885882	1	1.1326	1.0263	0.8603
117	1303772885902	1	1.1326	1.0263	0.8603
118	1303772885923	1	1.1326	1.0263	0.8603
119	1303772885944	1	1.1326	1.0263	0.8603
120	1303772885968	1	1.1326	1.0263	0.8603
121	1303772886034	1	1.1326	1.0263	0.8603
122	1303772886055	1	1.1326	1.0263	0.8603
123	1303772886076	1	1.1326	1.0263	0.8603
124	1303772886098	1	1.1326	1.0263	0.8603
125	1303772886122	1	1.1326	1.0526	0.8388
126	1303772886143	1	1.1326	1.0263	0.8603
127	1303772886211	1	1.1326	1.0263	0.8603
128	1303772886236	1	1.382	1.0526	0.6874
129	1303772886258	1	1.3795	1.0263	0.7063
130	1303772886283	1	1.3795	1	0.7249
131	1303772886305	1	1.3795	1.0263	0.7063
132	1303772886325	1	1.3795	1	0.7249
133	1303772886389	1	1.3795	1	0.7249
134	1303772886452	1	1.3795	1.0263	0.7063
135	1303772886476	1	1.3795	1	0.7249
136	1303772886496	1	1.3795	1	0.7249
137	1303772886517	1	1.3795	1.0263	0.7063
138	1303772886538	1	1.3795	1	0.7249
139	1303772886558	1	1.3795	1	0.7249
140	1303772886578	1	1.3795	1.0263	0.7063
141	1303772886603	1	1.3795	1	0.7249
142	1303772886623	1	1.3795	1	0.7249
143	1303772886644	1	1.3795	1.0526	0.6887
144	1303772886665	1	1.3795	1.0263	0.7063
145	1303772886731	1	1.3795	1.0263	0.7063
146	1303772886752	1	1.3795	1.0526	0.6887
147	1303772886775	1	1.3795	1.0263	0.7063
148	1303772886797	1	1.3795	1.0263	0.7063
149	1303772886818	1	1.3795	1.0526	0.6887
150	1303772886841	1	1.3683	1.0526	0.6943
151	1303772886903	1	1.3683	1.0263	0.7121
152	1303772886927	1	1.3683	1.0263	0.7121
153	1303772886949	1	1.3683	1.0263	0.7121
154	1303772886969	1	1.3683	1.0263	0.7121
155	1303772886989	1	1.3683	1.0263	0.7121
156	1303772887009	1	1.3683	1.0263	0.7121
157	1303772887029	1	1.3683	1.0263	0.7121
158	1303772887052	1	1.3683	1.0263	0.7121
159	1303772887073	1	1.3683	1.0263	0.7121
160	1303772887092	1	1.3683	1.0263	0.7121
161	1303772887113	1	1.3683	1.0263	0.7121
162	1303772887133	1	1.3683	1.0526	0.6943
163	1303772887153	1	1.3683	1.0263	0.7121
164	1303772887176	1	1.3683	1.0263	0.7121
165	1303772887197	1	1.3683	1.0526	0.6943
166	1303772887217	1	1.3683	1.0263	0.7121
167	1303772887237	1	1.3683	1.0263	0.7121
168	1303772887258	1	1.3683	1.0526	0.6943
169	1303772887278	1	1.3683	1.0263	0.7121
170	1303772887302	1	1.3683	1.0263	0.7121
171	1303772887322	1	1.3683	1.0526	0.6943
172	1303772887342	1	1.3683	1.0526	0.6943
173	1303772887402	1	1.3683	1.0263	0.7121
174	1303772887422	1	1.3683	1.0263	0.7121
175	1303772887482	1	1.3683	1.0526	0.6943
176	1303772887506	1	1.3683	1.0263	0.7121
177	1303772887527	1	1.3683	1.0263	0.7121
178	1303772887549	1	1.3683	1.0526	0.6943
179	1303772887570	1	1.3683	1.0526	0.6943
180	1303772887591	1	1.3683	1.0263	0.7121
181	1303772887611	1	1.3683	1.0263	0.7121
182	1303772887634	1	1.3683	1.0526	0.6943
183	1303772887698	1	1.3683	1.0526	0.6943
184	1303772887718	1	1.3683	1.0263	0.7121
185	1303772887738	1	1.3683	1.0263	0.7121
186	1303772887759	1	1.3683	1.0526	0.6943
187	1303772887779	1	1.3683	1.0526	0.6943
188	1303772887804	1	1.3348	1.0263	0.73
189	1303772887868	1	1.398	1.0263	0.697
190	1303772887892	1	1.4033	1.0526	0.677
191	1303772887916	1	1.4033	1.0526	0.677
192	1303772887936	1	1.4033	1.0263	0.6943
193	1303772887959	1	1.4033	1.0263	0.6943
194	1303772887980	1	1.4033	1.0526	0.677
195	1303772888000	1	1.4033	1.0526	0.677
196	1303772888019	1	1.4033	1.0263	0.6943
197	1303772888039	1	1.4033	1.0263	0.6943
198	1303772888059	1	1.4033	1.0526	0.677
199	1303772888080	1	1.4033	1.0526	0.677
200	1303772888103	1	1.4033	1.0263	0.6943
201	1303772888162	1	1.4033	1.0263	0.6943
202	1303772888181	1	1.4033	1.0526	0.677
203	1303772888200	1	1.4033	1.0526	0.677
204	1303772888219	1	1.4033	1.0263	0.6943
205	1303772888238	1	1.4033	1.0263	0.6943
206	1303772888261	1	1.4033	1.0526	0.677
207	1303772888281	1	1.4033	1.0526	0.677
208	1303772888301	1	1.4033	1.0263	0.6943
209	1303772888320	1	1.4033	1.0263	0.6943
210	1303772888340	1	1.4033	1.0526	0.677
211	1303772888360	1	1.3999	1.0526	0.6786
212	1303772888384	1	1.3999	1.0263	0.696
213	1303772888404	1	1.3999	1.0263	0.696
214	1303772888424	1	1.3999	1.0263	0.696
215	1303772888443	1	1.3999	1.0263	0.696
216	1303772888463	1	1.3999	1.0263	0.696
217	1303772888482	1	1.3999	1.0263	0.696
218	1303772888505	1	1.3999	1.0263	0.696
219	1303772888565	1	1.3999	1.0263	0.696
220	1303772888586	1	1.3999	1.0526	0.6786
221	1303772888607	1	1.3999	1.0263	0.696
222	1303772888627	1	1.3999	1.0263	0.696
223	1303772888646	1	1.3999	1.0526	0.6786
224	1303772888665	1	1.3999	1.0263	0.696
225	1303772888688	1	1.3999	1.0263	0.696
226	1303772888709	1	1.3999	1.0526	0.6786
227	1303772888770	1	1.3999	1.0263	0.696
228	1303772888789	1	1.3999	1.0263	0.696
229	1303772888810	1	1.3999	1.0526	0.6786
230	1303772888830	1	1.3999	1.0263	0.696
231	1303772888854	1	1.3999	1.0263	0.696
232	1303772888915	1	1.3999	1.0526	0.6786
233	1303772888935	1	1.3999	1.0263	0.696
234	1303772888955	1	1.3999	1.0263	0.696
235	1303772888974	1	1.3999	1.0526	0.6786
236	1303772888994	1	1.3999	1.0263	0.696
237	1303772889017	1	1.3999	1.0263	0.696
238	1303772889036	1	1.3999	1.0526	0.6786
239	1303772889056	1	1.3999	1.0263	0.696
240	1303772889076	1	1.3999	1.0263	0.696
241	1303772889136	1	1.3999	1.0526	0.6786
242	1303772889157	1	1.3999	1.0263	0.696
243	1303772889177	1	1.3999	1.0263	0.696
244	1303772889200	1	1.3999	1.0526	0.6786
245	1303772889221	1	1.3999	1.0263	0.696
246	1303772889241	1	1.3999	1.0263	0.696
247	1303772889261	1	1.3999	1.0526	0.6786
248	1303772889282	1	1.3999	1.0263	0.696
249	1303772889303	1	1.3999	1.0263	0.696
250	1303772889330	1	1.3999	1.0526	0.6786
251	1303772889352	1	1.3999	1.0526	0.6786
252	1303772889374	1	1.272	1.0263	0.766
253	1303772889435	1	1.272	1	0.7862
254	1303772889456	1	1.272	1.0263	0.766
255	1303772889481	1	1.272	1.0263	0.766
256	1303772889503	1	1.272	1	0.7862
257	1303772889524	1	1.272	1.0263	0.766
258	1303772889545	1	1.272	1.0263	0.766
259	1303772889566	1	1.272	1.0263	0.766
260	1303772889587	1	1.272	1.0263	0.766
261	1303772889611	1	1.272	1.0526	0.7469
262	1303772889632	1	1.272	1.0263	0.766
263	1303772889654	1	1.272	1.0263	0.766
264	1303772889675	1	1.272	1.0263	0.766
265	1303772889696	1	1.272	1.0263	0.766
266	1303772889720	1	1.272	1.0263	0.766
267	1303772889741	1	1.272	1.0526	0.7469
268	1303772889762	1	1.272	1.0263	0.766
269	1303772889824	1	1.272	1.0263	0.766
270	1303772889844	1	1.272	1.0263	0.766
271	1303772889865	1	1.272	1.0526	0.7469
272	1303772889890	1	1.2715	1	0.7865
273	1303772889913	1	1.2715	1.0263	0.7663
274	1303772889935	1	1.2715	1.0526	0.7471
275	1303772889996	1	1.2791	1.0526	0.7427
276	1303772890018	1	1.2791	1	0.7818
277	1303772890042	1	1.2791	1.0263	0.7618
278	1303772890064	1	1.2791	1.0526	0.7427
279	1303772890085	1	1.2791	1.0263	0.7618
280	1303772890106	1	1.2791	1	0.7818
281	1303772890127	1	1.2791	1.0526	0.7427
282	1303772890152	1	1.2791	1.0526	0.7427
283	1303772890213	1	1.2791	1.0263	0.7618
284	1303772890234	1	1.2791	1	0.7818
285	1303772890254	1	1.2791	1.0526	0.7427
286	1303772890275	1	1.2791	1.0263	0.7618
287	1303772890296	1	1.2791	1.0263	0.7618
288	1303772890321	1	1.2791	1.0263	0.7618
289	1303772890342	1	1.2791	1.0526	0.7427
290	1303772890364	1	1.2791	1.0263	0.7618
291	1303772890384	1	1.2791	1.0263	0.7618
292	1303772890405	1	1.2791	1.0263	0.7618
293	1303772890430	1	1.2791	1.0263	0.7618
294	1303772890450	1	1.2791	1.0263	0.7618
295	1303772890471	1	1.2791	1.0526	0.7427
296	1303772890492	1	1.2791	1.0263	0.7618
297	1303772890553	1	1.2791	1.0263	0.7618
298	1303772890575	1	1.2791	1.0263	0.7618
299	1303772890600	1	1.2791	1.0526	0.7427
300	1303772890621	1	1.2791	1	0.7818
301	1303772890641	1	1.2791	1.0263	0.7618
302	1303772890662	1	1.2791	1.0526	0.7427
303	1303772890683	1	1.2791	1.0526	0.7427
304	1303772890706	1	1.2791	1	0.7818
305	1303772890727	1	1.2791	1.0263	0.7618
306	1303772890748	1	1.2791	1.0526	0.7427
307	1303772890769	1	1.2791	1.0263	0.7618
308	1303772890790	1	1.2791	1	0.7818
309	1303772890811	1	1.2791	1.0526	0.7427
310	1303772890836	1	1.2791	1.0526	0.7427
311	1303772890900	1	1.2791	1.0263	0.7618
312	1303772890921	1	1.2791	1	0.7818
313	1303772890942	1	1.2833	1.0526	0.7403
314	1303772890963	1	1.2833	1.0263	0.7593
315	1303772890988	1	1.2833	1.0263	0.7593
316	1303772891009	1	1.2833	1.0263	0.7593
317	1303772891029	1	1.2833	1.0526	0.7403
318	1303772891050	1	1.2833	1.0263	0.7593
319	1303772891071	1	1.2833	1.0263	0.7593
320	1303772891093	1	1.2833	1.0263	0.7593
321	1303772891117	1	1.2833	1.0263	0.7593
322	1303772891140	1	1.2833	1.0263	0.7593
323	1303772891161	1	1.2833	1.0526	0.7403
324	1303772891183	1	1.2833	1.0263	0.7593
325	1303772891205	1	1.2833	1.0263	0.7593
326	1303772891230	1	1.2833	1.0263	0.7593
327	1303772891251	1	1.2833	1.0526	0.7403
328	1303772891273	1	1.2833	1	0.7793
329	1303772891295	1	1.2833	1.0263	0.7593
330	1303772891316	1	1.2833	1.0526	0.7403
331	1303772891378	1	1.2833	1.0526	0.7403
332	1303772891403	1	1.2833	1	0.7793
333	1303772891425	1	1.2833	1.0263	0.7593
334	1303772891448	1	1.2833	1.0526	0.7403
335	1303772891470	1	1.2833	1.0263	0.7593
336	1303772891491	1	1.2835	1	0.7791
337	1303772891516	1	1.2835	1.0526	0.7402
338	1303772891538	1	1.2835	1.0526	0.7402
339	1303772891560	1	1.2835	1.0263	0.7592
340	1303772891581	1	1.2835	1	0.7791
341	1303772891603	1	1.2835	1.0526	0.7402
342	1303772891625	1	1.2835	1.0263	0.7592
343	1303772891649	1	1.2835	1.0263	0.7592
344	1303772891670	1	1.2835	1.0263	0.7592
345	1303772891693	1	1.2835	1.0526	0.7402
346	1303772891714	1	1.2835	1.0263	0.7592
347	1303772891735	1	1.2835	1.0263	0.7592
348	1303772891760	1	1.2835	1.0263	0.7592
349	1303772891782	1	1.2835	1.0263	0.7592
350	1303772891804	1	1.2835	1.0263	0.7592
351	1303772891824	1	1.2835	1.0526	0.7402
352	1303772891846	1	1.2835	1.0263	0.7592
353	1303772891869	1	1.2835	1.0263	0.7592
354	1303772891894	1	1.2835	1.0263	0.7592
355	1303772891915	1	1.2835	1.0526	0.7402
356	1303772891936	1	1.2835	1	0.7791
357	1303772891957	1	1.2835	1.0263	0.7592
358	1303772891980	1	1.2835	1.0526	0.7402
359	1303772892046	1	1.2835	1.0526	0.7402
360	1303772892067	1	1.2835	1	0.7791
361	1303772892089	1	1.2835	1.0263	0.7592
362	1303772892110	1	1.2835	1.0526	0.7402
363	1303772892133	1	1.2835	1.0263	0.7592
364	1303772892154	1	1.2835	1	0.7791
365	1303772892178	1	1.2835	1.0526	0.7402
366	1303772892240	1	1.2835	1.0526	0.7402
367	1303772892261	1	1.2835	1.0263	0.7592
368	1303772892281	1	1.2835	1	0.7791
369	1303772892343	1	1.2835	1.0526	0.7402
370	1303772892368	1	1.2835	1.0263	0.7592
371	1303772892389	1	1.2835	1.0263	0.7592
372	1303772892412	1	1.2835	1.0263	0.7592
373	1303772892435	1	1.2835	1.0526	0.7402
374	1303772892456	1	1.2835	1.0263	0.7591
375	1303772892522	1	1.2835	1.0263	0.7591
376	1303772892548	1	1.2835	1.0263	0.7591
377	1303772892568	1	1.2835	1.0263	0.7591
378	1303772892590	1	1.2835	1.0263	0.7591
379	1303772892612	1	1.2835	1.0526	0.7401
380	1303772892634	1	1.2835	1.0263	0.7591
381	1303772892659	1	1.2835	1.0263	0.7591
382	1303772892680	1	1.2835	1.0263	0.7591
383	1303772892703	1	1.2835	1.0526	0.7401
384	1303772892725	1	1.2835	1	0.7791
385	1303772892747	1	1.2835	1.0263	0.7591
386	1303772892769	1	1.2835	1.0526	0.7401
387	1303772892794	1	1.2835	1.0526	0.7401
388	1303772892816	1	1.2835	1	0.7791
389	1303772892838	1	1.2835	1.0263	0.7591
390	1303772892860	1	1.2835	1.0526	0.7401
391	1303772892882	1	1.2835	1.0263	0.7591
392	1303772892907	1	1.2835	1	0.7791
393	1303772892928	1	1.2835	1.0526	0.7401
394	1303772892950	1	1.2835	1.0526	0.7401
395	1303772892971	1	1.2835	1.0263	0.7591
396	1303772892994	1	1.2835	1	0.7791
397	1303772893016	1	1.2835	1.0526	0.7401
398	1303772893041	1	1.2835	1.0263	0.7591
399	1303772893061	1	1.2835	1.0263	0.7591
400	1303772893083	1	1.2835	1.0263	0.7591
401	1303772893104	1	1.2835	1.0526	0.7401
402	1303772893125	1	1.2835	1.0263	0.7591
403	1303772893150	1	1.2835	1.0263	0.7591
404	1303772893172	1	1.2835	1.0263	0.7591
405	1303772893193	1	1.2835	1.0263	0.7591
406	1303772893214	1	1.2835	1.0263	0.7591
407	1303772893235	1	1.2835	1.0526	0.7401
408	1303772893256	1	1.2835	1.0263	0.7591
409	1303772893282	1	1.2835	1.0263	0.7591
410	1303772893304	1	1.2835	1.0263	0.7591
411	1303772893327	1	1.2835	1.0526	0.7401
412	1303772893349	1	1.2835	1	0.7791
413	1303772893370	1	1.2835	1.0263	0.7591
414	1303772893391	1	1.2835	1.0526	0.7401
415	1303772893416	1	1.2835	1.0526	0.7401
416	1303772893438	1	1.2835	1	0.7791
417	1303772893459	1	1.2835	1.0263	0.7591
418	1303772893480	1	1.2835	1.0526	0.7401
419	1303772893501	1	1.2835	1.0263	0.7591
420	1303772893526	1	1.2835	1	0.7791
421	1303772893548	1	1.2835	1.0526	0.7401
422	1303772893569	1	1.2835	1.0526	0.7401
423	1303772893591	1	1.2835	1.0263	0.7591
424	1303772893613	1	1.2835	1	0.7791
425	1303772893634	1	1.2835	1.0526	0.7401
426	1303772893699	1	1.2835	1.0263	0.7591
427	1303772893761	1	1.2835	1.0263	0.7591
428	1303772893783	1	1.2835	1.0263	0.7591
429	1303772893805	1	1.2835	1.0526	0.7401
430	1303772893829	1	1.2835	1.0263	0.7591
431	1303772893854	1	1.2835	1.0263	0.7591
432	1303772893876	1	1.2835	1.0263	0.7591
433	1303772893900	1	1.2835	1.0263	0.7591
434	1303772893922	1	1.2835	1.0263	0.7591
435	1303772893945	1	1.2866	1.0526	0.7384
436	1303772893971	1	1.2866	1.0263	0.7573
437	1303772893992	1	1.2866	1.0263	0.7573
438	1303772894013	1	1.2866	1.0263	0.7573
439	1303772894034	1	1.2866	1.0526	0.7384
440	1303772894057	1	1.2866	1	0.7772
441	1303772894078	1	1.2866	1.0263	0.7573
442	1303772894103	1	1.2866	1.0526	0.7384
443	1303772894165	1	1.2866	1.0526	0.7384
444	1303772894188	1	1.2866	1.0263	0.7573
445	1303772894210	1	1.2866	1.0263	0.7573
446	1303772894233	1	1.2866	1.0526	0.7384
447	1303772894259	1	1.2866	1.0263	0.7573
448	1303772894281	1	1.2866	1.0263	0.7573
449	1303772894303	1	1.2866	1.0526	0.7384
450	1303772894325	1	1.2866	1.0526	0.7384
451	1303772894348	1	1.2866	1.0263	0.7573
452	1303772894369	1	1.2866	1.0263	0.7573
453	1303772894393	1	1.2866	1.0526	0.7384
454	1303772894415	1	1.2866	1.0263	0.7573
455	1303772894438	1	1.2866	1.0263	0.7573
456	1303772894459	1	1.2866	1.0526	0.7384
457	1303772894481	1	1.2866	1.0526	0.7384
458	1303772894502	1	1.2866	1.0263	0.7573
459	1303772894528	1	1.2866	1.0263	0.7573
460	1303772894550	1	1.2866	1.0526	0.7384
461	1303772894571	1	1.2866	1.0263	0.7573
462	1303772894593	1	1.2866	1.0263	0.7573
463	1303772894655	1	1.2866	1.0526	0.7384
464	1303772894681	1	1.2866	1.0526	0.7384
465	1303772894703	1	1.2866	1.0263	0.7573
466	1303772894724	1	1.2866	1.0263	0.7573
467	1303772894745	1	1.2866	1.0526	0.7384
468	1303772894767	1	1.2866	1.0263	0.7573
469	1303772894788	1	1.2866	1.0263	0.7573
470	1303772894813	1	1.2866	1.0526	0.7384
471	1303772894834	1	1.2866	1.0526	0.7384
472	1303772894855	1	1.2866	1.0263	0.7573
473	1303772894877	1	1.2866	1.0263	0.7573
474	1303772894939	1	1.2866	1.0526	0.7384
475	1303772894963	1	1.2866	1.0263	0.7573
476	1303772894985	1	1.2866	1.0263	0.7573
477	1303772895006	1	1.2866	1.0526	0.7384
478	1303772895028	1	1.2866	1.0526	0.7384
479	1303772895050	1	1.2866	1.0263	0.7573
480	1303772895076	1	1.2866	1.0263	0.7573
481	1303772895137	1	1.2866	1.0526	0.7384
482	1303772895158	1	1.2866	1.0263	0.7573
483	1303772895179	1	1.2866	1.0263	0.7573
484	1303772895241	1	1.2866	1.0526	0.7384
485	1303772895263	1	1.2866	1.0526	0.7384
486	1303772895288	1	1.2866	1.0263	0.7573
487	1303772895310	1	1.2866	1.0263	0.7573
488	1303772895331	1	1.2866	1.0526	0.7384
489	1303772895353	1	1.2866	1.0263	0.7573
490	1303772895415	1	1.2866	1.0263	0.7573
491	1303772895440	1	1.2866	1.0526	0.7384
492	1303772895461	1	1.2866	1.0526	0.7384
493	1303772895484	1	1.2866	1.0263	0.7573
494	1303772895507	1	1.2866	1.0263	0.7573
495	1303772895529	1	1.2866	1.0526	0.7384
496	1303772895551	1	1.2863	1.0263	0.7575
497	1303772895576	1	1.2863	1.0263	0.7575
498	1303772895598	1	1.2863	1.0526	0.7386
499	1303772895660	1	1.2863	1.0526	0.7386
500	1303772895682	1	1.2863	1.0263	0.7575
501	1303772895704	1	1.2863	1.0263	0.7575
502	1303772895729	1	1.2863	1.0526	0.7386
503	1303772895750	1	1.2863	1.0263	0.7575
504	1303772895772	1	1.2863	1.0263	0.7575
505	1303772895833	1	1.2787	1.0526	0.743
506	1303772895855	1	1.2787	1.0526	0.743
507	1303772895877	1	1.2787	1.0263	0.762
508	1303772895902	1	1.2787	1.0263	0.762
509	1303772895924	1	1.2787	1.0526	0.743
510	1303772895946	1	1.2787	1.0263	0.762
511	1303772895967	1	1.2787	1.0263	0.762
512	1303772896029	1	1.2787	1.0526	0.743
513	1303772896055	1	1.2787	1.0526	0.743
514	1303772896076	1	1.2787	1.0263	0.762
515	1303772896098	1	1.2787	1.0263	0.762
516	1303772896120	1	1.2787	1.0526	0.743
517	1303772896142	1	1.2787	1.0263	0.762
518	1303772896164	1	1.2787	1.0263	0.762
519	1303772896190	1	1.2787	1.0526	0.743
520	1303772896211	1	1.2787	1.0526	0.743
521	1303772896273	1	1.2787	1.0263	0.762
522	1303772896295	1	1.2787	1.0263	0.762
523	1303772896316	1	1.2787	1.0526	0.743
524	1303772896342	1	1.2787	1.0263	0.762
525	1303772896363	1	1.2787	1.0263	0.762
526	1303772896385	1	1.2787	1.0526	0.743
527	1303772896408	1	1.2787	1.0526	0.743
528	1303772896430	1	1.2787	1.0263	0.762
529	1303772896453	1	1.2787	1.0263	0.762
530	1303772896480	1	1.2787	1.0526	0.743
531	1303772896502	1	1.2787	1.0263	0.762
532	1303772896525	1	1.2787	1.0263	0.762
533	1303772896548	1	1.2787	1.0526	0.743
534	1303772896569	1	1.2787	1.0526	0.743
535	1303772896594	1	1.2787	1.0263	0.762
536	1303772896617	1	1.2787	1.0263	0.762
537	1303772896640	1	1.2787	1.0526	0.743
538	1303772896661	1	1.2787	1.0263	0.762
539	1303772896684	1	1.2787	1.0263	0.762
540	1303772896706	1	1.2787	1.0526	0.743
541	1303772896732	1	1.2787	1.0526	0.743
542	1303772896754	1	1.2787	1.0263	0.762
543	1303772896775	1	1.2787	1.0263	0.762
544	1303772896797	1	1.2787	1.0526	0.743
545	1303772896818	1	1.2787	1.0263	0.762
546	1303772896843	1	1.2787	1.0263	0.762
547	1303772896864	1	1.2787	1.0526	0.743
548	1303772896886	1	1.2787	1.0526	0.743
549	1303772896909	1	1.2787	1.0263	0.762
550	1303772896931	1	1.2787	1.0263	0.762
551	1303772896953	1	1.2787	1.0526	0.743
552	1303772896977	1	1.2787	1.0263	0.762
553	1303772896999	1	1.2787	1.0263	0.762
554	1303772897021	1	1.2787	1.0526	0.743
555	1303772897045	1	1.1507	1.0526	0.8256
556	1303772897066	1	1.1504	1.0263	0.847
557	1303772897091	1	1.1504	1	0.8693
558	1303772897112	1	1.1504	1.0263	0.847
559	1303772897134	1	1.1504	1	0.8693
560	1303772897155	1	1.1504	1	0.8693
561	1303772897219	1	1.1346	1.05	0.8394
562	1303772897241	1	1.1346	1.0263	0.8587
563	1303772897267	1	1.1346	1.025	0.8598
564	1303772897288	1	1.1346	1.0789	0.8168
565	1303772897309	1	1.1346	1.05	0.8394
566	1303772897330	1	1.1346	1.0952	0.8047
567	1303772897351	1	1.1346	1.0714	0.8226
568	1303772897372	1	1.1346	1.0476	0.8413
569	1303772897396	1	1.1346	1.05	0.8394
570	1303772897417	1	1.1346	1.025	0.8598
571	1303772897438	1	1.1346	1.025	0.8598
572	1303772897459	1	1.1346	1.05	0.8394
573	1303772897480	1	1.1346	1.0476	0.8413
574	1303772897545	1	1.1346	1.025	0.8598
575	1303772897566	1	1.1346	1.0476	0.8413
576	1303772897587	1	1.1346	1.05	0.8394
577	1303772897608	1	1.1346	1.025	0.8598
578	1303772897630	1	1.1346	1.0238	0.8608
579	1303772897652	1	1.1346	1.0476	0.8413
580	1303772897678	1	1.1347	1.0238	0.8608
581	1303772897699	1	1.1347	1.0238	0.8608
582	1303772897721	1	1.1347	1.0476	0.8413
583	1303772897742	1	1.1347	1.0476	0.8413
584	1303772897763	1	1.1347	1.0238	0.8608
585	1303772897827	1	1.1347	1.0238	0.8608
586	1303772897848	1	1.1347	1.0476	0.8413
587	1303772897868	1	1.1347	1.0238	0.8608
588	1303772897890	1	1.1347	1.0238	0.8608
589	1303772897912	1	1.1347	1.0476	0.8413
590	1303772897933	1	1.1347	1.0476	0.8413
591	1303772897957	1	1.1347	1.0238	0.8608
592	1303772897978	1	1.1347	1.0238	0.8608
593	1303772898043	1	1.1347	1.0476	0.8413
594	1303772898106	1	1.1347	1.0238	0.8608
595	1303772898127	1	1.1347	1.0238	0.8608
596	1303772898192	1	1.1347	1.0476	0.8413
597	1303772898214	1	1.1347	1.0476	0.8413
598	1303772898235	1	1.1347	1.0238	0.8608
599	1303772898257	1	1.1347	1.0238	0.8608
600	1303772898279	1	1.1347	1.0476	0.8413
601	1303772898299	1	1.1347	1.0238	0.8608
602	1303772898324	1	1.1347	1.0238	0.8608
603	1303772898345	1	1.1347	1.0476	0.8413
604	1303772898367	1	1.1347	1.0476	0.8413
605	1303772898388	1	1.1347	1.0238	0.8608
606	1303772898410	1	1.1347	1.0238	0.8608
607	1303772898435	1	1.1347	1.0476	0.8413
608	1303772898456	1	1.1347	1.0238	0.8608
609	1303772898478	1	1.1347	1.0238	0.8608
610	1303772898499	1	1.1347	1.0476	0.8413
611	1303772898520	1	1.1347	1.0476	0.8413
612	1303772898540	1	1.1347	1.0238	0.8608
613	1303772898565	1	1.1347	1.0238	0.8608
614	1303772898587	1	1.1347	1.0476	0.8413
615	1303772898610	1	1.1347	1.0238	0.8608
616	1303772898698	1	1.2707	1.0238	0.7687
617	1303772898763	1	1.2723	1.0476	0.7502
618	1303772898796	1	1.2723	1.0476	0.7502
619	1303772898859	1	1.2723	1.0238	0.7677
620	1303772898921	1	1.2723	1.0238	0.7677
621	1303772898942	1	1.2723	1.0476	0.7502
622	1303772898967	1	1.2723	1.0238	0.7677
623	1303772899029	1	1.2723	1.0238	0.7677
624	1303772899051	1	1.2723	1.0476	0.7502
625	1303772899072	1	1.2723	1.0476	0.7502
626	1303772899093	1	1.2723	1.0238	0.7677
627	1303772899118	1	1.2723	1.0238	0.7677
628	1303772899140	1	1.2723	1.0476	0.7502
629	1303772899162	1	1.2723	1.0238	0.7677
630	1303772899183	1	1.2723	1.0238	0.7677
631	1303772899204	1	1.2723	1.0476	0.7502
632	1303772899225	1	1.2723	1.0476	0.7502
633	1303772899296	1	1.2723	1.0238	0.7677
634	1303772899318	1	1.2723	1.0238	0.7677
635	1303772899339	1	1.2723	1.0476	0.7502
636	1303772899360	1	1.2723	1.0238	0.7677
637	1303772899381	1	1.2723	1.0238	0.7677
638	1303772899407	1	1.2723	1.0476	0.7502
639	1303772899432	1	1.2723	1.0476	0.7502
640	1303772899453	1	1.2723	1.0238	0.7677
641	1303772899474	1	1.2723	1.0238	0.7677
642	1303772899496	1	1.2723	1.0476	0.7502
643	1303772899519	1	1.2723	1.0238	0.7677
644	1303772899544	1	1.2723	1.0238	0.7677
645	1303772899566	1	1.2723	1.0476	0.7502
646	1303772899588	1	1.2723	1.0476	0.7502
647	1303772899609	1	1.2723	1.0238	0.7677
648	1303772899632	1	1.2723	1.0238	0.7677
649	1303772899694	1	1.2723	1.0476	0.7502
650	1303772899719	1	1.2723	1.0476	0.7502
651	1303772899740	1	1.2723	1.0238	0.7677
652	1303772899761	1	1.2723	1.0238	0.7677
653	1303772899781	1	1.2723	1.0476	0.7502
654	1303772899802	1	1.2723	1.0238	0.7677
655	1303772899828	1	1.2723	1.0238	0.7677
656	1303772899849	1	1.2723	1.0476	0.7502
657	1303772899869	1	1.2723	1.0476	0.7502
658	1303772899891	1	1.2723	1.0238	0.7677
659	1303772899913	1	1.2723	1.0238	0.7677
660	1303772899935	1	1.2723	1.0476	0.7502
661	1303772899959	1	1.2723	1.0238	0.7677
662	1303772899980	1	1.2723	1.0238	0.7677
663	1303772900001	1	1.2723	1.0476	0.7502
664	1303772900022	1	1.2723	1.0476	0.7502
665	1303772900044	1	1.2723	1.0238	0.7677
666	1303772900068	1	1.2723	1.0238	0.7677
667	1303772900089	1	1.2723	1.0476	0.7502
668	1303772900110	1	1.2723	1.0476	0.7502
669	1303772900131	1	1.2723	1.0238	0.7677
670	1303772900192	1	1.2723	1.0238	0.7677
671	1303772900213	1	1.2723	1.0476	0.7502
672	1303772900237	1	1.2723	1.0238	0.7677
673	1303772900258	1	1.2723	1.0238	0.7677
674	1303772900279	1	1.2723	1.0476	0.7502
675	1303772900300	1	1.2723	1.0476	0.7502
676	1303772900322	1	1.2723	1.0238	0.7677
677	1303772900348	1	1.2723	1.0238	0.7677
678	1303772900371	1	1.2723	1.0476	0.7502
679	1303772900393	1	1.2466	1.0238	0.7835
680	1303772900416	1	1.2466	1.0238	0.7835
681	1303772900438	1	1.2466	1.0476	0.7657
682	1303772900459	1	1.2466	1.0476	0.7657
683	1303772900484	1	1.2466	1.0238	0.7835
684	1303772900505	1	1.2466	1.0238	0.7835
685	1303772900566	1	1.2466	1.0476	0.7657
686	1303772900588	1	1.2466	1.0476	0.7657
687	1303772900651	1	1.2466	1.0238	0.7835
688	1303772900676	1	1.2466	1.0238	0.7835
689	1303772900697	1	1.2466	1.0476	0.7657
690	1303772900718	1	1.2466	1.0238	0.7835
691	1303772900739	1	1.2466	1.0238	0.7835
692	1303772900761	1	1.2466	1.0476	0.7657
693	1303772900782	1	1.2466	1.0476	0.7657
694	1303772900848	1	1.2466	1.0238	0.7835
695	1303772900869	1	1.2466	1.0238	0.7835
696	1303772900891	1	1.2466	1.0476	0.7657
697	1303772900913	1	1.2466	1.0238	0.7835
698	1303772900934	1	1.2466	1.0238	0.7835
699	1303772900960	1	1.2466	1.0476	0.7657
700	1303772900981	1	1.2466	1.0476	0.7657
701	1303772901004	1	1.2466	1.0238	0.7835
702	1303772901066	1	1.2466	1.0238	0.7835
703	1303772901088	1	1.2466	1.0476	0.7657
704	1303772901109	1	1.2466	1.0476	0.7657
705	1303772901175	1	1.2466	1.0238	0.7835
706	1303772901196	1	1.2466	1.0238	0.7835
707	1303772901217	1	1.2466	1.0476	0.7657
708	1303772901238	1	1.2466	1.0238	0.7835
709	1303772901260	1	1.2466	1.0238	0.7835
710	1303772901285	1	1.2466	1.0476	0.7657
711	1303772901306	1	1.2466	1.0476	0.7657
712	1303772901327	1	1.2466	1.0238	0.7835
713	1303772901348	1	1.2466	1.0238	0.7835
714	1303772901416	1	1.2466	1.0476	0.7657
715	1303772901440	1	1.2466	1.0238	0.7835
716	1303772901465	1	1.2466	1.0238	0.7835
717	1303772901488	1	1.2466	1.0476	0.7657
718	1303772901511	1	1.2466	1.0476	0.7657
719	1303772901532	1	1.2466	1.0238	0.7835
720	1303772901553	1	1.2466	1.0238	0.7835
721	1303772901575	1	1.2466	1.0476	0.7657
722	1303772901600	1	1.2466	1.0476	0.7657
723	1303772901621	1	1.2466	1.0238	0.7835
724	1303772901642	1	1.2466	1.0238	0.7835
725	1303772901663	1	1.2466	1.0476	0.7657
726	1303772901684	1	1.2466	1.0238	0.7835
727	1303772901709	1	1.2466	1.0238	0.7835
728	1303772901772	1	1.2466	1.0476	0.7657
729	1303772901795	1	1.2466	1.0476	0.7657
730	1303772901817	1	1.2466	1.0238	0.7835
731	1303772901839	1	1.2466	1.0238	0.7835
732	1303772901860	1	1.2466	1.0476	0.7657
733	1303772901885	1	1.2466	1.0238	0.7835
734	1303772901952	1	1.2466	1.0238	0.7835
735	1303772901974	1	1.2466	1.0476	0.7657
736	1303772901997	1	1.2466	1.0476	0.7657
737	1303772902020	1	1.2466	1.0238	0.7835
738	1303772902047	1	1.2466	1.0238	0.7835
739	1303772902068	1	1.2466	1.0476	0.7657
740	1303772902090	1	1.267	1.0238	0.7709
741	1303772902111	1	1.267	1	0.7892
742	1303772902133	1	1.267	1	0.7892
743	1303772902154	1	1.267	1.0476	0.7534
744	1303772902179	1	1.267	1	0.7892
745	1303772902201	1	1.267	1	0.7892
746	1303772902223	1	1.267	1.0238	0.7709
747	1303772902286	1	1.267	1.0238	0.7709
748	1303772902308	1	1.267	1	0.7892
749	1303772902333	1	1.267	1	0.7892
750	1303772902354	1	1.267	1.0238	0.7709
751	1303772902376	1	1.267	1	0.7892
752	1303772902397	1	1.267	1	0.7892
753	1303772902419	1	1.267	1.0238	0.7709
754	1303772902440	1	1.267	1.0238	0.7709
755	1303772902465	1	1.267	1	0.7892
756	1303772902487	1	1.267	1	0.7892
757	1303772902508	1	1.267	1.0238	0.7709
758	1303772902529	1	1.267	1.0238	0.7709
759	1303772902551	1	1.267	1	0.7892
760	1303772902577	1	1.267	1	0.7892
761	1303772902599	1	1.267	1.0238	0.7709
762	1303772902621	1	1.267	1	0.7892
763	1303772902655	1	1.267	1	0.7892
764	1303772902677	1	1.267	1.0238	0.7709
765	1303772902698	1	1.267	1.0238	0.7709
766	1303772902724	1	1.267	1	0.7892
767	1303772902746	1	1.267	1	0.7892
768	1303772902768	1	1.267	1.0238	0.7709
769	1303772902830	1	1.267	1	0.7892
770	1303772902851	1	1.267	1	0.7892
771	1303772902877	1	1.267	1.0238	0.7709
772	1303772902898	1	1.267	1.0238	0.7709
773	1303772902920	1	1.267	1	0.7892
774	1303772902941	1	1.267	1	0.7892
775	1303772902963	1	1.267	1.0238	0.7709
776	1303772902984	1	1.267	1	0.7892
777	1303772903009	1	1.267	1	0.7892
778	1303772903031	1	1.267	1.0238	0.7709
779	1303772903052	1	1.267	1.0238	0.7709
780	1303772903075	1	1.267	1	0.7892
781	1303772903097	1	1.267	1	0.7892
782	1303772903120	1	1.267	1.0238	0.7709
783	1303772903145	1	1.267	1	0.7892
784	1303772903167	1	1.267	1	0.7892
785	1303772903188	1	1.267	1.0238	0.7709
786	1303772903209	1	1.267	1.0238	0.7709
787	1303772903271	1	1.267	1	0.7892
788	1303772903296	1	1.267	1	0.7892
789	1303772903317	1	1.267	1.0238	0.7709
790	1303772903339	1	1.267	1.0238	0.7709
791	1303772903361	1	1.267	1	0.7892
792	1303772903383	1	1.267	1	0.7892
793	1303772903405	1	1.267	1.0238	0.7709
794	1303772903430	1	1.267	1	0.7892
795	1303772903453	1	1.267	1	0.7892
796	1303772903475	1	1.267	1.0238	0.7709
797	1303772903496	1	1.267	1.0238	0.7709
798	1303772903519	1	1.267	1	0.7892
799	1303772903547	1	1.267	1	0.7892
800	1303772903612	1	1.267	1.0238	0.7709
801	1303772903681	1	1.27	1	0.7874
802	1303772903704	1	1.27	1	0.7874
803	1303772903727	1	1.27	1.0238	0.7691
804	1303772903753	1	1.27	1.0238	0.7691
805	1303772903775	1	1.27	1	0.7874
806	1303772903797	1	1.27	1	0.7874
807	1303772903819	1	1.27	1.0238	0.7691
808	1303772903882	1	1.27	1	0.7874
809	1303772903904	1	1.27	1	0.7874
810	1303772903929	1	1.27	1.0238	0.7691
811	1303772903951	1	1.27	1.0238	0.7691
812	1303772903974	1	1.27	1	0.7874
813	1303772903996	1	1.27	1	0.7874
814	1303772904018	1	1.27	1.0238	0.7691
815	1303772904045	1	1.27	1.0238	0.7691
816	1303772904067	1	1.27	1	0.7874
817	1303772904090	1	1.27	1	0.7874
818	1303772904113	1	1.27	1.0238	0.7691
819	1303772904135	1	1.27	1	0.7874
820	1303772904156	1	1.27	1	0.7874
821	1303772904181	1	1.27	1.0238	0.7691
822	1303772904205	1	1.27	1.0238	0.7691
823	1303772904228	1	1.2701	1	0.7873
824	1303772904250	1	1.2701	1	0.7873
825	1303772904272	1	1.2701	1.0238	0.769
826	1303772904294	1	1.2701	1.0238	0.769
827	1303772904320	1	1.2701	1	0.7873
828	1303772904341	1	1.2701	1	0.7873
829	1303772904404	1	1.2701	1.0238	0.769
830	1303772904428	1	1.2701	1	0.7873
831	1303772904450	1	1.2701	1	0.7873
832	1303772904476	1	1.2701	1.0238	0.769
833	1303772904498	1	1.2701	1.0238	0.769
834	1303772904522	1	1.2701	1	0.7873
835	1303772904585	1	1.2701	1	0.7873
836	1303772904607	1	1.2701	1.0238	0.769
837	1303772904633	1	1.2701	1	0.7873
838	1303772904655	1	1.2701	1	0.7873
839	1303772904678	1	1.2701	1.0238	0.769
840	1303772904700	1	1.2701	1.0238	0.769
841	1303772904763	1	1.2701	1	0.7873
842	1303772904785	1	1.2701	1	0.7873
843	1303772904811	1	1.2701	1.0238	0.769
844	1303772904834	1	1.2701	1.0238	0.769
845	1303772904856	1	1.2701	1	0.7873
846	1303772904922	1	1.2701	1	0.7873
847	1303772904945	1	1.2701	1.0238	0.769
848	1303772905011	1	1.2701	1	0.7873
849	1303772905033	1	1.2701	1	0.7873
850	1303772905056	1	1.2701	1.0238	0.769
851	1303772905078	1	1.2701	1.0238	0.769
852	1303772905100	1	1.2701	1	0.7873
853	1303772905122	1	1.2701	1	0.7873
854	1303772905148	1	1.2701	1.0238	0.769
855	1303772905170	1	1.2701	1.0238	0.769
856	1303772905192	1	1.2701	1	0.7873
857	1303772905214	1	1.2701	1	0.7873
858	1303772905278	1	1.2701	1.0238	0.769
859	1303772905305	1	1.2701	1	0.7873
860	1303772905330	1	1.2701	1	0.7873
861	1303772905355	1	1.2701	1.0238	0.769
862	1303772905380	1	1.2701	1.0238	0.769
863	1303772905403	1	1.2739	1	0.785
864	1303772905425	1	1.2739	1	0.785
865	1303772905451	1	1.2739	1.0238	0.7667
866	1303772905473	1	1.2739	1.0238	0.7667
867	1303772905495	1	1.2739	1	0.785
868	1303772905516	1	1.2739	1	0.785
869	1303772905538	1	1.2739	1.0238	0.7667
870	1303772905559	1	1.2739	1	0.785
871	1303772905586	1	1.2739	1	0.785
872	1303772905609	1	1.2739	1.0238	0.7667
873	1303772905631	1	1.2739	1.0238	0.7667
874	1303772905696	1	1.2739	1	0.785
875	1303772905719	1	1.2739	1	0.785
876	1303772905745	1	1.2739	1.0238	0.7667
877	1303772905767	1	1.2739	1.0238	0.7667
878	1303772905801	1	1.2739	1	0.785
879	1303772905824	1	1.2739	1	0.785
880	1303772905887	1	1.2739	1.0238	0.7667
881	1303772905910	1	1.2739	1	0.785
882	1303772905936	1	1.2738	1	0.7851
883	1303772905959	1	1.2738	1.0238	0.7668
884	1303772905982	1	1.2739	1.0238	0.7668
885	1303772906004	1	1.2739	1	0.785
886	1303772906027	1	1.2739	1	0.785
887	1303772906052	1	1.2739	1.0238	0.7667
888	1303772906074	1	1.2739	1.0238	0.7667
889	1303772906097	1	1.2739	1	0.785
890	1303772906119	1	1.2739	1	0.785
891	1303772906140	1	1.2739	1.0238	0.7667
892	1303772906162	1	1.2739	1	0.785
893	1303772906189	1	1.2739	1	0.785
894	1303772906212	1	1.2739	1.0238	0.7667
895	1303772906235	1	1.2739	1.0238	0.7667
896	1303772906257	1	1.2739	1	0.785
897	1303772906279	1	1.2739	1	0.785
898	1303772906302	1	1.2739	1.0238	0.7667
899	1303772906369	1	1.2739	1.0238	0.7667
900	1303772906391	1	1.2739	1	0.785
901	1303772906413	1	1.2739	1	0.785
902	1303772906435	1	1.2739	1.0238	0.7667
903	1303772906458	1	1.2739	1	0.785
904	1303772906484	1	1.2739	1	0.785
905	1303772906547	1	1.2739	1.0238	0.7667
906	1303772906569	1	1.2739	1.0238	0.7667
907	1303772906591	1	1.2739	1	0.785
908	1303772906613	1	1.2739	1	0.785
909	1303772906635	1	1.2739	1.0238	0.7667
910	1303772906661	1	1.2739	1.0238	0.7667
911	1303772906683	1	1.2739	1	0.785
912	1303772906706	1	1.2739	1	0.785
913	1303772906728	1	1.2739	1.0238	0.7667
914	1303772906751	1	1.2739	1	0.785
915	1303772906778	1	1.2739	1	0.785
916	1303772906841	1	1.2739	1.0238	0.7667
917	1303772906863	1	1.2739	1.0238	0.7667
918	1303772906886	1	1.2739	1	0.785
919	1303772906908	1	1.2739	1	0.785
920	1303772906932	1	1.2739	1.0238	0.7667
921	1303772906960	1	1.2739	1.0238	0.7667
922	1303772906983	1	1.2739	1	0.785
923	1303772907005	1	1.2739	1	0.785
924	1303772907069	1	1.2739	1.0238	0.7667
925	1303772907091	1	1.2739	1	0.785
926	1303772907117	1	1.2739	1	0.785
927	1303772907140	1	1.2739	1.0238	0.7667
928	1303772907163	1	1.2739	1.0238	0.7667
929	1303772907185	1	1.2739	1	0.785
930	1303772907208	1	1.2739	1	0.785
931	1303772907231	1	1.2739	1.0238	0.7667
932	1303772907257	1	1.2739	1.0238	0.7667
933	1303772907280	1	1.2739	1	0.785
934	1303772907302	1	1.2739	1	0.785
935	1303772907325	1	1.2739	1.0238	0.7667
936	1303772907348	1	1.2739	1	0.785
937	1303772907371	1	1.2739	1	0.785
938	1303772907398	1	1.2739	1.0238	0.7667
939	1303772907421	1	1.2739	1.0238	0.7667
940	1303772907484	1	1.2739	1	0.785
941	1303772907507	1	1.2739	1	0.785
942	1303772907530	1	1.2739	1.0238	0.7667
943	1303772907557	1	1.2738	1.0238	0.7668
944	1303772907581	1	1.2738	1	0.785
945	1303772907604	1	1.2738	1	0.785
946	1303772907626	1	1.2738	1.0238	0.7668
947	1303772907648	1	1.2738	1	0.785
948	1303772907669	1	1.2738	1	0.785
949	1303772907695	1	1.2738	1.0238	0.7668
950	1303772907757	1	1.2738	1.0238	0.7668
951	1303772907778	1	1.2738	1	0.785
952	1303772907841	1	1.2738	1	0.785
953	1303772907903	1	1.2738	1.0238	0.7668
954	1303772907969	1	1.2738	1.0238	0.7668
955	1303772907991	1	1.2738	1	0.785
956	1303772908013	1	1.2738	1	0.785
957	1303772908035	1	1.2738	1.0238	0.7668
958	1303772908098	1	1.2738	1	0.785
959	1303772908122	1	1.2738	1	0.785
960	1303772908148	1	1.2738	1.0238	0.7668
961	1303772908170	1	1.2738	1.0238	0.7668
962	1303772908193	1	1.2738	1	0.785
963	1303772908216	1	1.2738	1	0.785
964	1303772908239	1	1.2738	1.0238	0.7668
965	1303772908266	1	1.2738	1.0238	0.7668
966	1303772908287	1	1.2738	1	0.785
967	1303772908311	1	1.2738	1	0.785
968	1303772908334	1	1.2738	1.0238	0.7668
969	1303772908357	1	1.2738	1	0.785
970	1303772908380	1	1.2738	1	0.785
971	1303772908406	1	1.2738	1.0238	0.7668
972	1303772908427	1	1.2738	1.0238	0.7668
973	1303772908450	1	1.2738	1	0.785
974	1303772908472	1	1.2738	1	0.785
975	1303772908534	1	1.2738	1.0238	0.7668
976	1303772908561	1	1.2738	1.0238	0.7668
977	1303772908629	1	1.2738	1	0.785
978	1303772908652	1	1.2738	1	0.785
979	1303772908674	1	1.2738	1.0238	0.7668
980	1303772908696	1	1.2738	1	0.785
981	1303772908718	1	1.2738	1	0.785
982	1303772908745	1	1.2738	1.0238	0.7668
983	1303772908768	1	1.2738	1.0238	0.7668
984	1303772908792	1	1.2786	1	0.7821
985	1303772908815	1	1.2786	1	0.7821
986	1303772908838	1	1.2786	1.0238	0.7639
987	1303772908906	1	1.2786	1.0238	0.7639
988	1303772908929	1	1.2786	1	0.7821
989	1303772908993	1	1.2786	1	0.7821
990	1303772909015	1	1.2786	1.0238	0.7639
991	1303772909038	1	1.2786	1	0.7821
992	1303772909060	1	1.2786	1	0.7821
993	1303772909086	1	1.2786	1.0238	0.7639
994	1303772909108	1	1.2786	1.0238	0.7639
995	1303772909131	1	1.2786	1	0.7821
996	1303772909153	1	1.2786	1	0.7821
997	1303772909175	1	1.2786	1.0238	0.7639
998	1303772909197	1	1.2786	1.0238	0.7639
999	1303772909223	1	1.2786	1	0.7821
1000	1303772909245	1	1.2786	1	0.7821
1001	1303772909267	1	1.2786	1.0238	0.7639
1002	1303772909289	1	1.2786	1	0.7821
1003	1303772909312	1	1.2786	1	0.7821
1004	1303772909380	1	1.2786	1.0238	0.7639
1005	1303772909403	1	1.2786	1.0238	0.7639
1006	1303772909428	1	1.2786	1	0.7821
1007	1303772909451	1	1.2786	1	0.7821
1008	1303772909515	1	1.2786	1.0238	0.7639
1009	1303772909578	1	1.2786	1.0238	0.7639
1010	1303772909604	1	1.2786	1	0.7821
1011	1303772909626	1	1.2786	1	0.7821
1012	1303772909650	1	1.2786	1.0238	0.7639
1013	1303772909714	1	1.2786	1	0.7821
1014	1303772909738	1	1.2786	1	0.7821
1015	1303772909764	1	1.2786	1.0238	0.7639
1016	1303772909787	1	1.2786	1.0238	0.7639
1017	1303772909810	1	1.2786	1	0.7821
1018	1303772909873	1	1.2786	1	0.7821
1019	1303772909895	1	1.2786	1.0238	0.7639
1020	1303772909919	1	1.2786	1	0.7821
1021	1303772909947	1	1.2786	1	0.7821
1022	1303772909970	1	1.2786	1.0238	0.7639
1023	1303772909993	1	1.2786	1.0238	0.7639
1024	1303772910017	1	1.2786	1	0.7821
1025	1303772910040	1	1.2786	1	0.7821
1026	1303772910066	1	1.2786	1.0238	0.7639
1027	1303772910089	1	1.2786	1.0238	0.7639
1028	1303772910111	1	1.2786	1	0.7821
1029	1303772910133	1	1.2786	1	0.7821
1030	1303772910157	1	1.2786	1.0238	0.7639
1031	1303772910180	1	1.2786	1	0.7821
1032	1303772910206	1	1.2786	1	0.7821
1033	1303772910229	1	1.2786	1.0238	0.7639
1034	1303772910251	1	1.2786	1.0238	0.7639
1035	1303772910274	1	1.2786	1	0.7821
1036	1303772910296	1	1.2786	1	0.7821
1037	1303772910319	1	1.2786	1.0238	0.7639
1038	1303772910345	1	1.2786	1	0.7821
1039	1303772910367	1	1.2786	1	0.7821
1040	1303772910391	1	1.2786	1.0238	0.7639
1041	1303772910414	1	1.2786	1.0238	0.7639
1042	1303772910437	1	1.2786	1	0.7821
1043	1303772910466	1	1.2786	1	0.7821
1044	1303772910491	1	1.2786	1.0238	0.7639
1045	1303772910515	1	1.2785	1.0238	0.764
1046	1303772910539	1	1.2785	1	0.7822
1047	1303772910562	1	1.2785	1	0.7822
1048	1303772910584	1	1.2785	1.0238	0.764
1049	1303772910651	1	1.2785	1	0.7822
1050	1303772910674	1	1.2785	1	0.7822
1051	1303772910696	1	1.2785	1.0238	0.764
1052	1303772910719	1	1.2785	1.0238	0.764
1053	1303772910742	1	1.2785	1	0.7822
1054	1303772910768	1	1.2785	1	0.7822
1055	1303772910791	1	1.2785	1.0238	0.764
1056	1303772910854	1	1.2785	1	0.7822
1057	1303772910877	1	1.2785	1	0.7822
1058	1303772910900	1	1.2785	1.0238	0.764
1059	1303772910924	1	1.2785	1.0238	0.764
1060	1303772910950	1	1.2785	1	0.7822
1061	1303772910973	1	1.2785	1	0.7822
1062	1303772910996	1	1.2785	1.0238	0.764
1063	1303772911018	1	1.2785	1.0238	0.764
1064	1303772911041	1	1.2785	1	0.7822
1065	1303772911068	1	1.2785	1	0.7822
1066	1303772911092	1	1.2785	1.0238	0.764
1067	1303772911115	1	1.2785	1	0.7822
1068	1303772911138	1	1.2785	1	0.7822
1069	1303772911162	1	1.2785	1.0238	0.764
1070	1303772911186	1	1.2785	1.0238	0.764
1071	1303772911213	1	1.2785	1	0.7822
1072	1303772911236	1	1.2785	1	0.7822
1073	1303772911259	1	1.2785	1.0238	0.764
1074	1303772911324	1	1.2785	1	0.7822
1075	1303772911347	1	1.2785	1	0.7822
1076	1303772911375	1	1.2785	1.0238	0.764
1077	1303772911398	1	1.2785	1.0238	0.764
1078	1303772911422	1	1.2785	1	0.7822
1079	1303772911445	1	1.2785	1	0.7822
1080	1303772911468	1	1.2785	1.0238	0.764
1081	1303772911490	1	1.2785	1.0238	0.764
1082	1303772911517	1	1.2785	1	0.7822
1083	1303772911539	1	1.2785	1	0.7822
1084	1303772911602	1	1.2785	1.0238	0.764
1085	1303772911626	1	1.2785	1	0.7822
1086	1303772911649	1	1.2785	1	0.7822
1087	1303772911675	1	1.2785	1.0238	0.764
1088	1303772911738	1	1.2785	1.0238	0.764
1089	1303772911802	1	1.2785	1	0.7822
1090	1303772911825	1	1.2785	1	0.7822
1091	1303772911847	1	1.2785	1.0238	0.764
1092	1303772911871	1	1.2785	1.0238	0.764
1093	1303772911898	1	1.2785	1	0.7822
1094	1303772911922	1	1.2785	1	0.7822
1095	1303772911945	1	1.2785	1.0238	0.764
1096	1303772911968	1	1.2785	1	0.7822
1097	1303772911990	1	1.2785	1	0.7822
1098	1303772912016	1	1.2785	1.0238	0.764
1099	1303772912039	1	1.2785	1.0238	0.764
1100	1303772912062	1	1.2785	1	0.7822
1101	1303772912084	1	1.2785	1	0.7822
1102	1303772912106	1	1.2785	1.0238	0.764
1103	1303772912130	1	1.2785	1.0238	0.764
1104	1303772912157	1	1.2785	1	0.7822
1105	1303772912181	1	1.2785	1	0.7822
1106	1303772912204	1	1.2785	1.0238	0.764
1107	1303772912227	1	1.2785	1	0.7822
1108	1303772912251	1	1.2785	1	0.7822
1109	1303772912274	1	1.2785	1.0238	0.764
1110	1303772912301	1	1.2785	1.0238	0.764
1111	1303772912365	1	1.2785	1	0.7822
1112	1303772912390	1	1.2785	1	0.7822
1113	1303772912414	1	1.2785	1.0238	0.764
1114	1303772912438	1	1.2785	1.0238	0.764
1115	1303772912465	1	1.2785	1	0.7822
1116	1303772912489	1	1.2785	1	0.7822
1117	1303772912512	1	1.2785	1.0238	0.764
1118	1303772912535	1	1.2785	1	0.7822
1119	1303772912559	1	1.2785	1	0.7822
1120	1303772912582	1	1.2785	1.0238	0.764
1121	1303772912608	1	1.2785	1.0238	0.764
1122	1303772912672	1	1.2785	1	0.7822
1123	1303772912695	1	1.2785	1	0.7822
1124	1303772912718	1	1.2785	1.0238	0.764
1125	1303772912741	1	1.2785	1.0238	0.764
1126	1303772912808	1	1.2785	1	0.7822
1127	1303772912832	1	1.2785	1	0.7822
1128	1303772912855	1	1.2785	1.0238	0.764
1129	1303772912878	1	1.2785	1	0.7822
1130	1303772912901	1	1.2785	1	0.7822
1131	1303772912924	1	1.2785	1.0238	0.764
1132	1303772912951	1	1.2785	1.0238	0.764
1133	1303772912976	1	1.2785	1	0.7822
1134	1303772912999	1	1.2785	1	0.7822
1135	1303772913022	1	1.2785	1.0238	0.764
1136	1303772913045	1	1.2785	1.0238	0.764
1137	1303772913073	1	1.2785	1	0.7822
1138	1303772913097	1	1.2785	1	0.7822
1139	1303772913121	1	1.2785	1.0238	0.764
1140	1303772913145	1	1.2785	1	0.7822
1141	1303772913170	1	1.2785	1	0.7822
1142	1303772913194	1	1.2785	1.0238	0.764
1143	1303772913262	1	1.2785	1.0238	0.764
1144	1303772913285	1	1.2785	1	0.7822
1145	1303772913308	1	1.2785	1	0.7822
1146	1303772913373	1	1.2785	1.0238	0.764
1147	1303772913396	1	1.2785	1	0.7822
1148	1303772913423	1	1.2785	1	0.7822
1149	1303772913446	1	1.2785	1.0238	0.764
1150	1303772913469	1	1.2785	1.0238	0.764
1151	1303772913533	1	1.2785	1	0.7822
1152	1303772913556	1	1.2785	1	0.7822
1153	1303772913619	1	1.2785	1.0238	0.764
1154	1303772913646	1	1.2785	1.0238	0.764
1155	1303772913670	1	1.2785	1	0.7822
1156	1303772913693	1	1.2785	1	0.7822
1157	1303772913717	1	1.2785	1.0238	0.764
1158	1303772913740	1	1.2785	1	0.7822
1159	1303772913767	1	1.2785	1	0.7822
1160	1303772913791	1	1.2785	1.0238	0.764
1161	1303772913814	1	1.2785	1.0238	0.764
1162	1303772913837	1	1.2785	1	0.7822
1163	1303772913860	1	1.2785	1	0.7822
1164	1303772913884	1	1.2785	1.0238	0.764
1165	1303772913912	1	1.2785	1.0238	0.764
1166	1303772913937	1	1.2785	1	0.7822
1167	1303772913961	1	1.2847	1	0.7784
1168	1303772914025	1	1.2847	1.0238	0.7603
1169	1303772914048	1	1.2847	1	0.7784
1170	1303772914076	1	1.2847	1	0.7784
1171	1303772914100	1	1.2847	1.0238	0.7603
1172	1303772914124	1	1.2847	1.0238	0.7603
1173	1303772914192	1	1.2767	1	0.7833
1174	1303772914216	1	1.2767	1	0.7833
1175	1303772914240	1	1.2767	1.0238	0.7651
1176	1303772914268	1	1.2767	1	0.7833
1177	1303772914291	1	1.2767	1	0.7833
1178	1303772914315	1	1.2767	1.0238	0.7651
1179	1303772914340	1	1.2767	1.0238	0.7651
1180	1303772914364	1	1.2767	1	0.7833
1181	1303772914391	1	1.2767	1	0.7833
1182	1303772914416	1	1.2767	1.0238	0.7651
1183	1303772914440	1	1.2767	1.0238	0.7651
1184	1303772914463	1	1.2767	1	0.7833
1185	1303772914488	1	1.2767	1	0.7833
1186	1303772914514	1	1.2767	1.0238	0.7651
1187	1303772914610	1	1.2766	1	0.7833
1188	1303772914634	1	1.2767	1	0.7833
1189	1303772914658	1	1.2767	1.0238	0.7651
1190	1303772914723	1	1.2767	1.0238	0.7651
1191	1303772914746	1	1.2767	1	0.7833
1192	1303772914774	1	1.2767	1	0.7833
1193	1303772914798	1	1.2767	1.0238	0.7651
1194	1303772914821	1	1.2767	1.0238	0.7651
1195	1303772914845	1	1.2767	1	0.7833
1196	1303772914869	1	1.2767	1	0.7833
1197	1303772914893	1	1.2767	1.0238	0.7651
1198	1303772914920	1	1.2767	1	0.7833
1199	1303772914944	1	1.2767	1	0.7833
1200	1303772914968	1	1.2767	1.0238	0.7651
1201	1303772914992	1	1.2767	1.0238	0.7651
1202	1303772915016	1	1.2767	1	0.7833
1203	1303772915044	1	1.2767	1	0.7833
1204	1303772915108	1	1.2767	1.0238	0.7651
1205	1303772915131	1	1.2767	1	0.7833
1206	1303772915155	1	1.2767	1	0.7833
1207	1303772915179	1	1.2767	1.0238	0.7651
1208	1303772915203	1	1.2767	1.0238	0.7651
1209	1303772915231	1	1.2767	1	0.7833
1210	1303772915256	1	1.2767	1	0.7833
1211	1303772915279	1	1.2767	1.0238	0.7651
1212	1303772915303	1	1.2767	1.0238	0.7651
1213	1303772915327	1	1.2767	1	0.7833
1214	1303772915354	1	1.2767	1	0.7833
1215	1303772915378	1	1.2767	1.0238	0.7651
1216	1303772915402	1	1.2767	1	0.7833
1217	1303772915425	1	1.2767	1	0.7833
1218	1303772915449	1	1.2767	1.0238	0.7651
1219	1303772915473	1	1.2767	1.0238	0.7651
1220	1303772915500	1	1.2767	1	0.7833
1221	1303772915525	1	1.2767	1	0.7833
1222	1303772915549	1	1.2767	1.0238	0.7651
1223	1303772915572	1	1.2767	1.0238	0.7651
1224	1303772915597	1	1.2767	1	0.7833
1225	1303772915626	1	1.2756	1	0.7839
1226	1303772915651	1	1.2756	1.0238	0.7657
1227	1303772915678	1	1.2756	1	0.7839
1228	1303772915703	1	1.2756	1	0.7839
1229	1303772915728	1	1.2756	1.0238	0.7657
1230	1303772915752	1	1.2756	1.0238	0.7657
1231	1303772915780	1	1.2756	1	0.7839
1232	1303772915803	1	1.2756	1	0.7839
1233	1303772915827	1	1.2756	1.0238	0.7657
1234	1303772915851	1	1.2756	1	0.7839
1235	1303772915875	1	1.2756	1	0.7839
1236	1303772915898	1	1.2756	1.0238	0.7657
1237	1303772915926	1	1.2756	1.0238	0.7657
1238	1303772915950	1	1.2756	1	0.7839
1239	1303772915975	1	1.2756	1	0.7839
1240	1303772916000	1	1.2756	1.0238	0.7657
1241	1303772916024	1	1.2756	1.0238	0.7657
1242	1303772916051	1	1.2756	1	0.7839
1243	1303772916075	1	1.2756	1	0.7839
1244	1303772916098	1	1.2756	1.0238	0.7657
1245	1303772916168	1	1.2756	1	0.7839
1246	1303772916193	1	1.2756	1	0.7839
1247	1303772916217	1	1.2756	1.0238	0.7657
1248	1303772916244	1	1.2756	1.0238	0.7657
1249	1303772916268	1	1.2756	1	0.784
1250	1303772916292	1	1.2756	1	0.784
1251	1303772916316	1	1.2756	1.0238	0.7657
1252	1303772916341	1	1.2757	1	0.7839
1253	1303772916369	1	1.2757	1	0.7839
1254	1303772916393	1	1.2757	1.0238	0.7657
1255	1303772916417	1	1.2757	1	0.7839
1256	1303772916441	1	1.2757	1	0.7839
1257	1303772916466	1	1.2757	1.0238	0.7657
1258	1303772916491	1	1.2757	1	0.7839
1259	1303772916518	1	1.2757	1	0.7839
1260	1303772916541	1	1.2757	1.0238	0.7657
1261	1303772916565	1	1.2757	1.0238	0.7657
1262	1303772916589	1	1.2757	1	0.7839
1263	1303772916612	1	1.2757	1	0.7839
1264	1303772916639	1	1.2757	1.0238	0.7657
1265	1303772916663	1	1.2757	1	0.7839
1266	1303772916687	1	1.2757	1	0.7839
1267	1303772916710	1	1.2757	1.0238	0.7657
1268	1303772916734	1	1.2757	1.0238	0.7657
1269	1303772916758	1	1.2757	1	0.7839
1270	1303772916787	1	1.2757	1	0.7839
1271	1303772916811	1	1.2757	1.0238	0.7657
1272	1303772916835	1	1.2757	1	0.7839
1273	1303772916859	1	1.2757	1	0.7839
1274	1303772916882	1	1.2757	1.0238	0.7657
1275	1303772916906	1	1.2757	1.0238	0.7657
1276	1303772916933	1	1.2757	1	0.7839
1277	1303772916958	1	1.2757	1	0.7839
1278	1303772916982	1	1.2757	1.0238	0.7657
1279	1303772917007	1	1.2757	1	0.7839
1280	1303772917031	1	1.2757	1	0.7839
1281	1303772917098	1	1.2757	1.0238	0.7657
1282	1303772917122	1	1.2757	1.0238	0.7657
1283	1303772917146	1	1.2757	1	0.7839
1284	1303772917171	1	1.2757	1	0.7839
1285	1303772917194	1	1.2757	1.0238	0.7657
1286	1303772917219	1	1.2757	1	0.7839
1287	1303772917249	1	1.2757	1	0.7839
1288	1303772917273	1	1.2757	1.0238	0.7657
1289	1303772917297	1	1.2776	1.0238	0.7645
1290	1303772917362	1	1.2776	1	0.7827
1291	1303772917386	1	1.2776	1	0.7827
1292	1303772917413	1	1.2776	1.0238	0.7645
1293	1303772917437	1	1.2776	1	0.7827
1294	1303772917461	1	1.2776	1	0.7827
1295	1303772917485	1	1.2776	1.0238	0.7645
1296	1303772917509	1	1.2776	1.0238	0.7645
1297	1303772917533	1	1.2776	1	0.7827
1298	1303772917561	1	1.2776	1	0.7827
1299	1303772917586	1	1.2776	1.0238	0.7645
1300	1303772917610	1	1.2776	1.0238	0.7645
1301	1303772917635	1	1.2776	1	0.7827
1302	1303772917659	1	1.2776	1	0.7827
1303	1303772917728	1	1.2776	1.0238	0.7645
1304	1303772917751	1	1.2776	1	0.7827
1305	1303772917775	1	1.2776	1	0.7827
1306	1303772917799	1	1.2776	1.0238	0.7645
1307	1303772917823	1	1.2776	1.0238	0.7645
1308	1303772917848	1	1.2776	1	0.7827
1309	1303772917876	1	1.2774	1	0.7828
1310	1303772917899	1	1.2774	1.0238	0.7646
1311	1303772917922	1	1.2774	1.0238	0.7646
1312	1303772917945	1	1.2774	1	0.7828
1313	1303772917967	1	1.2774	1	0.7828
1314	1303772917989	1	1.2774	1.0238	0.7646
1315	1303772918015	1	1.2774	1	0.7828
1316	1303772918037	1	1.2774	1	0.7828
1317	1303772918060	1	1.2774	1.0238	0.7646
1318	1303772918083	1	1.2774	1.0238	0.7646
1319	1303772918105	1	1.2774	1	0.7828
1320	1303772918161	1	1.2774	1	0.7828
1321	1303772918183	1	1.2774	1.0238	0.7646
1322	1303772918206	1	1.2774	1.0238	0.7646
1323	1303772918230	1	1.2774	1	0.7828
1324	1303772918252	1	1.2774	1	0.7828
1325	1303772918274	1	1.2774	1.0238	0.7646
1326	1303772918341	1	1.2774	1	0.7828
1327	1303772918364	1	1.2774	1	0.7828
1328	1303772918386	1	1.2774	1.0238	0.7646
1329	1303772918408	1	1.2774	1.0238	0.7646
1330	1303772918432	1	1.2774	1	0.7828
1331	1303772918459	1	1.2774	1	0.7828
1332	1303772918482	1	1.2774	1.0238	0.7646
1333	1303772918505	1	1.2774	1.0238	0.7646
1334	1303772918527	1	1.2774	1	0.7828
1335	1303772918549	1	1.2774	1	0.7828
1336	1303772918573	1	1.2774	1.0238	0.7646
1337	1303772918601	1	1.2774	1	0.7828
1338	1303772918624	1	1.2774	1	0.7828
1339	1303772918646	1	1.2774	1.0238	0.7646
1340	1303772918669	1	1.2774	1.0238	0.7646
1341	1303772918691	1	1.2774	1	0.7828
1342	1303772918714	1	1.2774	1	0.7828
1343	1303772918740	1	1.2774	1.0238	0.7646
1344	1303772918764	1	1.2774	1.0238	0.7646
1345	1303772918787	1	1.2774	1	0.7828
1346	1303772918811	1	1.2774	1	0.7828
1347	1303772918835	1	1.2773	1.0238	0.7647
1348	1303772918862	1	1.2773	1	0.7829
1349	1303772918885	1	1.2773	1	0.7829
1350	1303772918907	1	1.2773	1.0238	0.7647
1351	1303772918930	1	1.2773	1.0238	0.7647
1352	1303772918953	1	1.2773	1	0.7829
1353	1303772918975	1	1.2773	1	0.7829
1354	1303772919001	1	1.2773	1.0238	0.7647
1355	1303772919024	1	1.2773	1.0238	0.7647
1356	1303772919046	1	1.2773	1	0.7829
1357	1303772919068	1	1.2773	1	0.7829
1358	1303772919091	1	1.2773	1.0238	0.7647
1359	1303772919113	1	1.2773	1	0.7829
1360	1303772919139	1	1.2773	1	0.7829
1361	1303772919164	1	1.2773	1.0238	0.7647
1362	1303772919186	1	1.2773	1.0238	0.7647
1363	1303772919209	1	1.2773	1	0.7829
1364	1303772919231	1	1.2773	1	0.7829
1365	1303772919259	1	1.2773	1.0238	0.7647
1366	1303772919281	1	1.2773	1.0238	0.7647
1367	1303772919304	1	1.2773	1	0.7829
1368	1303772919327	1	1.2773	1	0.7829
1369	1303772919351	1	1.2773	1.0238	0.7647
1370	1303772919374	1	1.2773	1	0.7829
1371	1303772919402	1	1.2773	1	0.7829
1372	1303772919469	1	1.2773	1.0238	0.7647
1373	1303772919492	1	1.2774	1.0238	0.7647
1374	1303772919514	1	1.2774	1	0.7829
1375	1303772919537	1	1.2774	1	0.7829
1376	1303772919563	1	1.2774	1.0238	0.7647
1377	1303772919585	1	1.2774	1.0238	0.7647
1378	1303772919608	1	1.2774	1	0.7829
1379	1303772919630	1	1.2774	1	0.7829
1380	1303772919653	1	1.2774	1.0238	0.7647
1381	1303772919675	1	1.2774	1	0.7829
1382	1303772919702	1	1.2774	1	0.7829
1383	1303772919724	1	1.2774	1.0238	0.7647
1384	1303772919787	1	1.2774	1.0238	0.7647
1385	1303772919811	1	1.2774	1	0.7829
1386	1303772919834	1	1.2774	1	0.7829
1387	1303772919856	1	1.2774	1.0238	0.7647
1388	1303772919923	1	1.2774	1.0238	0.7647
1389	1303772919945	1	1.2774	1	0.7829
1390	1303772919968	1	1.2774	1	0.7829
1391	1303772920031	1	1.2774	1.0238	0.7647
1392	1303772920054	1	1.2774	1	0.7829
1393	1303772920079	1	1.2774	1	0.7829
1394	1303772920102	1	1.2774	1.0238	0.7647
1395	1303772920125	1	1.2774	1.0238	0.7647
1396	1303772920147	1	1.2774	1	0.7829
1397	1303772920216	1	1.2774	1	0.7829
1398	1303772920239	1	1.2774	1.0238	0.7647
1399	1303772920266	1	1.2774	1.0238	0.7647
1400	1303772920289	1	1.2774	1	0.7829
1401	1303772920312	1	1.2774	1	0.7829
1402	1303772920336	1	1.2774	1.0238	0.7647
1403	1303772920359	1	1.2774	1	0.7829
1404	1303772920385	1	1.2774	1	0.7829
1405	1303772920408	1	1.2774	1.0238	0.7647
1406	1303772920430	1	1.2774	1.0238	0.7647
1407	1303772920454	1	1.2774	1	0.7829
1408	1303772920478	1	1.2774	1	0.7829
1409	1303772920503	1	1.2774	1.0238	0.7647
1410	1303772920530	1	1.2774	1.0238	0.7647
1411	1303772920556	1	1.2774	1	0.7829
1412	1303772920579	1	1.2838	1	0.7789
1413	1303772920602	1	1.2838	1.0238	0.7608
1414	1303772920625	1	1.2838	1	0.7789
1415	1303772920651	1	1.2838	1	0.7789
1416	1303772920674	1	1.2838	1.0238	0.7608
1417	1303772920698	1	1.2838	1.0238	0.7608
1418	1303772920721	1	1.2838	1	0.7789
1419	1303772920744	1	1.2838	1	0.7789
1420	1303772920807	1	1.2838	1.0238	0.7608
1421	1303772920876	1	1.2838	1	0.7789
1422	1303772920899	1	1.2838	1	0.7789
1423	1303772920922	1	1.2838	1.0238	0.7608
1424	1303772920944	1	1.2838	1.0238	0.7608
1425	1303772920967	1	1.2838	1	0.7789
1426	1303772921035	1	1.2838	1	0.7789
1427	1303772921058	1	1.2838	1.0238	0.7608
1428	1303772921081	1	1.2838	1.0238	0.7608
1429	1303772921105	1	1.2838	1	0.7789
1430	1303772921130	1	1.2838	1	0.7789
1431	1303772921153	1	1.2838	1.0238	0.7608
1432	1303772921180	1	1.2838	1	0.7789
1433	1303772921204	1	1.2838	1	0.7789
1434	1303772921227	1	1.2839	1.0238	0.7608
1435	1303772921251	1	1.2839	1.0238	0.7608
1436	1303772921275	1	1.2839	1	0.7789
1437	1303772921298	1	1.2839	1	0.7789
1438	1303772921324	1	1.2839	1.0238	0.7608
1439	1303772921348	1	1.2839	1.0238	0.7608
1440	1303772921370	1	1.2839	1	0.7789
1441	1303772921393	1	1.2839	1	0.7789
1442	1303772921416	1	1.2839	1.0238	0.7608
1443	1303772921444	1	1.2839	1	0.7789
1444	1303772921507	1	1.2839	1	0.7789
1445	1303772921532	1	1.2839	1.0238	0.7608
1446	1303772921558	1	1.2839	1.0238	0.7608
1447	1303772921580	1	1.2839	1	0.7789
1448	1303772921603	1	1.2839	1	0.7789
1449	1303772921631	1	1.2839	1.0238	0.7608
1450	1303772921654	1	1.2839	1.0238	0.7608
1451	1303772921677	1	1.2839	1	0.7789
1452	1303772921740	1	1.2839	1	0.7789
1453	1303772921764	1	1.2839	1.0238	0.7608
1454	1303772921791	1	1.2839	1	0.7789
1455	1303772921814	1	1.2839	1	0.7789
1456	1303772921836	1	1.2839	1.0238	0.7608
1457	1303772921859	1	1.2839	1.0238	0.7608
1458	1303772921882	1	1.2839	1	0.7789
1459	1303772921905	1	1.2839	1	0.7789
1460	1303772921931	1	1.2839	1.0238	0.7608
1461	1303772921994	1	1.2839	1.0238	0.7608
1462	1303772922017	1	1.2839	1	0.7789
1463	1303772922041	1	1.2839	1	0.7789
1464	1303772922064	1	1.2839	1.0238	0.7608
1465	1303772922091	1	1.2839	1	0.7789
1466	1303772922113	1	1.2839	1	0.7789
1467	1303772922136	1	1.2839	1.0238	0.7608
1468	1303772922159	1	1.2839	1.0238	0.7608
1469	1303772922183	1	1.2839	1	0.7789
1470	1303772922209	1	1.2826	1	0.7797
1471	1303772922236	1	1.2826	1.0238	0.7615
1472	1303772922259	1	1.2826	1.0238	0.7615
1473	1303772922282	1	1.2826	1	0.7797
1474	1303772922304	1	1.2826	1	0.7797
1475	1303772922327	1	1.2826	1.0238	0.7615
1476	1303772922350	1	1.2826	1	0.7797
1477	1303772922376	1	1.2826	1	0.7797
1478	1303772922399	1	1.2826	1.0238	0.7615
1479	1303772922422	1	1.2826	1.0238	0.7615
1480	1303772922446	1	1.2826	1	0.7797
1481	1303772922469	1	1.2826	1	0.7797
1482	1303772922497	1	1.2826	1.0238	0.7615
1483	1303772922519	1	1.2826	1.0238	0.7615
1484	1303772922542	1	1.2826	1	0.7797
1485	1303772922565	1	1.2826	1	0.7797
1486	1303772922587	1	1.2826	1.0238	0.7615
1487	1303772922610	1	1.2826	1	0.7797
1488	1303772922637	1	1.2826	1	0.7797
1489	1303772922660	1	1.2826	1.0238	0.7615
1490	1303772922682	1	1.2826	1.0238	0.7615
1491	1303772922705	1	1.2826	1	0.7797
1492	1303772922729	1	1.2826	1	0.7797
1493	1303772922752	1	1.2826	1.0238	0.7615
1494	1303772922779	1	1.2826	1.0238	0.7615
1495	1303772922802	1	1.2826	1	0.7797
1496	1303772922826	1	1.2826	1	0.7797
1497	1303772922849	1	1.2826	1.0238	0.7615
1498	1303772922872	1	1.2826	1	0.7797
1499	1303772922899	1	1.2826	1	0.7797
1500	1303772922922	1	1.2826	1.0238	0.7615
1501	1303772922944	1	1.2826	1.0238	0.7615
1502	1303772923011	1	1.2826	1.0238	0.7615
1503	1303772923077	1	1.2826	1	0.7797
1504	1303772923100	1	1.2826	1.0238	0.7615
1505	1303772923126	1	1.2826	1.0476	0.7442
1506	1303772923149	1	1.2826	1	0.7797
1507	1303772923171	1	1.2826	1	0.7797
1508	1303772923194	1	1.2826	1.0476	0.7442
1509	1303772923217	1	1.2826	1	0.7797
1510	1303772923284	1	1.2826	1	0.7797
1511	1303772923306	1	1.2826	1.0476	0.7442
1512	1303772923330	1	1.2826	1.0238	0.7615
1513	1303772923394	1	1.2826	1	0.7797
1514	1303772923418	1	1.2826	1.0238	0.7615
1515	1303772923441	1	1.2826	1.0238	0.7615
1516	1303772923466	1	1.2826	1.0238	0.7615
1517	1303772923489	1	1.2826	1.0238	0.7615
1518	1303772923512	1	1.2826	1	0.7797
1519	1303772923534	1	1.2826	1.0238	0.7615
1520	1303772923597	1	1.2826	1.0238	0.7615
1521	1303772923620	1	1.2826	1	0.7797
1522	1303772923687	1	1.2826	1.0238	0.7615
1523	1303772923709	1	1.2826	1.0476	0.7442
1524	1303772923732	1	1.2826	1	0.7797
1525	1303772923755	1	1.2826	1	0.7797
1526	1303772923778	1	1.2826	1.0476	0.7442
1527	1303772923805	1	1.2826	1.0238	0.7615
1528	1303772923828	1	1.2826	1	0.7797
1529	1303772923850	1	1.2826	1.0238	0.7615
1530	1303772923874	1	1.2826	1.0238	0.7615
1531	1303772923898	1	1.2826	1	0.7797
1532	1303772923921	1	1.2826	1.0238	0.7615
1533	1303772923948	1	1.2898	1.0238	0.7573
1534	1303772923971	1	1.2898	1.0238	0.7573
1535	1303772923994	1	1.2898	1.0238	0.7573
1536	1303772924017	1	1.2898	1	0.7753
1537	1303772924080	1	1.2898	1.0238	0.7573
1538	1303772924106	1	1.2898	1.0476	0.74
1539	1303772924129	1	1.2898	1	0.7753
1540	1303772924152	1	1.2898	1	0.7753
1541	1303772924174	1	1.2898	1.0476	0.74
1542	1303772924197	1	1.2898	1	0.7753
1543	1303772924221	1	1.2898	1	0.7753
1544	1303772924249	1	1.2898	1.0476	0.74
1545	1303772924272	1	1.2898	1.0238	0.7573
1546	1303772924294	1	1.2898	1	0.7753
1547	1303772924317	1	1.2898	1.0238	0.7573
1548	1303772924381	1	1.2898	1.0238	0.7573
1549	1303772924404	1	1.2898	1.0238	0.7573
1550	1303772924430	1	1.2898	1.0238	0.7573
1551	1303772924453	1	1.2898	1	0.7753
1552	1303772924476	1	1.2898	1.0238	0.7573
1553	1303772924499	1	1.2898	1.0238	0.7573
1554	1303772924523	1	1.2898	1	0.7753
1555	1303772924550	1	1.2899	1.0238	0.7572
1556	1303772924572	1	1.2899	1.0476	0.74
1557	1303772924596	1	1.2899	1	0.7753
1558	1303772924619	1	1.2899	1	0.7753
1559	1303772924683	1	1.0942	1.0476	0.8724
1560	1303772924706	1	1.0942	1.0238	0.8926
1561	1303772924733	1	1.0942	1	0.9139
1562	1303772924757	1	1.0942	1.0238	0.8926
1563	1303772924781	1	1.0942	1.0238	0.8926
1564	1303772924804	1	1.0942	1	0.9139
1565	1303772924827	1	1.0942	1.0238	0.8926
1566	1303772924854	1	1.0942	1.0238	0.8926
1567	1303772924877	1	1.0942	1.0238	0.8926
1568	1303772924944	1	1.0942	1.0238	0.8926
1569	1303772924968	1	1.0942	1	0.9139
1570	1303772924991	1	1.0942	1.0238	0.8926
1571	1303772925055	1	1.3873	1.0476	0.6881
1572	1303772925082	1	1.3873	1	0.7208
1573	1303772925146	1	1.3873	1	0.7208
1574	1303772925169	1	1.3873	1.0476	0.6881
1575	1303772925192	1	1.3873	1	0.7208
1576	1303772925216	1	1.3873	1	0.7208
1577	1303772925240	1	1.3873	1.0476	0.6881
1578	1303772925267	1	1.3873	1.0238	0.7041
1579	1303772925331	1	1.3873	1	0.7208
1580	1303772925354	1	1.3873	1.0238	0.7041
1581	1303772925377	1	1.3873	1.0238	0.7041
1582	1303772925400	1	1.3873	1.0238	0.7041
1583	1303772925427	1	1.3873	1.0238	0.7041
1584	1303772925450	1	1.3873	1	0.7208
1585	1303772925473	1	1.3873	1.0238	0.7041
1586	1303772925537	1	1.3873	1.0238	0.7041
1587	1303772925561	1	1.3873	1	0.7208
1588	1303772925584	1	1.3873	1.0238	0.7041
1589	1303772925611	1	1.3873	1.0476	0.6881
1590	1303772925636	1	1.3873	1	0.7208
1591	1303772925660	1	1.3873	1	0.7208
1592	1303772925684	1	1.3863	1.0476	0.6886
1593	1303772925749	1	1.3863	1.0238	0.7046
1594	1303772925817	1	1.3863	1	0.7213
1595	1303772925840	1	1.3863	1.0238	0.7046
1596	1303772925863	1	1.3863	1.0238	0.7046
1597	1303772925888	1	1.3863	1	0.7213
1598	1303772925912	1	1.3863	1.0238	0.7046
1599	1303772925935	1	1.3863	1.0238	0.7046
1600	1303772925962	1	1.3863	1.0238	0.7046
1601	1303772925985	1	1.3863	1.0238	0.7046
1602	1303772926008	1	1.3863	1	0.7213
1603	1303772926033	1	1.3863	1.0238	0.7046
1604	1303772926056	1	1.3863	1.0476	0.6886
1605	1303772926079	1	1.3863	1	0.7213
1606	1303772926106	1	1.3863	1	0.7213
1607	1303772926129	1	1.3863	1.0476	0.6886
1608	1303772926193	1	1.3863	1	0.7213
1609	1303772926216	1	1.3863	1	0.7213
1610	1303772926239	1	1.3863	1.0476	0.6886
1611	1303772926266	1	1.3863	1.0238	0.7046
1612	1303772926289	1	1.3863	1	0.7213
1613	1303772926312	1	1.3863	1.0238	0.7046
1614	1303772926336	1	1.3863	1.0238	0.7046
1615	1303772926401	1	1.3863	1.0238	0.7046
1616	1303772926425	1	1.3863	1.0238	0.7046
1617	1303772926453	1	1.3863	1	0.7213
1618	1303772926476	1	1.3863	1.0238	0.7046
1619	1303772926500	1	1.3863	1.0238	0.7046
1620	1303772926565	1	1.3863	1	0.7213
1621	1303772926588	1	1.3863	1.0238	0.7046
1622	1303772926611	1	1.3863	1.0476	0.6886
1623	1303772926637	1	1.3863	1	0.7213
1624	1303772926661	1	1.3863	1	0.7213
1625	1303772926683	1	1.3863	1.0476	0.6886
1626	1303772926706	1	1.3863	1.0238	0.7046
1627	1303772926728	1	1.3863	1	0.7213
1628	1303772926756	1	1.3863	1.0238	0.7046
1629	1303772926779	1	1.3863	1.0238	0.7046
1630	1303772926846	1	1.3863	1	0.7213
1631	1303772926870	1	1.3863	1.0238	0.7046
1632	1303772926893	1	1.3863	1.0238	0.7046
1633	1303772926916	1	1.3863	1.0238	0.7046
1634	1303772926942	1	1.3863	1.0238	0.7046
1635	1303772926964	1	1.3863	1	0.7213
1636	1303772926989	1	1.3863	1.0238	0.7046
1637	1303772927053	1	1.3863	1.0476	0.6886
1638	1303772927076	1	1.3863	1	0.7213
1639	1303772927100	1	1.3863	1	0.7213
1640	1303772927128	1	1.3863	1.0476	0.6886
1641	1303772927151	1	1.3863	1	0.7213
1642	1303772927174	1	1.3863	1	0.7213
1643	1303772927197	1	1.3863	1.0476	0.6886
1644	1303772927221	1	1.3863	1.0238	0.7046
1645	1303772927289	1	1.3863	1	0.7213
1646	1303772927312	1	1.3863	1.0238	0.7046
1647	1303772927335	1	1.3863	1.0238	0.7046
1648	1303772927358	1	1.3863	1.0238	0.7046
1649	1303772927381	1	1.3863	1.0238	0.7046
1650	1303772927405	1	1.3863	1	0.7213
1651	1303772927433	1	1.3863	1.0238	0.7046
1652	1303772927457	1	1.3863	1.0238	0.7046
1653	1303772927482	1	1.3863	1	0.7213
1654	1303772927507	1	1.3863	1.0238	0.7046
1655	1303772927531	1	1.3047	1.0238	0.7486
1656	1303772927595	1	1.3047	1	0.7664
1657	1303772927621	1	1.3047	1	0.7664
1658	1303772927645	1	1.3047	1.0238	0.7486
1659	1303772927668	1	1.3047	1.0238	0.7486
1660	1303772927691	1	1.3047	1	0.7664
1661	1303772927715	1	1.3047	1	0.7664
1662	1303772927742	1	1.3047	1.0238	0.7486
1663	1303772927765	1	1.3047	1	0.7664
1664	1303772927789	1	1.3047	1	0.7664
1665	1303772927812	1	1.3047	1.0238	0.7486
1666	1303772927836	1	1.3047	1.0238	0.7486
1667	1303772927859	1	1.3047	1	0.7664
1668	1303772927885	1	1.3047	1	0.7664
1669	1303772927910	1	1.3047	1.0238	0.7486
1670	1303772927974	1	1.3047	1.0238	0.7486
1671	1303772927998	1	1.3047	1	0.7664
1672	1303772928021	1	1.3047	1	0.7664
1673	1303772928045	1	1.3047	1.0238	0.7486
1674	1303772928112	1	1.3047	1	0.7664
1675	1303772928138	1	1.3047	1	0.7664
1676	1303772928163	1	1.3048	1.0238	0.7486
1677	1303772928188	1	1.3048	1.0238	0.7486
1678	1303772928212	1	1.3048	1	0.7664
1679	1303772928240	1	1.3048	1	0.7664
1680	1303772928264	1	1.3048	1.0238	0.7486
1681	1303772928287	1	1.3048	1.0238	0.7486
1682	1303772928311	1	1.3048	1	0.7664
1683	1303772928335	1	1.3048	1	0.7664
1684	1303772928358	1	1.3048	1.0238	0.7486
1685	1303772928385	1	1.3048	1	0.7664
1686	1303772928409	1	1.3048	1	0.7664
1687	1303772928474	1	1.3048	1.0238	0.7486
1688	1303772928498	1	1.3048	1.0238	0.7486
1689	1303772928522	1	1.3048	1	0.7664
1690	1303772928549	1	1.3048	1	0.7664
1691	1303772928573	1	1.3048	1.0238	0.7486
1692	1303772928597	1	1.3048	1.0238	0.7486
1693	1303772928620	1	1.3048	1	0.7664
1694	1303772928643	1	1.3048	1	0.7664
1695	1303772928667	1	1.3048	1.0238	0.7486
1696	1303772928694	1	1.3048	1	0.7664
1697	1303772928717	1	1.3048	1	0.7664
1698	1303772928740	1	1.3048	1.0238	0.7486
1699	1303772928804	1	1.3048	1.0238	0.7486
1700	1303772928828	1	1.3048	1	0.7664
1701	1303772928851	1	1.3048	1	0.7664
1702	1303772928918	1	1.3048	1.0238	0.7486
1703	1303772928942	1	1.3048	1.0238	0.7486
1704	1303772928964	1	1.3048	1	0.7664
1705	1303772928988	1	1.3048	1	0.7664
1706	1303772929012	1	1.3048	1.0238	0.7486
1707	1303772929039	1	1.3048	1	0.7664
1708	1303772929063	1	1.3048	1	0.7664
1709	1303772929132	1	1.3048	1.0238	0.7486
1710	1303772929156	1	1.3048	1.0238	0.7486
1711	1303772929179	1	1.3048	1	0.7664
1712	1303772929203	1	1.3048	1	0.7664
1713	1303772929232	1	1.3048	1.0238	0.7486
1714	1303772929266	1	1.3048	1.0238	0.7486
1715	1303772929295	1	1.3048	1	0.7664
1716	1303772929320	1	1.3048	1	0.7664
1717	1303772929345	1	1.2712	1.0238	0.7684
1718	1303772929372	1	1.2712	1	0.7867
1719	1303772929396	1	1.2712	1	0.7867
1720	1303772929420	1	1.2712	1.0238	0.7684
1721	1303772929443	1	1.2712	1.0238	0.7684
1722	1303772929467	1	1.2712	1	0.7867
1723	1303772929490	1	1.2712	1	0.7867
1724	1303772929518	1	1.2712	1.0238	0.7684
1725	1303772929541	1	1.2712	1.0238	0.7684
1726	1303772929565	1	1.2712	1	0.7867
1727	1303772929629	1	1.1763	1	0.8501
1728	1303772929654	1	1.1763	1.0238	0.8304
1729	1303772929683	1	1.1763	1	0.8501
1730	1303772929706	1	1.1763	1	0.8501
1731	1303772929730	1	1.1763	1.0238	0.8304
1732	1303772929753	1	1.1763	1.0238	0.8304
1733	1303772929776	1	1.1763	1	0.8501
1734	1303772929839	1	1.1763	1	0.8501
1735	1303772929867	1	1.1763	1.0238	0.8304
1736	1303772929892	1	1.1763	1.0238	0.8304
1737	1303772929917	1	1.1763	1	0.8501
1738	1303772929941	1	1.1763	1	0.8501
1739	1303772929965	1	1.1763	1.0238	0.8304
1740	1303772929988	1	1.1763	1	0.8501
1741	1303772930015	1	1.1763	1	0.8501
1742	1303772930038	1	1.1763	1.0238	0.8304
1743	1303772930061	1	1.1763	1.0238	0.8304
1744	1303772930083	1	1.1763	1	0.8501
1745	1303772930106	1	1.1763	1	0.8501
1746	1303772930133	1	1.1763	1.0238	0.8304
1747	1303772930156	1	1.1763	1.0238	0.8304
1748	1303772930180	1	1.1763	1	0.8501
1749	1303772930203	1	1.1763	1	0.8501
1750	1303772930227	1	1.1763	1.0238	0.8304
1751	1303772930291	1	1.1763	1	0.8501
1752	1303772930358	1	1.1763	1	0.8501
1753	1303772930381	1	1.1763	1.0238	0.8304
1754	1303772930406	1	1.1763	1.0238	0.8304
1755	1303772930430	1	1.1763	1	0.8501
1756	1303772930453	1	1.1763	1	0.8501
1757	1303772930480	1	1.1763	1.0238	0.8304
1758	1303772930504	1	1.1763	1.0238	0.8304
1759	1303772930527	1	1.1763	1	0.8501
1760	1303772930550	1	1.1763	1	0.8501
1761	1303772930573	1	1.1763	1.0238	0.8304
1762	1303772930598	1	1.1763	1	0.8501
1763	1303772930625	1	1.1763	1	0.8501
1764	1303772930650	1	1.1763	1.0238	0.8304
1765	1303772930674	1	1.1763	1.0238	0.8304
1766	1303772930697	1	1.1763	1	0.8501
1767	1303772930720	1	1.1763	1	0.8501
1768	1303772930745	1	1.1763	1.0238	0.8304
1769	1303772930772	1	1.1763	1.0238	0.8304
1770	1303772930796	1	1.1763	1	0.8501
1771	1303772930819	1	1.1763	1	0.8501
1772	1303772930844	1	1.1763	1.0238	0.8304
1773	1303772930868	1	1.1763	1	0.8501
1774	1303772930896	1	1.1763	1	0.8501
1775	1303772930921	1	1.1763	1.0238	0.8304
1776	1303772930949	1	1.1763	1.0238	0.8304
1777	1303772930974	1	1.1763	1	0.8501
1778	1303772930998	1	1.1481	1	0.871
1779	1303772931021	1	1.1481	1.0238	0.8508
1780	1303772931047	1	1.1481	1.0238	0.8508
1781	1303772931070	1	1.1481	1	0.871
1782	1303772931093	1	1.1481	1	0.871
1783	1303772931118	1	1.1481	1.0238	0.8508
1784	1303772931141	1	1.1481	1	0.871
1785	1303772931169	1	1.1481	1	0.871
1786	1303772931194	1	1.1481	1.0238	0.8508
1787	1303772931217	1	1.1481	1.0238	0.8508
1788	1303772931241	1	1.1481	1	0.871
1789	1303772931264	1	1.1481	1	0.871
1790	1303772931289	1	1.1481	1.0238	0.8508
1791	1303772931316	1	1.1481	1.0238	0.8508
1792	1303772931381	1	1.1481	1	0.871
1793	1303772931445	1	1.1481	1	0.871
1794	1303772931469	1	1.1481	1.0238	0.8508
1795	1303772931492	1	1.1481	1	0.871
1796	1303772931517	1	1.1481	1	0.871
1797	1303772931547	1	1.1481	1.0238	0.8508
1798	1303772931570	1	1.1481	1.0238	0.8508
1799	1303772931595	1	1.1481	1	0.871
1800	1303772931619	1	1.1481	1	0.871
