0	1303770753001	0	0	0	0
1	1303770753050	0	0	0	0
2	1303770753059	0	0	0	0
3	1303770753068	0	0	0	0
4	1303770753078	0	0	0	0
5	1303770753089	0	0	0	0
6	1303770753099	0	0	0	0
7	1303770753108	0	0	0	0
8	1303770753120	0	0	0	0
9	1303770753130	0	0	0	0
10	1303770753181	0	0	0	0
11	1303770753193	0	0	0	0
12	1303770753204	0	0	0	0
13	1303770753255	0	0	0	0
14	1303770753267	0	0	0	0
15	1303770753277	0	0	0	0
16	1303770753288	0	0	0	0
17	1303770753301	0	0	0	0
18	1303770753312	0	0	0	0
19	1303770753324	0	0	0	0
20	1303770753336	0	0	0	0
21	1303770753348	0	0	0	0
22	1303770753401	0	0	0	0
23	1303770753413	0	0	0	0
24	1303770753426	0	0	0	0
25	1303770753438	0	0	0	0
26	1303770753450	0	0	0	0
27	1303770753463	0	0	0	0
28	1303770753475	0	0	0	0
29	1303770753488	0	0	0	0
30	1303770753503	1	0	0	0
31	1303770753538	1	0	0	0
32	1303770753568	1	0	0	0
33	1303770753591	1	1.7436	0	0
34	1303770753611	1	1.7436	1.5	0.3824
35	1303770753631	1	1.7436	0	0
36	1303770753653	1	1.7436	0	0
37	1303770753674	1	1.7436	1.5	0.3824
38	1303770753694	1	1.7436	0	0
39	1303770753715	1	1.7436	1.5	0.3824
40	1303770753735	1	1.7436	1.5	0.3824
41	1303770753755	1	1.7436	1.5	0.3824
42	1303770753775	1	1.7436	1.5	0.3824
43	1303770753795	1	1.7436	1.5	0.3824
44	1303770753855	1	1.7436	1.5	0.3824
45	1303770753876	1	1.7436	1.5	0.3824
46	1303770753896	1	1.7436	1.5	0.3824
47	1303770753916	1	1.7436	1.5	0.3824
48	1303770753935	1	1.7436	1.4	0.4097
49	1303770753954	1	1.7436	1.25	0.4588
50	1303770753973	1	1.7436	1.0833	0.5294
51	1303770753991	1	1.7436	1.0833	0.5294
52	1303770754010	1	1.7436	1.1667	0.4916
53	1303770754028	1	1.7436	1.1667	0.4916
54	1303770754047	1	1.7436	1.1667	0.4916
55	1303770754065	1	1.7436	1.1667	0.4916
56	1303770754084	1	1.7436	1.1667	0.4916
57	1303770754103	1	1.7436	1.1667	0.4916
58	1303770754122	1	1.7436	1.1667	0.4916
59	1303770754181	1	1.7436	1.1667	0.4916
60	1303770754200	1	1.7436	1.1667	0.4916
61	1303770754217	1	1.7436	1.1667	0.4916
62	1303770754236	1	1.7436	1.1667	0.4916
63	1303770754255	1	1.7436	1.1429	0.5018
64	1303770754274	1	1.7436	1.1429	0.5018
65	1303770754292	1	1.7436	1.1429	0.5018
66	1303770754311	1	1.7436	1.125	0.5098
67	1303770754329	1	1.7436	1.1429	0.5018
68	1303770754347	1	1.7436	1.0714	0.5353
69	1303770754365	1	1.7436	1.125	0.5098
70	1303770754382	1	1.7436	1.125	0.5098
71	1303770754401	1	1.7436	1.0714	0.5353
72	1303770754419	1	1.7436	1.0625	0.5398
73	1303770754437	1	1.7436	1.125	0.5098
74	1303770754496	1	1.7436	1.0625	0.5398
75	1303770754513	1	1.7436	1.125	0.5098
76	1303770754532	1	1.7436	1.125	0.5098
77	1303770754549	1	1.7436	1.125	0.5098
78	1303770754607	1	1.7436	1.125	0.5098
79	1303770754625	1	1.7436	1.125	0.5098
80	1303770754644	1	1.7436	1.125	0.5098
81	1303770754662	1	1.7436	1.125	0.5098
82	1303770754680	1	1.7436	1.125	0.5098
83	1303770754738	1	1.7436	1.125	0.5098
84	1303770754756	1	1.7436	1.125	0.5098
85	1303770754774	1	1.7436	1.125	0.5098
86	1303770754792	1	1.7436	1.125	0.5098
87	1303770754850	1	1.7436	1.125	0.5098
88	1303770754868	1	1.7436	1.125	0.5098
89	1303770754885	1	1.7436	1.125	0.5098
90	1303770754903	1	1.7436	1.125	0.5098
91	1303770754921	1	1.7436	1.125	0.5098
92	1303770754939	1	1.7316	1.125	0.5133
93	1303770754958	1	1.7202	1.125	0.5167
94	1303770754975	1	1.7202	1.1111	0.5232
95	1303770754992	1	1.7202	1.1111	0.5232
96	1303770755008	1	1.7202	1.125	0.5167
97	1303770755023	1	1.7202	1.1	0.5285
98	1303770755038	1	1.7202	1.0625	0.5471
99	1303770755053	1	1.7202	1.1	0.5285
100	1303770755069	1	1.7202	1.1111	0.5232
101	1303770755085	1	1.7202	1.1	0.5285
102	1303770755100	1	1.7202	1.0909	0.5329
103	1303770755156	1	1.7202	1.1	0.5285
104	1303770755171	1	1.7202	1.0909	0.5329
105	1303770755187	1	1.7202	1.1364	0.5116
106	1303770755202	1	1.7202	1.0909	0.5329
107	1303770755218	1	1.7202	1.0909	0.5329
108	1303770755234	1	1.7202	1.0909	0.5329
109	1303770755249	1	1.7202	1.0909	0.5329
110	1303770755265	1	1.7202	1.0909	0.5329
111	1303770755280	1	1.7202	1.0909	0.5329
112	1303770755337	1	1.7202	1.0909	0.5329
113	1303770755353	1	1.7202	1.0909	0.5329
114	1303770755368	1	1.7202	1.0909	0.5329
115	1303770755385	1	1.7202	1.0909	0.5329
116	1303770755399	1	1.7202	1.0909	0.5329
117	1303770755416	1	1.7202	1.0909	0.5329
118	1303770755431	1	1.7202	1.0909	0.5329
119	1303770755446	1	1.7202	1.0909	0.5329
120	1303770755503	1	1.7202	1.0909	0.5329
121	1303770755518	1	1.7202	1.0909	0.5329
122	1303770755534	1	1.7202	1.0909	0.5329
123	1303770755591	1	1.7202	1.0909	0.5329
124	1303770755606	1	1.7202	1.0909	0.5329
125	1303770755663	1	1.7202	1.0909	0.5329
126	1303770755679	1	1.7202	1.0909	0.5329
127	1303770755694	1	1.7202	1.0909	0.5329
128	1303770755709	1	1.7202	1.0909	0.5329
129	1303770755724	1	1.7202	1.0909	0.5329
130	1303770755740	1	1.7202	1.0909	0.5329
131	1303770755755	1	1.7202	1.0909	0.5329
132	1303770755771	1	1.7202	1.0909	0.5329
133	1303770755787	1	1.7202	1.0909	0.5329
134	1303770755802	1	1.7202	1.0909	0.5329
135	1303770755818	1	1.7202	1.0909	0.5329
136	1303770755833	1	1.7202	1.0909	0.5329
137	1303770755889	1	2.1473	1.0909	0.4269
138	1303770755905	1	2.1473	1.0909	0.4269
139	1303770755921	1	2.1473	1.0909	0.4269
140	1303770755937	1	2.1473	1.0909	0.4269
141	1303770755952	1	2.1473	1.0909	0.4269
142	1303770755969	1	2.1473	1.0909	0.4269
143	1303770755985	1	2.1473	1.0909	0.4269
144	1303770756000	1	2.1473	1.0909	0.4269
145	1303770756016	1	2.1473	1.0909	0.4269
146	1303770756032	1	2.1473	1.0909	0.4269
147	1303770756088	1	2.1473	1.0909	0.4269
148	1303770756105	1	2.1473	1.0909	0.4269
149	1303770756120	1	2.1473	1.0909	0.4269
150	1303770756137	1	2.1473	1.0909	0.4269
151	1303770756152	1	2.1473	1.0909	0.4269
152	1303770756169	1	2.1473	1.0909	0.4269
153	1303770756186	1	2.1473	1.0909	0.4269
154	1303770756203	1	2.4874	1.0909	0.3685
155	1303770756223	1	2.2606	1.0909	0.4055
156	1303770756282	1	2.2605	1.0909	0.4055
157	1303770756300	1	2.2605	1.0909	0.4055
158	1303770756315	1	2.2605	1.0909	0.4055
159	1303770756332	1	2.2605	1.0909	0.4055
160	1303770756348	1	2.2605	1.0909	0.4055
161	1303770756364	1	2.2605	1.125	0.3932
162	1303770756380	1	2.2605	1.125	0.3932
163	1303770756395	1	2.2605	1.1154	0.3966
164	1303770756411	1	2.2605	1.1071	0.3996
165	1303770756428	1	2.2605	1.0909	0.4055
166	1303770756443	1	2.2605	1.0833	0.4083
167	1303770756460	1	2.2605	1.0909	0.4055
168	1303770756475	1	2.2605	1.1154	0.3966
169	1303770756492	1	2.2605	1.1154	0.3966
170	1303770756508	1	2.2605	1.0909	0.4055
171	1303770756523	1	2.2605	1.0833	0.4083
172	1303770756540	1	2.2605	1.0769	0.4108
173	1303770756555	1	2.2605	1.1071	0.3996
174	1303770756571	1	2.2605	1.1071	0.3996
175	1303770756628	1	2.2605	1.1154	0.3966
176	1303770756643	1	2.2605	1.1071	0.3996
177	1303770756659	1	2.2605	1.0714	0.4129
178	1303770756676	1	2.2605	1.0714	0.4129
179	1303770756732	1	2.2605	1.0714	0.4129
180	1303770756749	1	2.2605	1.0714	0.4129
181	1303770756806	1	2.2605	1.0714	0.4129
182	1303770756861	1	2.2605	1.0714	0.4129
183	1303770756878	1	2.2605	1.0714	0.4129
184	1303770756893	1	2.2605	1.0714	0.4129
185	1303770756950	1	2.2605	1.0714	0.4129
186	1303770756967	1	2.2605	1.0714	0.4129
187	1303770756983	1	2.2605	1.0714	0.4129
188	1303770756999	1	2.2605	1.0714	0.4129
189	1303770757016	1	2.2605	1.0357	0.4271
190	1303770757032	1	2.2605	1.0714	0.4129
191	1303770757048	1	2.2605	1.0714	0.4129
192	1303770757063	1	2.2605	1.0357	0.4271
193	1303770757080	1	2.2605	1.0357	0.4271
194	1303770757096	1	2.2605	1.0714	0.4129
195	1303770757112	1	2.2605	1.0714	0.4129
196	1303770757128	1	2.2605	1.0357	0.4271
197	1303770757144	1	2.2605	1.0357	0.4271
198	1303770757160	1	2.2605	1.0714	0.4129
199	1303770757177	1	2.2605	1.0714	0.4129
200	1303770757192	1	2.2605	1.0357	0.4271
201	1303770757209	1	2.2605	1.0357	0.4271
202	1303770757225	1	2.2605	1.0714	0.4129
203	1303770757240	1	2.2605	1.0714	0.4129
204	1303770757257	1	2.2605	1.0357	0.4271
205	1303770757272	1	2.2605	1.0357	0.4271
206	1303770757289	1	2.2605	1.0714	0.4129
207	1303770757305	1	2.2605	1.0714	0.4129
208	1303770757320	1	2.2605	1.0357	0.4271
209	1303770757337	1	2.2605	1	0.4424
210	1303770757352	1	2.2605	1.0357	0.4271
211	1303770757368	1	2.2605	1.0714	0.4129
212	1303770757384	1	2.2605	1.0357	0.4271
213	1303770757400	1	2.2605	1	0.4424
214	1303770757457	1	2.2605	1.0357	0.4271
215	1303770757477	1	2.2605	1.0714	0.4129
216	1303770757497	1	2.2605	1.0357	0.4271
217	1303770757515	1	2.2605	1	0.4424
218	1303770757533	1	1.775	1.0357	0.5439
219	1303770757550	1	1.775	1.0357	0.5439
220	1303770757566	1	1.775	1	0.5634
221	1303770757583	1	1.775	1.0357	0.5439
222	1303770757599	1	1.775	1.0714	0.5258
223	1303770757615	1	1.775	1	0.5634
224	1303770757631	1	1.775	1	0.5634
225	1303770757647	1	1.775	1.0714	0.5258
226	1303770757663	1	1.775	1	0.5634
227	1303770757680	1	1.775	1	0.5634
228	1303770757695	1	1.775	1.0714	0.5258
229	1303770757712	1	1.775	1	0.5634
230	1303770757768	1	1.5973	1	0.626
231	1303770757824	1	1.5973	1.0714	0.5843
232	1303770757841	1	1.5973	1	0.626
233	1303770757858	1	1.5973	1	0.626
234	1303770757873	1	1.5973	1.0714	0.5843
235	1303770757889	1	1.5973	1	0.626
236	1303770757905	1	1.5973	1	0.626
237	1303770757922	1	1.5973	1.0714	0.5843
238	1303770757938	1	1.5973	1	0.626
239	1303770757954	1	1.5973	1	0.626
240	1303770757970	1	1.5973	1.0714	0.5843
241	1303770757986	1	1.5973	1	0.626
242	1303770758002	1	1.5973	1	0.626
243	1303770758019	1	1.5973	1.0714	0.5843
244	1303770758034	1	1.5973	1	0.626
245	1303770758051	1	1.5973	1	0.626
246	1303770758067	1	1.5973	1.0714	0.5843
247	1303770758082	1	1.5973	1	0.626
248	1303770758099	1	1.5973	1	0.626
249	1303770758116	1	1.5973	1.0714	0.5843
250	1303770758131	1	1.5973	1	0.626
251	1303770758147	1	1.5973	1	0.626
252	1303770758163	1	1.5973	1.0714	0.5843
253	1303770758179	1	1.5973	1	0.626
254	1303770758196	1	1.5973	1	0.626
255	1303770758212	1	1.5973	1.0714	0.5843
256	1303770758229	1	1.5973	1	0.626
257	1303770758245	1	1.5973	1	0.626
258	1303770758261	1	1.5973	1.0714	0.5843
259	1303770758278	1	1.5973	1	0.626
260	1303770758293	1	1.5973	1	0.626
261	1303770758310	1	1.5973	1.0714	0.5843
262	1303770758326	1	1.5973	1	0.626
263	1303770758342	1	1.5973	1	0.626
264	1303770758398	1	1.5973	1.0714	0.5843
265	1303770758415	1	1.5973	1	0.626
266	1303770758431	1	1.5973	1	0.626
267	1303770758448	1	1.5973	1.0714	0.5843
268	1303770758464	1	1.5973	1	0.626
269	1303770758480	1	1.5973	1	0.626
270	1303770758497	1	1.5973	1.0714	0.5843
271	1303770758513	1	1.5973	1	0.626
272	1303770758530	1	1.5973	1	0.626
273	1303770758547	1	1.5973	1.0714	0.5843
274	1303770758563	1	1.5973	1	0.626
275	1303770758580	1	1.5973	1	0.626
276	1303770758601	1	1.5982	1.0714	0.584
277	1303770758623	1	1.101	1	0.9083
278	1303770758641	1	1.101	1	0.9083
279	1303770758659	1	1.101	1	0.9083
280	1303770758677	1	1.101	1.0357	0.8769
281	1303770758692	1	1.101	1.1071	0.8204
282	1303770758709	1	1.101	1.0357	0.8769
283	1303770758725	1	1.101	1.1429	0.7947
284	1303770758741	1	1.101	1.1538	0.7872
285	1303770758757	1	1.101	1.1786	0.7706
286	1303770758773	1	1.101	1	0.9083
287	1303770758789	1	1.101	1.1071	0.8204
288	1303770758806	1	1.101	1.0333	0.879
289	1303770758821	1	1.101	1.0667	0.8515
290	1303770758838	1	1.101	1	0.9083
291	1303770758854	1	1.101	1.1	0.8257
292	1303770758870	1	1.101	1	0.9083
293	1303770758886	1	1.101	1.0667	0.8515
294	1303770758902	1	1.101	1.0667	0.8515
295	1303770758918	1	1.101	1.1	0.8257
296	1303770758934	1	1.101	1.0667	0.8515
297	1303770758950	1	1.101	1.0667	0.8515
298	1303770758966	1	1.101	1.0667	0.8515
299	1303770758981	1	1.101	1.0333	0.879
300	1303770758997	1	1.101	1.0333	0.879
301	1303770759054	1	1.101	1	0.9083
302	1303770759070	1	1.101	1	0.9083
303	1303770759086	1	1.101	1	0.9083
304	1303770759103	1	1.101	1	0.9083
305	1303770759118	1	1.101	1	0.9083
306	1303770759175	1	1.101	1	0.9083
307	1303770759191	1	1.101	1	0.9083
308	1303770759208	1	1.101	1	0.9083
309	1303770759266	1	1.101	1	0.9083
310	1303770759281	1	1.101	1	0.9083
311	1303770759298	1	1.101	1	0.9083
312	1303770759315	1	1.101	1	0.9083
313	1303770759330	1	1.101	1	0.9083
314	1303770759346	1	1.101	1	0.9083
315	1303770759362	1	1.101	1	0.9083
316	1303770759378	1	1.101	1	0.9083
317	1303770759435	1	1.101	1	0.9083
318	1303770759591	1	1.101	1	0.9083
319	1303770759607	1	1.101	1	0.9083
320	1303770759624	1	1.101	1	0.9083
321	1303770759639	1	1.101	1	0.9083
322	1303770759656	1	1.101	1	0.9083
323	1303770759671	1	1.101	1	0.9083
324	1303770759688	1	1.101	1	0.9083
325	1303770759704	1	1.101	1.0333	0.879
326	1303770759720	1	1.101	1	0.9083
327	1303770759736	1	1.101	1	0.9083
328	1303770759752	1	1.101	1.0333	0.879
329	1303770759769	1	1.101	1	0.9083
330	1303770759792	1	1.101	1	0.9083
331	1303770759847	1	1.101	1.0333	0.879
332	1303770759864	1	1.101	1	0.9083
333	1303770759882	1	1.101	1	0.9083
334	1303770759897	1	1.101	1.0333	0.879
335	1303770759913	1	1.101	1	0.9083
336	1303770759929	1	1.101	1	0.9083
337	1303770759990	1	1.1702	1.0333	0.827
338	1303770760052	1	1.1238	1.0333	0.8611
339	1303770760071	1	1.1238	1	0.8898
340	1303770760088	1	1.1238	1	0.8898
341	1303770760104	1	1.1238	1.0333	0.8611
342	1303770760121	1	1.1238	1.0333	0.8611
343	1303770760138	1	1.1238	1	0.8898
344	1303770760153	1	1.1238	1	0.8898
345	1303770760170	1	1.1238	1.0333	0.8611
346	1303770760185	1	1.1238	1	0.8898
347	1303770760202	1	1.1238	1	0.8898
348	1303770760219	1	1.1238	1.0333	0.8611
349	1303770760274	1	1.1238	1	0.8898
350	1303770760291	1	1.1238	1	0.8898
351	1303770760308	1	1.1238	1.0333	0.8611
352	1303770760324	1	1.1238	1	0.8898
353	1303770760340	1	1.1238	1	0.8898
354	1303770760355	1	1.1238	1.0333	0.8611
355	1303770760412	1	1.1238	1.0333	0.8611
356	1303770760429	1	1.1238	1	0.8898
357	1303770760444	1	1.1238	1	0.8898
358	1303770760461	1	1.1238	1.0333	0.8611
359	1303770760477	1	1.1238	1	0.8898
360	1303770760493	1	1.1238	1	0.8898
361	1303770760510	1	1.1238	1.0333	0.8611
362	1303770760525	1	1.1238	1.0333	0.8611
363	1303770760542	1	1.1238	1	0.8898
364	1303770760559	1	1.1238	1	0.8898
365	1303770760574	1	1.1238	1.0333	0.8611
366	1303770760591	1	1.1238	1	0.8898
367	1303770760607	1	1.1238	1	0.8898
368	1303770760623	1	1.1238	1.0333	0.8611
369	1303770760640	1	1.1238	1.0333	0.8611
370	1303770760655	1	1.1238	1	0.8898
371	1303770760672	1	1.1238	1	0.8898
372	1303770760689	1	1.1238	1.0333	0.8611
373	1303770760704	1	1.1238	1	0.8898
374	1303770760721	1	1.1238	1	0.8898
375	1303770760736	1	1.1238	1.0333	0.8611
376	1303770760752	1	1.1238	1.0333	0.8611
377	1303770760769	1	1.1238	1	0.8898
378	1303770760784	1	1.1238	1	0.8898
379	1303770760841	1	1.1238	1.0333	0.8611
380	1303770760857	1	1.1238	1.0333	0.8611
381	1303770760873	1	1.1238	1	0.8898
382	1303770760889	1	1.1238	1	0.8898
383	1303770760905	1	1.1238	1.0333	0.8611
384	1303770760922	1	1.1238	1.0333	0.8611
385	1303770760938	1	1.1238	1	0.8898
386	1303770760954	1	1.1238	1	0.8898
387	1303770760970	1	1.1238	1.0333	0.8611
388	1303770760985	1	1.1238	1.0333	0.8611
389	1303770761002	1	1.1238	1	0.8898
390	1303770761018	1	1.1238	1	0.8898
391	1303770761034	1	1.1238	1.0333	0.8611
392	1303770761050	1	1.1238	1.0333	0.8611
393	1303770761067	1	1.1238	1	0.8898
394	1303770761083	1	1.1238	1	0.8898
395	1303770761140	1	1.1238	1.0333	0.8611
396	1303770761157	1	1.1238	1.0333	0.8611
397	1303770761173	1	1.1238	1	0.8898
398	1303770761198	1	1.145	1	0.8734
399	1303770761222	1	1.145	1.0333	0.8452
400	1303770761241	1	1.145	1.0333	0.8452
401	1303770761258	1	1.145	1	0.8734
402	1303770761275	1	1.145	1	0.8734
403	1303770761292	1	1.145	1.0333	0.8452
404	1303770761369	1	1.145	1	0.8734
405	1303770761387	1	1.145	1	0.8734
406	1303770761404	1	1.145	1.0333	0.8452
407	1303770761420	1	1.145	1.0333	0.8452
408	1303770761476	1	1.145	1	0.8734
409	1303770761493	1	1.145	1	0.8734
410	1303770761548	1	1.145	1.0333	0.8452
411	1303770761565	1	1.145	1.0333	0.8452
412	1303770761582	1	1.145	1	0.8734
413	1303770761598	1	1.145	1	0.8734
414	1303770761615	1	1.145	1.0333	0.8452
415	1303770761631	1	1.145	1.0333	0.8452
416	1303770761647	1	1.145	1	0.8734
417	1303770761664	1	1.145	1	0.8734
418	1303770761679	1	1.145	1.0333	0.8452
419	1303770761696	1	1.145	1.0333	0.8452
420	1303770761713	1	1.145	1	0.8734
421	1303770761729	1	1.145	1	0.8734
422	1303770761745	1	1.145	1.0333	0.8452
423	1303770761762	1	1.145	1.0333	0.8452
424	1303770761777	1	1.145	1	0.8734
425	1303770761794	1	1.145	1	0.8734
426	1303770761810	1	1.145	1.0333	0.8452
427	1303770761827	1	1.145	1.0333	0.8452
428	1303770761843	1	1.145	1	0.8734
429	1303770761859	1	1.145	1.0333	0.8452
430	1303770761876	1	1.145	1.0333	0.8452
431	1303770761893	1	1.145	1.0333	0.8452
432	1303770761908	1	1.145	1	0.8734
433	1303770761925	1	1.145	1.0333	0.8452
434	1303770761941	1	1.145	1.0333	0.8452
435	1303770761958	1	1.145	1.0333	0.8452
436	1303770761975	1	1.145	1	0.8734
437	1303770761991	1	1.145	1	0.8734
438	1303770762008	1	1.145	1.0333	0.8452
439	1303770762025	1	1.145	1.0333	0.8452
440	1303770762040	1	1.145	1	0.8734
441	1303770762056	1	1.145	1.0333	0.8452
442	1303770762072	1	1.145	1.0333	0.8452
443	1303770762129	1	1.145	1.0333	0.8452
444	1303770762146	1	1.145	1	0.8734
445	1303770762162	1	1.145	1.0333	0.8452
446	1303770762179	1	1.145	1.0333	0.8452
447	1303770762196	1	1.145	1.0333	0.8452
448	1303770762211	1	1.145	1	0.8734
449	1303770762228	1	1.145	1.0333	0.8452
450	1303770762245	1	1.145	1.0333	0.8452
451	1303770762301	1	1.145	1.0333	0.8452
452	1303770762318	1	1.145	1	0.8734
453	1303770762376	1	1.145	1.0333	0.8452
454	1303770762391	1	1.145	1.0333	0.8452
455	1303770762408	1	1.145	1.0333	0.8452
456	1303770762425	1	1.145	1	0.8734
457	1303770762441	1	1.145	1.0333	0.8452
458	1303770762457	1	1.145	1.0333	0.8452
459	1303770762483	1	1.145	1.0333	0.8452
460	1303770762505	1	1.145	1	0.8734
461	1303770762522	1	1.145	1.0333	0.8452
462	1303770762540	1	1.145	1.0333	0.8452
463	1303770762599	1	1.145	1.0333	0.8452
464	1303770762617	1	1.1511	1	0.8688
465	1303770762633	1	1.1511	1.0333	0.8407
466	1303770762651	1	1.1511	1.0333	0.8407
467	1303770762669	1	1.1511	1.0333	0.8407
468	1303770762686	1	1.1511	1	0.8688
469	1303770762704	1	1.1511	1.0333	0.8407
470	1303770762722	1	1.1511	1.0333	0.8407
471	1303770762740	1	1.1511	1.0333	0.8407
472	1303770762756	1	1.1511	1	0.8688
473	1303770762813	1	1.1511	1.0333	0.8407
474	1303770762831	1	1.1511	1.0333	0.8407
475	1303770762849	1	1.1511	1.0333	0.8407
476	1303770762865	1	1.1511	1	0.8688
477	1303770762922	1	1.1511	1.0333	0.8407
478	1303770762941	1	1.1511	1.0333	0.8407
479	1303770762959	1	1.1511	1.0333	0.8407
480	1303770763015	1	1.1511	1	0.8688
481	1303770763034	1	1.1511	1.0333	0.8407
482	1303770763052	1	1.1511	1.0333	0.8407
483	1303770763070	1	1.1511	1.0333	0.8407
484	1303770763086	1	1.1511	1	0.8688
485	1303770763104	1	1.1511	1.0333	0.8407
486	1303770763122	1	1.1511	1.0333	0.8407
487	1303770763140	1	1.1511	1.0333	0.8407
488	1303770763156	1	1.1511	1	0.8688
489	1303770763174	1	1.1511	1.0333	0.8407
490	1303770763233	1	1.1511	1.0333	0.8407
491	1303770763292	1	1.1511	1.0333	0.8407
492	1303770763308	1	1.1511	1	0.8688
493	1303770763326	1	1.1511	1.0333	0.8407
494	1303770763345	1	1.1511	1.0333	0.8407
495	1303770763402	1	1.1511	1.0333	0.8407
496	1303770763419	1	1.1511	1	0.8688
497	1303770763437	1	1.1511	1.0333	0.8407
498	1303770763455	1	1.1511	1.0333	0.8407
499	1303770763472	1	1.1511	1.0333	0.8407
500	1303770763489	1	1.1511	1	0.8688
501	1303770763507	1	1.1511	1.0333	0.8407
502	1303770763524	1	1.1511	1.0333	0.8407
503	1303770763542	1	1.1511	1.0333	0.8407
504	1303770763559	1	1.1511	1	0.8688
505	1303770763576	1	1.1511	1.0333	0.8407
506	1303770763594	1	1.1511	1.0333	0.8407
507	1303770763611	1	1.1511	1.0333	0.8407
508	1303770763629	1	1.1511	1	0.8688
509	1303770763647	1	1.1511	1.0333	0.8407
510	1303770763705	1	1.1511	1.0333	0.8407
511	1303770763722	1	1.1511	1.0333	0.8407
512	1303770763740	1	1.1511	1	0.8688
513	1303770763758	1	1.1511	1.0333	0.8407
514	1303770763776	1	1.1511	1.0333	0.8407
515	1303770763793	1	1.1511	1.0333	0.8407
516	1303770763811	1	1.1511	1	0.8688
517	1303770763828	1	1.1511	1.0333	0.8407
518	1303770763846	1	1.1511	1.0333	0.8407
519	1303770763863	1	1.1511	1.0333	0.8407
520	1303770763889	1	1.1511	1	0.8688
521	1303770763912	1	1.1511	1.0333	0.8407
522	1303770763931	1	1.1511	1.0333	0.8407
523	1303770763989	1	1.2107	1.0333	0.7993
524	1303770764005	1	1.2107	1	0.826
525	1303770764023	1	1.2107	1.0333	0.7993
526	1303770764041	1	1.2107	1.0333	0.7993
527	1303770764059	1	1.2107	1.0333	0.7993
528	1303770764076	1	1.2107	1	0.826
529	1303770764094	1	1.2107	1.0333	0.7993
530	1303770764151	1	1.2107	1.0333	0.7993
531	1303770764169	1	1.2107	1.0333	0.7993
532	1303770764186	1	1.2107	1	0.826
533	1303770764204	1	1.2107	1.0333	0.7993
534	1303770764222	1	1.2107	1.0333	0.7993
535	1303770764239	1	1.2107	1.0333	0.7993
536	1303770764257	1	1.2107	1.0333	0.7993
537	1303770764275	1	1.2107	1.0333	0.7993
538	1303770764333	1	1.2107	1.0333	0.7993
539	1303770764352	1	1.2107	1.0333	0.7993
540	1303770764368	1	1.2107	1.0333	0.7993
541	1303770764386	1	1.2107	1.0333	0.7993
542	1303770764404	1	1.2107	1.0333	0.7993
543	1303770764421	1	1.2107	1.0333	0.7993
544	1303770764439	1	1.2107	1.0333	0.7993
545	1303770764456	1	1.2107	1.0333	0.7993
546	1303770764474	1	1.2107	1.0333	0.7993
547	1303770764491	1	1.2107	1.0333	0.7993
548	1303770764510	1	1.2107	1	0.826
549	1303770764528	1	1.2107	1.0333	0.7993
550	1303770764546	1	1.2107	1.0333	0.7993
551	1303770764563	1	1.2107	1.0333	0.7993
552	1303770764580	1	1.2107	1	0.826
553	1303770764598	1	1.2107	1.0333	0.7993
554	1303770764615	1	1.2107	1.0333	0.7993
555	1303770764633	1	1.2107	1.0333	0.7993
556	1303770764651	1	1.2107	1	0.826
557	1303770764669	1	1.2107	1.0333	0.7993
558	1303770764693	1	1.2107	1.0333	0.7993
559	1303770764711	1	1.2107	1.0333	0.7993
560	1303770764729	1	1.2107	1.0333	0.7993
561	1303770764747	1	1.2107	1.0333	0.7993
562	1303770764804	1	1.2107	1.0333	0.7993
563	1303770764822	1	1.2107	1.0333	0.7993
564	1303770764840	1	1.2107	1.0333	0.7993
565	1303770764857	1	1.2107	1.0333	0.7993
566	1303770764874	1	1.2107	1.0333	0.7993
567	1303770764892	1	1.2107	1.0333	0.7993
568	1303770764910	1	1.2107	1	0.826
569	1303770764968	1	1.2107	1.0333	0.7993
570	1303770764985	1	1.2107	1.0333	0.7993
571	1303770765003	1	1.2107	1.0333	0.7993
572	1303770765021	1	1.2107	1	0.826
573	1303770765038	1	1.2107	1.0333	0.7993
574	1303770765056	1	1.2107	1.0333	0.7993
575	1303770765074	1	1.2107	1.0333	0.7993
576	1303770765092	1	1.2107	1	0.826
577	1303770765109	1	1.2107	1.0333	0.7993
578	1303770765127	1	1.2107	1.0333	0.7993
579	1303770765145	1	1.2107	1.0333	0.7993
580	1303770765163	1	1.2107	1	0.826
581	1303770765192	1	1.2107	1.0333	0.7993
582	1303770765218	1	1.0743	1.0333	0.9008
583	1303770765279	1	1.2005	1.0333	0.8061
584	1303770765297	1	1.2005	1.0333	0.8061
585	1303770765315	1	1.2005	1.0333	0.8061
586	1303770765331	1	1.2005	1.0333	0.8061
587	1303770765347	1	1.2005	1.0333	0.8061
588	1303770765404	1	1.2005	1	0.833
589	1303770765459	1	1.2005	1	0.833
590	1303770765476	1	1.2005	1	0.833
591	1303770765532	1	1.2005	1	0.833
592	1303770765588	1	1.2005	1	0.833
593	1303770765605	1	1.2005	1	0.833
594	1303770765622	1	1.2005	1	0.833
595	1303770765677	1	1.2005	1	0.833
596	1303770765733	1	1.2005	1	0.833
597	1303770765750	1	1.2005	1	0.833
598	1303770765765	1	1.2005	1	0.833
599	1303770765782	1	1.2005	1	0.833
600	1303770765799	1	1.2005	1	0.833
601	1303770765815	1	1.2005	1	0.833
602	1303770765832	1	1.2005	1	0.833
603	1303770765847	1	1.2005	1	0.833
604	1303770765864	1	1.2005	1	0.833
605	1303770765881	1	1.2005	1	0.833
606	1303770765896	1	1.2005	1	0.833
607	1303770765915	1	1.2005	1	0.833
608	1303770765973	1	1.2005	1	0.833
609	1303770765988	1	1.2005	1	0.833
610	1303770766005	1	1.2005	1	0.833
611	1303770766021	1	1.2005	1	0.833
612	1303770766037	1	1.2005	1	0.833
613	1303770766054	1	1.2005	1	0.833
614	1303770766069	1	1.2005	1	0.833
615	1303770766125	1	1.2005	1	0.833
616	1303770766142	1	1.2005	1	0.833
617	1303770766158	1	1.2005	1	0.833
618	1303770766174	1	1.2005	1	0.833
619	1303770766190	1	1.2005	1	0.833
620	1303770766206	1	1.2005	1	0.833
621	1303770766223	1	1.2005	1	0.833
622	1303770766239	1	1.2005	1	0.833
623	1303770766255	1	1.2005	1	0.833
624	1303770766270	1	1.2005	1	0.833
625	1303770766287	1	1.2005	1	0.833
626	1303770766303	1	1.2005	1	0.833
627	1303770766319	1	1.2005	1	0.833
628	1303770766335	1	1.2005	1	0.833
629	1303770766392	1	1.2005	1	0.833
630	1303770766408	1	1.2005	1	0.833
631	1303770766425	1	1.2005	1	0.833
632	1303770766440	1	1.2005	1	0.833
633	1303770766457	1	1.2005	1	0.833
634	1303770766474	1	1.2005	1	0.833
635	1303770766489	1	1.2005	1	0.833
636	1303770766506	1	1.2005	1	0.833
637	1303770766521	1	1.2005	1	0.833
638	1303770766538	1	1.2005	1	0.833
639	1303770766555	1	1.2005	1	0.833
640	1303770766571	1	1.2005	1	0.833
641	1303770766587	1	1.2005	1	0.833
642	1303770766612	1	1.2005	1	0.833
643	1303770766634	1	1.2005	1	0.833
644	1303770766650	1	1.2005	1	0.833
645	1303770766667	1	1.1762	1	0.8502
646	1303770766684	1	1.1762	1	0.8502
647	1303770766700	1	1.1762	1	0.8502
648	1303770766716	1	1.1762	1	0.8502
649	1303770766774	1	1.1762	1	0.8502
650	1303770766789	1	1.1762	1	0.8502
651	1303770766846	1	1.1762	1	0.8502
652	1303770766861	1	1.1762	1	0.8502
653	1303770766878	1	1.1762	1	0.8502
654	1303770766895	1	1.1762	1	0.8502
655	1303770766910	1	1.1762	1	0.8502
656	1303770766967	1	1.1762	1	0.8502
657	1303770766984	1	1.1762	1	0.8502
658	1303770766999	1	1.1762	1	0.8502
659	1303770767016	1	1.1762	1	0.8502
660	1303770767032	1	1.1762	1	0.8502
661	1303770767048	1	1.1762	1	0.8502
662	1303770767065	1	1.1762	1	0.8502
663	1303770767080	1	1.1762	1	0.8502
664	1303770767137	1	1.1762	1	0.8502
665	1303770767154	1	1.1762	1	0.8502
666	1303770767211	1	1.1762	1	0.8502
667	1303770767228	1	1.1762	1	0.8502
668	1303770767243	1	1.1762	1	0.8502
669	1303770767261	1	1.1762	1	0.8502
670	1303770767278	1	1.1762	1	0.8502
671	1303770767293	1	1.1762	1	0.8502
672	1303770767310	1	1.1762	1	0.8502
673	1303770767326	1	1.1762	1	0.8502
674	1303770767342	1	1.1762	1	0.8502
675	1303770767359	1	1.1762	1	0.8502
676	1303770767375	1	1.1762	1	0.8502
677	1303770767391	1	1.1762	1	0.8502
678	1303770767408	1	1.1762	1	0.8502
679	1303770767423	1	1.1762	1	0.8502
680	1303770767440	1	1.1762	1	0.8502
681	1303770767456	1	1.1762	1	0.8502
682	1303770767568	1	1.1762	1	0.8502
683	1303770767585	1	1.1762	1	0.8502
684	1303770767600	1	1.1762	1	0.8502
685	1303770767617	1	1.1762	1	0.8502
686	1303770767634	1	1.1762	1	0.8502
687	1303770767689	1	1.1762	1	0.8502
688	1303770767706	1	1.1762	1	0.8502
689	1303770767723	1	1.1762	1	0.8502
690	1303770767739	1	1.1762	1	0.8502
691	1303770767755	1	1.1762	1	0.8502
692	1303770767771	1	1.1762	1	0.8502
693	1303770767827	1	1.1762	1	0.8502
694	1303770767844	1	1.1762	1	0.8502
695	1303770767860	1	1.1762	1	0.8502
696	1303770767917	1	1.1762	1	0.8502
697	1303770767934	1	1.1762	1	0.8502
698	1303770767989	1	1.1762	1	0.8502
699	1303770768007	1	1.1762	1	0.8502
700	1303770768024	1	1.1762	1	0.8502
701	1303770768039	1	1.1762	1	0.8502
702	1303770768056	1	1.1762	1	0.8502
703	1303770768081	1	1.1762	1	0.8502
704	1303770768103	1	1.1762	1	0.8502
705	1303770768121	1	1.1762	1	0.8502
706	1303770768138	1	1.1773	1	0.8494
707	1303770768155	1	1.1773	1	0.8494
708	1303770768171	1	1.1773	1	0.8494
709	1303770768187	1	1.1773	1	0.8494
710	1303770768203	1	1.1773	1	0.8494
711	1303770768219	1	1.1773	1	0.8494
712	1303770768236	1	1.1773	1	0.8494
713	1303770768251	1	1.1773	1	0.8494
714	1303770768268	1	1.1773	1	0.8494
715	1303770768284	1	1.1773	1	0.8494
716	1303770768301	1	1.1773	1	0.8494
717	1303770768317	1	1.1773	1	0.8494
718	1303770768333	1	1.1773	1	0.8494
719	1303770768349	1	1.1773	1	0.8494
720	1303770768365	1	1.1773	1	0.8494
721	1303770768381	1	1.1773	1	0.8494
722	1303770768398	1	1.1773	1	0.8494
723	1303770768414	1	1.1773	1	0.8494
724	1303770768430	1	1.1773	1	0.8494
725	1303770768446	1	1.1773	1	0.8494
726	1303770768462	1	1.1773	1	0.8494
727	1303770768478	1	1.1773	1	0.8494
728	1303770768494	1	1.1773	1	0.8494
729	1303770768510	1	1.1773	1	0.8494
730	1303770768527	1	1.1773	1	0.8494
731	1303770768542	1	1.1773	1	0.8494
732	1303770768559	1	1.1773	1	0.8494
733	1303770768574	1	1.1773	1	0.8494
734	1303770768591	1	1.1773	1	0.8494
735	1303770768608	1	1.1773	1	0.8494
736	1303770768623	1	1.1773	1	0.8494
737	1303770768640	1	1.1773	1	0.8494
738	1303770768696	1	1.1773	1	0.8494
739	1303770768712	1	1.1773	1	0.8494
740	1303770768729	1	1.1773	1	0.8494
741	1303770768744	1	1.1773	1	0.8494
742	1303770768761	1	1.1773	1	0.8494
743	1303770768778	1	1.1773	1	0.8494
744	1303770768794	1	1.1773	1	0.8494
745	1303770768810	1	1.1773	1	0.8494
746	1303770768826	1	1.1773	1	0.8494
747	1303770768843	1	1.1773	1	0.8494
748	1303770768859	1	1.1773	1	0.8494
749	1303770768875	1	1.1773	1	0.8494
750	1303770768893	1	1.1773	1	0.8494
751	1303770768910	1	1.1773	1	0.8494
752	1303770768925	1	1.1773	1	0.8494
753	1303770768942	1	1.1773	1	0.8494
754	1303770768957	1	1.1773	1	0.8494
755	1303770769014	1	1.1773	1	0.8494
756	1303770769031	1	1.1773	1	0.8494
757	1303770769046	1	1.1773	1	0.8494
758	1303770769063	1	1.1773	1	0.8494
759	1303770769079	1	1.1773	1	0.8494
760	1303770769095	1	1.1773	1	0.8494
761	1303770769152	1	1.1773	1	0.8494
762	1303770769167	1	1.1773	1	0.8494
763	1303770769185	1	1.1773	1	0.8494
764	1303770769210	1	1.1773	1	0.8494
765	1303770769236	1	1.1773	1	0.8494
766	1303770769254	1	1.1773	1	0.8494
767	1303770769328	1	1.1773	1	0.8494
768	1303770769345	1	1.1773	1	0.8494
769	1303770769362	1	1.1773	1	0.8494
770	1303770769378	1	1.1773	1	0.8494
771	1303770769395	1	1.1773	1	0.8494
772	1303770769411	1	1.1773	1	0.8494
773	1303770769427	1	1.1773	1	0.8494
774	1303770769444	1	1.1773	1	0.8494
775	1303770769462	1	1.1773	1	0.8494
776	1303770769478	1	1.1773	1	0.8494
777	1303770769495	1	1.1773	1	0.8494
778	1303770769551	1	1.1773	1	0.8494
779	1303770769568	1	1.1773	1	0.8494
780	1303770769585	1	1.1773	1	0.8494
781	1303770769601	1	1.1773	1	0.8494
782	1303770769621	1	1.1773	1	0.8494
783	1303770769637	1	1.1773	1	0.8494
784	1303770769654	1	1.1773	1	0.8494
785	1303770769671	1	1.1773	1	0.8494
786	1303770769686	1	1.1773	1	0.8494
787	1303770769703	1	1.1773	1	0.8494
788	1303770769719	1	1.1773	1	0.8494
789	1303770769735	1	1.1773	1	0.8494
790	1303770769752	1	1.1773	1	0.8494
791	1303770769767	1	1.1773	1	0.8494
792	1303770769785	1	1.1773	1	0.8494
793	1303770769801	1	1.1773	1	0.8494
794	1303770769817	1	1.1773	1	0.8494
795	1303770769834	1	1.1773	1	0.8494
796	1303770769851	1	1.1773	1	0.8494
797	1303770769867	1	1.1773	1	0.8494
798	1303770769884	1	1.1773	1	0.8494
799	1303770769900	1	1.1773	1	0.8494
800	1303770769917	1	1.1773	1	0.8494
801	1303770769934	1	1.1773	1	0.8494
802	1303770769950	1	1.1773	1	0.8494
803	1303770769967	1	1.1773	1	0.8494
804	1303770769984	1	1.1773	1	0.8494
805	1303770770040	1	1.1773	1	0.8494
806	1303770770057	1	1.1773	1	0.8494
807	1303770770074	1	1.1773	1	0.8494
808	1303770770090	1	1.1773	1	0.8494
809	1303770770107	1	1.1773	1	0.8494
810	1303770770123	1	1.1773	1	0.8494
811	1303770770180	1	1.1773	1	0.8494
812	1303770770237	1	1.1773	1	0.8494
813	1303770770254	1	1.1773	1	0.8494
814	1303770770270	1	1.1773	1	0.8494
815	1303770770287	1	1.1773	1	0.8494
816	1303770770302	1	1.1773	1	0.8494
817	1303770770319	1	1.1773	1	0.8494
818	1303770770336	1	1.1773	1	0.8494
819	1303770770352	1	1.1773	1	0.8494
820	1303770770369	1	1.1773	1	0.8494
821	1303770770386	1	1.1773	1	0.8494
822	1303770770442	1	1.1773	1	0.8494
823	1303770770459	1	1.1773	1	0.8494
824	1303770770476	1	1.1773	1	0.8494
825	1303770770541	1	1.1773	1	0.8494
826	1303770770562	1	1.1773	1	0.8494
827	1303770770620	1	1.1472	1	0.8717
828	1303770770638	1	1.1472	1	0.8717
829	1303770770656	1	1.1472	1	0.8717
830	1303770770672	1	1.1472	1	0.8717
831	1303770770688	1	1.1472	1	0.8717
832	1303770770704	1	1.1472	1	0.8717
833	1303770770721	1	1.1472	1	0.8717
834	1303770770738	1	1.1472	1	0.8717
835	1303770770754	1	1.1472	1	0.8717
836	1303770770771	1	1.1472	1	0.8717
837	1303770770787	1	1.1472	1	0.8717
838	1303770770803	1	1.1472	1	0.8717
839	1303770770820	1	1.1472	1	0.8717
840	1303770770836	1	1.1472	1	0.8717
841	1303770770852	1	1.1472	1	0.8717
842	1303770770869	1	1.1472	1	0.8717
843	1303770770885	1	1.1472	1	0.8717
844	1303770770902	1	1.1472	1	0.8717
845	1303770770918	1	1.1472	1	0.8717
846	1303770770935	1	1.1472	1	0.8717
847	1303770770992	1	1.1472	1	0.8717
848	1303770771008	1	1.1472	1	0.8717
849	1303770771026	1	1.1472	1	0.8717
850	1303770771043	1	1.1472	1	0.8717
851	1303770771059	1	1.1472	1	0.8717
852	1303770771075	1	1.1472	1	0.8717
853	1303770771091	1	1.1472	1	0.8717
854	1303770771107	1	1.1472	1	0.8717
855	1303770771124	1	1.1472	1	0.8717
856	1303770771140	1	1.1472	1	0.8717
857	1303770771159	1	1.1472	1	0.8717
858	1303770771175	1	1.1472	1	0.8717
859	1303770771191	1	1.1472	1	0.8717
860	1303770771209	1	1.1472	1	0.8717
861	1303770771225	1	1.1472	1	0.8717
862	1303770771281	1	1.1472	1	0.8717
863	1303770771298	1	1.1472	1	0.8717
864	1303770771314	1	1.1472	1	0.8717
865	1303770771332	1	1.1472	1	0.8717
866	1303770771348	1	1.1472	1	0.8717
867	1303770771364	1	1.1472	1	0.8717
868	1303770771381	1	1.1472	1	0.8717
869	1303770771397	1	1.1472	1	0.8717
870	1303770771414	1	1.1472	1	0.8717
871	1303770771431	1	1.1472	1	0.8717
872	1303770771446	1	1.1472	1	0.8717
873	1303770771463	1	1.1472	1	0.8717
874	1303770771479	1	1.1472	1	0.8717
875	1303770771536	1	1.1472	1	0.8717
876	1303770771553	1	1.1472	1	0.8717
877	1303770771569	1	1.1472	1	0.8717
878	1303770771586	1	1.1472	1	0.8717
879	1303770771643	1	1.1472	1	0.8717
880	1303770771659	1	1.1472	1	0.8717
881	1303770771676	1	1.1472	1	0.8717
882	1303770771693	1	1.1472	1	0.8717
883	1303770771709	1	1.1472	1	0.8717
884	1303770771725	1	1.1472	1	0.8717
885	1303770771741	1	1.1472	1	0.8717
886	1303770771807	1	1.1472	1	0.8717
887	1303770771831	1	1.1472	1	0.8717
888	1303770771850	1	1.1472	1	0.8717
889	1303770771868	1	1.1472	1	0.8717
890	1303770771883	1	1.1596	1	0.8623
891	1303770771900	1	1.1596	1	0.8623
892	1303770771917	1	1.1596	1	0.8623
893	1303770771933	1	1.1596	1	0.8623
894	1303770771950	1	1.1596	1	0.8623
895	1303770771965	1	1.1596	1	0.8623
896	1303770771982	1	1.1596	1	0.8623
897	1303770771999	1	1.1596	1	0.8623
898	1303770772014	1	1.1596	1	0.8623
899	1303770772031	1	1.1596	1	0.8623
900	1303770772047	1	1.1596	1	0.8623
901	1303770772063	1	1.1596	1	0.8623
902	1303770772080	1	1.1596	1	0.8623
903	1303770772096	1	1.1596	1	0.8623
904	1303770772113	1	1.1596	1	0.8623
905	1303770772170	1	1.1596	1	0.8623
906	1303770772185	1	1.1596	1	0.8623
907	1303770772202	1	1.1596	1	0.8623
908	1303770772217	1	1.1596	1	0.8623
909	1303770772234	1	1.1596	1	0.8623
910	1303770772250	1	1.1596	1	0.8623
911	1303770772266	1	1.1596	1	0.8623
912	1303770772322	1	1.1596	1	0.8623
913	1303770772339	1	1.1596	1	0.8623
914	1303770772394	1	1.1596	1	0.8623
915	1303770772411	1	1.1596	1	0.8623
916	1303770772428	1	1.1596	1	0.8623
917	1303770772444	1	1.1596	1	0.8623
918	1303770772460	1	1.1596	1	0.8623
919	1303770772476	1	1.1596	1	0.8623
920	1303770772493	1	1.1596	1	0.8623
921	1303770772510	1	1.1596	1	0.8623
922	1303770772525	1	1.1596	1	0.8623
923	1303770772542	1	1.1596	1	0.8623
924	1303770772557	1	1.1596	1	0.8623
925	1303770772574	1	1.1596	1	0.8623
926	1303770772590	1	1.1596	1	0.8623
927	1303770772606	1	1.1596	1	0.8623
928	1303770772622	1	1.1596	1	0.8623
929	1303770772638	1	1.1596	1	0.8623
930	1303770772655	1	1.1596	1	0.8623
931	1303770772671	1	1.1596	1	0.8623
932	1303770772687	1	1.1596	1	0.8623
933	1303770772704	1	1.1596	1	0.8623
934	1303770772719	1	1.1596	1	0.8623
935	1303770772736	1	1.1596	1	0.8623
936	1303770772752	1	1.1596	1	0.8623
937	1303770772767	1	1.1596	1	0.8623
938	1303770772784	1	1.1596	1	0.8623
939	1303770772800	1	1.1596	1	0.8623
940	1303770772815	1	1.1596	1	0.8623
941	1303770772832	1	1.1596	1	0.8623
942	1303770772848	1	1.1596	1	0.8623
943	1303770772864	1	1.1596	1	0.8623
944	1303770772881	1	1.1596	1	0.8623
945	1303770772896	1	1.1596	1	0.8623
946	1303770772913	1	1.1596	1	0.8623
947	1303770772939	1	1.1596	1	0.8623
948	1303770772966	1	1.1596	1	0.8623
949	1303770772984	1	1.1596	1	0.8623
950	1303770773002	1	1.1596	1	0.8623
951	1303770773059	1	1.1858	1	0.8433
952	1303770773074	1	1.1858	1	0.8433
953	1303770773131	1	1.1858	1	0.8433
954	1303770773149	1	1.1858	1	0.8433
955	1303770773164	1	1.1858	1	0.8433
956	1303770773181	1	1.1858	1	0.8433
957	1303770773198	1	1.1858	1	0.8433
958	1303770773214	1	1.1858	1	0.8433
959	1303770773231	1	1.1858	1	0.8433
960	1303770773246	1	1.1858	1	0.8433
961	1303770773263	1	1.1858	1	0.8433
962	1303770773280	1	1.1858	1	0.8433
963	1303770773296	1	1.1858	1	0.8433
964	1303770773313	1	1.1858	1	0.8433
965	1303770773329	1	1.1858	1	0.8433
966	1303770773346	1	1.1858	1	0.8433
967	1303770773363	1	1.1858	1	0.8433
968	1303770773378	1	1.1858	1	0.8433
969	1303770773395	1	1.1858	1	0.8433
970	1303770773412	1	1.1858	1	0.8433
971	1303770773427	1	1.1858	1.0333	0.8161
972	1303770773444	1	1.1858	1	0.8433
973	1303770773460	1	1.1858	1	0.8433
974	1303770773476	1	1.1858	1	0.8433
975	1303770773493	1	1.1858	1	0.8433
976	1303770773508	1	1.1858	1	0.8433
977	1303770773525	1	1.1858	1.0333	0.8161
978	1303770773541	1	1.1858	1	0.8433
979	1303770773558	1	1.1858	1	0.8433
980	1303770773615	1	1.1858	1.0333	0.8161
981	1303770773631	1	1.1858	1	0.8433
982	1303770773648	1	1.1858	1	0.8433
983	1303770773665	1	1.1858	1.0333	0.8161
984	1303770773720	1	1.1858	1	0.8433
985	1303770773737	1	1.1858	1	0.8433
986	1303770773755	1	1.1858	1.0333	0.8161
987	1303770773770	1	1.1858	1	0.8433
988	1303770773787	1	1.1858	1	0.8433
989	1303770773803	1	1.1858	1.0333	0.8161
990	1303770773820	1	1.1858	1	0.8433
991	1303770773837	1	1.1858	1	0.8433
992	1303770773852	1	1.1858	1.0333	0.8161
993	1303770773869	1	1.1858	1	0.8433
994	1303770773926	1	1.1858	1	0.8433
995	1303770773942	1	1.1858	1.0333	0.8161
996	1303770773958	1	1.1858	1	0.8433
997	1303770773974	1	1.1858	1	0.8433
998	1303770773991	1	1.1858	1.0333	0.8161
999	1303770774008	1	1.1858	1	0.8433
1000	1303770774024	1	1.1858	1	0.8433
1001	1303770774040	1	1.1858	1.0333	0.8161
1002	1303770774098	1	1.1858	1	0.8433
1003	1303770774113	1	1.1858	1	0.8433
1004	1303770774130	1	1.1858	1.0333	0.8161
1005	1303770774146	1	1.1858	1	0.8433
1006	1303770774163	1	1.1858	1	0.8433
1007	1303770774179	1	1.1858	1.0333	0.8161
1008	1303770774206	1	1.1858	1	0.8433
1009	1303770774274	1	1.1858	1	0.8433
1010	1303770774293	1	1.1858	1.0333	0.8161
1011	1303770774310	1	1.1858	1	0.8433
1012	1303770774327	1	1.1731	1	0.8525
1013	1303770774343	1	1.1731	1.0333	0.825
1014	1303770774359	1	1.1731	1	0.8525
1015	1303770774376	1	1.1731	1	0.8525
1016	1303770774391	1	1.1731	1.0333	0.825
1017	1303770774408	1	1.1731	1	0.8525
1018	1303770774423	1	1.1731	1	0.8525
1019	1303770774440	1	1.1731	1.0333	0.825
1020	1303770774456	1	1.1731	1	0.8525
1021	1303770774472	1	1.1731	1	0.8525
1022	1303770774488	1	1.1731	1.0333	0.825
1023	1303770774504	1	1.1731	1	0.8525
1024	1303770774521	1	1.1731	1	0.8525
1025	1303770774537	1	1.1731	1.0333	0.825
1026	1303770774553	1	1.1731	1	0.8525
1027	1303770774570	1	1.1731	1	0.8525
1028	1303770774587	1	1.1731	1.0333	0.825
1029	1303770774602	1	1.1731	1	0.8525
1030	1303770774659	1	1.1731	1	0.8525
1031	1303770774675	1	1.1731	1.0333	0.825
1032	1303770774692	1	1.1731	1	0.8525
1033	1303770774708	1	1.1731	1	0.8525
1034	1303770774724	1	1.1731	1.0333	0.825
1035	1303770774740	1	1.1731	1	0.8525
1036	1303770774756	1	1.1731	1	0.8525
1037	1303770774813	1	1.1731	1.0333	0.825
1038	1303770774830	1	1.1731	1	0.8525
1039	1303770774877	1	1.1731	1	0.8525
1040	1303770774894	1	1.1731	1.0333	0.825
1041	1303770774911	1	1.1731	1	0.8525
1042	1303770774926	1	1.1731	1	0.8525
1043	1303770774984	1	1.1731	1.0333	0.825
1044	1303770775000	1	1.1731	1.0333	0.825
1045	1303770775016	1	1.1731	1	0.8525
1046	1303770775033	1	1.1731	1	0.8525
1047	1303770775048	1	1.1731	1.0333	0.825
1048	1303770775065	1	1.1731	1	0.8525
1049	1303770775081	1	1.1731	1	0.8525
1050	1303770775097	1	1.1731	1.0333	0.825
1051	1303770775113	1	1.1731	1	0.8525
1052	1303770775129	1	1.1731	1	0.8525
1053	1303770775146	1	1.1731	1.0333	0.825
1054	1303770775204	1	1.1731	1	0.8525
1055	1303770775220	1	1.1731	1	0.8525
1056	1303770775237	1	1.1731	1.0333	0.825
1057	1303770775254	1	1.1731	1	0.8525
1058	1303770775270	1	1.1731	1	0.8525
1059	1303770775287	1	1.1731	1.0333	0.825
1060	1303770775303	1	1.1731	1	0.8525
1061	1303770775360	1	1.1731	1	0.8525
1062	1303770775376	1	1.1731	1.0333	0.825
1063	1303770775392	1	1.1731	1	0.8525
1064	1303770775449	1	1.1731	1	0.8525
1065	1303770775466	1	1.1731	1.0333	0.825
1066	1303770775481	1	1.1731	1	0.8525
1067	1303770775498	1	1.1731	1	0.8525
1068	1303770775515	1	1.1731	1.0333	0.825
1069	1303770775540	1	1.1731	1	0.8525
1070	1303770775567	1	1.1731	1	0.8525
1071	1303770775586	1	1.1285	1.0333	0.8576
1072	1303770775604	1	1.1784	1	0.8486
1073	1303770775620	1	1.1784	1	0.8486
1074	1303770775637	1	1.1784	1.0333	0.8212
1075	1303770775653	1	1.1784	1	0.8486
1076	1303770775710	1	1.1784	1	0.8486
1077	1303770775727	1	1.1784	1.0333	0.8212
1078	1303770775744	1	1.1784	1	0.8486
1079	1303770775760	1	1.1784	1	0.8486
1080	1303770775777	1	1.1784	1.0333	0.8212
1081	1303770775794	1	1.1784	1	0.8486
1082	1303770775849	1	1.1784	1	0.8486
1083	1303770775866	1	1.1784	1.0333	0.8212
1084	1303770775882	1	1.1784	1.0333	0.8212
1085	1303770775899	1	1.1784	1	0.8486
1086	1303770775916	1	1.1784	1	0.8486
1087	1303770775931	1	1.1784	1.0333	0.8212
1088	1303770775948	1	1.1784	1.0333	0.8212
1089	1303770776005	1	1.1784	1	0.8486
1090	1303770776020	1	1.1784	1.0333	0.8212
1091	1303770776037	1	1.1784	1.0333	0.8212
1092	1303770776053	1	1.1784	1.0333	0.8212
1093	1303770776070	1	1.1784	1	0.8486
1094	1303770776087	1	1.1784	1	0.8486
1095	1303770776102	1	1.1784	1.0333	0.8212
1096	1303770776159	1	1.1784	1	0.8486
1097	1303770776176	1	1.1784	1	0.8486
1098	1303770776192	1	1.1784	1.0333	0.8212
1099	1303770776249	1	1.1784	1	0.8486
1100	1303770776266	1	1.1784	1	0.8486
1101	1303770776282	1	1.1784	1.0333	0.8212
1102	1303770776299	1	1.1784	1	0.8486
1103	1303770776315	1	1.1784	1	0.8486
1104	1303770776372	1	1.1784	1.0333	0.8212
1105	1303770776389	1	1.1784	1.0333	0.8212
1106	1303770776405	1	1.1784	1	0.8486
1107	1303770776421	1	1.1784	1	0.8486
1108	1303770776438	1	1.1784	1.0333	0.8212
1109	1303770776454	1	1.1784	1.0333	0.8212
1110	1303770776470	1	1.1784	1	0.8486
1111	1303770776486	1	1.1784	1.0333	0.8212
1112	1303770776543	1	1.1784	1.0333	0.8212
1113	1303770776560	1	1.1784	1.0333	0.8212
1114	1303770776616	1	1.1784	1	0.8486
1115	1303770776633	1	1.1784	1	0.8486
1116	1303770776650	1	1.1784	1.0333	0.8212
1117	1303770776666	1	1.1784	1	0.8486
1118	1303770776723	1	1.1784	1	0.8486
1119	1303770776739	1	1.1784	1.0333	0.8212
1120	1303770776756	1	1.1784	1	0.8486
1121	1303770776813	1	1.1784	1	0.8486
1122	1303770776829	1	1.1784	1.0333	0.8212
1123	1303770776846	1	1.1784	1	0.8486
1124	1303770776903	1	1.1784	1	0.8486
1125	1303770776919	1	1.1784	1.0333	0.8212
1126	1303770776936	1	1.1784	1	0.8486
1127	1303770776953	1	1.1784	1	0.8486
1128	1303770776969	1	1.1784	1.0333	0.8212
1129	1303770776986	1	1.1784	1.0333	0.8212
1130	1303770777012	1	1.1784	1	0.8486
1131	1303770777094	1	1.1784	1.0333	0.8212
1132	1303770777117	1	1.1784	1.0333	0.8212
1133	1303770777134	1	1.1784	1.0333	0.8212
1134	1303770777150	1	1.1722	1	0.8531
1135	1303770777167	1	1.1722	1.0333	0.8256
1136	1303770777183	1	1.1722	1.0333	0.8256
1137	1303770777241	1	1.1722	1.0333	0.8256
1138	1303770777258	1	1.1722	1	0.8531
1139	1303770777274	1	1.1722	1.0333	0.8256
1140	1303770777291	1	1.1722	1.0333	0.8256
1141	1303770777308	1	1.1722	1.0333	0.8256
1142	1303770777323	1	1.1722	1	0.8531
1143	1303770777340	1	1.1722	1.0333	0.8256
1144	1303770777356	1	1.1722	1.0333	0.8256
1145	1303770777412	1	1.1722	1.0333	0.8256
1146	1303770777469	1	1.1722	1	0.8531
1147	1303770777485	1	1.1722	1.0333	0.8256
1148	1303770777502	1	1.1722	1.0333	0.8256
1149	1303770777519	1	1.1722	1.0333	0.8256
1150	1303770777534	1	1.1722	1	0.8531
1151	1303770777551	1	1.1722	1.0333	0.8256
1152	1303770777567	1	1.1722	1.0333	0.8256
1153	1303770777583	1	1.1722	1.0333	0.8256
1154	1303770777640	1	1.1722	1	0.8531
1155	1303770777656	1	1.1722	1.0333	0.8256
1156	1303770777673	1	1.1722	1.0333	0.8256
1157	1303770777690	1	1.1722	1.0333	0.8256
1158	1303770777705	1	1.1722	1	0.8531
1159	1303770777722	1	1.1722	1.0333	0.8256
1160	1303770777738	1	1.1722	1.0333	0.8256
1161	1303770777755	1	1.1722	1.0333	0.8256
1162	1303770777771	1	1.1722	1	0.8531
1163	1303770777787	1	1.1722	1	0.8531
1164	1303770777844	1	1.1722	1.0333	0.8256
1165	1303770777860	1	1.1722	1.0333	0.8256
1166	1303770777877	1	1.1722	1	0.8531
1167	1303770777893	1	1.1722	1.0333	0.8256
1168	1303770777909	1	1.1722	1.0333	0.8256
1169	1303770777926	1	1.1722	1.0333	0.8256
1170	1303770777943	1	1.1722	1	0.8531
1171	1303770777959	1	1.1722	1.0333	0.8256
1172	1303770777975	1	1.1722	1.0333	0.8256
1173	1303770777991	1	1.1722	1.0333	0.8256
1174	1303770778008	1	1.1722	1	0.8531
1175	1303770778024	1	1.1722	1.0333	0.8256
1176	1303770778040	1	1.1722	1.0333	0.8256
1177	1303770778057	1	1.1722	1.0333	0.8256
1178	1303770778072	1	1.1722	1	0.8531
1179	1303770778089	1	1.1722	1.0333	0.8256
1180	1303770778105	1	1.1722	1.0333	0.8256
1181	1303770778121	1	1.1722	1.0333	0.8256
1182	1303770778177	1	1.1722	1	0.8531
1183	1303770778194	1	1.1722	1.0333	0.8256
1184	1303770778210	1	1.1722	1.0333	0.8256
1185	1303770778227	1	1.1722	1.0333	0.8256
1186	1303770778243	1	1.1722	1	0.8531
1187	1303770778259	1	1.1722	1.0333	0.8256
1188	1303770778276	1	1.1722	1.0333	0.8256
1189	1303770778292	1	1.1722	1.0333	0.8256
1190	1303770778309	1	1.1722	1	0.8531
1191	1303770778335	1	1.2499	1.0333	0.7743
1192	1303770778371	1	1.2323	1.0333	0.7853
1193	1303770778391	1	1.2323	1.0333	0.7853
1194	1303770778407	1	1.2323	1	0.8115
1195	1303770778424	1	1.2323	1	0.8115
1196	1303770778482	1	1.2323	1	0.8115
1197	1303770778498	1	1.2323	1	0.8115
1198	1303770778555	1	1.2323	1	0.8115
1199	1303770778573	1	1.2323	1	0.8115
1200	1303770778589	1	1.2323	1	0.8115
1201	1303770778606	1	1.2323	1	0.8115
1202	1303770778622	1	1.2323	1	0.8115
1203	1303770778640	1	1.2323	1	0.8115
1204	1303770778698	1	1.2323	1	0.8115
1205	1303770778715	1	1.2323	1	0.8115
1206	1303770778772	1	1.2323	1	0.8115
1207	1303770778790	1	1.2323	1	0.8115
1208	1303770778846	1	1.2323	1	0.8115
1209	1303770778863	1	1.2323	1	0.8115
1210	1303770778880	1	1.2323	1	0.8115
1211	1303770778896	1	1.2323	1	0.8115
1212	1303770778952	1	1.4218	1	0.7033
1213	1303770778970	1	1.4218	1	0.7033
1214	1303770778986	1	1.4218	1	0.7033
1215	1303770779003	1	1.4218	1	0.7033
1216	1303770779020	1	1.4218	1	0.7033
1217	1303770779036	1	1.4218	1	0.7033
1218	1303770779093	1	1.4218	1	0.7033
1219	1303770779109	1	1.4218	1	0.7033
1220	1303770779126	1	1.4218	1	0.7033
1221	1303770779143	1	1.4218	1	0.7033
1222	1303770779159	1	1.4218	1	0.7033
1223	1303770779175	1	1.4218	1	0.7033
1224	1303770779193	1	1.4218	1	0.7033
1225	1303770779209	1	1.4218	1	0.7033
1226	1303770779226	1	1.4218	1	0.7033
1227	1303770779283	1	1.4218	1	0.7033
1228	1303770779300	1	1.4218	1	0.7033
1229	1303770779318	1	1.4218	1	0.7033
1230	1303770779333	1	1.4218	1	0.7033
1231	1303770779350	1	1.4218	1	0.7033
1232	1303770779367	1	1.4218	1	0.7033
1233	1303770779383	1	1.4218	1	0.7033
1234	1303770779400	1	1.4218	1	0.7033
1235	1303770779416	1	1.4218	1	0.7033
1236	1303770779432	1	1.4218	1	0.7033
1237	1303770779449	1	1.4218	1	0.7033
1238	1303770779505	1	1.4218	1	0.7033
1239	1303770779561	1	1.4218	1	0.7033
1240	1303770779579	1	1.4218	1	0.7033
1241	1303770779595	1	1.4218	1	0.7033
1242	1303770779612	1	1.4218	1	0.7033
1243	1303770779629	1	1.4218	1	0.7033
1244	1303770779644	1	1.4218	1	0.7033
1245	1303770779661	1	1.4218	1	0.7033
1246	1303770779677	1	1.4218	1	0.7033
1247	1303770779694	1	1.4218	1	0.7033
1248	1303770779770	1	1.4218	1	0.7033
1249	1303770779786	1	1.4218	1	0.7033
1250	1303770779803	1	1.4218	1	0.7033
1251	1303770779819	1	1.4218	1	0.7033
1252	1303770779844	1	1.4218	1	0.7033
1253	1303770779871	1	1.3737	1	0.7279
1254	1303770779890	1	1.3737	1	0.7279
1255	1303770779908	1	1.3737	1	0.7279
1256	1303770779924	1	1.3737	1	0.7279
1257	1303770779941	1	1.3737	1	0.7279
1258	1303770779999	1	1.3737	1	0.7279
1259	1303770780055	1	1.5238	1	0.6562
1260	1303770780072	1	1.5238	1	0.6562
1261	1303770780090	1	1.5238	1	0.6562
1262	1303770780106	1	1.5238	1	0.6562
1263	1303770780123	1	1.5238	1	0.6562
1264	1303770780139	1	1.5238	1	0.6562
1265	1303770780156	1	1.5238	1	0.6562
1266	1303770780173	1	1.5238	1	0.6562
1267	1303770780189	1	1.5238	1	0.6562
1268	1303770780205	1	1.5238	1	0.6562
1269	1303770780221	1	1.5238	1	0.6562
1270	1303770780277	1	1.5238	1	0.6562
1271	1303770780295	1	1.5238	1	0.6562
1272	1303770780311	1	1.5238	1	0.6562
1273	1303770780328	1	1.5238	1	0.6562
1274	1303770780345	1	1.5238	1	0.6562
1275	1303770780361	1	1.5238	1	0.6562
1276	1303770780378	1	1.5238	1	0.6562
1277	1303770780393	1	1.5238	1	0.6562
1278	1303770780410	1	1.5238	1	0.6562
1279	1303770780427	1	1.5238	1	0.6562
1280	1303770780442	1	1.5238	1	0.6562
1281	1303770780459	1	1.5238	1	0.6562
1282	1303770780475	1	1.5238	1	0.6562
1283	1303770780492	1	1.5238	1	0.6562
1284	1303770780509	1	1.5238	1	0.6562
1285	1303770780525	1	1.5238	1	0.6562
1286	1303770780542	1	1.5238	1	0.6562
1287	1303770780559	1	1.5238	1.0333	0.6351
1288	1303770780575	1	1.5238	1	0.6562
1289	1303770780592	1	1.5238	1	0.6562
1290	1303770780608	1	1.5238	1	0.6562
1291	1303770780625	1	1.5238	1	0.6562
1292	1303770780642	1	1.5238	1	0.6562
1293	1303770780658	1	1.5238	1	0.6562
1294	1303770780674	1	1.5238	1.0333	0.6351
1295	1303770780731	1	1.5238	1	0.6562
1296	1303770780747	1	1.5238	1	0.6562
1297	1303770780805	1	1.5238	1	0.6562
1298	1303770780822	1	1.5238	1.0333	0.6351
1299	1303770780837	1	1.5238	1	0.6562
1300	1303770780854	1	1.5238	1	0.6562
1301	1303770780870	1	1.5238	1	0.6562
1302	1303770780887	1	1.5238	1	0.6562
1303	1303770780904	1	1.5238	1	0.6562
1304	1303770780919	1	1.5238	1	0.6562
1305	1303770780936	1	1.5238	1	0.6562
1306	1303770780952	1	1.5238	1	0.6562
1307	1303770780969	1	1.5238	1	0.6562
1308	1303770780986	1	1.5238	1	0.6562
1309	1303770781001	1	1.5238	1	0.6562
1310	1303770781058	1	1.5238	1	0.6562
1311	1303770781075	1	1.5238	1	0.6562
1312	1303770781091	1	1.5238	1	0.6562
1313	1303770781154	1	1.5238	1	0.6562
1314	1303770781181	1	1.5238	1	0.6562
1315	1303770781204	1	1.5238	1	0.6562
1316	1303770781224	1	1.5238	1	0.6562
1317	1303770781242	1	1.438	1	0.6954
1318	1303770781260	1	1.438	1	0.6954
1319	1303770781278	1	1.438	1	0.6954
1320	1303770781295	1	1.438	1	0.6954
1321	1303770781313	1	1.438	1	0.6954
1322	1303770781331	1	1.438	1	0.6954
1323	1303770781349	1	1.438	1	0.6954
1324	1303770781366	1	1.438	1	0.6954
1325	1303770781423	1	1.438	1	0.6954
1326	1303770781481	1	1.438	1	0.6954
1327	1303770781539	1	1.5583	1	0.6417
1328	1303770781597	1	1.5583	1	0.6417
1329	1303770781614	1	1.5583	1.0333	0.621
1330	1303770781632	1	1.5583	1	0.6417
1331	1303770781691	1	1.5583	1	0.6417
1332	1303770781709	1	1.5583	1	0.6417
1333	1303770781726	1	1.5583	1.0333	0.621
1334	1303770781744	1	1.5583	1	0.6417
1335	1303770781763	1	1.5583	1	0.6417
1336	1303770781779	1	1.5583	1	0.6417
1337	1303770781798	1	1.5583	1.0333	0.621
1338	1303770781816	1	1.5583	1	0.6417
1339	1303770781834	1	1.5583	1	0.6417
1340	1303770781851	1	1.5583	1	0.6417
1341	1303770781868	1	1.5583	1.0333	0.621
1342	1303770781886	1	1.5583	1	0.6417
1343	1303770781903	1	1.5583	1	0.6417
1344	1303770781921	1	1.5583	1	0.6417
1345	1303770781979	1	1.5583	1.0333	0.621
1346	1303770781997	1	1.5583	1	0.6417
1347	1303770782014	1	1.5583	1	0.6417
1348	1303770782032	1	1.5583	1	0.6417
1349	1303770782050	1	1.5583	1.0333	0.621
1350	1303770782067	1	1.5583	1	0.6417
1351	1303770782085	1	1.5583	1	0.6417
1352	1303770782102	1	1.5583	1	0.6417
1353	1303770782120	1	1.5583	1.0333	0.621
1354	1303770782137	1	1.5583	1	0.6417
1355	1303770782195	1	1.5583	1	0.6417
1356	1303770782214	1	1.5583	1	0.6417
1357	1303770782232	1	1.5583	1.0333	0.621
1358	1303770782248	1	1.5583	1	0.6417
1359	1303770782306	1	1.5583	1	0.6417
1360	1303770782324	1	1.5583	1	0.6417
1361	1303770782342	1	1.5583	1.0333	0.621
1362	1303770782359	1	1.5583	1	0.6417
1363	1303770782417	1	1.5583	1	0.6417
1364	1303770782435	1	1.5583	1	0.6417
1365	1303770782452	1	1.5583	1.0333	0.621
1366	1303770782470	1	1.5583	1	0.6417
1367	1303770782488	1	1.5583	1	0.6417
1368	1303770782506	1	1.5583	1	0.6417
1369	1303770782563	1	1.5583	1.0333	0.621
1370	1303770782581	1	1.5583	1	0.6417
1371	1303770782599	1	1.5583	1	0.6417
1372	1303770782617	1	1.5583	1	0.6417
1373	1303770782634	1	1.5583	1.0333	0.621
1374	1303770782657	1	1.5048	1	0.6645
1375	1303770782723	1	1.5032	1	0.6653
1376	1303770782782	1	1.5032	1	0.6653
1377	1303770782800	1	1.5032	1	0.6653
1378	1303770782817	1	1.5032	1	0.6653
1379	1303770782835	1	1.5032	1	0.6653
1380	1303770782853	1	1.5032	1	0.6653
1381	1303770782870	1	1.5032	1	0.6653
1382	1303770782887	1	1.5032	1	0.6653
1383	1303770782905	1	1.5032	1	0.6653
1384	1303770782923	1	1.5032	1	0.6653
1385	1303770782939	1	1.5032	1	0.6653
1386	1303770782957	1	1.5032	1	0.6653
1387	1303770782975	1	1.5032	1	0.6653
1388	1303770782993	1	1.5032	1	0.6653
1389	1303770783010	1	1.5032	1.0333	0.6438
1390	1303770783028	1	1.5032	1	0.6653
1391	1303770783046	1	1.5032	1	0.6653
1392	1303770783063	1	1.5032	1	0.6653
1393	1303770783081	1	1.5032	1.0333	0.6438
1394	1303770783099	1	1.5032	1	0.6653
1395	1303770783117	1	1.5032	1	0.6653
1396	1303770783134	1	1.5032	1	0.6653
1397	1303770783192	1	1.5032	1.0333	0.6438
1398	1303770783210	1	1.5032	1	0.6653
1399	1303770783228	1	1.5032	1	0.6653
1400	1303770783245	1	1.5032	1	0.6653
1401	1303770783264	1	1.5032	1.0333	0.6438
1402	1303770783281	1	1.5032	1	0.6653
1403	1303770783298	1	1.5032	1	0.6653
1404	1303770783316	1	1.5032	1	0.6653
1405	1303770783334	1	1.5032	1.0333	0.6438
1406	1303770783352	1	1.5032	1	0.6653
1407	1303770783369	1	1.5032	1	0.6653
1408	1303770783386	1	1.5032	1	0.6653
1409	1303770783404	1	1.5032	1.0333	0.6438
1410	1303770783421	1	1.5032	1	0.6653
1411	1303770783439	1	1.5032	1	0.6653
1412	1303770783456	1	1.5032	1	0.6653
1413	1303770783474	1	1.5032	1.0333	0.6438
1414	1303770783491	1	1.5032	1	0.6653
1415	1303770783509	1	1.5032	1	0.6653
1416	1303770783527	1	1.5032	1	0.6653
1417	1303770783544	1	1.5032	1.0333	0.6438
1418	1303770783562	1	1.5032	1	0.6653
1419	1303770783580	1	1.5032	1	0.6653
1420	1303770783598	1	1.5032	1	0.6653
1421	1303770783615	1	1.5032	1.0333	0.6438
1422	1303770783633	1	1.5032	1	0.6653
1423	1303770783650	1	1.5032	1	0.6653
1424	1303770783667	1	1.5032	1	0.6653
1425	1303770783685	1	1.5032	1.0333	0.6438
1426	1303770783703	1	1.5032	1	0.6653
1427	1303770783720	1	1.5032	1	0.6653
1428	1303770783737	1	1.5032	1	0.6653
1429	1303770783755	1	1.5032	1.0333	0.6438
1430	1303770783772	1	1.5032	1	0.6653
1431	1303770783789	1	1.5032	1	0.6653
1432	1303770783807	1	1.5032	1	0.6653
1433	1303770783825	1	1.5032	1.0333	0.6438
1434	1303770783883	1	1.5032	1	0.6653
1435	1303770783907	1	1.5032	1	0.6653
1436	1303770783932	1	1.5032	1	0.6653
1437	1303770783992	1	1.5032	1.0333	0.6438
1438	1303770784010	1	1.5032	1	0.6653
1439	1303770784029	1	1.5214	1	0.6573
1440	1303770784045	1	1.5214	1	0.6573
1441	1303770784063	1	1.5214	1	0.6573
1442	1303770784082	1	1.5214	1	0.6573
1443	1303770784099	1	1.5214	1	0.6573
1444	1303770784116	1	1.5214	1	0.6573
1445	1303770784134	1	1.5214	1	0.6573
1446	1303770784152	1	1.5214	1	0.6573
1447	1303770784170	1	1.5214	1	0.6573
1448	1303770784187	1	1.5214	1	0.6573
1449	1303770784205	1	1.5214	1.0333	0.6361
1450	1303770784223	1	1.5214	1.0333	0.6361
1451	1303770784240	1	1.5214	1	0.6573
1452	1303770784258	1	1.5214	1	0.6573
1453	1303770784276	1	1.5214	1	0.6573
1454	1303770784294	1	1.5214	1.0333	0.6361
1455	1303770784311	1	1.5214	1	0.6573
1456	1303770784329	1	1.5214	1	0.6573
1457	1303770784347	1	1.5214	1	0.6573
1458	1303770784364	1	1.5214	1.0333	0.6361
1459	1303770784382	1	1.5214	1	0.6573
1460	1303770784400	1	1.5214	1	0.6573
1461	1303770784418	1	1.5214	1	0.6573
1462	1303770784435	1	1.5214	1	0.6573
1463	1303770784453	1	1.5214	1	0.6573
1464	1303770784470	1	1.5214	1	0.6573
1465	1303770784487	1	1.5214	1	0.6573
1466	1303770784506	1	1.5214	1	0.6573
1467	1303770784524	1	1.5214	1	0.6573
1468	1303770784542	1	1.5214	1	0.6573
1469	1303770784559	1	1.5214	1	0.6573
1470	1303770784577	1	1.5214	1	0.6573
1471	1303770784635	1	1.5214	1	0.6573
1472	1303770784653	1	1.5214	1	0.6573
1473	1303770784670	1	1.5214	1	0.6573
1474	1303770784688	1	1.5214	1.0333	0.6361
1475	1303770784706	1	1.5214	1	0.6573
1476	1303770784724	1	1.5214	1	0.6573
1477	1303770784742	1	1.5214	1	0.6573
1478	1303770784760	1	1.5214	1.0333	0.6361
1479	1303770784778	1	1.5214	1	0.6573
1480	1303770784835	1	1.5214	1	0.6573
1481	1303770784853	1	1.5214	1	0.6573
1482	1303770784872	1	1.5214	1	0.6573
1483	1303770784889	1	1.5214	1	0.6573
1484	1303770784946	1	1.5214	1	0.6573
1485	1303770784965	1	1.5214	1	0.6573
1486	1303770784983	1	1.5214	1	0.6573
1487	1303770785002	1	1.5214	1	0.6573
1488	1303770785018	1	1.5214	1	0.6573
1489	1303770785036	1	1.5214	1	0.6573
1490	1303770785054	1	1.5214	1	0.6573
1491	1303770785071	1	1.5214	1	0.6573
1492	1303770785088	1	1.5214	1	0.6573
1493	1303770785106	1	1.5214	1	0.6573
1494	1303770785164	1	1.5214	1.0333	0.6361
1495	1303770785181	1	1.5214	1	0.6573
1496	1303770785206	1	1.5214	1	0.6573
1497	1303770785237	1	1.5214	1	0.6573
1498	1303770785255	1	1.5214	1.0333	0.6361
1499	1303770785273	1	1.5214	1.0333	0.6361
1500	1303770785290	1	1.5833	1	0.6316
1501	1303770785308	1	1.5833	1	0.6316
1502	1303770785326	1	1.5833	1	0.6316
1503	1303770785344	1	1.5833	1.0333	0.6112
1504	1303770785361	1	1.5833	1	0.6316
1505	1303770785379	1	1.5833	1	0.6316
1506	1303770785397	1	1.5833	1	0.6316
1507	1303770785454	1	1.5833	1.0333	0.6112
1508	1303770785473	1	1.5833	1.0333	0.6112
1509	1303770785492	1	1.5833	1	0.6316
1510	1303770785511	1	1.5833	1	0.6316
1511	1303770785528	1	1.5833	1	0.6316
1512	1303770785546	1	1.5833	1	0.6316
1513	1303770785564	1	1.5833	1.0333	0.6112
1514	1303770785581	1	1.5833	1	0.6316
1515	1303770785600	1	1.5833	1	0.6316
1516	1303770785658	1	1.5833	1	0.6316
1517	1303770785676	1	1.5833	1.0333	0.6112
1518	1303770785734	1	1.5833	1	0.6316
1519	1303770785751	1	1.5833	1	0.6316
1520	1303770785769	1	1.5833	1	0.6316
1521	1303770785788	1	1.5833	1.0333	0.6112
1522	1303770785805	1	1.5833	1.0333	0.6112
1523	1303770785823	1	1.5833	1	0.6316
1524	1303770785842	1	1.5833	1	0.6316
1525	1303770785860	1	1.5833	1	0.6316
1526	1303770785877	1	1.5833	1.0333	0.6112
1527	1303770785895	1	1.5833	1.0333	0.6112
1528	1303770785914	1	1.5833	1	0.6316
1529	1303770785931	1	1.5833	1	0.6316
1530	1303770785949	1	1.5833	1	0.6316
1531	1303770785967	1	1.5833	1.0333	0.6112
1532	1303770785986	1	1.5833	1	0.6316
1533	1303770786003	1	1.5833	1	0.6316
1534	1303770786021	1	1.5833	1	0.6316
1535	1303770786039	1	1.5833	1.0333	0.6112
1536	1303770786056	1	1.5833	1	0.6316
1537	1303770786075	1	1.5833	1	0.6316
1538	1303770786133	1	1.5833	1	0.6316
1539	1303770786152	1	1.5833	1.0333	0.6112
1540	1303770786210	1	1.5833	1.0333	0.6112
1541	1303770786227	1	1.5833	1	0.6316
1542	1303770786246	1	1.5833	1	0.6316
1543	1303770786264	1	1.5833	1	0.6316
1544	1303770786282	1	1.5833	1.0333	0.6112
1545	1303770786300	1	1.5833	1.0333	0.6112
1546	1303770786318	1	1.5833	1	0.6316
1547	1303770786337	1	1.5833	1	0.6316
1548	1303770786354	1	1.5833	1	0.6316
1549	1303770786372	1	1.5833	1.0333	0.6112
1550	1303770786390	1	1.5833	1	0.6316
1551	1303770786447	1	1.817	1	0.5504
1552	1303770786465	1	1.817	1	0.5504
1553	1303770786483	1	1.817	1.0333	0.5326
1554	1303770786541	1	1.817	1	0.5504
1555	1303770786558	1	1.817	1	0.5504
1556	1303770786577	1	1.817	1	0.5504
1557	1303770786602	1	1.817	1.0333	0.5326
1558	1303770786631	1	1.817	1.0333	0.5326
1559	1303770786649	1	1.817	1	0.5504
1560	1303770786668	1	1.817	1	0.5504
1561	1303770786685	1	1.8404	1	0.5434
1562	1303770786704	1	1.8404	1.0333	0.5258
1563	1303770786722	1	1.8404	1.0333	0.5258
1564	1303770786779	1	1.8404	1.0333	0.5258
1565	1303770786797	1	1.8404	1	0.5434
1566	1303770786816	1	1.8404	1	0.5434
1567	1303770786874	1	1.8404	1.0333	0.5258
1568	1303770786891	1	1.8404	1.0333	0.5258
1569	1303770786910	1	1.8404	1.0333	0.5258
1570	1303770786929	1	1.8404	1.0333	0.5258
1571	1303770786947	1	1.8404	1.0333	0.5258
1572	1303770786964	1	1.8404	1.0333	0.5258
1573	1303770786983	1	1.8404	1	0.5434
1574	1303770787001	1	1.8404	1	0.5434
1575	1303770787019	1	1.8404	1	0.5434
1576	1303770787037	1	1.8404	1.0333	0.5258
1577	1303770787056	1	1.8404	1.0333	0.5258
1578	1303770787115	1	1.8404	1.0333	0.5258
1579	1303770787132	1	1.8404	1.0333	0.5258
1580	1303770787151	1	1.8404	1.0333	0.5258
1581	1303770787170	1	1.8404	1.0333	0.5258
1582	1303770787188	1	1.8404	1	0.5434
1583	1303770787205	1	1.8404	1	0.5434
1584	1303770787264	1	1.8404	1	0.5434
1585	1303770787283	1	1.8404	1.0333	0.5258
1586	1303770787301	1	1.8404	1.0333	0.5258
1587	1303770787319	1	1.8404	1	0.5434
1588	1303770787337	1	1.8404	1	0.5434
1589	1303770787356	1	1.8404	1	0.5434
1590	1303770787374	1	1.8404	1.0333	0.5258
1591	1303770787391	1	1.8404	1.0333	0.5258
1592	1303770787410	1	1.8404	1.0333	0.5258
1593	1303770787428	1	1.8404	1	0.5434
1594	1303770787445	1	1.8404	1	0.5434
1595	1303770787464	1	1.8404	1	0.5434
1596	1303770787482	1	1.8404	1.0333	0.5258
1597	1303770787500	1	1.8404	1.0333	0.5258
1598	1303770787517	1	1.8404	1.0333	0.5258
1599	1303770787535	1	1.8404	1.0333	0.5258
1600	1303770787553	1	1.8404	1.0333	0.5258
1601	1303770787571	1	1.8404	1	0.5434
1602	1303770787589	1	1.8404	1	0.5434
1603	1303770787607	1	1.8404	1.0333	0.5258
1604	1303770787626	1	1.8404	1.0333	0.5258
1605	1303770787643	1	1.8404	1.0333	0.5258
1606	1303770787662	1	1.8404	1.0333	0.5258
1607	1303770787680	1	1.8404	1	0.5434
1608	1303770787738	1	1.8404	1	0.5434
1609	1303770787755	1	1.8404	1	0.5434
1610	1303770787814	1	3.0459	1.0333	0.3177
1611	1303770787833	1	3.0459	1.0333	0.3177
1612	1303770787850	1	3.0459	1.0333	0.3177
1613	1303770787868	1	3.0459	1	0.3283
1614	1303770787886	1	3.0459	1	0.3283
1615	1303770787905	1	3.0459	1	0.3283
1616	1303770787922	1	3.0459	1.0333	0.3177
1617	1303770787941	1	3.0459	1.0333	0.3177
1618	1303770788003	1	3.0459	1.0333	0.3177
1619	1303770788067	1	3.0459	1.0333	0.3177
1620	1303770788086	1	3.0459	1.0333	0.3177
1621	1303770788143	1	3.0453	1	0.3284
1622	1303770788162	1	3.0453	1	0.3284
1623	1303770788221	1	1.5539	1	0.6436
1624	1303770788280	1	1.5539	1.0333	0.6228
1625	1303770788299	1	1.5539	1.0333	0.6228
1626	1303770788316	1	1.5539	1.0333	0.6228
1627	1303770788335	1	1.5539	1.0333	0.6228
1628	1303770788354	1	1.5539	1.0333	0.6228
1629	1303770788372	1	1.5539	1.0333	0.6228
1630	1303770788390	1	1.5539	1.0333	0.6228
1631	1303770788408	1	1.5539	1.0333	0.6228
1632	1303770788427	1	1.5539	1.0333	0.6228
1633	1303770788444	1	1.5539	1.0333	0.6228
1634	1303770788463	1	1.5539	1.0333	0.6228
1635	1303770788481	1	1.5539	1	0.6436
1636	1303770788499	1	1.5539	1	0.6436
1637	1303770788517	1	1.5539	1.0333	0.6228
1638	1303770788535	1	1.5539	1.0333	0.6228
1639	1303770788554	1	1.5539	1.0333	0.6228
1640	1303770788571	1	1.5539	1.0333	0.6228
1641	1303770788590	1	1.5539	1.0333	0.6228
1642	1303770788608	1	1.5539	1.0333	0.6228
1643	1303770788626	1	1.5539	1.0333	0.6228
1644	1303770788644	1	1.5539	1.0333	0.6228
1645	1303770788662	1	1.5539	1.0333	0.6228
1646	1303770788681	1	1.5539	1.0333	0.6228
1647	1303770788698	1	1.5539	1.0333	0.6228
1648	1303770788717	1	1.5539	1	0.6436
1649	1303770788735	1	1.5539	1	0.6436
1650	1303770788752	1	1.5539	1	0.6436
1651	1303770788771	1	1.5539	1.0333	0.6228
1652	1303770788886	1	1.5539	1.0333	0.6228
1653	1303770788966	1	1.5539	1.0333	0.6228
1654	1303770788984	1	1.5539	1.0333	0.6228
1655	1303770789003	1	1.5539	1.0333	0.6228
1656	1303770789021	1	1.5539	1.0333	0.6228
1657	1303770789038	1	1.5539	1.0333	0.6228
1658	1303770789056	1	1.5539	1.0333	0.6228
1659	1303770789075	1	1.5539	1.0333	0.6228
1660	1303770789093	1	1.5539	1.0333	0.6228
1661	1303770789110	1	1.5539	1.0333	0.6228
1662	1303770789129	1	1.5539	1.0333	0.6228
1663	1303770789148	1	1.5539	1.0333	0.6228
1664	1303770789166	1	1.5539	1.0333	0.6228
1665	1303770789184	1	1.5539	1.0333	0.6228
1666	1303770789202	1	1.5539	1.0333	0.6228
1667	1303770789220	1	1.5539	1.0333	0.6228
1668	1303770789238	1	1.5539	1.0333	0.6228
1669	1303770789257	1	1.5539	1	0.6436
1670	1303770789276	1	1.5539	1	0.6436
1671	1303770789294	1	1.5539	1	0.6436
1672	1303770789311	1	1.5539	1.0333	0.6228
1673	1303770789329	1	1.5539	1.0333	0.6228
1674	1303770789348	1	1.5539	1.0333	0.6228
1675	1303770789365	1	1.5539	1.0333	0.6228
1676	1303770789384	1	1.5539	1.0333	0.6228
1677	1303770789402	1	1.5539	1.0333	0.6228
1678	1303770789421	1	1.5539	1.0333	0.6228
1679	1303770789441	1	1.5539	1.0333	0.6228
1680	1303770789463	1	1.5539	1.0333	0.6228
1681	1303770789522	1	1.5539	1.0333	0.6228
1682	1303770789541	1	1.5617	1.0333	0.6197
1683	1303770789560	1	1.5617	1.0333	0.6197
1684	1303770789578	1	1.5617	1.0333	0.6197
1685	1303770789599	1	1.5617	1.0333	0.6197
1686	1303770789721	1	1.5617	1.0333	0.6197
1687	1303770789739	1	1.5617	1.0333	0.6197
1688	1303770789757	1	1.5617	1.0333	0.6197
1689	1303770789817	1	1.5617	1	0.6403
1690	1303770789835	1	1.5617	1.0333	0.6197
1691	1303770789894	1	1.5617	1.0333	0.6197
1692	1303770789952	1	1.5617	1.0333	0.6197
1693	1303770789971	1	1.5617	1.0333	0.6197
1694	1303770789990	1	1.5617	1.0333	0.6197
1695	1303770790008	1	1.5617	1.0333	0.6197
1696	1303770790025	1	1.5617	1.0333	0.6197
1697	1303770790044	1	1.5617	1.0333	0.6197
1698	1303770790062	1	1.5617	1	0.6403
1699	1303770790119	1	1.5617	1.0333	0.6197
1700	1303770790178	1	1.4818	1.0333	0.6531
1701	1303770790197	1	1.4818	1.0333	0.6531
1702	1303770790216	1	1.4818	1.0333	0.6531
1703	1303770790233	1	1.4818	1.0333	0.6531
1704	1303770790252	1	1.4818	1.0333	0.6531
1705	1303770790271	1	1.4818	1.0333	0.6531
1706	1303770790289	1	1.4818	1	0.6749
1707	1303770790307	1	1.4818	1.0333	0.6531
1708	1303770790325	1	1.4818	1.0333	0.6531
1709	1303770790343	1	1.4818	1.0333	0.6531
1710	1303770790361	1	1.4818	1.0333	0.6531
1711	1303770790379	1	1.4818	1.0333	0.6531
1712	1303770790398	1	1.4818	1.0333	0.6531
1713	1303770790416	1	1.4818	1.0333	0.6531
1714	1303770790433	1	1.4818	1	0.6749
1715	1303770790452	1	1.4818	1.0333	0.6531
1716	1303770790470	1	1.4818	1.0333	0.6531
1717	1303770790487	1	1.4818	1.0333	0.6531
1718	1303770790506	1	1.4818	1.0333	0.6531
1719	1303770790524	1	1.4818	1.0333	0.6531
1720	1303770790543	1	1.4818	1.0333	0.6531
1721	1303770790560	1	1.4818	1	0.6749
1722	1303770790579	1	1.4818	1	0.6749
1723	1303770790597	1	1.4818	1.0333	0.6531
1724	1303770790615	1	1.4818	1.0333	0.6531
1725	1303770790633	1	1.4818	1.0333	0.6531
1726	1303770790651	1	1.4818	1.0333	0.6531
1727	1303770790670	1	1.4818	1.0333	0.6531
1728	1303770790687	1	1.4818	1	0.6749
1729	1303770790705	1	1.4818	1	0.6749
1730	1303770790724	1	1.4818	1.0333	0.6531
1731	1303770790742	1	1.4818	1.0333	0.6531
1732	1303770790800	1	1.4818	1.0333	0.6531
1733	1303770790819	1	1.4818	1.0333	0.6531
1734	1303770790837	1	1.4818	1.0333	0.6531
1735	1303770790854	1	1.4818	1	0.6749
1736	1303770790873	1	1.4818	1	0.6749
1737	1303770790892	1	1.4818	1.0333	0.6531
1738	1303770790950	1	1.4818	1.0333	0.6531
1739	1303770790967	1	1.4818	1.0333	0.6531
1740	1303770790988	1	1.4818	1.0333	0.6531
1741	1303770791011	1	1.4872	1.0333	0.6507
1742	1303770791030	1	1.4872	1	0.6724
1743	1303770791047	1	1.4872	1	0.6724
1744	1303770791065	1	1.4872	1.0333	0.6507
1745	1303770791084	1	1.4872	1.0333	0.6507
1746	1303770791102	1	1.4872	1.0333	0.6507
1747	1303770791119	1	1.4872	1.0333	0.6507
1748	1303770791138	1	1.4872	1.0333	0.6507
1749	1303770791156	1	1.4872	1	0.6724
1750	1303770791174	1	1.4872	1	0.6724
1751	1303770791192	1	1.4872	1.0333	0.6507
1752	1303770791210	1	1.4872	1.0333	0.6507
1753	1303770791229	1	1.4872	1.0333	0.6507
1754	1303770791247	1	1.4872	1.0333	0.6507
1755	1303770791265	1	1.4872	1.0333	0.6507
1756	1303770791283	1	1.4872	1.0333	0.6507
1757	1303770791300	1	1.4872	1.0333	0.6507
1758	1303770791319	1	1.4872	1	0.6724
1759	1303770791338	1	1.4872	1	0.6724
1760	1303770791397	1	1.4872	1.0333	0.6507
1761	1303770791414	1	1.4872	1.0333	0.6507
1762	1303770791432	1	1.4872	1.0333	0.6507
1763	1303770791451	1	1.4872	1.0333	0.6507
1764	1303770791470	1	1.4872	1.0333	0.6507
1765	1303770791487	1	1.4872	1.0333	0.6507
1766	1303770791506	1	1.4872	1.0333	0.6507
1767	1303770791524	1	1.4872	1.0333	0.6507
1768	1303770791583	1	1.4872	1.0333	0.6507
1769	1303770791600	1	1.4872	1	0.6724
1770	1303770791619	1	1.4872	1.0333	0.6507
1771	1303770791638	1	1.4872	1.0333	0.6507
1772	1303770791655	1	1.4872	1.0333	0.6507
1773	1303770791673	1	1.4872	1.0333	0.6507
1774	1303770791692	1	1.4872	1.0333	0.6507
1775	1303770791710	1	1.4872	1.0333	0.6507
1776	1303770791727	1	1.4872	1.0333	0.6507
1777	1303770791745	1	1.4872	1.0333	0.6507
1778	1303770791764	1	1.4872	1.0333	0.6507
1779	1303770791781	1	1.4872	1.0333	0.6507
1780	1303770791800	1	1.4872	1.0333	0.6507
1781	1303770791818	1	1.4872	1	0.6724
1782	1303770791836	1	1.4872	1.0333	0.6507
1783	1303770791853	1	1.4872	1.0333	0.6507
1784	1303770791871	1	1.4872	1.0333	0.6507
1785	1303770791890	1	1.4872	1.0333	0.6507
1786	1303770791907	1	1.4872	1.0333	0.6507
1787	1303770791925	1	1.4872	1.0333	0.6507
1788	1303770791944	1	1.4872	1.0333	0.6507
1789	1303770791962	1	1.4872	1.0333	0.6507
1790	1303770791979	1	1.4872	1.0333	0.6507
1791	1303770791998	1	1.4872	1.0333	0.6507
1792	1303770792016	1	1.4872	1.0333	0.6507
1793	1303770792034	1	1.4872	1.0333	0.6507
1794	1303770792052	1	1.4872	1	0.6724
1795	1303770792070	1	1.4872	1.0333	0.6507
1796	1303770792129	1	1.4872	1.0333	0.6507
1797	1303770792147	1	1.4872	1.0333	0.6507
1798	1303770792165	1	1.4872	1.0333	0.6507
1799	1303770792184	1	1.4872	1.0333	0.6507
1800	1303770792202	1	1.4872	1.0333	0.6507
