0	1303772979844	0	0	0	0
1	1303772979853	0	0	0	0
2	1303772979904	0	0	0	0
3	1303772979914	0	0	0	0
4	1303772979925	0	0	0	0
5	1303772979937	0	0	0	0
6	1303772979950	0	0	0	0
7	1303772979963	0	0	0	0
8	1303772979974	0	0	0	0
9	1303772979987	0	0	0	0
10	1303772979999	0	0	0	0
11	1303772980012	0	0	0	0
12	1303772980025	0	0	0	0
13	1303772980038	0	0	0	0
14	1303772980056	0	0	0	0
15	1303772980070	0	0	0	0
16	1303772980083	0	0	0	0
17	1303772980096	0	0	0	0
18	1303772980110	0	0	0	0
19	1303772980165	0	0	0	0
20	1303772980179	0	0	0	0
21	1303772980193	0	0	0	0
22	1303772980208	0	0	0	0
23	1303772980223	0	0	0	0
24	1303772980242	0	0	0	0
25	1303772980256	0	0	0	0
26	1303772980270	0	0	0	0
27	1303772980283	0	0	0	0
28	1303772980342	0	0	0	0
29	1303772980356	0	0	0	0
30	1303772980370	0	0	0	0
31	1303772980385	0	0	0	0
32	1303772980399	0	0	0	0
33	1303772980459	0	0	0	0
34	1303772980474	0	0	0	0
35	1303772980530	0	0	0	0
36	1303772980545	0	0	0	0
37	1303772980560	0	0	0	0
38	1303772980576	0	0	0	0
39	1303772980591	0	0	0	0
40	1303772980606	0	0	0	0
41	1303772980622	0	0	0	0
42	1303772980642	0	0	0	0
43	1303772980658	0	0	0	0
44	1303772980715	0	0	0	0
45	1303772980731	0	0	0	0
46	1303772980748	0	0	0	0
47	1303772980765	0	0	0	0
48	1303772980782	0	0	0	0
49	1303772980799	0	0	0	0
50	1303772980819	0	0	0	0
51	1303772980836	0	0	0	0
52	1303772980852	0	0	0	0
53	1303772980869	0	0	0	0
54	1303772980886	0	0	0	0
55	1303772980903	0	0	0	0
56	1303772980920	0	0	0	0
57	1303772980937	0	0	0	0
58	1303772980999	0	0	0	0
59	1303772981015	0	0	0	0
60	1303772981032	0	0	0	0
61	1303772981049	0	0	0	0
62	1303772981065	0	0	0	0
63	1303772981083	0	0	0	0
64	1303772981101	0	0	0	0
65	1303772981119	0	0	0	0
66	1303772981181	0	0	0	0
67	1303772981199	0	0	0	0
68	1303772981217	0	0	0	0
69	1303772981234	0	0	0	0
70	1303772981252	0	0	0	0
71	1303772981269	0	0	0	0
72	1303772981294	0.5	0	0	0
73	1303772981379	0.5	0	0	0
74	1303772981429	0.5	0	0	0
75	1303772981489	0.5	0	0	0
76	1303772981563	0.5	1.4172	0	0
77	1303772981647	0.5	1.4172	0	0
78	1303772981739	0.5	1.4172	0	0
79	1303772981835	0.5	1.4172	0	0
80	1303772981932	0.5	1.4172	1.5	0.2352
81	1303772982029	0.5	1.4172	1.5	0.2352
82	1303772982127	0.5	1.4172	1.5	0.2352
83	1303772982226	0.5	1.4172	1.5	0.2352
84	1303772982323	0.5	1.4172	1.4	0.252
85	1303772982426	0.5	1.4172	1.4	0.252
86	1303772982522	0.5	1.4172	1.4	0.252
87	1303772982619	0.5	1.4172	1.4167	0.249
88	1303772982757	0.5	1.4172	1.3333	0.2646
89	1303772982860	0.5	1.4172	1.3333	0.2646
90	1303772983003	0.5	1.4172	1.3571	0.26
91	1303772983098	0.5	1.4172	1.2857	0.2744
92	1303772983239	0.5	1.4172	1.3125	0.2688
93	1303772983336	0.5	1.4172	1.1875	0.2971
94	1303772983431	0.5	1.4172	1.1875	0.2971
95	1303772983529	0.5	1.4172	1.1875	0.2971
96	1303772983627	0.5	1.4172	1.1875	0.2971
97	1303772983724	0.5	1.4172	1.2143	0.2906
98	1303772983820	0.5	1.4172	1.2222	0.2887
99	1303772983919	0.5	1.4172	1.1667	0.3024
100	1303772984013	0.5	1.4172	1.1111	0.3175
101	1303772984112	0.5	1.4172	1.1875	0.2971
102	1303772984248	0.5	1.4172	1.15	0.3068
103	1303772984343	0.5	1.4172	1.15	0.3068
104	1303772984438	0.5	1.4172	1.05	0.336
105	1303772984537	0.5	1.4172	1.0455	0.3375
106	1303772984675	0.5	1.4172	1.15	0.3068
107	1303772984771	0.5	1.4172	1.15	0.3068
108	1303772984867	0.5	1.4172	1.1364	0.3105
109	1303772984967	0.5	1.4172	1.1364	0.3105
110	1303772985066	0.5	1.5514	1.1364	0.2836
111	1303772985165	0.5	1.5303	1.1667	0.2801
112	1303772985262	0.5	1.5303	1.2143	0.2691
113	1303772985361	0.5	1.5303	1.2143	0.2691
114	1303772985460	0.5	1.5303	1.1667	0.2801
115	1303772985560	0.5	1.5303	1.2143	0.2691
116	1303772985657	0.5	1.5303	1.2333	0.2649
117	1303772985752	0.5	1.5303	1.2333	0.2649
118	1303772985893	0.5	1.5303	1.25	0.2614
119	1303772985990	0.5	1.5303	1.2353	0.2645
120	1303772986087	0.5	1.5303	1.2188	0.2681
121	1303772986184	0.5	1.5303	1.25	0.2614
122	1303772986284	0.5	1.5303	1.1316	0.2887
123	1303772986387	0.5	1.5303	1.1389	0.2869
124	1303772986484	0.5	1.5184	1.1471	0.2871
125	1303772986583	0.5	1.5105	1.1944	0.2771
126	1303772986684	0.5	1.5105	1.1579	0.2859
127	1303772986780	0.5	1.5105	1.1389	0.2906
128	1303772986875	0.5	1.5105	1.1579	0.2859
129	1303772986971	0.5	1.5105	1.1389	0.2906
130	1303772987069	0.5	1.5105	1.1579	0.2859
131	1303772987165	0.5	1.5105	1.1316	0.2925
132	1303772987261	0.5	1.5105	1.1316	0.2925
133	1303772987357	0.5	1.5105	1.1316	0.2925
134	1303772987456	0.5	1.5105	1.1316	0.2925
135	1303772987551	0.5	1.5105	1.1579	0.2859
136	1303772987693	0.5	1.5105	1.15	0.2878
137	1303772987789	0.5	1.5105	1.1316	0.2925
138	1303772987887	0.5	1.5105	1.125	0.2942
139	1303772987986	0.5	1.5105	1.119	0.2958
140	1303772988082	0.5	1.5105	1.119	0.2958
141	1303772988182	0.5	1.5105	1.125	0.2942
142	1303772988279	0.5	1.5105	1.125	0.2942
143	1303772988378	0.5	1.5105	1.119	0.2958
144	1303772988474	0.5	1.5105	1.119	0.2958
145	1303772988568	0.5	1.5105	1.0952	0.3022
146	1303772988664	0.5	1.5105	1.1	0.3009
147	1303772988764	0.5	1.5105	1.075	0.3079
148	1303772988860	0.5	1.5105	1.0952	0.3022
149	1303772988955	0.5	1.5105	1.0714	0.3089
150	1303772989051	0.5	1.5105	1.0714	0.3089
151	1303772989192	0.5	1.5105	1.0714	0.3089
152	1303772989340	0.5	1.5105	1.0714	0.3089
153	1303772989439	0.5	1.5105	1.0714	0.3089
154	1303772989535	0.5	1.5105	1.0714	0.3089
155	1303772989676	0.5	1.5105	1.0714	0.3089
156	1303772989775	0.5	1.5105	1.0476	0.316
157	1303772989870	0.5	1.5105	1.0455	0.3166
158	1303772989966	0.5	1.5105	1.0476	0.316
159	1303772990062	0.5	1.5105	1.0455	0.3166
160	1303772990167	0.5	1.5105	1.0455	0.3166
161	1303772990264	0.5	1.5105	1.0455	0.3166
162	1303772990360	0.5	1.5105	1.0455	0.3166
163	1303772990459	0.5	1.5105	1.0455	0.3166
164	1303772990559	0.5	1.5105	1.0455	0.3166
165	1303772990662	0.5	1.5105	1.0455	0.3166
166	1303772990763	0.5	1.5105	1.0455	0.3166
167	1303772990861	0.5	1.5105	1.0455	0.3166
168	1303772990957	0.5	1.5105	1.0227	0.3237
169	1303772991055	0.5	1.5105	1.0455	0.3166
170	1303772991152	0.5	1.5105	1.0455	0.3166
171	1303772991250	0.5	1.5171	1.0455	0.3152
172	1303772991390	0.5	1.5171	1.0455	0.3152
173	1303772991490	0.5	1.5171	1.0455	0.3153
174	1303772991587	0.5	1.5171	1.0455	0.3153
175	1303772991684	0.5	1.5171	1.0455	0.3153
176	1303772991780	0.5	1.5171	1.0227	0.3223
177	1303772991879	0.5	1.5171	1.0455	0.3153
178	1303772991975	0.5	1.5171	1.0455	0.3153
179	1303772992071	0.5	1.5171	1.0455	0.3153
180	1303772992167	0.5	1.5171	1.0227	0.3223
181	1303772992266	0.5	1.5171	1.0455	0.3153
182	1303772992361	0.5	1.5171	1.0455	0.3153
183	1303772992457	0.5	1.5171	1.0455	0.3153
184	1303772992556	0.5	1.5171	1.0227	0.3223
185	1303772992659	0.5	1.5171	1.0455	0.3153
186	1303772992815	0.5	1.5588	1.0455	0.3068
187	1303772992971	0.5	1.5588	1.0455	0.3068
188	1303772993219	0.5	1.5588	1.0227	0.3136
189	1303772993336	0.5	1.5588	1.0455	0.3068
190	1303772993431	0.5	1.5588	1.0455	0.3068
191	1303772993531	0.5	1.5588	1.0455	0.3068
192	1303772993626	0.5	1.5588	1.0227	0.3136
193	1303772993724	0.5	1.5588	1.0455	0.3068
194	1303772993820	0.5	1.5588	1.0455	0.3068
195	1303772993958	0.5	1.5588	1.0455	0.3068
196	1303772994055	0.5	1.5588	1.0227	0.3136
197	1303772994150	0.5	1.5588	1.0455	0.3068
198	1303772994246	0.5	1.5588	1.0455	0.3068
199	1303772994342	0.5	1.5588	1.0455	0.3068
200	1303772994447	0.5	1.5588	1.0227	0.3136
201	1303772994542	0.5	1.5588	1.0435	0.3074
202	1303772994640	0.5	1.5588	1.0435	0.3074
203	1303772994777	0.5	1.5588	1.0435	0.3074
204	1303772994876	0.5	1.5588	1.0217	0.3139
205	1303772994972	0.5	1.5588	1.0435	0.3074
206	1303772995068	0.5	1.5588	1.0435	0.3074
207	1303772995164	0.5	1.5588	1.0435	0.3074
208	1303772995303	0.5	1.5588	1.0217	0.3139
209	1303772995401	0.5	1.5588	1.0435	0.3074
210	1303772995497	0.5	1.5588	1.0435	0.3074
211	1303772995597	0.5	1.5588	1.0435	0.3074
212	1303772995695	0.5	1.5588	1.0217	0.3139
213	1303772995801	0.5	1.5588	1.0435	0.3074
214	1303772995897	0.5	1.5588	1.0435	0.3074
215	1303772995992	0.5	1.5588	1.0435	0.3074
216	1303772996087	0.5	1.5588	1.0217	0.3139
217	1303772996223	0.5	1.5588	1.0435	0.3074
218	1303772996324	0.5	1.5588	1.0435	0.3074
219	1303772996421	0.5	1.5588	1.0435	0.3074
220	1303772996518	0.5	1.5588	1.0217	0.3139
221	1303772996616	0.5	1.5588	1.0435	0.3074
222	1303772996760	0.5	1.5588	1.0435	0.3074
223	1303772996855	0.5	1.5588	1.0435	0.3074
224	1303772996950	0.5	1.5588	1.0217	0.3139
225	1303772997046	0.5	1.5588	1.0435	0.3074
226	1303772997142	0.5	1.5588	1.0435	0.3074
227	1303772997241	0.5	1.5588	1.0435	0.3074
228	1303772997339	0.5	1.5588	1.0217	0.3139
229	1303772997435	0.5	1.5588	1.0435	0.3074
230	1303772997530	0.5	1.5588	1.0435	0.3074
231	1303772997629	0.5	1.5588	1.0435	0.3074
232	1303772997725	0.5	1.5183	1.0217	0.3223
233	1303772997822	0.5	1.5183	1.0435	0.3156
234	1303772997919	0.5	1.5183	1.0435	0.3156
235	1303772998014	0.5	1.5183	1.0435	0.3156
236	1303772998113	0.5	1.5183	1.0217	0.3223
237	1303772998210	0.5	1.5183	1.0435	0.3156
238	1303772998310	0.5	1.5183	1.0435	0.3156
239	1303772998406	0.5	1.5183	1.0435	0.3156
240	1303772998508	0.5	1.5183	1.0217	0.3223
241	1303772998611	0.5	1.5183	1.0435	0.3156
242	1303772998706	0.5	1.5183	1.0435	0.3156
243	1303772998802	0.5	1.5183	1.0435	0.3156
244	1303772998898	0.5	1.5183	1.0217	0.3223
245	1303772998996	0.5	1.5183	1.0435	0.3156
246	1303772999092	0.5	1.5183	1.0435	0.3156
247	1303772999311	0.5	1.5605	1.0435	0.3071
248	1303773000143	0.5	1.5605	1.0217	0.3136
249	1303773000444	0.5	1.5605	1.0435	0.3071
250	1303773000547	0.5	1.5605	1.0435	0.3071
251	1303773000646	0.5	1.5605	1.0435	0.3071
252	1303773000747	0.5	1.5605	1.0217	0.3136
253	1303773000847	0.5	1.5605	1.0435	0.3071
254	1303773000943	0.5	1.5605	1.0435	0.3071
255	1303773001041	0.5	1.5605	1.0435	0.3071
256	1303773001136	0.5	1.5605	1.0217	0.3136
257	1303773001234	0.5	1.5605	1.0435	0.3071
258	1303773001329	0.5	1.5605	1.0435	0.3071
259	1303773001426	0.5	1.5605	1.0417	0.3076
260	1303773001524	0.5	1.5605	1.0208	0.3139
261	1303773001620	0.5	1.5605	1.0417	0.3076
262	1303773001715	0.5	1.5605	1.0417	0.3076
263	1303773001810	0.5	1.5605	1.0417	0.3076
264	1303773001908	0.5	1.5605	1.0208	0.3139
265	1303773002004	0.5	1.5605	1.0417	0.3076
266	1303773002140	0.5	1.5605	1.0417	0.3076
267	1303773002235	0.5	1.5605	1.0417	0.3076
268	1303773002372	0.5	1.5605	1.0208	0.3139
269	1303773002471	0.5	1.5605	1.0417	0.3076
270	1303773002565	0.5	1.5605	1.0417	0.3076
271	1303773002660	0.5	1.5605	1.0417	0.3076
272	1303773002754	0.5	1.5605	1.0208	0.3139
273	1303773002849	0.5	1.5605	1.0417	0.3076
274	1303773002981	0.5	1.5605	1.0417	0.3076
275	1303773003088	0.5	1.5605	1.0417	0.3076
276	1303773003223	0.5	1.5605	1.0208	0.3139
277	1303773003362	0.5	1.5605	1.0417	0.3076
278	1303773003462	0.5	1.5605	1.0417	0.3076
279	1303773003606	0.5	1.5605	1.0417	0.3076
280	1303773003751	0.5	1.5605	1.0208	0.3139
281	1303773003888	0.5	1.5605	1.0417	0.3076
282	1303773003985	0.5	1.5605	1.0417	0.3076
283	1303773004085	0.5	1.5605	1.0417	0.3076
284	1303773004181	0.5	1.5605	1.0208	0.3139
285	1303773004277	0.5	1.5605	1.0417	0.3076
286	1303773004372	0.5	1.5605	1.0417	0.3076
287	1303773004467	0.5	1.5605	1.0417	0.3076
288	1303773004566	0.5	1.5605	1.0417	0.3076
289	1303773004661	0.5	1.5605	1.0417	0.3076
290	1303773004796	0.5	1.5605	1.0417	0.3076
291	1303773004893	0.5	1.5605	1.0417	0.3076
292	1303773004994	0.5	1.5605	1.0417	0.3076
293	1303773005091	0.5	1.5605	1.0417	0.3076
294	1303773005189	0.5	1.5605	1.0417	0.3076
295	1303773005286	0.5	1.5605	1.0417	0.3076
296	1303773005386	0.5	1.5362	1.0417	0.3125
297	1303773005483	0.5	1.5362	1.0417	0.3125
298	1303773005650	0.5	1.5362	1.0417	0.3125
299	1303773005746	0.5	1.5362	1.0417	0.3125
300	1303773005843	0.5	1.5362	1.0417	0.3125
301	1303773005943	0.5	1.5362	1.0417	0.3125
302	1303773006041	0.5	1.5362	1.0417	0.3125
303	1303773006138	0.5	1.5362	1.0417	0.3125
304	1303773006234	0.5	1.5362	1.0417	0.3125
305	1303773006376	0.5	1.5362	1.0417	0.3125
306	1303773006473	0.5	1.5362	1.0417	0.3125
307	1303773006570	0.5	1.5362	1.0417	0.3125
308	1303773006769	0.5	1.5362	1.0417	0.3125
309	1303773007400	0.5	1.5362	1.0417	0.3125
310	1303773007835	0.5	1.5362	1.0417	0.3125
311	1303773008951	0.5	1.5362	1.0417	0.3125
312	1303773009190	0.5	1.539	1.0417	0.3119
313	1303773009286	0.5	1.539	1.0417	0.3119
314	1303773009384	0.5	1.539	1.0417	0.3119
315	1303773009482	0.5	1.539	1.0417	0.3119
316	1303773009580	0.5	1.539	1.0417	0.3119
317	1303773009680	0.5	1.539	1.0417	0.3119
318	1303773009776	0.5	1.539	1.0417	0.3119
319	1303773009873	0.5	1.539	1.0417	0.3119
320	1303773009980	0.5	1.539	1.0417	0.3119
321	1303773010080	0.5	1.539	1.0417	0.3119
322	1303773010176	0.5	1.539	1.0417	0.3119
323	1303773010272	0.5	1.539	1.0435	0.3113
324	1303773010369	0.5	1.539	1.0417	0.3119
325	1303773010510	0.5	1.539	1.0833	0.2999
326	1303773010606	0.5	1.539	1.04	0.3124
327	1303773010703	0.5	1.539	1.04	0.3124
328	1303773010813	0.5	1.539	1.0417	0.3119
329	1303773010918	0.5	1.539	1.0417	0.3119
330	1303773011029	0.5	1.539	1.04	0.3124
331	1303773011126	0.5	1.539	1.04	0.3124
332	1303773011227	0.5	1.539	1.04	0.3124
333	1303773011326	0.5	1.539	1.04	0.3124
334	1303773011424	0.5	1.539	1.04	0.3124
335	1303773011520	0.5	1.539	1.04	0.3124
336	1303773011617	0.5	1.539	1.04	0.3124
337	1303773011716	0.5	1.539	1.04	0.3124
338	1303773011813	0.5	1.539	1.04	0.3124
339	1303773011909	0.5	1.539	1.04	0.3124
340	1303773012047	0.5	1.539	1.04	0.3124
341	1303773012187	0.5	1.539	1.04	0.3124
342	1303773012326	0.5	1.539	1.04	0.3124
343	1303773012422	0.5	1.539	1.04	0.3124
344	1303773012518	0.5	1.539	1.04	0.3124
345	1303773012619	0.5	1.539	1.04	0.3124
346	1303773012821	0.5	1.539	1.04	0.3124
347	1303773013007	0.5	1.539	1.04	0.3124
348	1303773013103	0.5	1.539	1.04	0.3124
349	1303773013203	0.5	1.539	1.04	0.3124
350	1303773013302	0.5	1.539	1.04	0.3124
351	1303773013440	0.5	1.539	1.04	0.3124
352	1303773013536	0.5	1.539	1.04	0.3124
353	1303773013674	0.5	1.539	1.04	0.3124
354	1303773013778	0.5	1.732	1.04	0.2776
355	1303773013891	0.5	1.5335	1.04	0.3135
356	1303773014006	0.5	1.5335	1.04	0.3135
357	1303773014122	0.5	1.5335	1.04	0.3135
358	1303773014219	0.5	1.5335	1.04	0.3135
359	1303773014314	0.5	1.5335	1.04	0.3135
360	1303773014409	0.5	1.5335	1.04	0.3135
361	1303773014504	0.5	1.5335	1.04	0.3135
362	1303773014605	0.5	1.5335	1.04	0.3135
363	1303773014699	0.5	1.5335	1.04	0.3135
364	1303773014793	0.5	1.5335	1.04	0.3135
365	1303773014929	0.5	1.5335	1.04	0.3135
366	1303773015028	0.5	1.5335	1.04	0.3135
367	1303773015162	0.5	1.5335	1.04	0.3135
368	1303773015291	0.5	1.5335	1.04	0.3135
369	1303773015459	0.5	1.5328	1.04	0.3136
370	1303773015630	0.5	1.5328	1.04	0.3136
371	1303773015741	0.5	1.5328	1.04	0.3136
372	1303773015836	0.5	1.5328	1.04	0.3136
373	1303773015934	0.5	1.5328	1.04	0.3136
374	1303773016029	0.5	1.5328	1.04	0.3136
375	1303773016123	0.5	1.5328	1.04	0.3136
376	1303773016217	0.5	1.5328	1.04	0.3136
377	1303773016312	0.5	1.5328	1.04	0.3136
378	1303773016451	0.5	1.5328	1.04	0.3136
379	1303773016546	0.5	1.5328	1.04	0.3136
380	1303773016641	0.5	1.5328	1.04	0.3136
381	1303773016737	0.5	1.5328	1.04	0.3136
382	1303773016832	0.5	1.5328	1.04	0.3136
383	1303773016970	0.5	1.5328	1.04	0.3136
384	1303773017065	0.5	1.5328	1.04	0.3136
385	1303773017160	0.5	1.5328	1.04	0.3136
386	1303773017254	0.5	1.5328	1.04	0.3136
387	1303773017353	0.5	1.5328	1.04	0.3136
388	1303773017447	0.5	1.5328	1.04	0.3136
389	1303773017582	0.5	1.5328	1.04	0.3136
390	1303773017676	0.5	1.5328	1.04	0.3136
391	1303773017771	0.5	1.5328	1.04	0.3136
392	1303773017910	0.5	1.5328	1.04	0.3136
393	1303773018004	0.5	1.5328	1.04	0.3136
394	1303773018099	0.5	1.5328	1.04	0.3136
395	1303773018194	0.5	1.5328	1.04	0.3136
396	1303773018289	0.5	1.5328	1.04	0.3136
397	1303773018387	0.5	1.5328	1.04	0.3136
398	1303773018482	0.5	1.5328	1.04	0.3136
399	1303773018616	0.5	1.5328	1.04	0.3136
400	1303773018711	0.5	1.5328	1.04	0.3136
401	1303773018808	0.5	1.5328	1.04	0.3136
402	1303773018903	0.5	1.5328	1.04	0.3136
403	1303773018997	0.5	1.5328	1.04	0.3136
404	1303773019091	0.5	1.5328	1.04	0.3136
405	1303773019186	0.5	1.5328	1.04	0.3136
406	1303773019284	0.5	1.5328	1.04	0.3136
407	1303773019379	0.5	1.5328	1.04	0.3136
408	1303773019473	0.5	1.5328	1.04	0.3136
409	1303773019568	0.5	1.5328	1.04	0.3136
410	1303773019662	0.5	1.5328	1.04	0.3136
411	1303773019760	0.5	1.5328	1.04	0.3136
412	1303773019854	0.5	1.5328	1.04	0.3136
413	1303773019949	0.5	1.5328	1.04	0.3136
414	1303773020085	0.5	1.5328	1.04	0.3136
415	1303773020187	0.5	1.5328	1.04	0.3136
416	1303773020413	0.5	1.5328	1.04	0.3136
417	1303773020640	0.5	1.5328	1.04	0.3136
418	1303773020778	0.5	1.5606	1.08	0.2966
419	1303773020877	0.5	1.5606	1.04	0.3081
420	1303773020972	0.5	1.5606	1.02	0.3141
421	1303773021067	0.5	1.5606	1.0192	0.3143
422	1303773021161	0.5	1.5606	1.0385	0.3085
423	1303773021257	0.5	1.5606	1.0192	0.3143
424	1303773021354	0.5	1.5606	1.0385	0.3085
425	1303773021449	0.5	1.5606	1.0577	0.3029
426	1303773021544	0.5	1.5606	1.0577	0.3029
427	1303773021638	0.5	1.5606	1.0769	0.2975
428	1303773021776	0.5	1.5606	1.0769	0.2975
429	1303773021870	0.5	1.5606	1.0769	0.2975
430	1303773022041	0.5	1.6021	1.0926	0.2856
431	1303773022633	0.5	1.6021	1.0385	0.3005
432	1303773022846	0.5	1.6021	1.0769	0.2898
433	1303773022941	0.5	1.6021	1.0926	0.2856
434	1303773023041	0.5	1.6021	1.0385	0.3005
435	1303773023134	0.5	1.6021	1.0769	0.2898
436	1303773023229	0.5	1.6021	1.0741	0.2906
437	1303773023324	0.5	1.6021	1.037	0.3009
438	1303773023421	0.5	1.6021	1.037	0.3009
439	1303773023516	0.5	1.6021	1.037	0.3009
440	1303773023611	0.5	1.6021	1.037	0.3009
441	1303773023705	0.5	1.6021	1.037	0.3009
442	1303773023799	0.5	1.6021	1.037	0.3009
443	1303773023897	0.5	1.6021	1.037	0.3009
444	1303773023992	0.5	1.6021	1.037	0.3009
445	1303773024086	0.5	1.6021	1.037	0.3009
446	1303773024220	0.5	1.6021	1.037	0.3009
447	1303773024354	0.5	1.6021	1.0536	0.2962
448	1303773024452	0.5	1.6021	1.037	0.3009
449	1303773024547	0.5	1.6021	1.037	0.3009
450	1303773024643	0.5	1.6021	1.0357	0.3013
451	1303773024738	0.5	1.6021	1.0357	0.3013
452	1303773024832	0.5	1.6021	1.0357	0.3013
453	1303773024928	0.5	1.6021	1.0357	0.3013
454	1303773025022	0.5	1.6021	1.0357	0.3013
455	1303773025117	0.5	1.6021	1.0357	0.3013
456	1303773025212	0.5	1.6021	1.0357	0.3013
457	1303773025309	0.5	1.6021	1.0357	0.3013
458	1303773025404	0.5	1.6021	1.0357	0.3013
459	1303773025499	0.5	1.6021	1.0357	0.3013
460	1303773025593	0.5	1.6021	1.0357	0.3013
461	1303773025728	0.5	1.69	1.0357	0.2857
462	1303773025827	0.5	1.69	1.0357	0.2857
463	1303773025922	0.5	1.69	1.0357	0.2857
464	1303773026017	0.5	1.69	1.0357	0.2857
465	1303773026112	0.5	1.69	1.0357	0.2857
466	1303773026247	0.5	1.69	1.0179	0.2907
467	1303773026345	0.5	1.69	1.0357	0.2857
468	1303773026440	0.5	1.69	1.0357	0.2857
469	1303773026535	0.5	1.69	1.0357	0.2857
470	1303773026672	0.5	1.69	1.0179	0.2907
471	1303773026769	0.5	1.69	1.0357	0.2857
472	1303773026864	0.5	1.69	1.0357	0.2857
473	1303773026999	0.5	1.7703	1.0357	0.2727
474	1303773027094	0.5	1.7703	1.0179	0.2775
475	1303773027188	0.5	1.7703	1.0357	0.2727
476	1303773027288	0.5	1.7703	1.0357	0.2727
477	1303773027401	0.5	1.8592	1.0357	0.2597
478	1303773027506	0.5	1.8591	1.0179	0.2642
479	1303773027603	0.5	1.8591	1.0357	0.2597
480	1303773027701	0.5	1.8591	1.0357	0.2597
481	1303773027796	0.5	1.8591	1.0357	0.2597
482	1303773027932	0.5	1.8591	1.0179	0.2642
483	1303773028026	0.5	1.8591	1.0357	0.2597
484	1303773028121	0.5	1.8591	1.0357	0.2597
485	1303773028220	0.5	1.8591	1.0357	0.2597
486	1303773028314	0.5	1.8591	1.0179	0.2642
487	1303773028409	0.5	1.8591	1.0357	0.2597
488	1303773028503	0.5	1.8591	1.0357	0.2597
489	1303773028601	0.5	1.8591	1.0357	0.2597
490	1303773028737	0.5	1.8591	1.0179	0.2642
491	1303773028840	0.5	1.8591	1.0357	0.2597
492	1303773028944	0.5	1.8591	1.0357	0.2597
493	1303773029044	0.5	1.8594	1.0357	0.2596
494	1303773029140	0.5	1.8594	1.0179	0.2642
495	1303773029235	0.5	1.8594	1.0357	0.2596
496	1303773029329	0.5	1.8594	1.0357	0.2596
497	1303773029424	0.5	1.8594	1.0357	0.2596
498	1303773029521	0.5	1.8594	1.0179	0.2642
499	1303773029657	0.5	1.8594	1.0357	0.2596
500	1303773029752	0.5	1.8594	1.0357	0.2596
501	1303773029846	0.5	1.8594	1.0357	0.2596
502	1303773029942	0.5	1.8594	1.0179	0.2642
503	1303773030040	0.5	1.8594	1.0357	0.2596
504	1303773030134	0.5	1.8594	1.0357	0.2596
505	1303773030230	0.5	1.8594	1.0357	0.2596
506	1303773030325	0.5	1.8594	1.0179	0.2642
507	1303773030423	0.5	1.8594	1.0357	0.2596
508	1303773030517	0.5	1.8594	1.0357	0.2596
509	1303773030627	0.5	1.8594	1.0357	0.2596
510	1303773030721	0.5	1.8594	1.0179	0.2642
511	1303773030816	0.5	1.8594	1.0357	0.2596
512	1303773030914	0.5	1.8594	1.0357	0.2596
513	1303773031009	0.5	1.8594	1.0357	0.2596
514	1303773031104	0.5	1.8594	1.0179	0.2642
515	1303773031199	0.5	1.8594	1.0357	0.2596
516	1303773031307	0.5	1.8594	1.0357	0.2596
517	1303773031404	0.5	1.8594	1.0357	0.2596
518	1303773031499	0.5	1.8594	1.0179	0.2642
519	1303773031594	0.5	1.8594	1.0357	0.2596
520	1303773031688	0.5	1.8594	1.0357	0.2596
521	1303773031782	0.5	1.8594	1.0357	0.2596
522	1303773031880	0.5	1.8594	1.0179	0.2642
523	1303773031975	0.5	1.8594	1.0357	0.2596
524	1303773032069	0.5	1.8594	1.0357	0.2596
525	1303773032165	0.5	1.8594	1.0357	0.2596
526	1303773032262	0.5	1.8594	1.0179	0.2642
527	1303773032357	0.5	1.8594	1.0357	0.2596
528	1303773032451	0.5	1.8594	1.0357	0.2596
529	1303773032545	0.5	1.8594	1.0357	0.2596
530	1303773032658	0.5	1.8594	1.0179	0.2642
531	1303773032756	0.5	1.8594	1.0357	0.2596
532	1303773032850	0.5	1.8594	1.0357	0.2596
533	1303773032944	0.5	1.8594	1.0357	0.2596
534	1303773033081	0.5	1.8594	1.0179	0.2642
535	1303773033176	0.5	1.8594	1.0357	0.2596
536	1303773033275	0.5	1.8594	1.0357	0.2596
537	1303773033377	0.5	1.8594	1.0357	0.2596
538	1303773033502	0.5	1.8594	1.0179	0.2642
539	1303773033610	0.5	1.8002	1.0357	0.2682
540	1303773033707	0.5	1.8001	1.0357	0.2682
541	1303773033803	0.5	1.8001	1.0357	0.2682
542	1303773033940	0.5	1.8001	1.0179	0.2729
543	1303773034035	0.5	1.8001	1.0357	0.2682
544	1303773034133	0.5	1.8001	1.0357	0.2682
545	1303773034270	0.5	1.8001	1.0357	0.2682
546	1303773034407	0.5	1.8001	1.0179	0.2729
547	1303773034502	0.5	1.8001	1.0179	0.2729
548	1303773034600	0.5	1.8001	1.0357	0.2682
549	1303773034695	0.5	1.8001	1.0357	0.2682
550	1303773034790	0.5	1.8001	1.0179	0.2729
551	1303773034885	0.5	1.8001	1.0179	0.2729
552	1303773034995	0.5	1.8004	1.0357	0.2681
553	1303773035123	0.5	1.8004	1.0179	0.2728
554	1303773035222	0.5	1.8004	1.0179	0.2728
555	1303773035318	0.5	1.8004	1.0357	0.2681
556	1303773035412	0.5	1.8004	1.0179	0.2728
557	1303773035509	0.5	1.8004	1.0179	0.2728
558	1303773035603	0.5	1.8004	1.0357	0.2681
559	1303773035697	0.5	1.8004	1.0179	0.2728
560	1303773035791	0.5	1.8004	1.0179	0.2728
561	1303773035889	0.5	1.8004	1.0357	0.2681
562	1303773036028	0.5	1.7201	1.0179	0.2856
563	1303773036122	0.5	1.7201	1.0179	0.2856
564	1303773036258	0.5	1.7201	1.0357	0.2807
565	1303773036352	0.5	1.7201	1.0179	0.2856
566	1303773036525	0.5	1.7201	1.0179	0.2856
567	1303773036660	0.5	1.7201	1.0357	0.2807
568	1303773036756	0.5	1.7201	1.0179	0.2856
569	1303773036850	0.5	1.7201	1.0179	0.2856
570	1303773036944	0.5	1.7201	1.0357	0.2807
571	1303773037041	0.5	1.7201	1.0179	0.2856
572	1303773037135	0.5	1.7201	1.0179	0.2856
573	1303773037229	0.5	1.7201	1.0357	0.2807
574	1303773037324	0.5	1.7201	1.0179	0.2856
575	1303773037420	0.5	1.7201	1.0179	0.2856
576	1303773037517	0.5	1.7201	1.0357	0.2807
577	1303773037612	0.5	1.7201	1.0179	0.2856
578	1303773037706	0.5	1.7201	1.0179	0.2856
579	1303773037801	0.5	1.7201	1.0357	0.2807
580	1303773037917	0.5	1.7201	1.0179	0.2856
581	1303773038015	0.5	1.7201	1.0179	0.2856
582	1303773038109	0.5	1.7201	1.0357	0.2807
583	1303773038204	0.5	1.7201	1.0179	0.2856
584	1303773038299	0.5	1.7201	1.0179	0.2856
585	1303773038397	0.5	1.7201	1.0357	0.2807
586	1303773038492	0.5	1.7201	1.0179	0.2856
587	1303773038599	0.5	1.7201	1.0179	0.2856
588	1303773038693	0.5	1.7201	1.0357	0.2807
589	1303773038789	1	1.7201	1.0179	0.5712
590	1303773038903	1	1.7201	1.0179	0.5712
591	1303773039020	1	1.7201	1.0517	0.5528
592	1303773039125	1	1.7201	1.0179	0.5712
593	1303773039234	1	1.7201	1.0172	0.5715
594	1303773039459	1	1.4763	1.0345	0.6548
595	1303773039592	1	1.6868	1.0172	0.5828
596	1303773039692	1	1.6868	1.0172	0.5828
597	1303773039789	1	1.6765	1.0172	0.5864
598	1303773039890	1	1.6757	1.0172	0.5866
599	1303773039987	1	1.6757	1.0172	0.5866
600	1303773040082	1	1.6757	1.0172	0.5866
601	1303773040217	1	1.6757	1.0172	0.5866
602	1303773040315	1	1.6757	1.0172	0.5866
603	1303773040410	1	1.6757	1.0172	0.5866
604	1303773040506	1	1.6757	1.0172	0.5866
605	1303773040601	1	1.6757	1.0172	0.5866
606	1303773040696	1	1.6757	1.0172	0.5866
607	1303773040798	1	1.6757	1.0172	0.5866
608	1303773040893	1	1.6757	1.0172	0.5866
609	1303773040988	1	1.6757	1.0172	0.5866
610	1303773041082	1	1.6757	1.0172	0.5866
611	1303773041187	1	1.6757	1.0172	0.5866
612	1303773041282	1	1.6757	1.0172	0.5866
613	1303773041389	1	1.676	1.0172	0.5865
614	1303773041511	1	1.676	1.0172	0.5865
615	1303773041616	1	1.676	1.0172	0.5865
616	1303773041711	1	1.676	1.0172	0.5865
617	1303773041805	1	1.676	1.0172	0.5865
618	1303773041901	1	1.676	1.0172	0.5865
619	1303773042037	1	1.7563	1.0172	0.5597
620	1303773042135	1	1.7563	1.0172	0.5597
621	1303773042230	1	1.7563	1.0172	0.5597
622	1303773042325	1	1.7563	1.0172	0.5597
623	1303773042420	1	1.7563	1.0172	0.5597
624	1303773042559	1	1.7563	1.0172	0.5597
625	1303773042654	1	1.7563	1.0172	0.5597
626	1303773042751	1	1.7563	1.0172	0.5597
627	1303773042846	1	1.7563	1.0172	0.5597
628	1303773042953	1	1.7563	1.0172	0.5597
629	1303773043051	1	1.7563	1.0172	0.5597
630	1303773043146	1	1.7563	1.0172	0.5597
631	1303773043240	1	1.7563	1.0172	0.5597
632	1303773043377	1	1.7563	1.0172	0.5597
633	1303773043516	1	1.7563	1.0172	0.5597
634	1303773043700	1	1.7563	1.0172	0.5597
635	1303773043857	1	1.7563	1.0172	0.5597
636	1303773043982	1	1.7563	1.0172	0.5597
637	1303773044107	1	1.7563	1.0172	0.5597
638	1303773044258	1	1.7563	1.0172	0.5597
639	1303773044352	1	1.7563	1.0172	0.5597
640	1303773044447	1	1.7563	1.0172	0.5597
641	1303773044542	1	1.7563	1.0172	0.5597
642	1303773044637	1	1.7563	1.0172	0.5597
643	1303773044775	1	1.7563	1.0172	0.5597
644	1303773044879	1	1.7563	1.0172	0.5597
645	1303773044974	1	1.7563	1.0172	0.5597
646	1303773045069	1	1.7563	1.0172	0.5597
647	1303773045167	1	1.7563	1.0172	0.5597
648	1303773045350	1	1.7563	1.0172	0.5597
649	1303773045491	1	1.7563	1.0172	0.5597
650	1303773045587	1	1.7563	1.0172	0.5597
651	1303773045681	1	1.7563	1.0172	0.5597
652	1303773045779	1	1.7563	1.0172	0.5597
653	1303773045873	1	1.7563	1.0172	0.5597
654	1303773045993	1	1.7563	1.0172	0.5597
655	1303773046381	1	1.8366	1.0172	0.5352
656	1303773046637	1	1.8366	1.0172	0.5352
657	1303773046780	1	1.8366	1.0172	0.5352
658	1303773046876	1	1.8366	1.0172	0.5352
659	1303773047036	1	1.8366	1.0172	0.5352
660	1303773047140	1	1.8366	1.0172	0.5352
661	1303773047239	1	1.8366	1.0172	0.5352
662	1303773047335	1	1.8366	1.0172	0.5352
663	1303773047432	1	1.8366	1.0172	0.5352
664	1303773047527	1	1.8366	1.0172	0.5352
665	1303773047622	1	1.8366	1.0172	0.5352
666	1303773047717	1	1.8366	1.0172	0.5352
667	1303773047815	1	1.8366	1.0172	0.5352
668	1303773047914	1	1.8366	1.0172	0.5352
669	1303773048008	1	1.8366	1.0172	0.5352
670	1303773048103	1	1.8366	1.0172	0.5352
671	1303773048198	1	1.8366	1.0172	0.5352
672	1303773048293	1	1.8366	1.0172	0.5352
673	1303773048392	1	1.8366	1.0172	0.5352
674	1303773048517	1	1.8366	1.0172	0.5352
675	1303773048650	1	1.8366	1.0172	0.5352
676	1303773048760	1	1.8366	1.0172	0.5352
677	1303773048856	1	1.8367	1.0172	0.5352
678	1303773048952	1	1.8367	1.0172	0.5352
679	1303773049047	1	1.8367	1.0172	0.5352
680	1303773049145	1	1.8367	1.0172	0.5352
681	1303773049283	1	1.8367	1.0172	0.5352
682	1303773049380	1	1.8367	1.0172	0.5352
683	1303773049497	1	1.8367	1.0172	0.5352
684	1303773049597	1	1.8367	1.0172	0.5352
685	1303773049694	1	1.8367	1.0172	0.5352
686	1303773049844	1	1.8367	1.0172	0.5352
687	1303773049967	1	1.8367	1.0172	0.5352
688	1303773050062	1	1.8367	1.0172	0.5352
689	1303773050157	1	1.8367	1.0172	0.5352
690	1303773050256	1	1.8367	1.0172	0.5352
691	1303773050388	1	1.8367	1.0172	0.5352
692	1303773050487	1	1.8367	1.0172	0.5352
693	1303773050581	1	1.8367	1.0172	0.5352
694	1303773050695	1	1.8367	1.0172	0.5352
695	1303773050844	1	1.8367	1.0172	0.5352
696	1303773050940	1	1.8367	1.0172	0.5352
697	1303773051034	1	1.8367	1.0172	0.5352
698	1303773051130	1	1.8367	1.0172	0.5352
699	1303773051228	1	1.8367	1.0172	0.5352
700	1303773051323	1	1.8367	1.0172	0.5352
701	1303773051418	1	1.8367	1.0172	0.5352
702	1303773051512	1	1.8367	1.0172	0.5352
703	1303773051607	1	1.8367	1.0172	0.5352
704	1303773051705	1	1.8367	1.0172	0.5352
705	1303773051801	1	1.8367	1.0172	0.5352
706	1303773051896	1	1.8367	1.0172	0.5352
707	1303773052032	1	1.8367	1.0172	0.5352
708	1303773052128	1	1.8367	1.0172	0.5352
709	1303773052228	1	1.8367	1.0172	0.5352
710	1303773052323	1	1.8367	1.0172	0.5352
711	1303773052418	1	1.8367	1.0172	0.5352
712	1303773052512	1	1.8367	1.0172	0.5352
713	1303773052610	1	1.8367	1.0172	0.5352
714	1303773052706	1	1.8367	1.0172	0.5352
715	1303773052879	1	1.8367	1.0172	0.5352
716	1303773053228	1	1.8367	1.0172	0.5352
717	1303773053409	1	1.8367	1.0172	0.5352
718	1303773053514	1	1.5863	1.0172	0.6197
719	1303773053612	1	1.5863	1.0172	0.6197
720	1303773053707	1	1.5863	1.0172	0.6197
721	1303773053802	1	1.5863	1.0172	0.6197
722	1303773053899	1	1.5863	1.0172	0.6197
723	1303773053994	1	1.5863	1.0172	0.6197
724	1303773054114	1	1.5863	1.0172	0.6197
725	1303773054225	1	1.5863	1.0172	0.6197
726	1303773054335	1	1.5863	1.0172	0.6197
727	1303773054431	1	1.5863	1.0172	0.6197
728	1303773054526	1	1.5863	1.0172	0.6197
729	1303773054621	1	1.5863	1.0172	0.6197
730	1303773054718	1	1.5863	1.0172	0.6197
731	1303773054816	1	1.5863	1.0172	0.6197
732	1303773054912	1	1.5863	1.0172	0.6197
733	1303773055008	1	1.5863	1.0172	0.6197
734	1303773055105	1	1.5863	1.0172	0.6197
735	1303773055211	1	1.5863	1.0172	0.6197
736	1303773055323	1	1.5863	1.0172	0.6197
737	1303773055419	1	1.5859	1.0172	0.6199
738	1303773055515	1	1.5859	1.0172	0.6199
739	1303773055610	1	1.5859	1.0172	0.6199
740	1303773055710	1	1.5859	1.0172	0.6199
741	1303773055805	1	1.5859	1.0172	0.6199
742	1303773055900	1	1.5859	1.0172	0.6199
743	1303773055995	1	1.5859	1.0172	0.6199
744	1303773056093	1	1.5859	1.0172	0.6199
745	1303773056241	1	1.5859	1.0172	0.6199
746	1303773056335	1	1.5859	1.0172	0.6199
747	1303773056429	1	1.5859	1.0172	0.6199
748	1303773056524	1	1.5859	1.0172	0.6199
749	1303773056621	1	1.5859	1.0172	0.6199
750	1303773056717	1	1.5859	1.0172	0.6199
751	1303773056812	1	1.5859	1.0172	0.6199
752	1303773056906	1	1.5859	1.0172	0.6199
753	1303773057002	1	1.5859	1.0172	0.6199
754	1303773057120	1	1.5859	1.0172	0.6199
755	1303773057215	1	1.5859	1.0172	0.6199
756	1303773057311	1	1.5859	1.0172	0.6199
757	1303773057406	1	1.5859	1.0172	0.6199
758	1303773057500	1	1.5859	1.0172	0.6199
759	1303773057598	1	1.5859	1.0172	0.6199
760	1303773057692	1	1.5859	1.0172	0.6199
761	1303773057787	1	1.5859	1.0172	0.6199
762	1303773057882	1	1.5859	1.0172	0.6199
763	1303773057979	1	1.5859	1.0172	0.6199
764	1303773058074	1	1.5859	1.0172	0.6199
765	1303773058169	1	1.5859	1.0172	0.6199
766	1303773058264	1	1.5859	1.0172	0.6199
767	1303773058359	1	1.5859	1.0172	0.6199
768	1303773058458	1	1.5859	1.0172	0.6199
769	1303773058619	1	1.5859	1.0172	0.6199
770	1303773058714	1	1.5859	1.0172	0.6199
771	1303773058809	1	1.5859	1.0172	0.6199
772	1303773058945	1	1.5859	1.0172	0.6199
773	1303773059084	1	1.5859	1.0172	0.6199
774	1303773059179	1	1.5859	1.0172	0.6199
775	1303773059275	1	1.5859	1.0172	0.6199
776	1303773059387	1	1.5859	1.0172	0.6199
777	1303773059583	1	1.7952	1.0172	0.5476
778	1303773059688	1	1.7952	1.0172	0.5476
779	1303773059788	1	1.7952	1.0172	0.5476
780	1303773059885	1	1.7952	1.0172	0.5476
781	1303773059981	1	1.7952	1.0172	0.5476
782	1303773060076	1	1.7952	1.0172	0.5476
783	1303773060171	1	1.7952	1.0172	0.5476
784	1303773060269	1	1.7952	1.0172	0.5476
785	1303773060363	1	1.7952	1.0172	0.5476
786	1303773060458	1	1.7952	1.0172	0.5476
787	1303773060553	1	1.7952	1.0172	0.5476
788	1303773060648	1	1.7952	1.0172	0.5476
789	1303773060745	1	1.7952	1.0172	0.5476
790	1303773060840	1	1.7952	1.0172	0.5476
791	1303773060935	1	1.7952	1.0172	0.5476
792	1303773061030	1	1.7952	1.0172	0.5476
793	1303773061128	1	1.7952	1.0172	0.5476
794	1303773061223	1	1.7952	1.0172	0.5476
795	1303773061318	1	1.7952	1.0172	0.5476
796	1303773061434	1	1.7952	1.0172	0.5476
797	1303773061586	1	1.7952	1.0172	0.5476
798	1303773061693	1	1.7952	1.0172	0.5476
799	1303773061788	1	1.7952	1.0172	0.5476
800	1303773061923	1	1.7952	1.0172	0.5476
801	1303773062021	1	1.7952	1.0172	0.5476
802	1303773062116	1	1.7952	1.0172	0.5476
803	1303773062211	1	1.7952	1.0172	0.5476
804	1303773062306	1	1.7952	1.0172	0.5476
805	1303773062402	1	1.7952	1.0172	0.5476
806	1303773062500	1	1.7952	1.0172	0.5476
807	1303773062595	1	1.7952	1.0172	0.5476
808	1303773062690	1	1.7952	1	0.5571
809	1303773062784	1	1.7952	1.0172	0.5476
810	1303773062882	1	1.7952	1.0172	0.5476
811	1303773062977	1	1.7952	1.0172	0.5476
812	1303773063113	1	1.7952	1	0.5571
813	1303773063207	1	1.7952	1.0172	0.5476
814	1303773063303	1	1.7952	1.0172	0.5476
815	1303773063443	1	1.7952	1.0172	0.5476
816	1303773063579	1	1.7952	1	0.5571
817	1303773063674	1	1.7952	1.0172	0.5476
818	1303773063769	1	1.7952	1.0172	0.5476
819	1303773063864	1	1.7952	1.0172	0.5476
820	1303773063962	1	1.7952	1	0.5571
821	1303773064057	1	1.7952	1.0172	0.5476
822	1303773064151	1	1.7952	1.0172	0.5476
823	1303773064245	1	1.7952	1.0172	0.5476
824	1303773064343	1	1.7952	1	0.5571
825	1303773064480	1	1.7952	1.0172	0.5476
826	1303773064575	1	1.7952	1.0172	0.5476
827	1303773064670	1	1.7952	1.0172	0.5476
828	1303773064765	1	1.7952	1	0.5571
829	1303773064863	1	1.7952	1.0172	0.5476
830	1303773064958	1	1.7952	1.0172	0.5476
831	1303773065051	1	1.7952	1.0172	0.5476
832	1303773065146	1	1.7952	1.0172	0.5476
833	1303773065241	1	1.7952	1.0172	0.5476
834	1303773065340	1	1.7952	1.0172	0.5476
835	1303773065434	1	1.7952	1.0172	0.5476
836	1303773065529	1	1.7952	1.0172	0.5476
837	1303773065649	1	1.7952	1.0172	0.5476
838	1303773065950	1	1.7952	1.0172	0.5476
839	1303773066070	1	1.7952	1.0172	0.5476
840	1303773066168	1	1.7952	1.0172	0.5476
841	1303773066264	1	1.7952	1.0172	0.5476
842	1303773066359	1	1.7952	1.0172	0.5476
843	1303773066453	1	1.7952	1.0172	0.5476
844	1303773066551	1	1.7952	1.0172	0.5476
845	1303773066647	1	1.7952	1.0172	0.5476
846	1303773066807	1	1.7952	1.0172	0.5476
847	1303773066902	1	1.7952	1.0172	0.5476
848	1303773066996	1	1.7952	1.0172	0.5476
849	1303773067094	1	1.7952	1.0172	0.5476
850	1303773067188	1	1.7952	1.0172	0.5476
851	1303773067283	1	1.7952	1.0172	0.5476
852	1303773067378	1	1.7952	1.0172	0.5476
853	1303773067476	1	1.7952	1.0172	0.5476
854	1303773067611	1	1.8222	1.0172	0.5395
855	1303773067706	1	1.8222	1.0172	0.5395
856	1303773067801	1	1.8222	1.0172	0.5395
857	1303773067931	1	1.8222	1.0172	0.5395
858	1303773068350	1	1.8222	1.0172	0.5395
859	1303773068570	1	1.8222	1.0172	0.5395
860	1303773068665	1	1.8222	1.0172	0.5395
861	1303773068763	1	1.8222	1.0172	0.5395
862	1303773068858	1	1.8222	1.0172	0.5395
863	1303773068953	1	1.8222	1.0172	0.5395
864	1303773069089	1	1.8222	1.0172	0.5395
865	1303773069184	1	1.8222	1.0172	0.5395
866	1303773069281	1	1.8222	1.0172	0.5395
867	1303773069418	1	1.798	1.0172	0.5468
868	1303773069512	1	1.798	1.0172	0.5468
869	1303773069647	1	1.798	1.0172	0.5468
870	1303773069744	1	1.798	1.0172	0.5468
871	1303773069840	1	1.798	1.0172	0.5468
872	1303773069934	1	1.798	1.0172	0.5468
873	1303773070029	1	1.798	1.0172	0.5468
874	1303773070124	1	1.798	1.0172	0.5468
875	1303773070220	1	1.798	1.0172	0.5468
876	1303773070316	1	1.798	1.0172	0.5468
877	1303773070410	1	1.798	1.0172	0.5468
878	1303773070505	1	1.798	1.0172	0.5468
879	1303773070599	1	1.798	1.0172	0.5468
880	1303773070696	1	1.798	1.0172	0.5468
881	1303773070791	1	1.798	1.0172	0.5468
882	1303773070886	1	1.798	1.0172	0.5468
883	1303773070980	1	1.798	1.0172	0.5468
884	1303773071075	1	1.798	1.0172	0.5468
885	1303773071214	1	1.798	1.0172	0.5468
886	1303773071308	1	1.798	1.0172	0.5468
887	1303773071403	1	1.798	1.0172	0.5468
888	1303773071498	1	1.798	1.0172	0.5468
889	1303773071596	1	1.798	1.0172	0.5468
890	1303773071689	1	1.798	1.0172	0.5468
891	1303773071784	1	1.798	1.0172	0.5468
892	1303773071879	1	1.798	1.0172	0.5468
893	1303773071974	1	1.798	1.0172	0.5468
894	1303773072071	1	1.798	1.0172	0.5468
895	1303773072166	1	1.798	1.0172	0.5468
896	1303773072260	1	1.798	1.0172	0.5468
897	1303773072355	1	1.798	1.0172	0.5468
898	1303773072470	1	1.798	1.0172	0.5468
899	1303773072684	1	1.798	1.0172	0.5468
900	1303773072792	1	1.798	1.0172	0.5468
901	1303773072892	1	1.798	1.0172	0.5468
902	1303773072988	1	1.798	1.0172	0.5468
903	1303773073085	1	1.798	1.0172	0.5468
904	1303773073179	1	1.798	1.0172	0.5468
905	1303773073274	1	1.798	1.0172	0.5468
906	1303773073413	1	1.798	1.0172	0.5468
907	1303773073509	1	1.798	1.0172	0.5468
908	1303773073604	1	1.798	1.0172	0.5468
909	1303773073698	1	1.798	1.0172	0.5468
910	1303773073793	1	1.798	1.0172	0.5468
911	1303773073890	1	1.798	1.0172	0.5468
912	1303773073985	1	1.798	1.0172	0.5468
913	1303773074078	1	1.798	1.0172	0.5468
914	1303773074172	1	1.798	1.0172	0.5468
915	1303773074268	1	1.798	1.0172	0.5468
916	1303773074365	1	1.798	1.0172	0.5468
917	1303773074460	1	1.798	1.0172	0.5468
918	1303773074573	1	1.798	1.0172	0.5468
919	1303773074716	1	1.798	1.0172	0.5468
920	1303773074862	1	1.8152	1.0172	0.5416
921	1303773074957	1	1.8152	1.0172	0.5416
922	1303773075051	1	1.8152	1.0172	0.5416
923	1303773075147	1	1.8152	1.0172	0.5416
924	1303773075246	1	1.8152	1.0172	0.5416
925	1303773075340	1	1.8152	1.0172	0.5416
926	1303773075476	1	1.798	1.0172	0.5468
927	1303773075575	1	1.798	1.0172	0.5468
928	1303773075672	1	1.798	1	0.5562
929	1303773075766	1	1.798	1.0172	0.5468
930	1303773075902	1	1.798	1.0172	0.5468
931	1303773075996	1	1.798	1.0172	0.5468
932	1303773076092	1	1.798	1	0.5562
933	1303773076230	1	1.798	1.0172	0.5468
934	1303773076324	1	1.798	1.0172	0.5468
935	1303773076419	1	1.798	1.0172	0.5468
936	1303773076514	1	1.798	1	0.5562
937	1303773076608	1	1.798	1.0172	0.5468
938	1303773076706	1	1.798	1.0172	0.5468
939	1303773076841	1	1.798	1.0172	0.5468
940	1303773076940	1	1.798	1	0.5562
941	1303773077076	1	1.798	1.0172	0.5468
942	1303773077176	1	1.798	1.0172	0.5468
943	1303773077280	1	1.798	1.0172	0.5468
944	1303773077376	1	1.798	1	0.5562
945	1303773077512	1	1.798	1.0172	0.5468
946	1303773077609	1	1.798	1.0172	0.5468
947	1303773077708	1	1.798	1.0172	0.5468
948	1303773077807	1	1.798	1	0.5562
949	1303773077909	1	1.798	1.0172	0.5468
950	1303773078005	1	1.798	1.0172	0.5468
951	1303773078100	1	1.798	1.0172	0.5468
952	1303773078203	1	1.798	1	0.5562
953	1303773078337	1	1.798	1.0172	0.5468
954	1303773078436	1	1.798	1.0172	0.5468
955	1303773078533	1	1.798	1.0172	0.5468
956	1303773078635	1	1.798	1	0.5562
957	1303773078739	1	1.798	1.0172	0.5468
958	1303773078840	1	1.798	1.0172	0.5468
959	1303773078953	1	1.798	1.0172	0.5468
960	1303773079269	1	1.798	1	0.5562
961	1303773079394	1	1.798	1.0172	0.5468
962	1303773079492	1	1.798	1.0172	0.5468
963	1303773079595	1	1.798	1.0172	0.5468
964	1303773079692	1	1.798	1	0.5562
965	1303773079787	1	1.798	1.0172	0.5468
966	1303773079884	1	1.798	1.0172	0.5468
967	1303773079982	1	1.798	1.0172	0.5468
968	1303773080076	1	1.798	1.0172	0.5468
969	1303773080216	1	1.798	1.0172	0.5468
970	1303773080312	1	1.798	1.0172	0.5468
971	1303773080407	1	1.798	1.0172	0.5468
972	1303773080506	1	1.798	1.0172	0.5468
973	1303773080604	1	1.798	1.0172	0.5468
974	1303773080702	1	1.798	1.0172	0.5468
975	1303773080797	1	1.798	1.0172	0.5468
976	1303773080890	1	1.798	1.0172	0.5468
977	1303773080989	1	1.798	1.0172	0.5468
978	1303773081087	1	1.798	1.0172	0.5468
979	1303773081206	1	1.798	1.0172	0.5468
980	1303773081358	1	1.798	1.0172	0.5468
981	1303773081467	1	1.798	1.0172	0.5468
982	1303773081563	1	1.798	1.0172	0.5468
983	1303773081662	1	1.798	1.0172	0.5468
984	1303773081757	1	1.798	1.0172	0.5468
985	1303773081900	1	1.798	1.0172	0.5468
986	1303773081996	1	1.798	1.0172	0.5468
987	1303773082095	1	1.798	1.0172	0.5468
988	1303773082191	1	1.798	1	0.5562
989	1303773082286	1	1.798	1.0172	0.5468
990	1303773082386	1	1.798	1.0172	0.5468
991	1303773082481	1	1.798	1.0172	0.5468
992	1303773082617	1	1.798	1	0.5562
993	1303773082713	1	1.798	1.0172	0.5468
994	1303773082811	1	1.798	1.0172	0.5468
995	1303773082906	1	1.798	1.0172	0.5468
996	1303773083003	1	1.798	1	0.5562
997	1303773083099	1	1.798	1.0172	0.5468
998	1303773083197	1	1.798	1.0172	0.5468
999	1303773083296	1	1.798	1.0172	0.5468
1000	1303773083392	1	1.798	1	0.5562
1001	1303773083489	1	1.798	1.0172	0.5468
1002	1303773083585	1	1.798	1.0172	0.5468
1003	1303773083682	1	1.798	1.0172	0.5468
1004	1303773083780	1	1.798	1	0.5562
1005	1303773083877	1	1.798	1.0172	0.5468
1006	1303773083971	1	1.798	1.0172	0.5468
1007	1303773084066	1	1.798	1.0172	0.5468
1008	1303773084168	1	1.798	1	0.5562
1009	1303773084273	1	1.798	1.0172	0.5468
1010	1303773084413	1	1.798	1.0172	0.5468
1011	1303773084509	1	1.798	1.0172	0.5468
1012	1303773084607	1	1.798	1	0.5562
1013	1303773084746	1	1.798	1.0172	0.5468
1014	1303773084847	1	1.798	1.0172	0.5468
1015	1303773085000	1	1.798	1.0172	0.5468
1016	1303773085138	1	1.798	1	0.5562
1017	1303773085233	1	1.798	1.0172	0.5468
1018	1303773085333	1	1.798	1.0172	0.5468
1019	1303773085430	1	1.798	1.0172	0.5468
1020	1303773085578	1	1.798	1	0.5562
1021	1303773085978	1	1.798	1.0172	0.5468
1022	1303773086108	1	1.798	1.0172	0.5468
1023	1303773086209	1	1.798	1.0172	0.5468
1024	1303773086308	1	1.798	1	0.5562
1025	1303773086406	1	1.798	1.0172	0.5468
1026	1303773086502	1	1.798	1.0172	0.5468
1027	1303773086601	1	1.798	1.0172	0.5468
1028	1303773086696	1	1.798	1	0.5562
1029	1303773086790	1	1.798	1.0172	0.5468
1030	1303773086886	1	1.798	1.0172	0.5468
1031	1303773086990	1	1.798	1.0172	0.5468
1032	1303773087091	1	1.798	1.0172	0.5468
1033	1303773087187	1	1.798	1.0172	0.5468
1034	1303773087282	1	1.798	1.0172	0.5468
1035	1303773087382	1	1.798	1.0172	0.5468
1036	1303773087481	1	1.798	1.0172	0.5468
1037	1303773087582	1	1.798	1.0172	0.5468
1038	1303773087676	1	1.798	1.0172	0.5468
1039	1303773087775	1	1.798	1.0172	0.5468
1040	1303773087896	1	1.798	1.0172	0.5468
1041	1303773088046	1	1.798	1.0172	0.5468
1042	1303773088156	1	1.798	1.0172	0.5468
1043	1303773088253	1	1.798	1.0172	0.5468
1044	1303773088352	1	1.7911	1	0.5583
1045	1303773088488	1	1.7911	1.0172	0.5488
1046	1303773088624	1	1.7911	1.0172	0.5488
1047	1303773088720	1	1.7911	1.0172	0.5488
1048	1303773088819	1	1.7911	1	0.5583
1049	1303773088920	1	1.7911	1.0172	0.5488
1050	1303773089019	1	1.7911	1.0172	0.5488
1051	1303773089115	1	1.7911	1.0172	0.5488
1052	1303773089210	1	1.7911	1	0.5583
1053	1303773089351	1	1.7911	1.0172	0.5488
1054	1303773089451	1	1.7911	1.0172	0.5488
1055	1303773089546	1	1.7911	1.0172	0.5488
1056	1303773089641	1	1.7911	1	0.5583
1057	1303773089739	1	1.7911	1.0172	0.5488
1058	1303773089838	1	1.7911	1.0172	0.5488
1059	1303773089934	1	1.7911	1.0172	0.5488
1060	1303773090030	1	1.7911	1	0.5583
1061	1303773090126	1	1.7911	1.0172	0.5488
1062	1303773090236	1	1.7911	1.0172	0.5488
1063	1303773090332	1	1.7911	1.0172	0.5488
1064	1303773090430	1	1.7911	1	0.5583
1065	1303773090526	1	1.7911	1.0172	0.5488
1066	1303773090621	1	1.7911	1.0172	0.5488
1067	1303773090720	1	1.7911	1.0172	0.5488
1068	1303773090815	1	1.7911	1	0.5583
1069	1303773090911	1	1.7911	1.0172	0.5488
1070	1303773091006	1	1.7911	1.0172	0.5488
1071	1303773091103	1	1.7911	1.0172	0.5488
1072	1303773091202	1	1.7911	1	0.5583
1073	1303773091298	1	1.7911	1.0172	0.5488
1074	1303773091397	1	1.7911	1.0172	0.5488
1075	1303773091498	1	1.7911	1.0172	0.5488
1076	1303773091596	1	1.7911	1	0.5583
1077	1303773091698	1	1.7911	1.0172	0.5488
1078	1303773091794	1	1.7911	1.0172	0.5488
1079	1303773091889	1	1.7911	1.0172	0.5488
1080	1303773091989	1	1.7911	1	0.5583
1081	1303773092125	1	1.7911	1.0172	0.5488
1082	1303773092567	1	1.7911	1.0172	0.5488
1083	1303773092701	1	1.7911	1.0172	0.5488
1084	1303773092798	1	1.7911	1	0.5583
1085	1303773092898	1	1.7911	1.0172	0.5488
1086	1303773092999	1	1.7911	1.0172	0.5488
1087	1303773093136	1	1.7911	1.0172	0.5488
1088	1303773093236	1	1.7911	1	0.5583
1089	1303773093336	1	1.7911	1.0172	0.5488
1090	1303773093432	1	1.7911	1.0172	0.5488
1091	1303773093532	1	1.7911	1.0172	0.5488
1092	1303773093630	1	1.7911	1.0172	0.5488
1093	1303773093726	1	1.7911	1.0172	0.5488
1094	1303773093824	1	1.7911	1.0172	0.5488
1095	1303773093925	1	1.7911	1.0172	0.5488
1096	1303773094025	1	1.7911	1.0172	0.5488
1097	1303773094121	1	1.7911	1.0172	0.5488
1098	1303773094216	1	1.7911	1.0172	0.5488
1099	1303773094356	1	1.7911	1.0172	0.5488
1100	1303773094451	1	1.7911	1.0172	0.5488
1101	1303773094566	1	1.7911	1.0172	0.5488
1102	1303773094900	1	1.7911	1.0172	0.5488
1103	1303773095095	1	1.7911	1.0172	0.5488
1104	1303773095241	1	1.5555	1.0172	0.632
1105	1303773095337	1	1.5571	1.0172	0.6313
1106	1303773095474	1	1.5571	1.0172	0.6313
1107	1303773095569	1	1.5571	1.0172	0.6313
1108	1303773095708	1	1.5571	1.0172	0.6313
1109	1303773095844	1	1.5571	1.0172	0.6313
1110	1303773095940	1	1.5571	1.0172	0.6313
1111	1303773096038	1	1.5571	1.0172	0.6313
1112	1303773096137	1	1.5571	1.0172	0.6313
1113	1303773096275	1	1.5548	1.0172	0.6323
1114	1303773096370	1	1.5548	1.0172	0.6323
1115	1303773096468	1	1.5548	1.0172	0.6323
1116	1303773096567	1	1.5548	1.0172	0.6323
1117	1303773096691	1	1.5548	1.0172	0.6323
1118	1303773096787	1	1.5548	1.0172	0.6323
1119	1303773096885	1	1.5548	1.0172	0.6323
1120	1303773096981	1	1.5548	1.0172	0.6323
1121	1303773097082	1	1.5548	1.0172	0.6323
1122	1303773097177	1	1.5548	1.0172	0.6323
1123	1303773097349	1	1.5548	1.0172	0.6323
1124	1303773097444	1	1.5548	1.0172	0.6323
1125	1303773097542	1	1.5548	1.0172	0.6323
1126	1303773097640	1	1.5548	1.0172	0.6323
1127	1303773097735	1	1.5548	1.0172	0.6323
1128	1303773097830	1	1.5548	1.0172	0.6323
1129	1303773097928	1	1.5548	1.0172	0.6323
1130	1303773098024	1	1.5548	1.0172	0.6323
1131	1303773098128	1	1.5548	1.0172	0.6323
1132	1303773098225	1	1.5548	1.0172	0.6323
1133	1303773098326	1	1.5548	1.0172	0.6323
1134	1303773098422	1	1.5548	1.0172	0.6323
1135	1303773098520	1	1.5548	1.0172	0.6323
1136	1303773098615	1	1.5548	1.0172	0.6323
1137	1303773098715	1	1.5548	1.0172	0.6323
1138	1303773098811	1	1.5548	1.0172	0.6323
1139	1303773098906	1	1.5548	1.0172	0.6323
1140	1303773099004	1	1.5548	1.0172	0.6323
1141	1303773099104	1	1.5548	1.0172	0.6323
1142	1303773099229	1	1.5548	1.0172	0.6323
1143	1303773099709	1	1.552	1.0172	0.6334
1144	1303773099924	1	1.552	1.0172	0.6334
1145	1303773100034	1	1.552	1.0172	0.6334
1146	1303773100131	1	1.552	1.0172	0.6334
1147	1303773100233	1	1.552	1.0172	0.6334
1148	1303773100333	1	1.552	1.0172	0.6334
1149	1303773100428	1	1.552	1.0172	0.6334
1150	1303773100526	1	1.552	1.0172	0.6334
1151	1303773100622	1	1.552	1.0172	0.6334
1152	1303773100722	1	1.552	1.0172	0.6334
1153	1303773100817	1	1.552	1.0172	0.6334
1154	1303773100913	1	1.552	1.0172	0.6334
1155	1303773101009	1	1.552	1.0172	0.6334
1156	1303773101107	1	1.552	1.0172	0.6334
1157	1303773101246	1	1.552	1.0172	0.6334
1158	1303773101343	1	1.552	1.0172	0.6334
1159	1303773101441	1	1.552	1.0172	0.6334
1160	1303773101539	1	1.552	1.0172	0.6334
1161	1303773101645	1	1.552	1.0172	0.6334
1162	1303773101752	1	1.4952	1.0172	0.6575
1163	1303773101941	1	1.4952	1.0172	0.6575
1164	1303773102049	1	1.4952	1.0172	0.6575
1165	1303773102145	1	1.4952	1.0172	0.6575
1166	1303773102280	1	1.4952	1.0172	0.6575
1167	1303773102376	1	1.4952	1.0172	0.6575
1168	1303773102474	1	1.4952	1	0.6688
1169	1303773102570	1	1.4952	1.0172	0.6575
1170	1303773102669	1	1.4952	1.0172	0.6575
1171	1303773102764	1	1.4952	1.0172	0.6575
1172	1303773102863	1	1.4952	1	0.6688
1173	1303773102961	1	1.4952	1.0172	0.6575
1174	1303773103057	1	1.4952	1.0172	0.6575
1175	1303773103200	1	1.4952	1.0172	0.6575
1176	1303773103299	1	1.4952	1	0.6688
1177	1303773103443	1	1.6849	1.0172	0.5835
1178	1303773103543	1	1.6849	1.0172	0.5835
1179	1303773103638	1	1.6849	1.0172	0.5835
1180	1303773103736	1	1.6849	1	0.5935
1181	1303773103832	1	1.6849	1.0172	0.5835
1182	1303773103974	1	1.6849	1.0172	0.5835
1183	1303773104075	1	1.6849	1.0172	0.5835
1184	1303773104173	1	1.6849	1	0.5935
1185	1303773104268	1	1.6849	1.0172	0.5835
1186	1303773104406	1	1.6849	1.0172	0.5835
1187	1303773104506	1	1.6849	1.0172	0.5835
1188	1303773104609	1	1.6849	1	0.5935
1189	1303773104705	1	1.6849	1.0172	0.5835
1190	1303773104800	1	1.6849	1.0172	0.5835
1191	1303773104895	1	1.6849	1.0172	0.5835
1192	1303773104994	1	1.6849	1	0.5935
1193	1303773105091	1	1.6849	1.0172	0.5835
1194	1303773105186	1	1.6849	1.0172	0.5835
1195	1303773105329	1	1.6849	1.0172	0.5835
1196	1303773105429	1	1.6849	1	0.5935
1197	1303773105525	1	1.6849	1.0172	0.5835
1198	1303773105621	1	1.6849	1.0172	0.5835
1199	1303773105719	1	1.6849	1.0172	0.5835
1200	1303773105860	1	1.6849	1	0.5935
1201	1303773105963	1	1.6849	1.0172	0.5835
1202	1303773106064	1	1.6849	1.0172	0.5835
1203	1303773106182	1	1.6849	1.0172	0.5835
1204	1303773106479	1	1.6849	1	0.5935
1205	1303773106627	1	1.6849	1.0172	0.5835
1206	1303773106732	1	1.6849	1.0172	0.5835
1207	1303773106828	1	1.3771	1.0172	0.7138
1208	1303773106924	1	1.3771	1	0.7262
1209	1303773107024	1	1.3771	1.0172	0.7138
1210	1303773107165	1	1.3771	1.0172	0.7138
1211	1303773107263	1	1.3771	1.0172	0.7138
1212	1303773107363	1	1.3771	1	0.7262
1213	1303773107459	1	1.3771	1.0172	0.7138
1214	1303773107559	1	1.3771	1.0172	0.7138
1215	1303773107663	1	1.3771	1.0172	0.7138
1216	1303773107758	1	1.3771	1	0.7262
1217	1303773107853	1	1.3771	1.0172	0.7138
1218	1303773107948	1	1.3771	1.0172	0.7138
1219	1303773108051	1	1.3771	1.0172	0.7138
1220	1303773108150	1	1.3771	1	0.7262
1221	1303773108244	1	1.3771	1.0172	0.7138
1222	1303773108381	1	1.3771	1.0172	0.7138
1223	1303773108509	1	1.3587	1.0172	0.7235
1224	1303773108670	1	1.3587	1	0.736
1225	1303773108791	1	1.3587	1.0172	0.7235
1226	1303773108892	1	1.3564	1.0172	0.7248
1227	1303773108993	1	1.3564	1.0172	0.7248
1228	1303773109094	1	1.3564	1	0.7373
1229	1303773109189	1	1.3564	1.0172	0.7248
1230	1303773109287	1	1.3564	1.0172	0.7248
1231	1303773109387	1	1.3564	1.0172	0.7248
1232	1303773109525	1	1.3564	1	0.7373
1233	1303773109623	1	1.3564	1.0172	0.7248
1234	1303773109760	1	1.3564	1.0172	0.7248
1235	1303773109897	1	1.3564	1.0172	0.7248
1236	1303773110002	1	1.3564	1	0.7373
1237	1303773110098	1	1.3564	1.0172	0.7248
1238	1303773110195	1	1.3564	1.0172	0.7248
1239	1303773110291	1	1.3564	1.0172	0.7248
1240	1303773110388	1	1.3564	1	0.7373
1241	1303773110492	1	1.3564	1.0172	0.7248
1242	1303773110591	1	1.3564	1.0172	0.7248
1243	1303773110686	1	1.3564	1.0172	0.7248
1244	1303773110784	1	1.3564	1	0.7373
1245	1303773110885	1	1.3564	1.0172	0.7248
1246	1303773110981	1	1.3564	1.0172	0.7248
1247	1303773111076	1	1.3564	1.0172	0.7248
1248	1303773111171	1	1.3564	1	0.7373
1249	1303773111266	1	1.3564	1.0172	0.7248
1250	1303773111405	1	1.6971	1.0172	0.5792
1251	1303773111542	1	1.6971	1.0172	0.5792
1252	1303773111638	1	1.6971	1	0.5892
1253	1303773111733	1	1.6971	1.0172	0.5792
1254	1303773111832	1	1.6971	1.0172	0.5792
1255	1303773111926	1	1.6971	1.0172	0.5792
1256	1303773112031	1	1.6971	1	0.5892
1257	1303773112127	1	1.6971	1.0172	0.5792
1258	1303773112222	1	1.6971	1.0172	0.5792
1259	1303773112320	1	1.6971	1.0172	0.5792
1260	1303773112416	1	1.6971	1	0.5892
1261	1303773112512	1	1.6971	1.0172	0.5792
1262	1303773112610	1	1.6971	1.0172	0.5792
1263	1303773112705	1	1.6971	1.0172	0.5792
1264	1303773112809	1	1.6971	1	0.5892
1265	1303773112945	1	1.7661	1.0172	0.5566
1266	1303773113094	1	1.7661	1.0172	0.5566
1267	1303773113195	1	1.7661	1.0172	0.5566
1268	1303773113291	1	1.7661	1	0.5662
1269	1303773113386	1	1.7661	1.0172	0.5566
1270	1303773113482	1	1.7661	1.0172	0.5566
1271	1303773113576	1	1.7661	1.0172	0.5566
1272	1303773113674	1	1.7661	1	0.5662
1273	1303773113809	1	1.7661	1.0172	0.5566
1274	1303773113904	1	1.7661	1.0172	0.5566
1275	1303773114000	1	1.7661	1.0172	0.5566
1276	1303773114098	1	1.7661	1	0.5662
1277	1303773114197	1	1.7661	1.0172	0.5566
1278	1303773114292	1	1.7661	1.0172	0.5566
1279	1303773114391	1	1.7661	1.0172	0.5566
1280	1303773114488	1	1.7661	1	0.5662
1281	1303773114586	1	1.7661	1.0172	0.5566
1282	1303773114686	1	1.7661	1.0172	0.5566
1283	1303773114782	1	1.7661	1.0172	0.5566
1284	1303773114921	1	1.7233	1	0.5803
1285	1303773115411	1	1.7228	1.0172	0.5706
1286	1303773115571	1	1.7228	1.0172	0.5706
1287	1303773115719	1	1.7228	1.0172	0.5706
1288	1303773115819	1	1.7228	1	0.5804
1289	1303773115916	1	1.7228	1.0172	0.5706
1290	1303773116011	1	1.7228	1.0172	0.5706
1291	1303773116149	1	1.7228	1.0172	0.5706
1292	1303773116245	1	1.7228	1	0.5804
1293	1303773116343	1	1.7228	1.0172	0.5706
1294	1303773116478	1	1.7228	1.0172	0.5706
1295	1303773116578	1	1.7228	1.0172	0.5706
1296	1303773116672	1	1.7228	1	0.5804
1297	1303773116769	1	1.7228	1.0172	0.5706
1298	1303773116867	1	1.7228	1.0172	0.5706
1299	1303773116964	1	1.7228	1.0172	0.5706
1300	1303773117059	1	1.7228	1	0.5804
1301	1303773117154	1	1.7228	1.0172	0.5706
1302	1303773117248	1	1.7228	1.0172	0.5706
1303	1303773117389	1	1.7228	1.0172	0.5706
1304	1303773117487	1	1.7228	1	0.5804
1305	1303773117582	1	1.7228	1.0172	0.5706
1306	1303773117677	1	1.7228	1.0172	0.5706
1307	1303773117772	1	1.7228	1.0172	0.5706
1308	1303773117875	1	1.7228	1	0.5804
1309	1303773117971	1	1.7228	1.0172	0.5706
1310	1303773118066	1	1.7228	1.0172	0.5706
1311	1303773118163	1	1.7228	1.0172	0.5706
1312	1303773118307	1	1.7228	1	0.5804
1313	1303773118407	1	1.7228	1.0172	0.5706
1314	1303773118509	1	1.7228	1.0172	0.5706
1315	1303773118611	1	1.7228	1.0172	0.5706
1316	1303773118706	1	1.7228	1	0.5804
1317	1303773118812	1	1.7228	1.0172	0.5706
1318	1303773118911	1	1.7228	1.0172	0.5706
1319	1303773119007	1	1.7228	1.0172	0.5706
1320	1303773119105	1	1.7228	1	0.5804
1321	1303773119200	1	1.7228	1.0172	0.5706
1322	1303773119300	1	1.7228	1.0172	0.5706
1323	1303773119397	1	1.7228	1.0172	0.5706
1324	1303773119491	1	1.7228	1	0.5804
1325	1303773119592	1	1.7228	1.0172	0.5706
1326	1303773119739	1	1.7228	1.0172	0.5706
1327	1303773119852	1	1.7436	1.0172	0.5638
1328	1303773119948	1	1.7436	1	0.5735
1329	1303773120050	1	1.7436	1.0172	0.5638
1330	1303773120154	1	1.7436	1.0172	0.5638
1331	1303773120251	1	1.7436	1.0172	0.5638
1332	1303773120347	1	1.7436	1	0.5735
1333	1303773120443	1	1.7436	1.0172	0.5638
1334	1303773120539	1	1.7436	1.0172	0.5638
1335	1303773120640	1	1.7436	1.0172	0.5638
1336	1303773120738	1	1.7436	1	0.5735
1337	1303773120835	1	1.7436	1.0172	0.5638
1338	1303773120939	1	1.7436	1.0172	0.5638
1339	1303773121035	1	1.7436	1.0172	0.5638
1340	1303773121132	1	1.7436	1	0.5735
1341	1303773121230	1	1.7436	1.0172	0.5638
1342	1303773121334	1	1.7436	1.0172	0.5638
1343	1303773121475	1	1.7436	1.0172	0.5638
1344	1303773121569	1	1.7436	1	0.5735
1345	1303773121697	1	1.731	1.0172	0.5679
1346	1303773121865	1	1.731	1.0172	0.5679
1347	1303773121983	1	1.731	1.0172	0.5679
1348	1303773122084	1	1.731	1	0.5777
1349	1303773122180	1	1.731	1.0172	0.5679
1350	1303773122275	1	1.731	1.0172	0.5679
1351	1303773122377	1	1.731	1.0172	0.5679
1352	1303773122476	1	1.731	1	0.5777
1353	1303773122571	1	1.731	1.0172	0.5679
1354	1303773122669	1	1.731	1.0172	0.5679
1355	1303773122765	1	1.731	1.0172	0.5679
1356	1303773122900	1	1.6554	1	0.6041
1357	1303773122999	1	1.6554	1.0172	0.5938
1358	1303773123094	1	1.6554	1.0172	0.5938
1359	1303773123193	1	1.6554	1.0172	0.5938
1360	1303773123288	1	1.6554	1	0.6041
1361	1303773123389	1	1.6554	1.0172	0.5938
1362	1303773123487	1	1.6554	1.0172	0.5938
1363	1303773123586	1	1.6554	1.0172	0.5938
1364	1303773123680	1	1.6554	1	0.6041
1365	1303773123776	1	1.6554	1.0172	0.5938
1366	1303773123870	1	1.6554	1.0172	0.5938
1367	1303773123973	1	1.6554	1.0172	0.5938
1368	1303773124067	1	1.6554	1	0.6041
1369	1303773124162	1	1.6554	1.0172	0.5938
1370	1303773124298	1	1.6554	1.0172	0.5938
1371	1303773124397	1	1.6554	1.0172	0.5938
1372	1303773124492	1	1.6554	1	0.6041
1373	1303773124587	1	1.6554	1.0172	0.5938
1374	1303773124686	1	1.6554	1.0172	0.5938
1375	1303773124782	1	1.6554	1.0172	0.5938
1376	1303773124880	1	1.6554	1	0.6041
1377	1303773124977	1	1.6554	1.0172	0.5938
1378	1303773125073	1	1.6554	1.0172	0.5938
1379	1303773125168	1	1.6554	1.0172	0.5938
1380	1303773125263	1	1.6554	1	0.6041
1381	1303773125362	1	1.6554	1.0172	0.5938
1382	1303773125456	1	1.6554	1.0172	0.5938
1383	1303773125555	1	1.6554	1.0172	0.5938
1384	1303773125649	1	1.6554	1	0.6041
1385	1303773125746	1	1.6554	1.0172	0.5938
1386	1303773125858	1	1.6554	1.0172	0.5938
1387	1303773126055	1	1.6948	1.0172	0.58
1388	1303773126172	1	1.7116	1	0.5843
1389	1303773126272	1	1.695	1.0172	0.58
1390	1303773126411	1	1.695	1.0172	0.58
1391	1303773126506	1	1.695	1.0172	0.58
1392	1303773126601	1	1.695	1	0.59
1393	1303773126701	1	1.695	1.0172	0.58
1394	1303773126800	1	1.695	1.0172	0.58
1395	1303773126895	1	1.695	1.0172	0.58
1396	1303773127030	1	1.695	1	0.59
1397	1303773127126	1	1.695	1.0172	0.58
1398	1303773127224	1	1.695	1.0172	0.58
1399	1303773127320	1	1.695	1.0172	0.58
1400	1303773127416	1	1.695	1	0.59
1401	1303773127511	1	1.695	1.0172	0.58
1402	1303773127681	1	1.695	1.0172	0.58
1403	1303773127778	1	1.695	1.0172	0.58
1404	1303773127872	1	1.695	1	0.59
1405	1303773128009	1	1.7996	1.0172	0.5463
1406	1303773128141	1	1.7996	1.0172	0.5463
1407	1303773128318	1	1.7985	1.0172	0.5466
1408	1303773128431	1	1.7985	1	0.556
1409	1303773128530	1	1.7985	1.0172	0.5466
1410	1303773128624	1	1.7985	1.0172	0.5466
1411	1303773128720	1	1.7985	1.0172	0.5466
1412	1303773128816	1	1.7985	1	0.556
1413	1303773128915	1	1.7985	1.0172	0.5466
1414	1303773129035	1	1.7985	1.0172	0.5466
1415	1303773129131	1	1.7985	1.0172	0.5466
1416	1303773129232	1	1.7985	1	0.556
1417	1303773129332	1	1.7985	1.0172	0.5466
1418	1303773129428	1	1.7985	1.0172	0.5466
1419	1303773129527	1	1.7985	1.0172	0.5466
1420	1303773129627	1	1.7985	1	0.556
1421	1303773129722	1	1.7985	1.0172	0.5466
1422	1303773129821	1	1.7985	1.0172	0.5466
1423	1303773129916	1	1.7985	1.0172	0.5466
1424	1303773130014	1	1.7985	1	0.556
1425	1303773130110	1	1.7985	1.0172	0.5466
1426	1303773130204	1	1.7985	1.0172	0.5466
1427	1303773130299	1	1.7985	1.0172	0.5466
1428	1303773130394	1	1.7985	1	0.556
1429	1303773130535	1	1.7985	1.0172	0.5466
1430	1303773130631	1	1.7985	1.0172	0.5466
1431	1303773130770	1	1.7985	1.0172	0.5466
1432	1303773130866	1	1.7985	1	0.556
1433	1303773130965	1	1.7985	1.0172	0.5466
1434	1303773131063	1	1.7985	1.0172	0.5466
1435	1303773131158	1	1.7985	1.0172	0.5466
1436	1303773131253	1	1.7985	1	0.556
1437	1303773131352	1	1.7985	1.0172	0.5466
1438	1303773131457	1	1.7985	1.0172	0.5466
1439	1303773131555	1	1.7985	1.0172	0.5466
1440	1303773131652	1	1.7985	1	0.556
1441	1303773131750	1	1.7985	1.0172	0.5466
1442	1303773131844	1	1.7985	1.0172	0.5466
1443	1303773131942	1	1.7985	1.0172	0.5466
1444	1303773132037	1	1.7985	1	0.556
1445	1303773132137	1	1.7985	1.0172	0.5466
1446	1303773132239	1	1.7985	1.0172	0.5466
1447	1303773132344	1	1.7985	1.0172	0.5466
1448	1303773132520	1	1.7985	1	0.556
1449	1303773132637	1	1.7985	1.0172	0.5466
1450	1303773132738	1	1.7985	1.0172	0.5466
1451	1303773132838	1	1.7935	1.0172	0.5481
1452	1303773132935	1	1.7935	1	0.5576
1453	1303773133036	1	1.7935	1.0172	0.5481
1454	1303773133131	1	1.7935	1.0172	0.5481
1455	1303773133271	1	2.1266	1.0172	0.4623
1456	1303773133367	1	2.1266	1	0.4702
1457	1303773133463	1	2.1266	1.0172	0.4623
1458	1303773133559	1	2.1266	1.0172	0.4623
1459	1303773133654	1	2.1266	1.0172	0.4623
1460	1303773133797	1	2.1266	1	0.4702
1461	1303773133942	1	2.1266	1.0172	0.4623
1462	1303773134040	1	2.1266	1.0172	0.4623
1463	1303773134142	1	2.1266	1.0172	0.4623
1464	1303773134239	1	2.1266	1	0.4702
1465	1303773134343	1	2.1266	1.0345	0.4546
1466	1303773134445	1	2.1266	1.0172	0.4623
1467	1303773134656	1	2.1266	1.0172	0.4623
1468	1303773135956	1	2.1266	1	0.4702
1469	1303773136655	1	2.1263	1.0172	0.4623
1470	1303773136908	1	2.1263	1.0172	0.4623
1471	1303773137008	1	2.1263	1.0172	0.4623
1472	1303773137104	1	2.1263	1	0.4703
1473	1303773137209	1	2.1263	1.0172	0.4623
1474	1303773137305	1	2.1263	1.0172	0.4623
1475	1303773137401	1	2.1263	1.0172	0.4623
1476	1303773137496	1	2.1263	1	0.4703
1477	1303773137598	1	2.1263	1.0172	0.4623
1478	1303773137699	1	2.1263	1.0172	0.4623
1479	1303773137800	1	2.1263	1.0172	0.4623
1480	1303773137895	1	2.1263	1	0.4703
1481	1303773137995	1	2.1263	1.0172	0.4623
1482	1303773138091	1	2.1263	1.0172	0.4623
1483	1303773138190	1	2.1263	1.0172	0.4623
1484	1303773138331	1	2.1263	1	0.4703
1485	1303773138430	1	2.1263	1.0172	0.4623
1486	1303773138525	1	2.1263	1.0172	0.4623
1487	1303773138631	1	2.1263	1.0172	0.4623
1488	1303773138727	1	2.1263	1	0.4703
1489	1303773138830	1	2.1263	1.0345	0.4546
1490	1303773138926	1	2.1263	1.0172	0.4623
1491	1303773139022	1	2.1263	1.0172	0.4623
1492	1303773139119	1	2.1263	1	0.4703
1493	1303773139221	1	2.1263	1.0172	0.4623
1494	1303773139316	1	2.1263	1.0172	0.4623
1495	1303773139413	1	2.1263	1.0172	0.4623
1496	1303773139510	1	2.1263	1	0.4703
1497	1303773139614	1	2.1263	1.0172	0.4623
1498	1303773139709	1	2.1263	1.0172	0.4623
1499	1303773139808	1	2.1263	1.0172	0.4623
1500	1303773139904	1	2.1263	1	0.4703
1501	1303773140005	1	2.1263	1.0172	0.4623
1502	1303773140103	1	2.1263	1.0172	0.4623
1503	1303773140239	1	2.1263	1.0172	0.4623
1504	1303773140376	1	2.1263	1	0.4703
1505	1303773140472	1	2.1263	1.0172	0.4623
1506	1303773140571	1	2.1263	1.0172	0.4623
1507	1303773140667	1	2.1263	1.0172	0.4623
1508	1303773140821	1	2.1263	1	0.4703
1509	1303773141086	1	2.1263	1.0172	0.4623
1510	1303773141207	1	2.1263	1.0345	0.4546
1511	1303773141306	1	2.1263	1.0172	0.4623
1512	1303773141412	1	2.124	1	0.4708
1513	1303773141552	1	2.124	1.0345	0.4551
1514	1303773141650	1	2.124	1.0172	0.4628
1515	1303773141788	1	2.124	1.0172	0.4628
1516	1303773141896	1	2.124	1.0172	0.4628
1517	1303773142001	1	2.124	1.0172	0.4628
1518	1303773142100	1	2.124	1.0172	0.4628
1519	1303773142197	1	2.124	1.0345	0.4551
1520	1303773142299	1	2.124	1	0.4708
1521	1303773142400	1	2.124	1.0172	0.4628
1522	1303773142498	1	2.124	1.0345	0.4551
1523	1303773142637	1	2.124	1.0172	0.4628
1524	1303773142740	1	2.124	1	0.4708
1525	1303773142842	1	2.124	1.0345	0.4551
1526	1303773142942	1	2.124	1.0172	0.4628
1527	1303773143041	1	2.124	1.0172	0.4628
1528	1303773143239	1	2.124	1.0172	0.4628
1529	1303773143465	1	2.124	1.0172	0.4628
1530	1303773143589	1	2.124	1.0172	0.4628
1531	1303773143690	1	2.124	1.0345	0.4551
1532	1303773143788	1	2.124	1	0.4708
1533	1303773143885	1	2.124	1.0172	0.4628
1534	1303773143991	1	2.124	1.0345	0.4551
1535	1303773144133	1	2.124	1.0172	0.4628
1536	1303773144236	1	2.124	1	0.4708
1537	1303773144336	1	2.124	1.0345	0.4551
1538	1303773144438	1	2.124	1.0172	0.4628
1539	1303773144539	1	2.124	1.0172	0.4628
1540	1303773144636	1	2.124	1.0172	0.4628
1541	1303773144741	1	2.124	1.0172	0.4628
1542	1303773144839	1	2.124	1.0172	0.4628
1543	1303773144946	1	2.124	1.0345	0.4551
1544	1303773145043	1	2.124	1	0.4708
1545	1303773145144	1	2.124	1.0172	0.4628
1546	1303773145242	1	2.124	1.0345	0.4551
1547	1303773145344	1	2.124	1.0172	0.4628
1548	1303773145444	1	2.124	1	0.4708
1549	1303773145544	1	2.124	1.0345	0.4551
1550	1303773145641	1	2.124	1.0172	0.4628
1551	1303773145749	1	2.124	1.0172	0.4628
1552	1303773145848	1	2.124	1.0172	0.4628
1553	1303773145946	1	2.124	1.0172	0.4628
1554	1303773146043	1	2.124	1.0172	0.4628
1555	1303773146144	1	2.124	1.0345	0.4551
1556	1303773146242	1	2.124	1	0.4708
1557	1303773146342	1	2.124	1.0172	0.4628
1558	1303773146482	1	2.124	1.0345	0.4551
1559	1303773146585	1	2.124	1.0172	0.4628
1560	1303773146683	1	2.124	1	0.4708
1561	1303773146785	1	2.124	1.0345	0.4551
1562	1303773146882	1	2.124	1.0172	0.4628
1563	1303773146983	1	2.124	1.0172	0.4628
1564	1303773147081	1	2.124	1.0172	0.4628
1565	1303773147179	1	2.124	1.0172	0.4628
1566	1303773147277	1	2.124	1.0172	0.4628
1567	1303773147375	1	2.124	1.0345	0.4551
1568	1303773147483	1	2.124	1	0.4708
1569	1303773147595	1	2.124	1.0172	0.4628
1570	1303773147782	1	2.124	1.0345	0.4551
1571	1303773147887	1	2.124	1.0172	0.4628
1572	1303773147986	1	2.1602	1	0.4629
1573	1303773148085	1	2.1602	1.0345	0.4475
1574	1303773148183	1	2.1602	1.0172	0.4551
1575	1303773148289	1	2.1602	1.0172	0.4551
1576	1303773148387	1	2.1602	1.0172	0.4551
1577	1303773148527	1	2.1602	1.0172	0.4551
1578	1303773148626	1	2.1602	1.0172	0.4551
1579	1303773148733	1	2.1602	1.0345	0.4475
1580	1303773148834	1	2.1602	1.0172	0.4551
1581	1303773148932	1	2.1602	1.0172	0.4551
1582	1303773149030	1	2.1602	1.0345	0.4475
1583	1303773149131	1	2.1602	1.0345	0.4475
1584	1303773149229	1	2.1602	1.0172	0.4551
1585	1303773149331	1	2.1602	1.0172	0.4551
1586	1303773149432	1	2.1602	1.0345	0.4475
1587	1303773149534	1	2.1602	1.0345	0.4475
1588	1303773149631	1	2.1602	1.0172	0.4551
1589	1303773149760	1	2.1602	1.0172	0.4551
1590	1303773149929	1	2.1602	1.0345	0.4475
1591	1303773150051	1	2.1602	1.0345	0.4475
1592	1303773150190	1	2.1603	1.0172	0.455
1593	1303773150287	1	2.1603	1.0172	0.455
1594	1303773150388	1	2.1603	1.0345	0.4475
1595	1303773150486	1	2.1603	1.0345	0.4475
1596	1303773150584	1	2.1603	1.0172	0.455
1597	1303773150687	1	2.1603	1.0172	0.455
1598	1303773150794	1	2.1603	1.0345	0.4475
1599	1303773150895	1	2.1603	1.0345	0.4475
1600	1303773151035	1	2.1603	1.0172	0.455
1601	1303773151135	1	2.1603	1.0172	0.455
1602	1303773151236	1	2.1603	1.0345	0.4475
1603	1303773151335	1	2.1603	1.0345	0.4475
1604	1303773151435	1	2.1603	1.0172	0.455
1605	1303773151574	1	1.8984	1.0172	0.5178
1606	1303773151675	1	1.8984	1.0345	0.5092
1607	1303773151773	1	1.8984	1.0345	0.5092
1608	1303773151875	1	1.8984	1.0172	0.5178
1609	1303773151971	1	1.8984	1.0172	0.5178
1610	1303773152073	1	1.8984	1.0345	0.5092
1611	1303773152172	1	1.8984	1.0345	0.5092
1612	1303773152277	1	1.8984	1.0172	0.5178
1613	1303773152378	1	1.8984	1.0172	0.5178
1614	1303773152481	1	1.8984	1.0345	0.5092
1615	1303773152629	1	1.8984	1.0345	0.5092
1616	1303773152727	1	1.8984	1.0172	0.5178
1617	1303773152825	1	1.8984	1.0172	0.5178
1618	1303773152926	1	1.8984	1.0345	0.5092
1619	1303773153029	1	1.8984	1.0345	0.5092
1620	1303773153130	1	1.8984	1.0172	0.5178
1621	1303773153233	1	1.8984	1.0172	0.5178
1622	1303773153331	1	1.8984	1.0345	0.5092
1623	1303773153433	1	1.8984	1.0345	0.5092
1624	1303773153536	1	1.8984	1.0172	0.5178
1625	1303773153637	1	1.8984	1.0172	0.5178
1626	1303773153741	1	1.8984	1.0345	0.5092
1627	1303773153842	1	1.8984	1.0345	0.5092
1628	1303773153945	1	1.8984	1.0172	0.5178
1629	1303773154043	1	1.8984	1.0172	0.5178
1630	1303773154161	1	1.8984	1.0345	0.5092
1631	1303773154398	1	1.8984	1.0345	0.5092
1632	1303773154564	1	1.8984	1.0172	0.5178
1633	1303773154686	1	1.8984	1.0172	0.5178
1634	1303773154787	1	1.8827	1.0172	0.5221
1635	1303773154890	1	1.8827	1.0345	0.5134
1636	1303773154992	1	1.8827	1	0.5311
1637	1303773155090	1	1.8827	1.0172	0.5221
1638	1303773155189	1	1.8827	1.0345	0.5134
1639	1303773155293	1	1.8827	1.0172	0.5221
1640	1303773155398	1	1.8827	1	0.5311
1641	1303773155497	1	1.8827	1.0172	0.5221
1642	1303773155595	1	1.8827	1.0172	0.5221
1643	1303773155697	1	1.8827	1.0172	0.5221
1644	1303773155798	1	1.8827	1	0.5311
1645	1303773155896	1	1.8827	1.0172	0.5221
1646	1303773155994	1	1.8827	1.0172	0.5221
1647	1303773156090	1	1.8827	1.0172	0.5221
1648	1303773156191	1	1.8827	1	0.5311
1649	1303773156289	1	1.8827	1.0172	0.5221
1650	1303773156448	1	1.8827	1.0172	0.5221
1651	1303773156717	1	1.8827	1.0172	0.5221
1652	1303773156947	1	1.8827	1	0.5311
1653	1303773157059	1	1.8828	1.0172	0.5221
1654	1303773157158	1	1.8828	1.0172	0.5221
1655	1303773157256	1	1.8828	1.0172	0.5221
1656	1303773157359	1	1.8828	1	0.5311
1657	1303773157463	1	1.8828	1.0172	0.5221
1658	1303773157562	1	1.8828	1.0172	0.5221
1659	1303773157660	1	1.8828	1.0172	0.5221
1660	1303773157767	1	1.8828	1	0.5311
1661	1303773157979	1	1.8828	1.0172	0.5221
1662	1303773158077	1	1.8828	1.0172	0.5221
1663	1303773158217	1	1.8828	1.0172	0.5221
1664	1303773158319	1	1.8828	1	0.5311
1665	1303773158417	1	1.8828	1.0172	0.5221
1666	1303773158520	1	1.8828	1.0172	0.5221
1667	1303773158618	1	1.8828	1.0172	0.5221
1668	1303773158718	1	1.8828	1	0.5311
1669	1303773158817	1	1.8828	1.0172	0.5221
1670	1303773158918	1	1.8828	1.0172	0.5221
1671	1303773159016	1	1.8828	1.0172	0.5221
1672	1303773159113	1	1.8828	1	0.5311
1673	1303773159214	1	1.8828	1.0172	0.5221
1674	1303773159312	1	1.8828	1.0172	0.5221
1675	1303773159414	1	1.8828	1.0172	0.5221
1676	1303773159512	1	1.8828	1	0.5311
1677	1303773159612	1	1.8828	1.0172	0.5221
1678	1303773159709	1	1.8828	1.0172	0.5221
1679	1303773159807	1	1.8828	1.0172	0.5221
1680	1303773159909	1	1.8828	1	0.5311
1681	1303773160010	1	1.8828	1.0172	0.5221
1682	1303773160112	1	1.8828	1.0172	0.5221
1683	1303773160213	1	1.8828	1.0172	0.5221
1684	1303773160310	1	1.8828	1	0.5311
1685	1303773160453	1	1.8828	1.0172	0.5221
1686	1303773160551	1	1.8828	1.0172	0.5221
1687	1303773160652	1	1.8828	1.0172	0.5221
1688	1303773160753	1	1.8828	1	0.5311
1689	1303773160853	1	1.8828	1.0172	0.5221
1690	1303773160958	1	1.8828	1.0172	0.5221
1691	1303773161071	1	1.8828	1.0172	0.5221
1692	1303773161268	1	1.8828	1	0.5311
1693	1303773161386	1	1.8828	1.0172	0.5221
1694	1303773161495	1	1.8828	1.0172	0.5221
1695	1303773161593	1	1.9113	1.0172	0.5143
1696	1303773161700	1	1.9113	1	0.5232
1697	1303773161801	1	1.9113	1.0172	0.5143
1698	1303773161900	1	1.9113	1.0172	0.5143
1699	1303773162000	1	1.9113	1.0172	0.5143
1700	1303773162105	1	1.9113	1	0.5232
1701	1303773162207	1	1.9113	1.0172	0.5143
1702	1303773162305	1	1.9113	1.0172	0.5143
1703	1303773162403	1	1.9113	1.0172	0.5143
1704	1303773162546	1	1.9113	1	0.5232
1705	1303773162644	1	1.9113	1.0172	0.5143
1706	1303773162745	1	1.9113	1.0172	0.5143
1707	1303773162854	1	1.9113	1.0172	0.5143
1708	1303773162957	1	1.9113	1	0.5232
1709	1303773163059	1	1.9113	1.0172	0.5143
1710	1303773163162	1	1.9113	1.0172	0.5143
1711	1303773163349	1	1.9113	1.0172	0.5143
1712	1303773164256	1	1.9113	1	0.5232
1713	1303773164855	1	1.9112	1.0172	0.5144
1714	1303773165094	1	1.9112	1.0172	0.5144
1715	1303773165197	1	1.9112	1.0172	0.5144
1716	1303773165301	1	1.9112	1	0.5232
1717	1303773165406	1	1.9112	1.0172	0.5144
1718	1303773165505	1	1.9112	1.0172	0.5144
1719	1303773165603	1	1.9112	1.0172	0.5144
1720	1303773165702	1	1.9112	1	0.5232
1721	1303773165803	1	1.9112	1.0172	0.5144
1722	1303773165906	1	1.9112	1.0172	0.5144
1723	1303773166007	1	1.9112	1.0172	0.5144
1724	1303773166106	1	1.9112	1	0.5232
1725	1303773166208	1	1.9112	1.0172	0.5144
1726	1303773166311	1	1.9112	1.0172	0.5144
1727	1303773166412	1	1.9112	1.0172	0.5144
1728	1303773166513	1	1.9112	1	0.5232
1729	1303773166615	1	1.9112	1.0172	0.5144
1730	1303773166713	1	1.9112	1.0172	0.5144
1731	1303773166851	1	1.8267	1.0172	0.5382
1732	1303773166949	1	1.8267	1	0.5474
1733	1303773167051	1	1.8267	1.0172	0.5382
1734	1303773167152	1	1.8267	1.0172	0.5382
1735	1303773167251	1	1.8267	1.0172	0.5382
1736	1303773167353	1	1.8267	1	0.5474
1737	1303773167501	1	1.8267	1.0172	0.5382
1738	1303773167602	1	1.8267	1.0172	0.5382
1739	1303773167699	1	1.8267	1.0172	0.5382
1740	1303773167803	1	1.8267	1	0.5474
1741	1303773167904	1	1.8267	1.0172	0.5382
1742	1303773168002	1	1.8267	1.0172	0.5382
1743	1303773168102	1	1.8267	1.0172	0.5382
1744	1303773168205	1	1.8267	1	0.5474
1745	1303773168307	1	1.8267	1.0172	0.5382
1746	1303773168404	1	1.8267	1.0172	0.5382
1747	1303773168508	1	1.8267	1.0172	0.5382
1748	1303773168607	1	1.8267	1	0.5474
1749	1303773168750	1	1.8267	1.0172	0.5382
1750	1303773168851	1	1.8267	1.0172	0.5382
1751	1303773168954	1	1.8267	1.0172	0.5382
1752	1303773169067	1	1.8267	1	0.5474
1753	1303773169262	1	1.8267	1.0172	0.5382
1754	1303773169386	1	1.8267	1.0172	0.5382
1755	1303773169491	1	1.8267	1.0172	0.5382
1756	1303773169598	1	1.4412	1	0.6939
1757	1303773169697	1	1.4412	1.0172	0.6821
1758	1303773169795	1	1.4412	1.0172	0.6821
1759	1303773169894	1	1.4412	1.0172	0.6821
1760	1303773170024	1	1.4412	1	0.6939
1761	1303773170123	1	1.4412	1.0172	0.6821
1762	1303773170225	1	1.4412	1.0172	0.6821
1763	1303773170324	1	1.4412	1.0172	0.6821
1764	1303773170425	1	1.4412	1	0.6939
1765	1303773170523	1	1.4412	1.0172	0.6821
1766	1303773170622	1	1.4412	1.0172	0.6821
1767	1303773170721	1	1.4412	1.0172	0.6821
1768	1303773170863	1	1.4412	1	0.6939
1769	1303773171003	1	1.4412	1.0172	0.6821
1770	1303773171101	1	1.4412	1.0172	0.6821
1771	1303773171201	1	1.4412	1.0172	0.6821
1772	1303773171306	1	1.4412	1	0.6939
1773	1303773171408	1	1.4324	1.0172	0.6863
1774	1303773171508	1	1.3444	1.0172	0.7312
1775	1303773171607	1	1.3444	1.0172	0.7312
1776	1303773171709	1	1.3444	1	0.7438
1777	1303773171813	1	1.3444	1.0172	0.7312
1778	1303773171912	1	1.3444	1.0172	0.7312
1779	1303773172014	1	1.3444	1.0172	0.7312
1780	1303773172112	1	1.3444	1	0.7438
1781	1303773172220	1	1.3444	1.0172	0.7312
1782	1303773172319	1	1.3444	1.0172	0.7312
1783	1303773172418	1	1.3444	1.0172	0.7312
1784	1303773172518	1	1.3444	1	0.7438
1785	1303773172620	1	1.3444	1.0172	0.7312
1786	1303773172718	1	1.3444	1.0172	0.7312
1787	1303773172816	1	1.3444	1.0172	0.7312
1788	1303773172915	1	1.3444	1	0.7438
1789	1303773173017	1	1.3444	1.0172	0.7312
1790	1303773173157	1	1.3444	1.0172	0.7312
1791	1303773173256	1	1.3444	1.0172	0.7312
1792	1303773173361	1	1.3444	1	0.7438
1793	1303773173465	1	1.3444	1.0172	0.7312
1794	1303773173566	1	1.3444	1.0172	0.7312
1795	1303773173665	1	1.3444	1.0172	0.7312
1796	1303773173766	1	1.3444	1	0.7438
1797	1303773173868	1	1.3444	1.0172	0.7312
1798	1303773173966	1	1.3444	1.0172	0.7312
1799	1303773174064	1	1.3444	1.0172	0.7312
1800	1303773174163	1	1.3444	1	0.7438
