0	1303770835463	0	0	0	0
1	1303770835512	0	0	0	0
2	1303770835520	0	0	0	0
3	1303770835529	0	0	0	0
4	1303770835538	0	0	0	0
5	1303770835549	0	0	0	0
6	1303770835560	0	0	0	0
7	1303770835569	0	0	0	0
8	1303770835579	0	0	0	0
9	1303770835589	0	0	0	0
10	1303770835601	0	0	0	0
11	1303770835611	0	0	0	0
12	1303770835621	0	0	0	0
13	1303770835632	0	0	0	0
14	1303770835642	0	0	0	0
15	1303770835652	0	0	0	0
16	1303770835664	0	0	0	0
17	1303770835675	0	0	0	0
18	1303770835686	0	0	0	0
19	1303770835698	0	0	0	0
20	1303770835709	0	0	0	0
21	1303770835721	0	0	0	0
22	1303770835733	0	0	0	0
23	1303770835745	0	0	0	0
24	1303770835758	0	0	0	0
25	1303770835769	0	0	0	0
26	1303770835823	0	0	0	0
27	1303770835836	0	0	0	0
28	1303770835850	0	0	0	0
29	1303770835862	0	0	0	0
30	1303770835876	0	0	0	0
31	1303770835888	0	0	0	0
32	1303770835902	0	0	0	0
33	1303770835914	0	0	0	0
34	1303770835926	0	0	0	0
35	1303770835940	0	0	0	0
36	1303770835952	0	0	0	0
37	1303770835966	0	0	0	0
38	1303770835978	0	0	0	0
39	1303770835990	0	0	0	0
40	1303770836004	0	0	0	0
41	1303770836017	0	0	0	0
42	1303770836031	0	0	0	0
43	1303770836044	0	0	0	0
44	1303770836058	0	0	0	0
45	1303770836072	0	0	0	0
46	1303770836086	0	0	0	0
47	1303770836099	0	0	0	0
48	1303770836113	0	0	0	0
49	1303770836126	0	0	0	0
50	1303770836140	0	0	0	0
51	1303770836153	0	0	0	0
52	1303770836168	0	0	0	0
53	1303770836222	0	0	0	0
54	1303770836237	0	0	0	0
55	1303770836251	0	0	0	0
56	1303770836266	0	0	0	0
57	1303770836279	0	0	0	0
58	1303770836294	0	0	0	0
59	1303770836350	1	0	0	0
60	1303770836386	1	0	0	0
61	1303770836419	1	0	0	0
62	1303770836436	1	0	0	0
63	1303770836451	1	0	0	0
64	1303770836466	1	0	0	0
65	1303770836521	1	0	0	0
66	1303770836535	1	0	0	0
67	1303770836551	1	0	0	0
68	1303770836606	1	0	0	0
69	1303770836662	1	0	0	0
70	1303770836678	1	0	0	0
71	1303770836692	1	0	0	0
72	1303770836708	1	0	0	0
73	1303770836722	1	0	0	0
74	1303770836738	1	0	0	0
75	1303770836752	1	0	0	0
76	1303770836768	1	0	0	0
77	1303770836783	1	0	0	0
78	1303770836798	1	0	0	0
79	1303770836813	1	0	0	0
80	1303770836828	1	0	0	0
81	1303770836844	1	0	0	0
82	1303770836859	1	0	0	0
83	1303770836874	1	0	0	0
84	1303770836889	1	0	0	0
85	1303770836904	1	0	0	0
86	1303770836919	1	0	0	0
87	1303770836935	1	0	0	0
88	1303770836949	1	0	0	0
89	1303770836964	1	0	0	0
90	1303770836979	1	0	0	0
91	1303770836995	1	0	0	0
92	1303770837051	1	0	0	0
93	1303770837065	1	0	0	0
94	1303770837081	1	0	0	0
95	1303770837096	1	0	0	0
96	1303770837112	1	0	0	0
97	1303770837127	1	0	0	0
98	1303770837142	1	0	0	0
99	1303770837158	1	0	0	0
100	1303770837173	1	0	0	0
101	1303770837231	1	0	0	0
102	1303770837246	1	0	0	0
103	1303770837262	1	0	0	0
104	1303770837277	1	0	0	0
105	1303770837334	1	0	0	0
106	1303770837349	1	0	0	0
107	1303770837366	1	0	0	0
108	1303770837383	1	0	0	0
109	1303770837399	1	0	0	0
110	1303770837415	1	0	0	0
111	1303770837431	1	0	0	0
112	1303770837448	1	0	0	0
113	1303770837505	1	0	0	0
114	1303770837521	1	0	0	0
115	1303770837538	1	0	0	0
116	1303770837596	1	0	0	0
117	1303770837611	1	0	0	0
118	1303770837628	1	0	0	0
119	1303770837644	1	0	0	0
120	1303770837661	1	0	0	0
121	1303770837678	1	0	0	0
122	1303770837694	1	0	0	0
123	1303770837753	1	2.2372	0	0
124	1303770837772	1	1.444	1.5	0.4617
125	1303770837791	1	1.3993	1.5	0.4764
126	1303770837809	1	1.3993	1.5	0.4764
127	1303770837827	1	1.3993	1.5	0.4764
128	1303770837843	1	1.3993	1.5	0.4764
129	1303770837860	1	1.3993	1.5	0.4764
130	1303770837877	1	1.3993	1.5	0.4764
131	1303770837893	1	1.3993	1.5	0.4764
132	1303770837911	1	1.3993	1.4167	0.5045
133	1303770837926	1	1.3993	1.3	0.5497
134	1303770837944	1	1.3993	1.4375	0.4971
135	1303770837961	1	1.3993	1.2143	0.5885
136	1303770837977	1	1.3993	1.3125	0.5445
137	1303770837993	1	1.3993	1.375	0.5197
138	1303770838009	1	1.3993	1.125	0.6352
139	1303770838026	1	1.3993	1.0625	0.6726
140	1303770838043	1	1.3993	1.0625	0.6726
141	1303770838059	1	1.3993	1.0625	0.6726
142	1303770838075	1	1.3993	1.0625	0.6726
143	1303770838091	1	1.3993	1.0625	0.6726
144	1303770838148	1	1.3993	1.1667	0.6126
145	1303770838165	1	1.3993	1.125	0.6352
146	1303770838181	1	1.3993	1.1667	0.6126
147	1303770838238	1	1.3993	1.1111	0.6432
148	1303770838255	1	1.3993	1.0625	0.6726
149	1303770838271	1	1.3993	1.1111	0.6432
150	1303770838288	1	1.3993	1.0556	0.677
151	1303770838345	1	1.3993	1.0556	0.677
152	1303770838361	1	1.3993	1.0556	0.677
153	1303770838378	1	1.3993	1.1111	0.6432
154	1303770838394	1	1.3993	1.1111	0.6432
155	1303770838411	1	1.3993	1.1111	0.6432
156	1303770838428	1	1.3993	1.1111	0.6432
157	1303770838443	1	1.3993	1.1111	0.6432
158	1303770838460	1	1.3993	1.1111	0.6432
159	1303770838476	1	1.3993	1.1111	0.6432
160	1303770838493	1	1.3993	1.1111	0.6432
161	1303770838510	1	1.3993	1.1111	0.6432
162	1303770838526	1	1.3993	1.1111	0.6432
163	1303770838582	1	1.3993	1.1111	0.6432
164	1303770838598	1	1.3993	1.1111	0.6432
165	1303770838615	1	1.3993	1.1111	0.6432
166	1303770838632	1	1.3993	1.1111	0.6432
167	1303770838647	1	1.3993	1.1111	0.6432
168	1303770838664	1	1.3993	1.15	0.6214
169	1303770838680	1	1.3993	1.1111	0.6432
170	1303770838696	1	1.3993	1.1111	0.6432
171	1303770838753	1	1.0303	1.1111	0.8736
172	1303770838768	1	1.0303	1.1111	0.8736
173	1303770838785	1	1.0303	1.1111	0.8736
174	1303770838842	1	1.0303	1.15	0.844
175	1303770838858	1	1.0303	1.1111	0.8736
176	1303770838875	1	1.0303	1.1111	0.8736
177	1303770838931	1	1.0303	1.1111	0.8736
178	1303770838947	1	1.0303	1.15	0.844
179	1303770838964	1	1.0303	1.1	0.8824
180	1303770838980	1	1.0303	1.1	0.8824
181	1303770838997	1	1.0303	1.1	0.8824
182	1303770839014	1	1.0303	1.1	0.8824
183	1303770839069	1	1.0303	1.1111	0.8736
184	1303770839086	1	1.0116	1.1	0.8987
185	1303770839108	1	1.0116	1.1	0.8987
186	1303770839168	1	1.0116	1.0909	0.9062
187	1303770839184	1	1.0116	1.0909	0.9062
188	1303770839201	1	1.0116	1.125	0.8787
189	1303770839216	1	1.0116	1.0909	0.9062
190	1303770839232	1	1.0116	1.0833	0.9125
191	1303770839249	1	1.0116	1.125	0.8787
192	1303770839264	1	1.0116	1.0833	0.9125
193	1303770839280	1	1.0116	1.0833	0.9125
194	1303770839296	1	1.0116	1.0833	0.9125
195	1303770839312	1	1.0116	1.0833	0.9125
196	1303770839369	1	1.0116	1.0833	0.9125
197	1303770839385	1	1.0116	1.0833	0.9125
198	1303770839401	1	1.0116	1.0833	0.9125
199	1303770839417	1	1.0116	1.0833	0.9125
200	1303770839434	1	1.0116	1.0833	0.9125
201	1303770839450	1	1.0116	1.0833	0.9125
202	1303770839465	1	1.0116	1.0833	0.9125
203	1303770839482	1	1.0116	1.0833	0.9125
204	1303770839497	1	1.0116	1.0833	0.9125
205	1303770839514	1	1.0116	1.0833	0.9125
206	1303770839530	1	1.0116	1.0833	0.9125
207	1303770839586	1	1.0116	1.0833	0.9125
208	1303770839603	1	1.0116	1.0833	0.9125
209	1303770839660	1	1.0116	1.0833	0.9125
210	1303770839675	1	1.0116	1.0833	0.9125
211	1303770839691	1	1.0116	1.0833	0.9125
212	1303770839707	1	1.0116	1.0833	0.9125
213	1303770839764	1	1.0116	1.0833	0.9125
214	1303770839781	1	1.0116	1.0833	0.9125
215	1303770839796	1	1.0116	1.0833	0.9125
216	1303770839853	1	1.0116	1.0833	0.9125
217	1303770839870	1	1.0116	1.0833	0.9125
218	1303770839886	1	1.0116	1.0833	0.9125
219	1303770839903	1	1.0116	1.0833	0.9125
220	1303770839919	1	1.0116	1.0833	0.9125
221	1303770839935	1	1.0116	1.0833	0.9125
222	1303770839951	1	1.0116	1.0833	0.9125
223	1303770839966	1	1.0116	1.0833	0.9125
224	1303770839983	1	1.0116	1.0833	0.9125
225	1303770839998	1	1.0116	1.0833	0.9125
226	1303770840015	1	1.0116	1.0833	0.9125
227	1303770840032	1	1.0116	1.0833	0.9125
228	1303770840087	1	1.0116	1.0833	0.9125
229	1303770840104	1	1.0116	1.0833	0.9125
230	1303770840161	1	1.0116	1.0833	0.9125
231	1303770840177	1	1.0116	1.0833	0.9125
232	1303770840193	1	1.0116	1.0833	0.9125
233	1303770840209	1	1.0116	1.0833	0.9125
234	1303770840225	1	1.0116	1.0833	0.9125
235	1303770840242	1	1.0116	1.0833	0.9125
236	1303770840257	1	1.0116	1.0833	0.9125
237	1303770840274	1	1.0116	1.0833	0.9125
238	1303770840330	1	1.0116	1.0833	0.9125
239	1303770840387	1	1.0116	1.0833	0.9125
240	1303770840403	1	1.0116	1.0833	0.9125
241	1303770840419	1	1.0116	1.0833	0.9125
242	1303770840435	1	1.0116	1.0833	0.9125
243	1303770840451	1	1.0116	1.0833	0.9125
244	1303770840468	1	1.0116	1.0833	0.9125
245	1303770840486	1	1.0116	1.0833	0.9125
246	1303770840504	1	1.0116	1.0833	0.9125
247	1303770840523	1	1.0116	1.0833	0.9125
248	1303770840541	1	1.0116	1.0833	0.9125
249	1303770840558	1	1.0047	1.0833	0.9188
250	1303770840574	1	1.0047	1.0833	0.9188
251	1303770840591	1	1.0047	1.0833	0.9188
252	1303770840648	1	1.0047	1.0833	0.9188
253	1303770840663	1	1.0047	1.0833	0.9188
254	1303770840680	1	1.0047	1.0833	0.9188
255	1303770840696	1	1.0047	1.0833	0.9188
256	1303770840713	1	1.0047	1.0833	0.9188
257	1303770840729	1	1.0047	1.0833	0.9188
258	1303770840785	1	1.0047	1.0833	0.9188
259	1303770840801	1	1.0047	1.0833	0.9188
260	1303770840818	1	1.0047	1.0833	0.9188
261	1303770840834	1	1.0047	1.0833	0.9188
262	1303770840851	1	1.0047	1.0833	0.9188
263	1303770840866	1	1.0047	1.0833	0.9188
264	1303770840883	1	1.0047	1.0833	0.9188
265	1303770840899	1	1.0047	1.0833	0.9188
266	1303770840915	1	1.0047	1.0833	0.9188
267	1303770840931	1	1.0047	1.0833	0.9188
268	1303770840947	1	1.0047	1.0833	0.9188
269	1303770841004	1	1.0047	1.0833	0.9188
270	1303770841021	1	1.0047	1.0833	0.9188
271	1303770841037	1	1.0047	1.0833	0.9188
272	1303770841053	1	1.0047	1.0833	0.9188
273	1303770841068	1	1.0047	1.0833	0.9188
274	1303770841085	1	1.0047	1.0833	0.9188
275	1303770841102	1	1.0047	1.0833	0.9188
276	1303770841117	1	1.0047	1.0833	0.9188
277	1303770841134	1	1.0047	1.0833	0.9188
278	1303770841191	1	1.0047	1.0833	0.9188
279	1303770841206	1	1.0047	1.0833	0.9188
280	1303770841264	1	1.0047	1.0833	0.9188
281	1303770841279	1	1.0047	1.0833	0.9188
282	1303770841336	1	1.0047	1.0833	0.9188
283	1303770841353	1	1.0047	1.0833	0.9188
284	1303770841369	1	1.0047	1.0833	0.9188
285	1303770841426	1	1.0047	1.0833	0.9188
286	1303770841443	1	1.0047	1.0833	0.9188
287	1303770841459	1	1.0047	1.0833	0.9188
288	1303770841476	1	1.0047	1.0833	0.9188
289	1303770841491	1	1.0047	1.0833	0.9188
290	1303770841508	1	1.0047	1.0833	0.9188
291	1303770841525	1	1.0047	1.0833	0.9188
292	1303770841541	1	1.0047	1.0833	0.9188
293	1303770841557	1	1.0047	1.0833	0.9188
294	1303770841573	1	1.0047	1.0833	0.9188
295	1303770841589	1	1.0047	1.0833	0.9188
296	1303770841606	1	1.0047	1.0833	0.9188
297	1303770841622	1	1.0047	1.0833	0.9188
298	1303770841638	1	1.0047	1.0833	0.9188
299	1303770841654	1	1.0047	1.0833	0.9188
300	1303770841670	1	1.0047	1.0833	0.9188
301	1303770841687	1	1.0047	1.0833	0.9188
302	1303770841703	1	1.0047	1.0833	0.9188
303	1303770841720	1	1.0047	1.0833	0.9188
304	1303770841737	1	1.0047	1.0833	0.9188
305	1303770841752	1	1.0047	1.0833	0.9188
306	1303770841770	1	1.0047	1.0833	0.9188
307	1303770841790	1	1.0046	1.0833	0.9188
308	1303770841808	1	1.0041	1.0833	0.9193
309	1303770841827	1	1.0027	1.0833	0.9206
310	1303770841884	1	1.0027	1.0833	0.9206
311	1303770841900	1	1.0027	1.0833	0.9206
312	1303770841917	1	1.0027	1.0833	0.9206
313	1303770841934	1	1.0027	1.0833	0.9206
314	1303770841950	1	1.0027	1.0833	0.9206
315	1303770841966	1	1.0027	1.0833	0.9206
316	1303770841982	1	1.0027	1.0833	0.9206
317	1303770841999	1	1.0027	1.0833	0.9206
318	1303770842015	1	1.0027	1.0833	0.9206
319	1303770842072	1	1.0027	1.0833	0.9206
320	1303770842129	1	1.0027	1.0833	0.9206
321	1303770842146	1	1.0027	1.0833	0.9206
322	1303770842162	1	1.0027	1.0833	0.9206
323	1303770842178	1	1.0027	1.0833	0.9206
324	1303770842195	1	1.0027	1.0833	0.9206
325	1303770842251	1	1.0027	1.0833	0.9206
326	1303770842269	1	1.0027	1.0833	0.9206
327	1303770842285	1	1.0027	1.0833	0.9206
328	1303770842302	1	1.0027	1.0833	0.9206
329	1303770842319	1	1.0027	1.0833	0.9206
330	1303770842335	1	1.0027	1.0833	0.9206
331	1303770842352	1	1.0027	1.0833	0.9206
332	1303770842369	1	1.0027	1.0833	0.9206
333	1303770842384	1	1.0027	1.0833	0.9206
334	1303770842401	1	1.0027	1.0833	0.9206
335	1303770842417	1	1.0027	1.0833	0.9206
336	1303770842434	1	1.0027	1.0833	0.9206
337	1303770842451	1	1.0027	1.0833	0.9206
338	1303770842467	1	1.0027	1.0833	0.9206
339	1303770842483	1	1.0027	1.0833	0.9206
340	1303770842499	1	1.0027	1.0833	0.9206
341	1303770842516	1	1.0027	1.0833	0.9206
342	1303770842533	1	1.0027	1.0833	0.9206
343	1303770842548	1	1.0027	1.0833	0.9206
344	1303770842565	1	1.0027	1.0833	0.9206
345	1303770842581	1	1.0027	1.0833	0.9206
346	1303770842598	1	1.0027	1.0833	0.9206
347	1303770842615	1	1.0027	1.0833	0.9206
348	1303770842630	1	1.0027	1.0833	0.9206
349	1303770842647	1	1.0027	1.0833	0.9206
350	1303770842663	1	1.0027	1.0833	0.9206
351	1303770842680	1	1.0027	1.0833	0.9206
352	1303770842737	1	1.0027	1.0833	0.9206
353	1303770842753	1	1.0027	1.0833	0.9206
354	1303770842770	1	1.0027	1.0833	0.9206
355	1303770842787	1	1.0027	1.0833	0.9206
356	1303770842842	1	1.0027	1.0833	0.9206
357	1303770842859	1	1.0027	1.0833	0.9206
358	1303770842875	1	1.0027	1.0833	0.9206
359	1303770842892	1	1.0027	1.0833	0.9206
360	1303770842909	1	1.0027	1.0833	0.9206
361	1303770842924	1	1.0027	1.0833	0.9206
362	1303770842981	1	1.0027	1.0833	0.9206
363	1303770842998	1	1.0027	1.0833	0.9206
364	1303770843014	1	1.0027	1.0833	0.9206
365	1303770843031	1	1.0027	1.0833	0.9206
366	1303770843047	1	1.0027	1.0833	0.9206
367	1303770843065	1	1.0027	1.0833	0.9206
368	1303770843083	1	1.0024	1.0833	0.9208
369	1303770843101	1	1.0017	1.0833	0.9215
370	1303770843118	1	1.0017	1.0833	0.9215
371	1303770843135	1	1.0017	1.0833	0.9215
372	1303770843151	1	1.0017	1.0833	0.9215
373	1303770843167	1	1.0017	1.0833	0.9215
374	1303770843184	1	1.0017	1.0833	0.9215
375	1303770843200	1	1.0017	1.0833	0.9215
376	1303770843217	1	1.0017	1.0833	0.9215
377	1303770843232	1	1.0017	1.0833	0.9215
378	1303770843249	1	1.0017	1.0833	0.9215
379	1303770843266	1	1.0017	1.0833	0.9215
380	1303770843282	1	1.0017	1.0833	0.9215
381	1303770843299	1	1.0017	1.0833	0.9215
382	1303770843315	1	1.0017	1.0833	0.9215
383	1303770843372	1	1.0017	1.0833	0.9215
384	1303770843389	1	1.0017	1.0833	0.9215
385	1303770843405	1	1.0017	1.0833	0.9215
386	1303770843422	1	1.0017	1.0833	0.9215
387	1303770843438	1	1.0017	1.0833	0.9215
388	1303770843494	1	1.0017	1.0833	0.9215
389	1303770843511	1	1.0017	1.0833	0.9215
390	1303770843528	1	1.0017	1.0833	0.9215
391	1303770843544	1	1.0017	1.0833	0.9215
392	1303770843560	1	1.0017	1.0833	0.9215
393	1303770843576	1	1.0017	1.0833	0.9215
394	1303770843592	1	1.0017	1.0833	0.9215
395	1303770843650	1	1.0017	1.0833	0.9215
396	1303770843665	1	1.0017	1.0833	0.9215
397	1303770843682	1	1.0017	1.0833	0.9215
398	1303770843698	1	1.0017	1.0833	0.9215
399	1303770843715	1	1.0017	1.0833	0.9215
400	1303770843732	1	1.0017	1.0833	0.9215
401	1303770843747	1	1.0017	1.0833	0.9215
402	1303770843764	1	1.0017	1.0833	0.9215
403	1303770843779	1	1.0017	1.0833	0.9215
404	1303770843796	1	1.0017	1.0833	0.9215
405	1303770843813	1	1.0017	1.0833	0.9215
406	1303770843828	1	1.0017	1.0833	0.9215
407	1303770843844	1	1.0017	1.0833	0.9215
408	1303770843860	1	1.0017	1.0833	0.9215
409	1303770843877	1	1.0017	1.0833	0.9215
410	1303770843893	1	1.0017	1.0833	0.9215
411	1303770843908	1	1.0017	1.0833	0.9215
412	1303770843925	1	1.0017	1.0833	0.9215
413	1303770843940	1	1.0017	1.0833	0.9215
414	1303770843956	1	1.0017	1.0833	0.9215
415	1303770843973	1	1.0017	1.0833	0.9215
416	1303770843989	1	1.0017	1.0833	0.9215
417	1303770844005	1	1.0017	1.0833	0.9215
418	1303770844021	1	1.0017	1.0833	0.9215
419	1303770844037	1	1.0017	1.0833	0.9215
420	1303770844054	1	1.0017	1.0833	0.9215
421	1303770844069	1	1.0017	1.0833	0.9215
422	1303770844087	1	1.0017	1.0833	0.9215
423	1303770844103	1	1.0017	1.0833	0.9215
424	1303770844120	1	1.0017	1.0833	0.9215
425	1303770844136	1	1.0017	1.0833	0.9215
426	1303770844152	1	1.0017	1.0833	0.9215
427	1303770844168	1	1.0017	1.0833	0.9215
428	1303770844185	1	1.0017	1.0833	0.9215
429	1303770844204	1	1.0017	1.0833	0.9215
430	1303770844222	1	1.0017	1.0833	0.9215
431	1303770844239	1	1.002	1.0833	0.9213
432	1303770844256	1	1.002	1.0417	0.9581
433	1303770844313	1	1.002	1.0833	0.9213
434	1303770844330	1	1.002	1.0833	0.9213
435	1303770844386	1	1.002	1.0833	0.9213
436	1303770844443	1	1.002	1.0417	0.9581
437	1303770844460	1	1.002	1.0833	0.9213
438	1303770844476	1	1.002	1.0833	0.9213
439	1303770844533	1	1.002	1.0833	0.9213
440	1303770844549	1	1.002	1.0833	0.9213
441	1303770844605	1	1.002	1.0833	0.9213
442	1303770844622	1	1.002	1.0833	0.9213
443	1303770844638	1	1.002	1.0833	0.9213
444	1303770844655	1	1.002	1.0833	0.9213
445	1303770844672	1	1.002	1.0833	0.9213
446	1303770844688	1	1.002	1.0833	0.9213
447	1303770844705	1	1.002	1.0833	0.9213
448	1303770844720	1	1.002	1.0833	0.9213
449	1303770844736	1	1.002	1.0833	0.9213
450	1303770844753	1	1.002	1.0833	0.9213
451	1303770844769	1	1.002	1.0833	0.9213
452	1303770844785	1	1.002	1.0833	0.9213
453	1303770844800	1	1.002	1.0833	0.9213
454	1303770844817	1	1.002	1.0833	0.9213
455	1303770844833	1	1.002	1.0833	0.9213
456	1303770844849	1	1.002	1.0833	0.9213
457	1303770844865	1	1.002	1.0833	0.9213
458	1303770844881	1	1.002	1.0833	0.9213
459	1303770844897	1	1.002	1.0833	0.9213
460	1303770844914	1	1.002	1.0833	0.9213
461	1303770844929	1	1.002	1.0833	0.9213
462	1303770844946	1	1.002	1.0833	0.9213
463	1303770844961	1	1.002	1.0833	0.9213
464	1303770845018	1	1.002	1.0833	0.9213
465	1303770845035	1	1.002	1.0833	0.9213
466	1303770845051	1	1.002	1.0833	0.9213
467	1303770845068	1	1.002	1.0833	0.9213
468	1303770845083	1	1.002	1.0833	0.9213
469	1303770845100	1	1.002	1.0833	0.9213
470	1303770845117	1	1.002	1.0833	0.9213
471	1303770845132	1	1.002	1.0833	0.9213
472	1303770845148	1	1.002	1.0833	0.9213
473	1303770845164	1	1.002	1.0833	0.9213
474	1303770845180	1	1.002	1.0833	0.9213
475	1303770845197	1	1.002	1.0833	0.9213
476	1303770845213	1	1.002	1.0833	0.9213
477	1303770845229	1	1.002	1.0833	0.9213
478	1303770845287	1	1.002	1.0833	0.9213
479	1303770845302	1	1.002	1.0833	0.9213
480	1303770845319	1	1.002	1.0833	0.9213
481	1303770845335	1	1.002	1.0833	0.9213
482	1303770845352	1	1.002	1.0833	0.9213
483	1303770845368	1	1.002	1.0833	0.9213
484	1303770845384	1	1.002	1.0833	0.9213
485	1303770845442	1	1.002	1.0833	0.9213
486	1303770845457	1	1.002	1.0833	0.9213
487	1303770845474	1	1.002	1.0833	0.9213
488	1303770845491	1	1.002	1.0833	0.9213
489	1303770845548	1	1.002	1.0833	0.9213
490	1303770845568	1	1.002	1.0833	0.9213
491	1303770845586	1	1.002	1.0833	0.9213
492	1303770845603	1	1.0024	1.0417	0.9577
493	1303770845621	1	1.0024	1.0833	0.9208
494	1303770845638	1	1.0024	1.0833	0.9208
495	1303770845653	1	1.0024	1.0833	0.9208
496	1303770845670	1	1.0024	1.0417	0.9577
497	1303770845686	1	1.0024	1.0833	0.9208
498	1303770845702	1	1.0024	1.0833	0.9208
499	1303770845719	1	1.0024	1.0833	0.9208
500	1303770845734	1	1.0024	1.0833	0.9208
501	1303770845751	1	1.0024	1.0833	0.9208
502	1303770845807	1	1.0024	1.0833	0.9208
503	1303770845823	1	1.0024	1.0833	0.9208
504	1303770845840	1	1.0024	1.0833	0.9208
505	1303770845855	1	1.0024	1.0833	0.9208
506	1303770845872	1	1.0024	1.0833	0.9208
507	1303770845888	1	1.0024	1.0833	0.9208
508	1303770845904	1	1.0024	1.0833	0.9208
509	1303770845921	1	1.0024	1.0833	0.9208
510	1303770845936	1	1.0024	1.0833	0.9208
511	1303770845953	1	1.0024	1.0833	0.9208
512	1303770845969	1	1.0024	1.0833	0.9208
513	1303770845985	1	1.0024	1.0833	0.9208
514	1303770846002	1	1.0024	1.0833	0.9208
515	1303770846017	1	1.0024	1.0833	0.9208
516	1303770846034	1	1.0024	1.0833	0.9208
517	1303770846050	1	1.0024	1.0833	0.9208
518	1303770846066	1	1.0024	1.0833	0.9208
519	1303770846082	1	1.0024	1.0833	0.9208
520	1303770846098	1	1.0024	1.0833	0.9208
521	1303770846114	1	1.0024	1.0833	0.9208
522	1303770846131	1	1.0024	1.0833	0.9208
523	1303770846147	1	1.0024	1.0833	0.9208
524	1303770846164	1	1.0024	1.0833	0.9208
525	1303770846179	1	1.0024	1.0833	0.9208
526	1303770846196	1	1.0024	1.0833	0.9208
527	1303770846212	1	1.0024	1.0833	0.9208
528	1303770846228	1	1.0024	1.0833	0.9208
529	1303770846245	1	1.0024	1.0833	0.9208
530	1303770846261	1	1.0024	1.0833	0.9208
531	1303770846277	1	1.0024	1.0833	0.9208
532	1303770846294	1	1.0024	1.0833	0.9208
533	1303770846309	1	1.0024	1.0833	0.9208
534	1303770846325	1	1.0024	1.0833	0.9208
535	1303770846382	1	1.0024	1.0833	0.9208
536	1303770846398	1	1.0024	1.0833	0.9208
537	1303770846415	1	1.0024	1.0833	0.9208
538	1303770846431	1	1.0024	1.0833	0.9208
539	1303770846448	1	1.0024	1.0833	0.9208
540	1303770846464	1	1.0024	1.0833	0.9208
541	1303770846480	1	1.0024	1.0833	0.9208
542	1303770846496	1	1.0024	1.0833	0.9208
543	1303770846512	1	1.0024	1.0833	0.9208
544	1303770846529	1	1.0024	1.0833	0.9208
545	1303770846549	1	1.0024	1.0833	0.9208
546	1303770846565	1	1.0024	1.0833	0.9208
547	1303770846581	1	1.0024	1.0833	0.9208
548	1303770846597	1	1.0024	1.0833	0.9208
549	1303770846613	1	1.0024	1.0833	0.9208
550	1303770846630	1	1.0024	1.0833	0.9208
551	1303770846650	1	1.0024	1.0833	0.9208
552	1303770846669	1	1.0024	1.0417	0.9577
553	1303770846727	1	1.0029	1.0417	0.9573
554	1303770846744	1	1.0029	1.0833	0.9205
555	1303770846760	1	1.0029	1.0833	0.9205
556	1303770846777	1	1.0029	1.0417	0.9573
557	1303770846792	1	1.0029	1.0833	0.9205
558	1303770846810	1	1.0029	1.0833	0.9205
559	1303770846826	1	1.0029	1.0833	0.9205
560	1303770846841	1	1.0029	1.0833	0.9205
561	1303770846858	1	1.0029	1.0833	0.9205
562	1303770846873	1	1.0029	1.0833	0.9205
563	1303770846931	1	1.0029	1.0833	0.9205
564	1303770846948	1	1.0029	1.0833	0.9205
565	1303770846963	1	1.0029	1.0833	0.9205
566	1303770846980	1	1.0029	1.0833	0.9205
567	1303770847037	1	1.0029	1.0833	0.9205
568	1303770847053	1	1.0029	1.0833	0.9205
569	1303770847070	1	1.0029	1.0833	0.9205
570	1303770847085	1	1.0029	1.0833	0.9205
571	1303770847102	1	1.0029	1.0833	0.9205
572	1303770847119	1	1.0029	1.0833	0.9205
573	1303770847174	1	1.0029	1.0833	0.9205
574	1303770847191	1	1.0029	1.0833	0.9205
575	1303770847207	1	1.0029	1.0833	0.9205
576	1303770847225	1	1.0029	1.0833	0.9205
577	1303770847242	1	1.0029	1.0833	0.9205
578	1303770847257	1	1.0029	1.0833	0.9205
579	1303770847274	1	1.0029	1.0833	0.9205
580	1303770847290	1	1.0029	1.0833	0.9205
581	1303770847306	1	1.0029	1.0833	0.9205
582	1303770847322	1	1.0029	1.0833	0.9205
583	1303770847338	1	1.0029	1.0833	0.9205
584	1303770847355	1	1.0029	1.0833	0.9205
585	1303770847370	1	1.0029	1.0833	0.9205
586	1303770847387	1	1.0029	1.0833	0.9205
587	1303770847403	1	1.0029	1.0833	0.9205
588	1303770847418	1	1.0029	1.0833	0.9205
589	1303770847435	1	1.0029	1.0833	0.9205
590	1303770847451	1	1.0029	1.0833	0.9205
591	1303770847467	1	1.0029	1.0833	0.9205
592	1303770847484	1	1.0029	1.0833	0.9205
593	1303770847499	1	1.0029	1.0833	0.9205
594	1303770847516	1	1.0029	1.0833	0.9205
595	1303770847572	1	1.7952	1.0833	0.5142
596	1303770847588	1	1.7952	1.0833	0.5142
597	1303770847605	1	1.7952	1.0833	0.5142
598	1303770847621	1	1.7952	1.0833	0.5142
599	1303770847638	1	1.7952	1.0833	0.5142
600	1303770847654	1	1.7952	1.0833	0.5142
601	1303770847670	1	1.7952	1.0833	0.5142
602	1303770847687	1	1.7952	1.0833	0.5142
603	1303770847742	1	1.7952	1.0833	0.5142
604	1303770847759	1	1.7952	1.0833	0.5142
605	1303770847775	1	1.7952	1.0833	0.5142
606	1303770847791	1	1.7952	1.0833	0.5142
607	1303770847807	1	1.7952	1.0833	0.5142
608	1303770847823	1	1.7952	1.0833	0.5142
609	1303770847839	1	1.7952	1.0833	0.5142
610	1303770847856	1	1.7952	1.0833	0.5142
611	1303770847872	1	1.7952	1.0833	0.5142
612	1303770847893	1	1.7952	1.0833	0.5142
613	1303770847912	1	1.7952	1.0417	0.5348
614	1303770847928	1	1.7955	1.0833	0.5141
615	1303770847945	1	1.7955	1.0833	0.5141
616	1303770847962	1	1.7955	1.0417	0.5347
617	1303770847978	1	1.7955	1.0833	0.5141
618	1303770847995	1	1.7955	1.0833	0.5141
619	1303770848010	1	1.7955	1.0833	0.5141
620	1303770848027	1	1.7955	1.0833	0.5141
621	1303770848044	1	1.7955	1.0833	0.5141
622	1303770848059	1	1.7955	1.0833	0.5141
623	1303770848076	1	1.7955	1.0833	0.5141
624	1303770848092	1	1.7955	1.0833	0.5141
625	1303770848108	1	1.7955	1.0833	0.5141
626	1303770848125	1	1.7955	1.0833	0.5141
627	1303770848140	1	1.7955	1.0833	0.5141
628	1303770848156	1	1.7955	1.0833	0.5141
629	1303770848172	1	1.7955	1.0833	0.5141
630	1303770848188	1	1.7955	1.0833	0.5141
631	1303770848204	1	1.7955	1.0833	0.5141
632	1303770848220	1	1.7955	1.0833	0.5141
633	1303770848237	1	1.7955	1.0833	0.5141
634	1303770848252	1	1.7955	1.0833	0.5141
635	1303770848269	1	1.7955	1.0833	0.5141
636	1303770848327	1	1.7955	1.0833	0.5141
637	1303770848342	1	1.7955	1.0833	0.5141
638	1303770848359	1	1.7955	1.0833	0.5141
639	1303770848416	1	1.7955	1.0833	0.5141
640	1303770848432	1	1.7955	1.0833	0.5141
641	1303770848448	1	1.7955	1.0833	0.5141
642	1303770848504	1	1.7955	1.0833	0.5141
643	1303770848561	1	1.7955	1.0833	0.5141
644	1303770848578	1	1.7955	1.0833	0.5141
645	1303770848594	1	1.7955	1.0833	0.5141
646	1303770848610	1	1.7955	1.0833	0.5141
647	1303770848627	1	1.7955	1.0833	0.5141
648	1303770848642	1	1.7955	1.0833	0.5141
649	1303770848659	1	1.7955	1.0833	0.5141
650	1303770848674	1	1.7955	1.0833	0.5141
651	1303770848691	1	1.7955	1.0833	0.5141
652	1303770848707	1	1.7955	1.0833	0.5141
653	1303770848763	1	1.7955	1.0833	0.5141
654	1303770848780	1	1.7955	1.0833	0.5141
655	1303770848796	1	1.7955	1.0833	0.5141
656	1303770848852	1	1.7955	1.0833	0.5141
657	1303770848869	1	1.7955	1.0833	0.5141
658	1303770848885	1	1.7955	1.0833	0.5141
659	1303770848901	1	1.7955	1.0833	0.5141
660	1303770848917	1	1.7955	1.0833	0.5141
661	1303770848934	1	1.7955	1.0833	0.5141
662	1303770848951	1	1.7955	1.0833	0.5141
663	1303770849007	1	1.7955	1.0833	0.5141
664	1303770849063	1	1.7955	1.0833	0.5141
665	1303770849081	1	1.7955	1.0833	0.5141
666	1303770849136	1	1.7955	1.0833	0.5141
667	1303770849153	1	1.7955	1.0833	0.5141
668	1303770849170	1	1.7955	1.0833	0.5141
669	1303770849186	1	1.7955	1.0833	0.5141
670	1303770849202	1	1.7955	1.0833	0.5141
671	1303770849218	1	1.7955	1.0833	0.5141
672	1303770849236	1	1.7955	1.0833	0.5141
673	1303770849265	1	1.7955	1.0833	0.5141
674	1303770849286	1	1.7955	1.0417	0.5347
675	1303770849303	1	1.7961	1.0417	0.5345
676	1303770849361	1	1.7961	1.0833	0.5139
677	1303770849378	1	1.7961	1.0833	0.5139
678	1303770849394	1	1.7961	1.0417	0.5345
679	1303770849410	1	1.7961	1.0833	0.5139
680	1303770849427	1	1.7961	1.0833	0.5139
681	1303770849443	1	1.7961	1.0833	0.5139
682	1303770849500	1	1.7961	1.0417	0.5345
683	1303770849516	1	1.7961	1.0833	0.5139
684	1303770849533	1	1.7961	1.0833	0.5139
685	1303770849549	1	1.7961	1.0833	0.5139
686	1303770849565	1	1.7961	1.0833	0.5139
687	1303770849581	1	1.7961	1.0833	0.5139
688	1303770849597	1	1.7961	1.0833	0.5139
689	1303770849614	1	1.7961	1.0833	0.5139
690	1303770849630	1	1.7961	1.0833	0.5139
691	1303770849646	1	1.7961	1.0833	0.5139
692	1303770849662	1	1.7961	1.0833	0.5139
693	1303770849678	1	1.7961	1.0833	0.5139
694	1303770849694	1	1.7961	1.0833	0.5139
695	1303770849711	1	1.7961	1.0833	0.5139
696	1303770849726	1	1.7961	1.0833	0.5139
697	1303770849743	1	1.7961	1.0833	0.5139
698	1303770849758	1	1.7961	1.0833	0.5139
699	1303770849775	1	1.7961	1.0833	0.5139
700	1303770849791	1	1.7961	1.0833	0.5139
701	1303770849807	1	1.7961	1.0833	0.5139
702	1303770849823	1	1.7961	1.0833	0.5139
703	1303770849839	1	1.7961	1.0833	0.5139
704	1303770849855	1	1.7961	1.0833	0.5139
705	1303770849872	1	1.7961	1.0833	0.5139
706	1303770849888	1	1.7961	1.0833	0.5139
707	1303770849904	1	1.7961	1.0833	0.5139
708	1303770849920	1	1.7961	1.0833	0.5139
709	1303770849937	1	1.7961	1.0833	0.5139
710	1303770849954	1	1.7961	1.0833	0.5139
711	1303770849969	1	1.7961	1.0833	0.5139
712	1303770849986	1	1.7961	1.0833	0.5139
713	1303770850002	1	1.7961	1.0833	0.5139
714	1303770850018	1	1.7961	1.0833	0.5139
715	1303770850075	1	1.8466	1.0833	0.4999
716	1303770850131	1	1.8466	1.0833	0.4999
717	1303770850148	1	1.8466	1.0833	0.4999
718	1303770850163	1	1.8466	1.0833	0.4999
719	1303770850180	1	1.8466	1.0833	0.4999
720	1303770850197	1	1.8466	1.0833	0.4999
721	1303770850213	1	1.8466	1.0833	0.4999
722	1303770850229	1	1.8466	1.0833	0.4999
723	1303770850244	1	1.8466	1.0833	0.4999
724	1303770850261	1	1.8466	1.0833	0.4999
725	1303770850277	1	1.8466	1.0833	0.4999
726	1303770850293	1	1.8466	1.0833	0.4999
727	1303770850309	1	1.8466	1.0833	0.4999
728	1303770850325	1	1.8466	1.0833	0.4999
729	1303770850632	1	1.8466	1.0833	0.4999
730	1303770850648	1	1.8466	1.0833	0.4999
731	1303770850704	1	1.8466	1.0833	0.4999
732	1303770850761	1	1.8466	1.0833	0.4999
733	1303770850780	1	1.8466	1.0833	0.4999
734	1303770850850	1	1.8488	1.0833	0.4993
735	1303770850875	1	1.839	1.1667	0.4661
736	1303770850891	1	1.839	1.0833	0.502
737	1303770850908	1	1.839	1.0417	0.522
738	1303770850925	1	1.839	1.0833	0.502
739	1303770850941	1	1.839	1.0833	0.502
740	1303770850957	1	1.839	1.0833	0.502
741	1303770850973	1	1.839	1.0417	0.522
742	1303770851030	1	1.839	1.0833	0.502
743	1303770851047	1	1.839	1.0833	0.502
744	1303770851063	1	1.839	1.0833	0.502
745	1303770851079	1	1.839	1.0417	0.522
746	1303770851095	1	1.839	1.0833	0.502
747	1303770851112	1	1.839	1.0833	0.502
748	1303770851128	1	1.839	1.0833	0.502
749	1303770851144	1	1.839	1.0833	0.502
750	1303770851201	1	1.839	1.0833	0.502
751	1303770851218	1	1.839	1.0833	0.502
752	1303770851234	1	1.839	1.0833	0.502
753	1303770851251	1	1.839	1.0833	0.502
754	1303770851266	1	1.839	1.0833	0.502
755	1303770851283	1	1.839	1.0833	0.502
756	1303770851300	1	1.839	1.0833	0.502
757	1303770851316	1	1.839	1.0833	0.502
758	1303770851332	1	1.839	1.0833	0.502
759	1303770851348	1	1.839	1.0833	0.502
760	1303770851365	1	1.839	1.0833	0.502
761	1303770851381	1	1.839	1.0833	0.502
762	1303770851397	1	1.839	1.0833	0.502
763	1303770851413	1	1.839	1.0833	0.502
764	1303770851428	1	1.839	1.0833	0.502
765	1303770851445	1	1.839	1.0833	0.502
766	1303770851461	1	1.839	1.0833	0.502
767	1303770851518	1	1.839	1.0833	0.502
768	1303770851535	1	1.839	1.0833	0.502
769	1303770851550	1	1.839	1.0833	0.502
770	1303770851567	1	1.839	1.0833	0.502
771	1303770851584	1	1.839	1.0833	0.502
772	1303770851599	1	1.839	1.0833	0.502
773	1303770851656	1	1.839	1.0833	0.502
774	1303770851671	1	1.839	1.0833	0.502
775	1303770851688	1	1.839	1.0833	0.502
776	1303770851705	1	1.839	1.0833	0.502
777	1303770851720	1	1.839	1.0833	0.502
778	1303770851737	1	1.839	1.0833	0.502
779	1303770851753	1	1.839	1.0833	0.502
780	1303770851769	1	1.839	1.0833	0.502
781	1303770851786	1	1.839	1.0833	0.502
782	1303770851801	1	1.839	1.0833	0.502
783	1303770851818	1	1.839	1.0833	0.502
784	1303770851834	1	1.839	1.0833	0.502
785	1303770851851	1	1.839	1.0833	0.502
786	1303770851867	1	1.839	1.0833	0.502
787	1303770851883	1	1.839	1.0833	0.502
788	1303770851900	1	1.839	1.0833	0.502
789	1303770851916	1	1.839	1.0833	0.502
790	1303770851973	1	1.839	1.0833	0.502
791	1303770852030	1	1.839	1.0833	0.502
792	1303770852045	1	1.839	1.0833	0.502
793	1303770852062	1	1.839	1.0833	0.502
794	1303770852122	1	1.839	1.0833	0.502
795	1303770852161	1	1.8446	1.0833	0.5004
796	1303770852186	1	1.8367	1.0417	0.5227
797	1303770852204	1	1.8367	1.0833	0.5026
798	1303770852220	1	1.8367	1.0833	0.5026
799	1303770852237	1	1.8367	1.0833	0.5026
800	1303770852254	1	1.8367	1.0417	0.5227
801	1303770852270	1	1.8367	1.0833	0.5026
802	1303770852399	1	1.8367	1.0833	0.5026
803	1303770852415	1	1.8367	1.0833	0.5026
804	1303770852432	1	1.8367	1.0417	0.5227
805	1303770852449	1	1.8367	1.0833	0.5026
806	1303770852465	1	1.8367	1.0833	0.5026
807	1303770852481	1	1.8367	1.0833	0.5026
808	1303770852497	1	1.8367	1.0833	0.5026
809	1303770852514	1	1.8367	1.0833	0.5026
810	1303770852531	1	1.8367	1.0833	0.5026
811	1303770852547	1	1.8367	1.0833	0.5026
812	1303770852563	1	1.8367	1.0833	0.5026
813	1303770852579	1	1.8367	1.0833	0.5026
814	1303770852596	1	1.8367	1.0833	0.5026
815	1303770852612	1	1.8367	1.0833	0.5026
816	1303770852628	1	1.8367	1.0833	0.5026
817	1303770852645	1	1.8367	1.0833	0.5026
818	1303770852662	1	1.8367	1.0833	0.5026
819	1303770852678	1	1.8367	1.0833	0.5026
820	1303770852695	1	1.8367	1.0833	0.5026
821	1303770852711	1	1.8367	1.0833	0.5026
822	1303770852769	1	1.8367	1.0833	0.5026
823	1303770852786	1	1.8367	1.0833	0.5026
824	1303770852842	1	1.8367	1.0833	0.5026
825	1303770852859	1	1.8367	1.0833	0.5026
826	1303770852916	1	1.8367	1.0833	0.5026
827	1303770852932	1	1.8367	1.0833	0.5026
828	1303770852949	1	1.8367	1.0833	0.5026
829	1303770852965	1	1.8367	1.0833	0.5026
830	1303770853022	1	1.8367	1.0833	0.5026
831	1303770853039	1	1.8367	1.0833	0.5026
832	1303770853055	1	1.8367	1.0833	0.5026
833	1303770853072	1	1.8367	1.0833	0.5026
834	1303770853089	1	1.8367	1.0833	0.5026
835	1303770853105	1	1.8367	1.0833	0.5026
836	1303770853122	1	1.8367	1.0833	0.5026
837	1303770853137	1	1.8367	1.0833	0.5026
838	1303770853154	1	1.8367	1.0833	0.5026
839	1303770853211	1	1.8367	1.0833	0.5026
840	1303770853227	1	1.8367	1.0833	0.5026
841	1303770853244	1	1.8367	1.0833	0.5026
842	1303770853260	1	1.8367	1.0833	0.5026
843	1303770853277	1	1.8367	1.0833	0.5026
844	1303770853296	1	1.8367	1.0833	0.5026
845	1303770853312	1	1.8367	1.0833	0.5026
846	1303770853329	1	1.8367	1.0833	0.5026
847	1303770853344	1	1.8367	1.0833	0.5026
848	1303770853361	1	1.8367	1.0833	0.5026
849	1303770853378	1	1.8367	1.0833	0.5026
850	1303770853394	1	1.8367	1.0833	0.5026
851	1303770853451	1	1.8367	1.0833	0.5026
852	1303770853469	1	1.8367	1.0833	0.5026
853	1303770853485	1	1.8367	1.0833	0.5026
854	1303770853501	1	1.8367	1.0833	0.5026
855	1303770853519	1	1.8367	1.0833	0.5026
856	1303770853552	1	1.8367	1.0833	0.5026
857	1303770853574	1	1.8367	1.0417	0.5227
858	1303770853592	1	1.8387	1.0833	0.502
859	1303770853610	1	1.8387	1.0833	0.502
860	1303770853626	1	1.8387	1.0417	0.5221
861	1303770853683	1	1.8387	1.0833	0.502
862	1303770853700	1	1.8387	1.0833	0.502
863	1303770853716	1	1.8387	1.0833	0.502
864	1303770853773	1	1.8387	1.0417	0.5221
865	1303770853789	1	1.8387	1.0833	0.502
866	1303770853806	1	1.8387	1.0833	0.502
867	1303770853823	1	1.8387	1.0833	0.502
868	1303770853839	1	1.8387	1.0417	0.5221
869	1303770853856	1	1.8387	1.0833	0.502
870	1303770853873	1	1.8387	1.0833	0.502
871	1303770853889	1	1.8387	1.0833	0.502
872	1303770853905	1	1.8387	1.0833	0.502
873	1303770853961	1	1.8387	1.0833	0.502
874	1303770853979	1	1.8387	1.0833	0.502
875	1303770853996	1	1.8387	1.0833	0.502
876	1303770854012	1	1.8387	1.0833	0.502
877	1303770854029	1	1.8387	1.0833	0.502
878	1303770854045	1	1.8387	1.0833	0.502
879	1303770854062	1	1.8387	1.0833	0.502
880	1303770854079	1	1.8387	1.0833	0.502
881	1303770854095	1	1.8387	1.0833	0.502
882	1303770854112	1	1.8387	1.0833	0.502
883	1303770854128	1	1.8387	1.0833	0.502
884	1303770854145	1	1.8387	1.0833	0.502
885	1303770854162	1	1.8387	1.0833	0.502
886	1303770854178	1	1.8387	1.0833	0.502
887	1303770854195	1	1.8387	1.0833	0.502
888	1303770854210	1	1.8387	1.0833	0.502
889	1303770854227	1	1.8387	1.0833	0.502
890	1303770854244	1	1.8387	1.0833	0.502
891	1303770854260	1	1.8387	1.0833	0.502
892	1303770854276	1	1.8387	1.0833	0.502
893	1303770854293	1	1.8387	1.0833	0.502
894	1303770854309	1	1.8387	1.0833	0.502
895	1303770854325	1	1.8387	1.0833	0.502
896	1303770854341	1	1.8387	1.0833	0.502
897	1303770854358	1	1.8387	1.0833	0.502
898	1303770854375	1	1.8387	1.0833	0.502
899	1303770854390	1	1.8387	1.0833	0.502
900	1303770854407	1	1.8387	1.0833	0.502
901	1303770854422	1	1.8387	1.0833	0.502
902	1303770854439	1	1.8387	1.0833	0.502
903	1303770854456	1	1.8387	1.0833	0.502
904	1303770854472	1	1.8387	1.0833	0.502
905	1303770854488	1	1.8387	1.0833	0.502
906	1303770854504	1	1.8387	1.0833	0.502
907	1303770854520	1	1.8387	1.0833	0.502
908	1303770854537	1	1.8387	1.0833	0.502
909	1303770854553	1	1.8387	1.0833	0.502
910	1303770854571	1	1.8387	1.0833	0.502
911	1303770854587	1	1.8387	1.0833	0.502
912	1303770854604	1	1.8387	1.0833	0.502
913	1303770854621	1	1.8387	1.0833	0.502
914	1303770854677	1	1.8387	1.0833	0.502
915	1303770854694	1	1.8387	1.0833	0.502
916	1303770854753	1	1.8387	1.0833	0.502
917	1303770854824	1	1.8387	1.0833	0.502
918	1303770854887	1	1.8387	1.0833	0.502
919	1303770854904	1	1.8382	1.0833	0.5022
920	1303770854921	1	1.8382	1.0417	0.5222
921	1303770854939	1	1.8382	1.0833	0.5022
922	1303770854954	1	1.8382	1.0833	0.5022
923	1303770854971	1	1.8382	1.0833	0.5022
924	1303770854987	1	1.8382	1.0417	0.5222
925	1303770855044	1	1.8382	1.0833	0.5022
926	1303770855102	1	1.8382	1.0833	0.5022
927	1303770855117	1	1.8382	1.0833	0.5022
928	1303770855134	1	1.8382	1.0417	0.5222
929	1303770855151	1	1.8382	1.0833	0.5022
930	1303770855167	1	1.8382	1.0833	0.5022
931	1303770855184	1	1.8382	1.0833	0.5022
932	1303770855200	1	1.8382	1.0833	0.5022
933	1303770855217	1	1.8382	1.0833	0.5022
934	1303770855234	1	1.8382	1.0833	0.5022
935	1303770855249	1	1.8382	1.0833	0.5022
936	1303770855265	1	1.8382	1.0833	0.5022
937	1303770855281	1	1.8382	1.0833	0.5022
938	1303770855298	1	1.8382	1.0833	0.5022
939	1303770855315	1	1.8382	1.0833	0.5022
940	1303770855331	1	1.8382	1.0833	0.5022
941	1303770855347	1	1.8382	1.0833	0.5022
942	1303770855363	1	1.8382	1.0833	0.5022
943	1303770855380	1	1.8382	1.0833	0.5022
944	1303770855396	1	1.8382	1.0833	0.5022
945	1303770855412	1	1.8382	1.0833	0.5022
946	1303770855429	1	1.8382	1.0833	0.5022
947	1303770855445	1	1.8382	1.0833	0.5022
948	1303770855501	1	1.8382	1.0833	0.5022
949	1303770855518	1	1.8382	1.0833	0.5022
950	1303770855534	1	1.8382	1.0833	0.5022
951	1303770855550	1	1.8382	1.0833	0.5022
952	1303770855568	1	1.8382	1.0833	0.5022
953	1303770855584	1	1.8382	1.0833	0.5022
954	1303770855600	1	1.8382	1.0833	0.5022
955	1303770855616	1	1.8382	1.0833	0.5022
956	1303770855632	1	1.8382	1.0833	0.5022
957	1303770855649	1	1.8382	1.0833	0.5022
958	1303770855664	1	1.8382	1.0833	0.5022
959	1303770855681	1	1.8382	1.0833	0.5022
960	1303770855696	1	1.8382	1.0833	0.5022
961	1303770855713	1	1.8382	1.0833	0.5022
962	1303770855730	1	1.8382	1.0833	0.5022
963	1303770855746	1	1.8382	1.0833	0.5022
964	1303770855762	1	1.8382	1.0833	0.5022
965	1303770855778	1	1.8382	1.0833	0.5022
966	1303770855795	1	1.8382	1.0833	0.5022
967	1303770855812	1	1.8382	1.0833	0.5022
968	1303770855827	1	1.8382	1.0833	0.5022
969	1303770855844	1	1.8382	1.0833	0.5022
970	1303770855860	1	1.8382	1.0833	0.5022
971	1303770855877	1	1.8382	1.0833	0.5022
972	1303770855893	1	1.8382	1.0833	0.5022
973	1303770855909	1	1.8382	1.0833	0.5022
974	1303770855925	1	1.8382	1.0833	0.5022
975	1303770855941	1	1.8382	1.0833	0.5022
976	1303770855958	1	1.8382	1.0833	0.5022
977	1303770855976	1	1.8382	1.0833	0.5022
978	1303770856010	1	1.8382	1.0833	0.5022
979	1303770856033	1	1.8382	1.0833	0.5022
980	1303770856050	1	1.8377	1.0417	0.5224
981	1303770856068	1	1.8377	1.0417	0.5224
982	1303770856084	1	1.8377	1.0833	0.5023
983	1303770856100	1	1.8377	1.0833	0.5023
984	1303770856117	1	1.8377	1.0417	0.5224
985	1303770856133	1	1.8377	1.0833	0.5023
986	1303770856149	1	1.8377	1.0833	0.5023
987	1303770856165	1	1.8377	1.0833	0.5023
988	1303770856222	1	1.8377	1.0417	0.5224
989	1303770856239	1	1.8377	1.0833	0.5023
990	1303770856255	1	1.8377	1.0833	0.5023
991	1303770856311	1	1.8377	1.0833	0.5023
992	1303770856328	1	1.8377	1.0833	0.5023
993	1303770856344	1	1.8377	1.0833	0.5023
994	1303770856361	1	1.8377	1.0833	0.5023
995	1303770856418	1	1.8377	1.0833	0.5023
996	1303770856434	1	1.8377	1.0833	0.5023
997	1303770856451	1	1.8377	1.0833	0.5023
998	1303770856466	1	1.8377	1.0833	0.5023
999	1303770856483	1	1.8377	1.0833	0.5023
1000	1303770856500	1	1.8377	1.0833	0.5023
1001	1303770856516	1	1.8377	1.0833	0.5023
1002	1303770856533	1	1.8377	1.0833	0.5023
1003	1303770856549	1	1.8377	1.0833	0.5023
1004	1303770856566	1	1.8377	1.0833	0.5023
1005	1303770856582	1	1.8377	1.0833	0.5023
1006	1303770856598	1	1.8377	1.0833	0.5023
1007	1303770856615	1	1.8377	1.0833	0.5023
1008	1303770856631	1	1.8377	1.0833	0.5023
1009	1303770856688	1	1.8377	1.0833	0.5023
1010	1303770856705	1	1.8377	1.0833	0.5023
1011	1303770856721	1	1.8377	1.0833	0.5023
1012	1303770856738	1	1.8377	1.0833	0.5023
1013	1303770856755	1	1.8377	1.0833	0.5023
1014	1303770856771	1	1.8377	1.0833	0.5023
1015	1303770856787	1	1.8377	1.0833	0.5023
1016	1303770856803	1	1.8377	1.0833	0.5023
1017	1303770856820	1	1.8377	1.0833	0.5023
1018	1303770856837	1	1.8377	1.0833	0.5023
1019	1303770856852	1	1.8377	1.0833	0.5023
1020	1303770856869	1	1.8377	1.0833	0.5023
1021	1303770856885	1	1.8377	1.0833	0.5023
1022	1303770856902	1	1.8377	1.0833	0.5023
1023	1303770856919	1	1.8377	1.0833	0.5023
1024	1303770856934	1	1.8377	1.0833	0.5023
1025	1303770856951	1	1.8377	1.0833	0.5023
1026	1303770856966	1	1.8377	1.0833	0.5023
1027	1303770856983	1	1.8377	1.0833	0.5023
1028	1303770856999	1	1.8377	1.0833	0.5023
1029	1303770857015	1	1.8377	1.0833	0.5023
1030	1303770857032	1	1.8377	1.0833	0.5023
1031	1303770857048	1	1.8377	1.0833	0.5023
1032	1303770857064	1	1.8377	1.0833	0.5023
1033	1303770857081	1	1.8377	1.0833	0.5023
1034	1303770857097	1	1.8377	1.0833	0.5023
1035	1303770857114	1	1.8377	1.0833	0.5023
1036	1303770857129	1	1.8377	1.0833	0.5023
1037	1303770857146	1	1.8377	1.0833	0.5023
1038	1303770857165	1	1.8377	1.0833	0.5023
1039	1303770857244	1	1.8377	1.0833	0.5023
1040	1303770857269	1	1.8368	1.0417	0.5227
1041	1303770857287	1	1.8368	1.0417	0.5227
1042	1303770857304	1	1.8368	1.0833	0.5025
1043	1303770857321	1	1.8368	1.0833	0.5025
1044	1303770857336	1	1.8368	1.0417	0.5227
1045	1303770857353	1	1.8368	1.0833	0.5025
1046	1303770857370	1	1.8368	1.0833	0.5025
1047	1303770857386	1	1.8368	1.0833	0.5025
1048	1303770857403	1	1.8368	1.0417	0.5227
1049	1303770857419	1	1.8368	1.0833	0.5025
1050	1303770857435	1	1.8368	1.0833	0.5025
1051	1303770857452	1	1.8368	1.0833	0.5025
1052	1303770857468	1	1.8368	1.0833	0.5025
1053	1303770857485	1	1.8368	1.0833	0.5025
1054	1303770857501	1	1.8368	1.0833	0.5025
1055	1303770857518	1	1.8368	1.0833	0.5025
1056	1303770857535	1	1.8368	1.0833	0.5025
1057	1303770857551	1	1.8368	1.0833	0.5025
1058	1303770857567	1	1.8368	1.0833	0.5025
1059	1303770857584	1	1.8368	1.0833	0.5025
1060	1303770857600	1	1.8368	1.0833	0.5025
1061	1303770857617	1	1.8368	1.0833	0.5025
1062	1303770857633	1	1.8368	1.0833	0.5025
1063	1303770857650	1	1.8368	1.0833	0.5025
1064	1303770857667	1	1.8368	1.0833	0.5025
1065	1303770857682	1	1.8368	1.0833	0.5025
1066	1303770857699	1	1.8368	1.0833	0.5025
1067	1303770857715	1	1.8368	1.0833	0.5025
1068	1303770857732	1	1.8368	1.0833	0.5025
1069	1303770857749	1	1.8368	1.0833	0.5025
1070	1303770857765	1	1.8368	1.0833	0.5025
1071	1303770857782	1	1.8368	1.0833	0.5025
1072	1303770857798	1	1.8368	1.0833	0.5025
1073	1303770857815	1	1.8368	1.0833	0.5025
1074	1303770857872	1	1.8368	1.0833	0.5025
1075	1303770857888	1	1.8368	1.0833	0.5025
1076	1303770857946	1	1.8368	1.0833	0.5025
1077	1303770857964	1	1.8368	1.0833	0.5025
1078	1303770857979	1	1.8368	1.0833	0.5025
1079	1303770857997	1	1.8368	1.0833	0.5025
1080	1303770858014	1	1.8368	1.0833	0.5025
1081	1303770858030	1	1.8368	1.0833	0.5025
1082	1303770858047	1	1.8368	1.0833	0.5025
1083	1303770858063	1	1.8368	1.0833	0.5025
1084	1303770858079	1	1.8368	1.0833	0.5025
1085	1303770858096	1	1.8368	1.0833	0.5025
1086	1303770858112	1	1.8368	1.0833	0.5025
1087	1303770858129	1	1.8368	1.0833	0.5025
1088	1303770858146	1	1.8368	1.0833	0.5025
1089	1303770858163	1	1.8368	1.0833	0.5025
1090	1303770858180	1	1.8368	1.0833	0.5025
1091	1303770858196	1	1.8368	1.0833	0.5025
1092	1303770858253	1	1.8368	1.0833	0.5025
1093	1303770858271	1	1.8368	1.0833	0.5025
1094	1303770858287	1	1.8368	1.0833	0.5025
1095	1303770858304	1	1.8368	1.0833	0.5025
1096	1303770858320	1	1.8368	1.0833	0.5025
1097	1303770858337	1	1.8368	1.0833	0.5025
1098	1303770858354	1	1.8368	1.0833	0.5025
1099	1303770858411	1	1.8368	1.0833	0.5025
1100	1303770858444	1	1.8368	1.0833	0.5025
1101	1303770858467	1	1.8361	1.0417	0.5229
1102	1303770858484	1	1.8361	1.0833	0.5027
1103	1303770858502	1	1.8361	1.0833	0.5027
1104	1303770858519	1	1.8361	1.0417	0.5229
1105	1303770858537	1	1.8361	1.0833	0.5027
1106	1303770858555	1	1.8361	1.0833	0.5027
1107	1303770858571	1	1.8361	1.0833	0.5027
1108	1303770858589	1	1.8361	1.0417	0.5229
1109	1303770858607	1	1.8361	1.0833	0.5027
1110	1303770858625	1	1.8361	1.0833	0.5027
1111	1303770858642	1	1.8361	1.0833	0.5027
1112	1303770858660	1	1.8361	1.0417	0.5229
1113	1303770858678	1	1.8361	1.0833	0.5027
1114	1303770858695	1	1.8361	1.0833	0.5027
1115	1303770858713	1	1.8361	1.0833	0.5027
1116	1303770858731	1	1.8361	1.0833	0.5027
1117	1303770858749	1	1.8361	1.0833	0.5027
1118	1303770858765	1	1.8361	1.0833	0.5027
1119	1303770858783	1	1.8361	1.0833	0.5027
1120	1303770858801	1	1.8361	1.0833	0.5027
1121	1303770858818	1	1.8361	1.0833	0.5027
1122	1303770858876	1	1.8361	1.0833	0.5027
1123	1303770858894	1	1.8361	1.0833	0.5027
1124	1303770858912	1	1.8361	1.0833	0.5027
1125	1303770858929	1	1.8361	1.0833	0.5027
1126	1303770858947	1	1.8361	1.0833	0.5027
1127	1303770858965	1	1.8361	1.0833	0.5027
1128	1303770858982	1	1.8361	1.0833	0.5027
1129	1303770859000	1	1.8361	1.0833	0.5027
1130	1303770859086	1	1.8361	1.0833	0.5027
1131	1303770859104	1	1.8361	1.0833	0.5027
1132	1303770859126	1	1.8361	1.0833	0.5027
1133	1303770859144	1	1.8361	1.0833	0.5027
1134	1303770859162	1	1.8361	1.0833	0.5027
1135	1303770859179	1	1.8361	1.0833	0.5027
1136	1303770859197	1	1.8361	1.0833	0.5027
1137	1303770859215	1	1.8361	1.0833	0.5027
1138	1303770859233	1	1.8361	1.0833	0.5027
1139	1303770859250	1	1.8361	1.0833	0.5027
1140	1303770859310	1	1.8361	1.0833	0.5027
1141	1303770859328	1	1.8361	1.0833	0.5027
1142	1303770859345	1	1.8361	1.0833	0.5027
1143	1303770859363	1	1.8361	1.0833	0.5027
1144	1303770859381	1	1.8361	1.0833	0.5027
1145	1303770859401	1	1.8361	1.0833	0.5027
1146	1303770859417	1	1.8361	1.0833	0.5027
1147	1303770859435	1	1.8361	1.0833	0.5027
1148	1303770859453	1	1.8361	1.0833	0.5027
1149	1303770859470	1	1.8361	1.0833	0.5027
1150	1303770859487	1	1.8361	1.0833	0.5027
1151	1303770859505	1	1.8361	1.0833	0.5027
1152	1303770859523	1	1.8361	1.0833	0.5027
1153	1303770859541	1	1.8361	1.0833	0.5027
1154	1303770859558	1	1.8361	1.0833	0.5027
1155	1303770859576	1	1.8361	1.0833	0.5027
1156	1303770859593	1	1.8361	1.0833	0.5027
1157	1303770859611	1	1.8361	1.0833	0.5027
1158	1303770859670	1	1.8361	1.0833	0.5027
1159	1303770859688	1	1.8361	1.0833	0.5027
1160	1303770859706	1	1.8361	1.0833	0.5027
1161	1303770859737	1	1.8361	1.0833	0.5027
1162	1303770859760	1	1.8357	1.0833	0.5028
1163	1303770859779	1	1.8357	1.0833	0.5028
1164	1303770859796	1	1.8357	1.0417	0.523
1165	1303770859813	1	1.8357	1.0833	0.5028
1166	1303770859831	1	1.8357	1.0833	0.5028
1167	1303770859849	1	1.8357	1.0833	0.5028
1168	1303770859865	1	1.8357	1.0417	0.523
1169	1303770859883	1	1.8357	1.0833	0.5028
1170	1303770859901	1	1.8357	1.0833	0.5028
1171	1303770859919	1	1.8357	1.0833	0.5028
1172	1303770859978	1	1.8357	1.0417	0.523
1173	1303770859996	1	1.8357	1.0833	0.5028
1174	1303770860015	1	1.8357	1.0833	0.5028
1175	1303770860032	1	1.8357	1.0833	0.5028
1176	1303770860050	1	1.8357	1.0833	0.5028
1177	1303770860068	1	1.8357	1.0833	0.5028
1178	1303770860085	1	1.8357	1.0833	0.5028
1179	1303770860104	1	1.8357	1.0833	0.5028
1180	1303770860122	1	1.8357	1.0833	0.5028
1181	1303770860140	1	1.8357	1.0833	0.5028
1182	1303770860157	1	1.8357	1.0833	0.5028
1183	1303770860175	1	1.8357	1.0833	0.5028
1184	1303770860193	1	1.8357	1.0833	0.5028
1185	1303770860210	1	1.8357	1.0833	0.5028
1186	1303770860228	1	1.8357	1.0833	0.5028
1187	1303770860247	1	1.8357	1.0833	0.5028
1188	1303770860265	1	1.8357	1.0833	0.5028
1189	1303770860282	1	1.8357	1.0833	0.5028
1190	1303770860300	1	1.8357	1.0833	0.5028
1191	1303770860318	1	1.8357	1.0833	0.5028
1192	1303770860335	1	1.8357	1.0833	0.5028
1193	1303770860353	1	1.8357	1.0833	0.5028
1194	1303770860371	1	1.8357	1.0833	0.5028
1195	1303770860417	1	1.8357	1.0833	0.5028
1196	1303770860495	1	1.8357	1.0833	0.5028
1197	1303770860514	1	1.8357	1.0833	0.5028
1198	1303770860532	1	1.8357	1.0833	0.5028
1199	1303770860549	1	1.8357	1.0833	0.5028
1200	1303770860568	1	1.8357	1.0833	0.5028
1201	1303770860587	1	1.8357	1.0833	0.5028
1202	1303770860605	1	1.8357	1.0833	0.5028
1203	1303770860623	1	1.8357	1.0833	0.5028
1204	1303770860641	1	1.8357	1.0833	0.5028
1205	1303770860660	1	1.8357	1.0833	0.5028
1206	1303770860717	1	1.8357	1.0833	0.5028
1207	1303770860735	1	1.8357	1.0833	0.5028
1208	1303770860754	1	1.8357	1.0833	0.5028
1209	1303770860773	1	1.8357	1.0833	0.5028
1210	1303770860791	1	1.8357	1.0833	0.5028
1211	1303770860809	1	1.8357	1.0833	0.5028
1212	1303770860827	1	1.8357	1.0833	0.5028
1213	1303770860889	1	1.8357	1.0833	0.5028
1214	1303770860907	1	1.8357	1.0833	0.5028
1215	1303770860926	1	1.8357	1.0833	0.5028
1216	1303770860945	1	1.8357	1.0833	0.5028
1217	1303770860962	1	1.8357	1.0833	0.5028
1218	1303770861020	1	1.8357	1.0833	0.5028
1219	1303770861039	1	1.8357	1.0833	0.5028
1220	1303770861057	1	1.8357	1.0833	0.5028
1221	1303770861076	1	1.8357	1.0833	0.5028
1222	1303770861115	1	1.8357	1.0833	0.5028
1223	1303770861139	1	1.8374	1.0833	0.5024
1224	1303770861157	1	1.8374	1.0417	0.5225
1225	1303770861176	1	1.8374	1.0417	0.5225
1226	1303770861193	1	1.8374	1.0833	0.5024
1227	1303770861252	1	1.8374	1.0833	0.5024
1228	1303770861285	1	1.8374	1.0417	0.5225
1229	1303770861303	1	1.8374	1.0833	0.5024
1230	1303770861320	1	1.8374	1.0833	0.5024
1231	1303770861338	1	1.8374	1.0833	0.5024
1232	1303770861357	1	1.8374	1.0417	0.5225
1233	1303770861374	1	1.8374	1.0833	0.5024
1234	1303770861436	1	1.8374	1.0833	0.5024
1235	1303770861455	1	1.8374	1.0833	0.5024
1236	1303770861517	1	1.8374	1.0417	0.5225
1237	1303770861534	1	1.8374	1.0833	0.5024
1238	1303770861592	1	1.8374	1.0833	0.5024
1239	1303770861611	1	1.8374	1.0833	0.5024
1240	1303770861630	1	1.8374	1.0833	0.5024
1241	1303770861647	1	1.8374	1.0833	0.5024
1242	1303770861666	1	1.8374	1.0833	0.5024
1243	1303770861684	1	1.8374	1.0833	0.5024
1244	1303770861701	1	1.8374	1.0833	0.5024
1245	1303770861763	1	1.8374	1.0833	0.5024
1246	1303770861823	1	1.8374	1.0833	0.5024
1247	1303770861842	1	1.8374	1.0833	0.5024
1248	1303770861859	1	1.8374	1.0833	0.5024
1249	1303770861878	1	1.8374	1.0833	0.5024
1250	1303770861897	1	1.8374	1.0833	0.5024
1251	1303770861914	1	1.8374	1.0833	0.5024
1252	1303770861931	1	1.8374	1.0833	0.5024
1253	1303770861950	1	1.8374	1.0833	0.5024
1254	1303770861968	1	1.8374	1.0833	0.5024
1255	1303770862025	1	1.8374	1.0833	0.5024
1256	1303770862085	1	1.8374	1.0833	0.5024
1257	1303770862104	1	1.8374	1.0833	0.5024
1258	1303770862122	1	1.8374	1.0833	0.5024
1259	1303770862140	1	1.8374	1.0833	0.5024
1260	1303770862159	1	1.8374	1.0833	0.5024
1261	1303770862178	1	1.8374	1.0833	0.5024
1262	1303770862196	1	1.8374	1.0833	0.5024
1263	1303770862214	1	1.8374	1.0833	0.5024
1264	1303770862232	1	1.8374	1.0833	0.5024
1265	1303770862250	1	1.8374	1.0833	0.5024
1266	1303770862268	1	1.8374	1.0833	0.5024
1267	1303770862286	1	1.8374	1.0833	0.5024
1268	1303770862304	1	1.8374	1.0833	0.5024
1269	1303770862321	1	1.8374	1.0833	0.5024
1270	1303770862339	1	1.8374	1.0833	0.5024
1271	1303770862357	1	1.8374	1.0833	0.5024
1272	1303770862374	1	1.8374	1.0833	0.5024
1273	1303770862395	1	1.8374	1.0833	0.5024
1274	1303770862413	1	1.8374	1.0833	0.5024
1275	1303770862431	1	1.8374	1.0833	0.5024
1276	1303770862449	1	1.8374	1.0833	0.5024
1277	1303770862467	1	1.8374	1.0833	0.5024
1278	1303770862486	1	1.8374	1.0833	0.5024
1279	1303770862503	1	1.8374	1.0833	0.5024
1280	1303770862562	1	1.7871	1.0833	0.5165
1281	1303770862581	1	1.7871	1.0833	0.5165
1282	1303770862600	1	1.7871	1.0833	0.5165
1283	1303770862632	1	1.7871	1.0833	0.5165
1284	1303770862653	1	1.7848	1.0417	0.5379
1285	1303770862672	1	1.7848	1.0417	0.5379
1286	1303770862691	1	1.7848	1.0833	0.5172
1287	1303770862751	1	1.7848	1.0833	0.5172
1288	1303770862768	1	1.7848	1.0417	0.5379
1289	1303770862787	1	1.7848	1.0833	0.5172
1290	1303770862806	1	1.7848	1.0833	0.5172
1291	1303770862824	1	1.7848	1.0833	0.5172
1292	1303770862843	1	1.7848	1.0417	0.5379
1293	1303770862861	1	1.7848	1.0833	0.5172
1294	1303770862880	1	1.7848	1.0833	0.5172
1295	1303770862897	1	1.7848	1.0833	0.5172
1296	1303770862916	1	1.7848	1.0417	0.5379
1297	1303770862934	1	1.7848	1.0833	0.5172
1298	1303770862951	1	1.7848	1.0833	0.5172
1299	1303770862969	1	1.7848	1.0833	0.5172
1300	1303770862988	1	1.7848	1.0833	0.5172
1301	1303770863005	1	1.7848	1.0833	0.5172
1302	1303770863023	1	1.7848	1.0833	0.5172
1303	1303770863041	1	1.7848	1.0833	0.5172
1304	1303770863059	1	1.7848	1.0833	0.5172
1305	1303770863076	1	1.7848	1.0833	0.5172
1306	1303770863095	1	1.7848	1.0833	0.5172
1307	1303770863113	1	1.7848	1.0833	0.5172
1308	1303770863172	1	1.7848	1.0833	0.5172
1309	1303770863190	1	1.7848	1.0833	0.5172
1310	1303770863210	1	1.7848	1.0833	0.5172
1311	1303770863228	1	1.7848	1.0833	0.5172
1312	1303770863247	1	1.7848	1.0833	0.5172
1313	1303770863265	1	1.7848	1.0833	0.5172
1314	1303770863282	1	1.7848	1.0833	0.5172
1315	1303770863299	1	1.7848	1.0833	0.5172
1316	1303770863318	1	1.7848	1.0833	0.5172
1317	1303770863336	1	1.7848	1.0833	0.5172
1318	1303770863353	1	1.7848	1.0833	0.5172
1319	1303770863372	1	1.7848	1.0833	0.5172
1320	1303770863390	1	1.7848	1.0833	0.5172
1321	1303770863408	1	1.7848	1.0833	0.5172
1322	1303770863426	1	1.7848	1.0833	0.5172
1323	1303770863444	1	1.7848	1.0833	0.5172
1324	1303770863463	1	1.7848	1.0833	0.5172
1325	1303770863480	1	1.7848	1.0833	0.5172
1326	1303770863499	1	1.7848	1.0833	0.5172
1327	1303770863517	1	1.7848	1.0833	0.5172
1328	1303770863535	1	1.7848	1.0833	0.5172
1329	1303770863554	1	1.7848	1.0833	0.5172
1330	1303770863572	1	1.7848	1.0833	0.5172
1331	1303770863589	1	1.7848	1.0833	0.5172
1332	1303770863609	1	1.7848	1.0833	0.5172
1333	1303770863627	1	1.7848	1.0833	0.5172
1334	1303770863646	1	1.7848	1.0833	0.5172
1335	1303770863663	1	1.7848	1.0833	0.5172
1336	1303770863681	1	1.7848	1.0833	0.5172
1337	1303770863699	1	1.7848	1.0833	0.5172
1338	1303770863716	1	1.7848	1.0833	0.5172
1339	1303770863734	1	1.7848	1.0833	0.5172
1340	1303770863794	1	1.7848	1.0833	0.5172
1341	1303770863812	1	1.7848	1.0833	0.5172
1342	1303770863829	1	1.7848	1.0833	0.5172
1343	1303770863849	1	1.7848	1.0833	0.5172
1344	1303770863881	1	1.7848	1.0833	0.5172
1345	1303770863947	1	1.7848	1.0417	0.5379
1346	1303770863966	1	1.7847	1.0833	0.5172
1347	1303770863985	1	1.7847	1.0833	0.5172
1348	1303770864006	1	1.7847	1.0417	0.5379
1349	1303770864025	1	1.7847	1.0833	0.5172
1350	1303770864042	1	1.7847	1.0833	0.5172
1351	1303770864060	1	1.7847	1.0833	0.5172
1352	1303770864079	1	1.7847	1.0417	0.5379
1353	1303770864098	1	1.7847	1.0833	0.5172
1354	1303770864116	1	1.7847	1.0833	0.5172
1355	1303770864134	1	1.7847	1.0833	0.5172
1356	1303770864153	1	1.7847	1.0417	0.5379
1357	1303770864170	1	1.7847	1.0833	0.5172
1358	1303770864189	1	1.7847	1.0833	0.5172
1359	1303770864208	1	1.7847	1.0833	0.5172
1360	1303770864225	1	1.7847	1.0833	0.5172
1361	1303770864284	1	1.7847	1.0833	0.5172
1362	1303770864302	1	1.7847	1.0833	0.5172
1363	1303770864320	1	1.7847	1.0833	0.5172
1364	1303770864339	1	1.7847	1.0833	0.5172
1365	1303770864357	1	1.7847	1.0833	0.5172
1366	1303770864376	1	1.7847	1.0833	0.5172
1367	1303770864433	1	1.7847	1.0833	0.5172
1368	1303770864452	1	1.7847	1.0833	0.5172
1369	1303770864470	1	1.7847	1.0833	0.5172
1370	1303770864489	1	1.7847	1.0833	0.5172
1371	1303770864551	1	1.7847	1.0833	0.5172
1372	1303770864570	1	1.7847	1.0833	0.5172
1373	1303770864589	1	1.7847	1.0833	0.5172
1374	1303770864606	1	1.7847	1.0833	0.5172
1375	1303770864625	1	1.7847	1.0833	0.5172
1376	1303770864727	1	1.7847	1.0833	0.5172
1377	1303770864746	1	1.7847	1.0833	0.5172
1378	1303770864763	1	1.7847	1.0833	0.5172
1379	1303770864822	1	1.7847	1.0833	0.5172
1380	1303770864843	1	1.7847	1.0833	0.5172
1381	1303770864901	1	1.7847	1.0833	0.5172
1382	1303770864919	1	1.7847	1.0833	0.5172
1383	1303770865002	1	1.7847	1.0833	0.5172
1384	1303770865021	1	1.7847	1.0833	0.5172
1385	1303770865079	1	1.7847	1.0833	0.5172
1386	1303770865098	1	1.7847	1.0833	0.5172
1387	1303770865117	1	1.7847	1.0833	0.5172
1388	1303770865133	1	1.7847	1.0833	0.5172
1389	1303770865152	1	1.7847	1.0833	0.5172
1390	1303770865170	1	1.7847	1.0833	0.5172
1391	1303770865189	1	1.7847	1.0833	0.5172
1392	1303770865206	1	1.7847	1.0833	0.5172
1393	1303770865224	1	1.7847	1.0833	0.5172
1394	1303770865243	1	1.7847	1.0833	0.5172
1395	1303770865260	1	1.7847	1.0833	0.5172
1396	1303770865280	1	1.7847	1.0833	0.5172
1397	1303770865299	1	1.7847	1.0833	0.5172
1398	1303770865317	1	1.7847	1.0833	0.5172
1399	1303770865335	1	1.7847	1.0833	0.5172
1400	1303770865354	1	1.7847	1.0833	0.5172
1401	1303770865372	1	1.7847	1.0833	0.5172
1402	1303770865431	1	1.7847	1.0833	0.5172
1403	1303770865450	1	1.7847	1.0833	0.5172
1404	1303770865470	1	1.7847	1.0833	0.5172
1405	1303770865498	1	1.7847	1.0833	0.5172
1406	1303770865564	1	1.7845	1.0833	0.5173
1407	1303770865582	1	1.7845	1.0833	0.5173
1408	1303770865600	1	1.7845	1.0417	0.538
1409	1303770865619	1	1.7845	1.0833	0.5173
1410	1303770865636	1	1.7845	1.0833	0.5173
1411	1303770865654	1	1.7845	1.0833	0.5173
1412	1303770865673	1	1.7845	1.0417	0.538
1413	1303770865690	1	1.7845	1.0833	0.5173
1414	1303770865709	1	1.7845	1.0833	0.5173
1415	1303770865728	1	1.7845	1.0833	0.5173
1416	1303770865787	1	1.0029	1.0417	0.9572
1417	1303770865805	1	1.0029	1.0833	0.9204
1418	1303770865823	1	1.0029	1.0833	0.9204
1419	1303770865843	1	1.0029	1.0833	0.9204
1420	1303770865861	1	1.0029	1.0833	0.9204
1421	1303770865880	1	1.0029	1.0833	0.9204
1422	1303770865899	1	1.0029	1.0833	0.9204
1423	1303770865916	1	1.0029	1.0833	0.9204
1424	1303770865975	1	1.0029	1.0833	0.9204
1425	1303770865994	1	1.0029	1.0833	0.9204
1426	1303770866057	1	1.0029	1.0833	0.9204
1427	1303770866074	1	1.0029	1.0833	0.9204
1428	1303770866093	1	1.0029	1.0833	0.9204
1429	1303770866112	1	1.0029	1.0833	0.9204
1430	1303770866131	1	1.0029	1.0833	0.9204
1431	1303770866148	1	1.0029	1.0833	0.9204
1432	1303770866167	1	1.0029	1.0833	0.9204
1433	1303770866185	1	1.0029	1.0833	0.9204
1434	1303770866202	1	1.0029	1.0833	0.9204
1435	1303770866221	1	1.0029	1.0833	0.9204
1436	1303770866239	1	1.0029	1.0833	0.9204
1437	1303770866299	1	1.0029	1.0833	0.9204
1438	1303770866317	1	1.0029	1.0833	0.9204
1439	1303770866338	1	1.0029	1.0833	0.9204
1440	1303770866358	1	1.0029	1.0833	0.9204
1441	1303770866375	1	1.0029	1.0833	0.9204
1442	1303770866395	1	1.0029	1.0833	0.9204
1443	1303770866413	1	1.0029	1.0833	0.9204
1444	1303770866432	1	1.0029	1.0833	0.9204
1445	1303770866450	1	1.0029	1.0833	0.9204
1446	1303770866469	1	1.0029	1.0833	0.9204
1447	1303770866488	1	1.0029	1.0833	0.9204
1448	1303770866505	1	1.0029	1.0833	0.9204
1449	1303770866523	1	1.0029	1.0833	0.9204
1450	1303770866542	1	1.0029	1.0833	0.9204
1451	1303770866559	1	1.0029	1.0833	0.9204
1452	1303770866577	1	1.0029	1.0833	0.9204
1453	1303770866596	1	1.0029	1.0833	0.9204
1454	1303770866614	1	1.0029	1.0833	0.9204
1455	1303770866631	1	1.0029	1.0833	0.9204
1456	1303770866650	1	1.0029	1.0833	0.9204
1457	1303770866670	1	1.0029	1.0833	0.9204
1458	1303770866688	1	1.0029	1.0833	0.9204
1459	1303770866706	1	1.0029	1.0833	0.9204
1460	1303770866724	1	1.0029	1.0833	0.9204
1461	1303770866742	1	1.0029	1.0833	0.9204
1462	1303770866761	1	1.0029	1.0833	0.9204
1463	1303770866780	1	1.0029	1.0833	0.9204
1464	1303770866798	1	1.0029	1.0833	0.9204
1465	1303770866858	1	1.0029	1.0833	0.9204
1466	1303770866898	1	1.0029	1.0833	0.9204
1467	1303770866920	1	1.0029	1.0833	0.9204
1468	1303770866982	1	1.0037	1.0833	0.9197
1469	1303770867001	1	1.0037	1.0417	0.9565
1470	1303770867019	1	1.0037	1.0417	0.9565
1471	1303770867038	1	1.0037	1.0833	0.9197
1472	1303770867057	1	1.0037	1.0833	0.9197
1473	1303770867076	1	1.0037	1.0417	0.9565
1474	1303770867095	1	1.0037	1.0833	0.9197
1475	1303770867114	1	1.0037	1.0833	0.9197
1476	1303770867132	1	1.0037	1.0833	0.9197
1477	1303770867184	1	1.0037	1.0417	0.9565
1478	1303770867202	1	1.0037	1.0833	0.9197
1479	1303770867221	1	1.0037	1.0833	0.9197
1480	1303770867240	1	1.0037	1.0833	0.9197
1481	1303770867261	1	1.0037	1.0833	0.9197
1482	1303770867279	1	1.0037	1.0833	0.9197
1483	1303770867298	1	1.0037	1.0833	0.9197
1484	1303770867315	1	1.0037	1.0833	0.9197
1485	1303770867334	1	1.0037	1.0833	0.9197
1486	1303770867352	1	1.0037	1.0833	0.9197
1487	1303770867370	1	1.0037	1.0833	0.9197
1488	1303770867389	1	1.0037	1.0833	0.9197
1489	1303770867407	1	1.0037	1.0833	0.9197
1490	1303770867425	1	1.0037	1.0833	0.9197
1491	1303770867444	1	1.0037	1.0833	0.9197
1492	1303770867463	1	1.0037	1.0833	0.9197
1493	1303770867482	1	1.0037	1.0833	0.9197
1494	1303770867539	1	1.0037	1.0833	0.9197
1495	1303770867559	1	1.0037	1.0833	0.9197
1496	1303770867578	1	1.0037	1.0833	0.9197
1497	1303770867596	1	1.0037	1.0833	0.9197
1498	1303770867614	1	1.0037	1.0833	0.9197
1499	1303770867674	1	1.0037	1.0833	0.9197
1500	1303770867692	1	1.0037	1.0833	0.9197
1501	1303770867751	1	1.0037	1.0833	0.9197
1502	1303770867770	1	1.0037	1.0833	0.9197
1503	1303770867791	1	1.0037	1.0833	0.9197
1504	1303770867809	1	1.0037	1.0833	0.9197
1505	1303770867868	1	1.0037	1.0833	0.9197
1506	1303770867889	1	1.0037	1.0833	0.9197
1507	1303770867909	1	1.0037	1.0833	0.9197
1508	1303770867927	1	1.0037	1.0833	0.9197
1509	1303770867947	1	1.0037	1.0833	0.9197
1510	1303770867966	1	1.0037	1.0833	0.9197
1511	1303770867984	1	1.0037	1.0833	0.9197
1512	1303770868002	1	1.0037	1.0833	0.9197
1513	1303770868021	1	1.0037	1.0833	0.9197
1514	1303770868040	1	1.0037	1.0833	0.9197
1515	1303770868057	1	1.0037	1.0833	0.9197
1516	1303770868075	1	1.0037	1.0833	0.9197
1517	1303770868096	1	1.0037	1.0833	0.9197
1518	1303770868114	1	1.0037	1.0833	0.9197
1519	1303770868133	1	1.0037	1.0833	0.9197
1520	1303770868152	1	1.0037	1.0833	0.9197
1521	1303770868169	1	1.0037	1.0833	0.9197
1522	1303770868188	1	1.0037	1.0833	0.9197
1523	1303770868206	1	1.0037	1.0833	0.9197
1524	1303770868224	1	1.0037	1.0833	0.9197
1525	1303770868242	1	1.0037	1.0833	0.9197
1526	1303770868262	1	1.0037	1.0833	0.9197
1527	1303770868298	1	1.0037	1.0833	0.9197
1528	1303770868321	1	1.003	1.0833	0.9203
1529	1303770868341	1	1.003	1.0417	0.9571
1530	1303770868358	1	1.003	1.0417	0.9571
1531	1303770868377	1	1.003	1.0833	0.9203
1532	1303770868396	1	1.003	1.0833	0.9203
1533	1303770868413	1	1.003	1.0417	0.9571
1534	1303770868433	1	1.003	1.0833	0.9203
1535	1303770868452	1	1.003	1.0833	0.9203
1536	1303770868471	1	1.003	1.0833	0.9203
1537	1303770868488	1	1.003	1.0417	0.9571
1538	1303770868507	1	1.003	1.0833	0.9203
1539	1303770868526	1	1.003	1.0833	0.9203
1540	1303770868544	1	1.003	1.0833	0.9203
1541	1303770868566	1	1.003	1.0417	0.9571
1542	1303770868585	1	1.003	1.0833	0.9203
1543	1303770868602	1	1.003	1.0833	0.9203
1544	1303770868621	1	1.003	1.0833	0.9203
1545	1303770868640	1	1.003	1.0833	0.9203
1546	1303770868700	1	1.003	1.0833	0.9203
1547	1303770868717	1	1.003	1.0833	0.9203
1548	1303770868736	1	1.003	1.0833	0.9203
1549	1303770868755	1	1.003	1.0833	0.9203
1550	1303770868772	1	1.003	1.0833	0.9203
1551	1303770868791	1	1.003	1.0833	0.9203
1552	1303770868810	1	1.003	1.0833	0.9203
1553	1303770868828	1	1.003	1.0833	0.9203
1554	1303770868847	1	1.003	1.0833	0.9203
1555	1303770868866	1	1.003	1.0833	0.9203
1556	1303770868884	1	1.003	1.0833	0.9203
1557	1303770868902	1	1.003	1.0833	0.9203
1558	1303770868920	1	1.003	1.0833	0.9203
1559	1303770868939	1	1.003	1.0833	0.9203
1560	1303770868957	1	1.003	1.0833	0.9203
1561	1303770868976	1	1.003	1.0833	0.9203
1562	1303770868996	1	1.003	1.0833	0.9203
1563	1303770869013	1	1.003	1.0833	0.9203
1564	1303770869032	1	1.003	1.0833	0.9203
1565	1303770869051	1	1.003	1.0833	0.9203
1566	1303770869070	1	1.003	1.0833	0.9203
1567	1303770869088	1	1.003	1.0833	0.9203
1568	1303770869107	1	1.003	1.0833	0.9203
1569	1303770869126	1	1.003	1.0833	0.9203
1570	1303770869143	1	1.003	1.0833	0.9203
1571	1303770869207	1	1.003	1.0833	0.9203
1572	1303770869279	1	1.003	1.0833	0.9203
1573	1303770869298	1	1.003	1.0833	0.9203
1574	1303770869316	1	1.003	1.0833	0.9203
1575	1303770869339	1	1.003	1.0833	0.9203
1576	1303770869362	1	1.003	1.0833	0.9203
1577	1303770869425	1	1.003	1.0833	0.9203
1578	1303770869443	1	1.003	1.0833	0.9203
1579	1303770869461	1	1.003	1.0833	0.9203
1580	1303770869481	1	1.003	1.0833	0.9203
1581	1303770869498	1	1.003	1.0833	0.9203
1582	1303770869516	1	1.003	1.0833	0.9203
1583	1303770869535	1	1.003	1.0833	0.9203
1584	1303770869554	1	1.003	1.0833	0.9203
1585	1303770869572	1	1.003	1.0833	0.9203
1586	1303770869591	1	1.003	1.0833	0.9203
1587	1303770869610	1	1.003	1.0833	0.9203
1588	1303770869633	1	1.003	1.0833	0.9203
1589	1303770869653	1	1.003	1.0417	0.9571
1590	1303770869672	1	1.003	1.0417	0.9571
1591	1303770869690	1	1.003	1.0833	0.9203
1592	1303770869708	1	1.003	1.0833	0.9203
1593	1303770869726	1	1.003	1.0417	0.9571
1594	1303770869745	1	1.003	1.0833	0.9203
1595	1303770869762	1	1.003	1.0833	0.9203
1596	1303770869780	1	1.003	1.0833	0.9203
1597	1303770869799	1	1.003	1.0417	0.9571
1598	1303770869817	1	1.003	1.0833	0.9203
1599	1303770869836	1	1.003	1.0833	0.9203
1600	1303770869854	1	1.003	1.0833	0.9203
1601	1303770869872	1	1.003	1.0417	0.9571
1602	1303770869891	1	1.003	1.0833	0.9203
1603	1303770869910	1	1.003	1.0833	0.9203
1604	1303770869928	1	1.003	1.0833	0.9203
1605	1303770869945	1	1.003	1.0833	0.9203
1606	1303770869964	1	1.003	1.0833	0.9203
1607	1303770869983	1	1.003	1.0833	0.9203
1608	1303770870000	1	1.003	1.0833	0.9203
1609	1303770870019	1	1.003	1.0833	0.9203
1610	1303770870082	1	1.003	1.0833	0.9203
1611	1303770870145	1	1.003	1.0833	0.9203
1612	1303770870163	1	1.003	1.0833	0.9203
1613	1303770870182	1	1.003	1.0833	0.9203
1614	1303770870201	1	1.003	1.0833	0.9203
1615	1303770870220	1	1.003	1.0833	0.9203
1616	1303770870237	1	1.003	1.0833	0.9203
1617	1303770870256	1	1.003	1.0833	0.9203
1618	1303770870275	1	1.003	1.0833	0.9203
1619	1303770870292	1	1.003	1.0833	0.9203
1620	1303770870311	1	1.003	1.0833	0.9203
1621	1303770870330	1	1.003	1.0833	0.9203
1622	1303770870348	1	1.003	1.0833	0.9203
1623	1303770870367	1	1.003	1.0833	0.9203
1624	1303770870426	1	1.003	1.0833	0.9203
1625	1303770870445	1	1.003	1.0833	0.9203
1626	1303770870462	1	1.003	1.0833	0.9203
1627	1303770870481	1	1.003	1.0833	0.9203
1628	1303770870500	1	1.003	1.0833	0.9203
1629	1303770870517	1	1.003	1.0833	0.9203
1630	1303770870535	1	1.003	1.0833	0.9203
1631	1303770870554	1	1.003	1.0833	0.9203
1632	1303770870572	1	1.003	1.0833	0.9203
1633	1303770870590	1	1.003	1.0833	0.9203
1634	1303770870609	1	1.003	1.0833	0.9203
1635	1303770870669	1	1.003	1.0833	0.9203
1636	1303770870686	1	1.003	1.0833	0.9203
1637	1303770870746	1	1.003	1.0833	0.9203
1638	1303770870765	1	1.003	1.0833	0.9203
1639	1303770870859	1	1.003	1.0833	0.9203
1640	1303770870918	1	1.003	1.0833	0.9203
1641	1303770870938	1	1.003	1.0833	0.9203
1642	1303770870957	1	1.003	1.0833	0.9203
1643	1303770870976	1	1.003	1.0833	0.9203
1644	1303770870993	1	1.003	1.0833	0.9203
1645	1303770871012	1	1.003	1.0833	0.9203
1646	1303770871075	1	1.003	1.0833	0.9203
1647	1303770871094	1	1.003	1.0833	0.9203
1648	1303770871114	1	1.003	1.0833	0.9203
1649	1303770871136	1	1.003	1.0833	0.9203
1650	1303770871157	1	1.003	1.0417	0.9571
1651	1303770871175	1	1.003	1.0833	0.9203
1652	1303770871195	1	1.003	1.0833	0.9203
1653	1303770871215	1	1.003	1.0417	0.9571
1654	1303770871234	1	1.003	1.0833	0.9203
1655	1303770871254	1	1.003	1.0833	0.9203
1656	1303770871274	1	1.003	1.0833	0.9203
1657	1303770871293	1	1.003	1.0833	0.9203
1658	1303770871311	1	1.003	1.0833	0.9203
1659	1303770871330	1	1.003	1.0833	0.9203
1660	1303770871348	1	1.003	1.0833	0.9203
1661	1303770871366	1	1.003	1.0833	0.9203
1662	1303770871385	1	1.003	1.0833	0.9203
1663	1303770871404	1	1.003	1.0833	0.9203
1664	1303770871421	1	1.003	1.0833	0.9203
1665	1303770871440	1	1.003	1.0833	0.9203
1666	1303770871459	1	1.003	1.0833	0.9203
1667	1303770871477	1	1.003	1.0833	0.9203
1668	1303770871495	1	1.003	1.0833	0.9203
1669	1303770871514	1	1.003	1.0833	0.9203
1670	1303770871532	1	1.003	1.0833	0.9203
1671	1303770871550	1	1.003	1.0833	0.9203
1672	1303770871568	1	1.003	1.0833	0.9203
1673	1303770871587	1	1.003	1.0833	0.9203
1674	1303770871605	1	1.003	1.0833	0.9203
1675	1303770871623	1	1.003	1.0833	0.9203
1676	1303770871641	1	1.003	1.0833	0.9203
1677	1303770871659	1	1.003	1.0833	0.9203
1678	1303770871677	1	1.003	1.0833	0.9203
1679	1303770871696	1	1.003	1.0833	0.9203
1680	1303770871714	1	1.003	1.0833	0.9203
1681	1303770871734	1	1.003	1.0833	0.9203
1682	1303770871752	1	1.003	1.0833	0.9203
1683	1303770871771	1	1.003	1.0833	0.9203
1684	1303770871788	1	1.003	1.0833	0.9203
1685	1303770871807	1	1.003	1.0833	0.9203
1686	1303770871826	1	1.003	1.0833	0.9203
1687	1303770871843	1	1.003	1.0833	0.9203
1688	1303770871861	1	1.003	1.0833	0.9203
1689	1303770871879	1	1.003	1.0833	0.9203
1690	1303770871898	1	1.003	1.0833	0.9203
1691	1303770871992	1	1.003	1.0833	0.9203
1692	1303770872011	1	1.003	1.0833	0.9203
1693	1303770872030	1	1.003	1.0833	0.9203
1694	1303770872049	1	1.003	1.0833	0.9203
1695	1303770872068	1	1.003	1.0833	0.9203
1696	1303770872087	1	1.003	1.0833	0.9203
1697	1303770872146	1	1.003	1.0833	0.9203
1698	1303770872163	1	1.003	1.0833	0.9203
1699	1303770872182	1	1.003	1.0833	0.9203
1700	1303770872201	1	1.003	1.0833	0.9203
1701	1303770872218	1	1.003	1.0833	0.9203
1702	1303770872278	1	1.003	1.0833	0.9203
1703	1303770872296	1	1.003	1.0833	0.9203
1704	1303770872313	1	1.003	1.0833	0.9203
1705	1303770872333	1	1.003	1.0833	0.9203
1706	1303770872352	1	1.003	1.0833	0.9203
1707	1303770872370	1	1.003	1.0833	0.9203
1708	1303770872387	1	1.003	1.0833	0.9203
1709	1303770872407	1	1.003	1.0833	0.9203
1710	1303770872431	1	1.0032	1.0833	0.9201
1711	1303770872504	1	1.0031	1.0833	0.9202
1712	1303770872525	1	1.0031	1.0833	0.9202
1713	1303770872543	1	1.0031	1.0417	0.957
1714	1303770872562	1	1.0031	1.0833	0.9202
1715	1303770872622	1	1.0031	1.0417	0.957
1716	1303770872641	1	1.0031	1.0417	0.957
1717	1303770872659	1	1.0031	1.0417	0.957
1718	1303770872719	1	1.0031	1.0833	0.9202
1719	1303770872738	1	1.0031	1.0417	0.957
1720	1303770872755	1	1.0031	1.0833	0.9202
1721	1303770872774	1	1.0031	1.0833	0.9202
1722	1303770872793	1	1.0031	1.0833	0.9202
1723	1303770872811	1	1.0031	1.0833	0.9202
1724	1303770872829	1	1.0031	1.0833	0.9202
1725	1303770872847	1	1.0031	1.0833	0.9202
1726	1303770872866	1	1.0031	1.0833	0.9202
1727	1303770872884	1	1.0031	1.0833	0.9202
1728	1303770872903	1	1.0031	1.0833	0.9202
1729	1303770872922	1	1.0031	1.0833	0.9202
1730	1303770872939	1	1.0031	1.0833	0.9202
1731	1303770872957	1	1.0031	1.0833	0.9202
1732	1303770872975	1	1.0031	1.0833	0.9202
1733	1303770872994	1	1.0031	1.0833	0.9202
1734	1303770873011	1	1.0031	1.0833	0.9202
1735	1303770873029	1	1.0031	1.0833	0.9202
1736	1303770873048	1	1.0031	1.0833	0.9202
1737	1303770873067	1	1.0031	1.0833	0.9202
1738	1303770873126	1	1.0031	1.0833	0.9202
1739	1303770873144	1	1.0031	1.0833	0.9202
1740	1303770873162	1	1.0031	1.0833	0.9202
1741	1303770873180	1	1.0031	1.0833	0.9202
1742	1303770873199	1	1.0031	1.0833	0.9202
1743	1303770873218	1	1.0031	1.0833	0.9202
1744	1303770873235	1	1.0031	1.0833	0.9202
1745	1303770873256	1	1.0031	1.0833	0.9202
1746	1303770873275	1	1.0031	1.0833	0.9202
1747	1303770873292	1	1.0031	1.0833	0.9202
1748	1303770873310	1	1.0031	1.0833	0.9202
1749	1303770873328	1	1.0031	1.0833	0.9202
1750	1303770873391	1	1.0031	1.0833	0.9202
1751	1303770873408	1	1.0031	1.0833	0.9202
1752	1303770873427	1	1.0031	1.0833	0.9202
1753	1303770873446	1	1.0031	1.0833	0.9202
1754	1303770873463	1	1.0031	1.0833	0.9202
1755	1303770873482	1	1.0031	1.0833	0.9202
1756	1303770873500	1	1.0031	1.0833	0.9202
1757	1303770873517	1	1.0031	1.0833	0.9202
1758	1303770873536	1	1.0031	1.0833	0.9202
1759	1303770873554	1	1.0031	1.0833	0.9202
1760	1303770873573	1	1.0031	1.0833	0.9202
1761	1303770873590	1	1.0031	1.0833	0.9202
1762	1303770873609	1	1.0031	1.0833	0.9202
1763	1303770873627	1	1.0031	1.0833	0.9202
1764	1303770873644	1	1.0031	1.0833	0.9202
1765	1303770873662	1	1.0031	1.0833	0.9202
1766	1303770873681	1	1.0031	1.0833	0.9202
1767	1303770873698	1	1.0031	1.0833	0.9202
1768	1303770873716	1	1.0031	1.0833	0.9202
1769	1303770873735	1	1.0031	1.0833	0.9202
1770	1303770873754	1	1.0031	1.0833	0.9202
1771	1303770873778	1	1.0031	1.0833	0.9202
1772	1303770873798	1	1.0031	1.1538	0.864
1773	1303770873816	1	1.0032	1.0833	0.9201
1774	1303770873834	1	1.0032	1.0833	0.9201
1775	1303770873853	1	1.0032	1.0417	0.9569
1776	1303770873872	1	1.0032	1.1154	0.8937
1777	1303770873890	1	1.0032	1.1154	0.8937
1778	1303770873950	1	1.0032	1.1154	0.8937
1779	1303770873968	1	1.0032	1.0417	0.9569
1780	1303770873987	1	1.0032	1.0833	0.9201
1781	1303770874004	1	1.0032	1.1154	0.8937
1782	1303770874023	1	1.0032	1.1154	0.8937
1783	1303770874041	1	1.0032	1.0417	0.9569
1784	1303770874060	1	1.0032	1.1154	0.8937
1785	1303770874078	1	1.0032	1.1154	0.8937
1786	1303770874097	1	1.0032	1.1154	0.8937
1787	1303770874115	1	1.0032	1.1154	0.8937
1788	1303770874133	1	1.0032	1.1154	0.8937
1789	1303770874151	1	1.0032	1.0769	0.9256
1790	1303770874170	1	1.0032	1.0769	0.9256
1791	1303770874187	1	1.0032	1.0769	0.9256
1792	1303770874205	1	1.0032	1.0769	0.9256
1793	1303770874224	1	1.0032	1.0769	0.9256
1794	1303770874242	1	1.0032	1.0769	0.9256
1795	1303770874260	1	1.0032	1.0769	0.9256
1796	1303770874279	1	1.0032	1.0769	0.9256
1797	1303770874296	1	1.0032	1.0769	0.9256
1798	1303770874315	1	1.0032	1.0769	0.9256
1799	1303770874334	1	1.0032	1.0385	0.9599
1800	1303770874351	1	1.0032	1.0769	0.9256
