0	1303772451437	0	0	0	0
1	1303772451446	0	0	0	0
2	1303772451454	0	0	0	0
3	1303772451464	0	0	0	0
4	1303772451514	0	0	0	0
5	1303772451523	0	0	0	0
6	1303772451536	0	0	0	0
7	1303772451546	0	0	0	0
8	1303772451558	0	0	0	0
9	1303772451569	0	0	0	0
10	1303772451580	0	0	0	0
11	1303772451591	0	0	0	0
12	1303772451643	0	0	0	0
13	1303772451654	0	0	0	0
14	1303772451667	0	0	0	0
15	1303772451679	0	0	0	0
16	1303772451692	0	0	0	0
17	1303772451710	0	0	0	0
18	1303772451723	0	0	0	0
19	1303772451747	0.5	0	0	0
20	1303772451783	0.5	0	0	0
21	1303772451812	0.5	0	0	0
22	1303772451826	0.5	1.1649	0	0
23	1303772451850	0.5	1.1649	0	0
24	1303772451914	0.5	1.1649	1.5	0.2861
25	1303772451942	0.5	1.1649	1.5	0.2861
26	1303772451966	0.5	1.1649	0	0
27	1303772451991	0.5	1.1649	0	0
28	1303772452017	0.5	1.1649	1.5	0.2861
29	1303772452086	0.5	1.1649	1.5	0.2861
30	1303772452111	0.5	1.1649	1.5	0.2861
31	1303772452134	0.5	1.1649	1.3	0.3302
32	1303772452159	0.5	1.1649	1.1	0.3902
33	1303772452222	0.5	1.1649	1.125	0.3815
34	1303772452244	0.5	1.1649	1.125	0.3815
35	1303772452270	0.5	1.1649	1.1	0.3902
36	1303772452292	0.5	1.1649	1.1	0.3902
37	1303772452314	0.5	1.1649	1.1	0.3902
38	1303772452336	0.5	1.1649	1.1	0.3902
39	1303772452360	0.5	1.1649	1.1	0.3902
40	1303772452382	0.5	1.1649	1.1	0.3902
41	1303772452403	0.5	1.1649	1.1	0.3902
42	1303772452466	0.5	1.1649	1.1	0.3902
43	1303772452490	1	1.1649	1.2	0.7154
44	1303772452527	1	1.2022	1.2	0.6932
45	1303772452575	1	1.2022	1.25	0.6654
46	1303772452606	1	1.2022	1.25	0.6654
47	1303772452630	1	1.2022	1.2857	0.6469
48	1303772452655	1	1.2022	1.3125	0.6337
49	1303772452677	1	1.2022	1.3	0.6398
50	1303772452741	1	1.2022	1.2727	0.6535
51	1303772452764	1	1.2022	1.2778	0.651
52	1303772452789	1	1.2022	1.2778	0.651
53	1303772452812	1	1.2022	1.2917	0.644
54	1303772452879	1	1.2022	1.125	0.7394
55	1303772452902	1	1.2022	1.0833	0.7678
56	1303772452924	1	1.2022	1.125	0.7394
57	1303772452948	1	1.2022	1.125	0.7394
58	1303772452970	1	1.2022	1.1429	0.7278
59	1303772452992	1	1.2022	1.1538	0.7209
60	1303772453014	1	1.2022	1.1071	0.7513
61	1303772453079	1	1.2022	1.1429	0.7278
62	1303772453101	1	1.2022	1.1	0.7562
63	1303772453123	1	1.2022	1.1071	0.7513
64	1303772453143	1	1.2022	1.0938	0.7605
65	1303772453164	1	1.2022	1.125	0.7394
66	1303772453188	1	1.2022	1.1	0.7562
67	1303772453210	1	1.2022	1.0938	0.7605
68	1303772453232	1	1.2022	1.0588	0.7856
69	1303772453294	1	1.2022	1.0882	0.7643
70	1303772453315	1	1.2022	1.0588	0.7856
71	1303772453339	1	1.2022	1.0588	0.7856
72	1303772453360	1	1.2022	1.1176	0.7442
73	1303772453381	1	1.2022	1.1176	0.7442
74	1303772453448	1	1.2022	1.1176	0.7442
75	1303772453469	1	1.2022	1.1176	0.7442
76	1303772453493	1	1.2022	1.1176	0.7442
77	1303772453515	1	1.2022	1.1176	0.7442
78	1303772453537	1	1.2022	1.1176	0.7442
79	1303772453558	1	1.2022	1.1176	0.7442
80	1303772453581	1	1.2022	1.1176	0.7442
81	1303772453646	1	1.2022	1.1176	0.7442
82	1303772453667	1	1.1659	1.1176	0.7674
83	1303772453689	1	1.1659	1.1176	0.7674
84	1303772453710	1	1.1659	1.1176	0.7674
85	1303772453730	1	1.1659	1.1176	0.7674
86	1303772453752	1	1.1659	1.1176	0.7674
87	1303772453772	1	1.1659	1.1176	0.7674
88	1303772453793	1	1.1659	1.1176	0.7674
89	1303772453813	1	1.1659	1.1176	0.7674
90	1303772453833	1	1.1659	1.1176	0.7674
91	1303772453855	1	1.1659	1.0588	0.81
92	1303772453915	1	1.1659	1.0588	0.81
93	1303772453975	1	1.1659	1.0588	0.81
94	1303772454034	1	1.1283	1.0588	0.837
95	1303772454054	1	1.1283	1.0588	0.837
96	1303772454074	1	1.1283	1.0588	0.837
97	1303772454096	1	1.1283	1.0588	0.837
98	1303772454116	1	1.1283	1.0588	0.837
99	1303772454137	1	1.1283	1.0588	0.837
100	1303772454158	1	1.1283	1.0588	0.837
101	1303772454178	1	1.1283	1.0588	0.837
102	1303772454201	1	1.1283	1.0588	0.837
103	1303772454221	1	1.1283	1.0588	0.837
104	1303772454240	1	1.1283	1.0588	0.837
105	1303772454260	1	1.1036	1.0588	0.8558
106	1303772454280	1	1.0943	1.0588	0.8631
107	1303772454300	1	1.0943	1.0588	0.8631
108	1303772454322	1	1.0943	1.0588	0.8631
109	1303772454341	1	1.0943	1.0588	0.8631
110	1303772454361	1	1.0943	1.0588	0.8631
111	1303772454380	1	1.0943	1.0588	0.8631
112	1303772454399	1	1.0943	1.0588	0.8631
113	1303772454419	1	1.0943	1.0588	0.8631
114	1303772454438	1	1.0943	1.0833	0.8436
115	1303772454459	1	1.0943	1.0588	0.8631
116	1303772454478	1	1.0943	1.0294	0.8878
117	1303772454497	1	1.0943	1.0588	0.8631
118	1303772454516	1	1.0943	1.0588	0.8631
119	1303772454535	1	1.0943	1.0588	0.8631
120	1303772454555	1	1.0943	1.0588	0.8631
121	1303772454578	1	1.0943	1.0833	0.8436
122	1303772454596	1	1.0943	1.0833	0.8436
123	1303772454615	1	1.0943	1.0588	0.8631
124	1303772454634	1	1.0943	1.0294	0.8878
125	1303772454655	1	1.0943	1.0833	0.8436
126	1303772454715	1	1.0943	1.0833	0.8436
127	1303772454733	1	1.0943	1.1053	0.8268
128	1303772454754	1	1.0943	1.0294	0.8878
129	1303772454773	1	1.0943	1.0294	0.8878
130	1303772454793	1	1.0943	1.0833	0.8436
131	1303772454812	1	1.0943	1.0833	0.8436
132	1303772454831	1	1.0943	1.0833	0.8436
133	1303772454851	1	1.0943	1.0833	0.8436
134	1303772454913	1	1.0943	1.0789	0.847
135	1303772454932	1	1.0943	1.0278	0.8892
136	1303772454951	1	1.0943	1.0278	0.8892
137	1303772454970	1	1.0943	1.0278	0.8892
138	1303772454988	1	1.0943	1.0278	0.8892
139	1303772455007	1	1.0943	1.0556	0.8658
140	1303772455067	1	1.0943	1.0789	0.847
141	1303772455088	1	1.0943	1.0789	0.847
142	1303772455106	1	1.0943	1.0789	0.847
143	1303772455125	1	1.0943	1.0789	0.847
144	1303772455145	1	1.0896	1.0526	0.8719
145	1303772455166	1	1.0896	1.0526	0.8719
146	1303772455185	1	1.0896	1.0526	0.8719
147	1303772455206	1	1.0896	1.0526	0.8719
148	1303772455224	1	1.0896	1.0526	0.8719
149	1303772455242	1	1.0896	1.0526	0.8719
150	1303772455261	1	1.0896	1.0526	0.8719
151	1303772455279	1	1.0896	1.0526	0.8719
152	1303772455297	1	1.0896	1.0526	0.8719
153	1303772455315	1	1.0896	1.0526	0.8719
154	1303772455336	1	1.0896	1.0526	0.8719
155	1303772455354	1	1.0896	1.0526	0.8719
156	1303772455373	1	1.0896	1.0526	0.8719
157	1303772455391	1	1.0896	1.0263	0.8943
158	1303772455450	1	1.0896	1.0526	0.8719
159	1303772455468	1	1.0896	1.0526	0.8719
160	1303772455487	1	1.0896	1.0526	0.8719
161	1303772455509	1	1.0896	1.0263	0.8943
162	1303772455527	1	1.0896	1.0526	0.8719
163	1303772455545	1	1.0896	1.0526	0.8719
164	1303772455564	1	1.0896	1.0526	0.8719
165	1303772455623	1	1.0896	1.0263	0.8943
166	1303772455645	1	1.0826	1.0526	0.8775
167	1303772455701	1	1.0804	1.0526	0.8793
168	1303772455766	1	1.0804	1.0526	0.8793
169	1303772455784	1	1.0804	1.0263	0.9018
170	1303772455802	1	1.0804	1.0526	0.8793
171	1303772455820	1	1.0804	1.0526	0.8793
172	1303772455837	1	1.0804	1.0526	0.8793
173	1303772455855	1	1.0804	1.0263	0.9018
174	1303772455876	1	1.0804	1.0526	0.8793
175	1303772455894	1	1.0804	1.0526	0.8793
176	1303772455912	1	1.0804	1.0526	0.8793
177	1303772455931	1	1.0804	1.0263	0.9018
178	1303772455949	1	1.0804	1.0526	0.8793
179	1303772455967	1	1.0804	1.0526	0.8793
180	1303772455984	1	1.0804	1.0526	0.8793
181	1303772456046	1	1.0804	1.0263	0.9018
182	1303772456063	1	1.0804	1.0526	0.8793
183	1303772456122	1	1.0804	1.0526	0.8793
184	1303772456140	1	1.0804	1.0526	0.8793
185	1303772456157	1	1.0804	1.0263	0.9018
186	1303772456175	1	1.0804	1.0526	0.8793
187	1303772456193	1	1.0804	1.0526	0.8793
188	1303772456212	1	1.0804	1.0526	0.8793
189	1303772456234	1	1.0804	1.0263	0.9018
190	1303772456252	1	1.0804	1.0526	0.8793
191	1303772456270	1	1.0804	1.0526	0.8793
192	1303772456288	1	1.0804	1.0526	0.8793
193	1303772456306	1	1.0804	1.0263	0.9018
194	1303772456324	1	1.0804	1.0526	0.8793
195	1303772456342	1	1.0804	1.0526	0.8793
196	1303772456363	1	1.0804	1.0526	0.8793
197	1303772456380	1	1.0804	1.0263	0.9018
198	1303772456398	1	1.0804	1.0526	0.8793
199	1303772456417	1	1.0804	1.0526	0.8793
200	1303772456435	1	1.0804	1.0526	0.8793
201	1303772456453	1	1.0804	1.0263	0.9018
202	1303772456471	1	1.0804	1.0526	0.8793
203	1303772456490	1	1.0804	1.0526	0.8793
204	1303772456556	1	1.0804	1.0526	0.8793
205	1303772456575	1	1.08	1.0263	0.9021
206	1303772456594	1	1.08	1.0526	0.8796
207	1303772456613	1	1.08	1.0526	0.8796
208	1303772456631	1	1.08	1.0526	0.8796
209	1303772456689	1	1.08	1.0263	0.9021
210	1303772456710	1	1.08	1.0526	0.8796
211	1303772456728	1	1.08	1.0526	0.8796
212	1303772456746	1	1.08	1.0526	0.8796
213	1303772456764	1	1.08	1.0263	0.9021
214	1303772456782	1	1.08	1.0526	0.8796
215	1303772456801	1	1.08	1.0526	0.8796
216	1303772456820	1	1.08	1.0526	0.8796
217	1303772456837	1	1.08	1.0263	0.9021
218	1303772456858	1	1.08	1.0526	0.8796
219	1303772456876	1	1.08	1.0526	0.8796
220	1303772456894	1	1.08	1.0526	0.8796
221	1303772456912	1	1.08	1.0263	0.9021
222	1303772456929	1	1.08	1.0526	0.8796
223	1303772456947	1	1.08	1.0526	0.8796
224	1303772456966	1	1.08	1.0526	0.8796
225	1303772456988	1	1.08	1.0263	0.9021
226	1303772457006	1	1.08	1.0526	0.8796
227	1303772457025	1	1.08	1.0526	0.8796
228	1303772457065	1	1.075	1.0526	0.8837
229	1303772457089	1	1.0704	1.0263	0.9103
230	1303772457109	1	1.0704	1.0526	0.8875
231	1303772457127	1	1.0704	1.0526	0.8875
232	1303772457148	1	1.0704	1.0526	0.8875
233	1303772457165	1	1.0704	1.0263	0.9103
234	1303772457183	1	1.0704	1.0526	0.8875
235	1303772457201	1	1.0704	1.0526	0.8875
236	1303772457259	1	1.0704	1.0526	0.8875
237	1303772457277	1	1.0704	1.0263	0.9103
238	1303772457335	1	1.0704	1.0526	0.8875
239	1303772457356	1	1.0704	1.0526	0.8875
240	1303772457372	1	1.0704	1.0526	0.8875
241	1303772457431	1	1.0704	1.0263	0.9103
242	1303772457489	1	1.0704	1.0526	0.8875
243	1303772457507	1	1.0704	1.0526	0.8875
244	1303772457565	1	1.0704	1.0526	0.8875
245	1303772457583	1	1.0704	1.0263	0.9103
246	1303772457601	1	1.0704	1.0526	0.8875
247	1303772457622	1	1.0704	1.0526	0.8875
248	1303772457639	1	1.0704	1.0526	0.8875
249	1303772457657	1	1.0704	1.0263	0.9103
250	1303772457674	1	1.0704	1.0526	0.8875
251	1303772457692	1	1.0704	1.0526	0.8875
252	1303772457750	1	1.0704	1.0526	0.8875
253	1303772457768	1	1.0704	1.0263	0.9103
254	1303772457788	1	1.0704	1.0526	0.8875
255	1303772457806	1	1.0704	1.0526	0.8875
256	1303772457863	1	1.0704	1.0526	0.8875
257	1303772457921	1	1.0704	1.0263	0.9103
258	1303772457939	1	1.0704	1.0526	0.8875
259	1303772457957	1	1.0704	1.0526	0.8875
260	1303772458018	1	1.0704	1.0526	0.8875
261	1303772458037	1	1.0704	1.0263	0.9103
262	1303772458058	1	1.0704	1.0526	0.8875
263	1303772458076	1	1.0704	1.0526	0.8875
264	1303772458094	1	1.0704	1.0526	0.8875
265	1303772458156	1	1.0704	1.0263	0.9103
266	1303772458175	1	1.0701	1.0526	0.8878
267	1303772458195	1	1.0701	1.0526	0.8878
268	1303772458213	1	1.0701	1.0526	0.8878
269	1303772458234	1	1.0701	1.0263	0.9105
270	1303772458252	1	1.0701	1.0526	0.8878
271	1303772458270	1	1.0701	1.0526	0.8878
272	1303772458288	1	1.0701	1.0526	0.8878
273	1303772458306	1	1.0701	1.0263	0.9105
274	1303772458323	1	1.0701	1.0526	0.8878
275	1303772458341	1	1.0701	1.0526	0.8878
276	1303772458402	1	1.0701	1.0526	0.8878
277	1303772458423	1	1.0701	1.0263	0.9105
278	1303772458441	1	1.0701	1.0526	0.8878
279	1303772458459	1	1.0701	1.0526	0.8878
280	1303772458477	1	1.0701	1.0526	0.8878
281	1303772458495	1	1.0701	1.0263	0.9105
282	1303772458513	1	1.0701	1.0526	0.8878
283	1303772458531	1	1.0701	1.0526	0.8878
284	1303772458549	1	1.0701	1.0526	0.8878
285	1303772458570	1	1.0701	1.0263	0.9105
286	1303772458588	1	1.0701	1.0526	0.8878
287	1303772458606	1	1.0701	1.0526	0.8878
288	1303772458624	1	1.0701	1.0526	0.8878
289	1303772458644	1	1.0701	1.0263	0.9105
290	1303772458665	1	1.0701	1.0526	0.8878
291	1303772458684	1	1.0701	1.0526	0.8878
292	1303772458706	1	1.0709	1.0526	0.8871
293	1303772458725	1	1.0709	1.0263	0.9098
294	1303772458744	1	1.0709	1.0526	0.8871
295	1303772458885	1	1.0709	1.0526	0.8871
296	1303772458903	1	1.0709	1.0526	0.8871
297	1303772458921	1	1.0709	1.0263	0.9098
298	1303772458940	1	1.0709	1.0526	0.8871
299	1303772458957	1	1.0709	1.0526	0.8871
300	1303772458977	1	1.0709	1.0526	0.8871
301	1303772458995	1	1.0709	1.0263	0.9098
302	1303772459013	1	1.0709	1.0526	0.8871
303	1303772459030	1	1.0709	1.0526	0.8871
304	1303772459048	1	1.0709	1.0526	0.8871
305	1303772459066	1	1.0709	1.0263	0.9098
306	1303772459083	1	1.0709	1.0526	0.8871
307	1303772459101	1	1.0709	1.0526	0.8871
308	1303772459122	1	1.0709	1.0526	0.8871
309	1303772459140	1	1.0709	1.0263	0.9098
310	1303772459157	1	1.0709	1.0526	0.8871
311	1303772459175	1	1.0709	1.0526	0.8871
312	1303772459192	1	1.0709	1.0526	0.8871
313	1303772459209	1	1.0709	1.0263	0.9098
314	1303772459227	1	1.0709	1.0526	0.8871
315	1303772459247	1	1.0709	1.0526	0.8871
316	1303772459265	1	1.0709	1.0526	0.8871
317	1303772459282	1	1.0709	1.0263	0.9098
318	1303772459300	1	1.0709	1.0526	0.8871
319	1303772459318	1	1.0709	1.0526	0.8871
320	1303772459337	1	1.0709	1.0526	0.8871
321	1303772459355	1	1.0709	1.0263	0.9098
322	1303772459413	1	1.0709	1.0526	0.8871
323	1303772459434	1	1.0709	1.0526	0.8871
324	1303772459452	1	1.0709	1.0526	0.8871
325	1303772459469	1	1.0709	1.0263	0.9098
326	1303772459487	1	1.0709	1.0526	0.8871
327	1303772459545	1	1.0707	1.0526	0.8873
328	1303772459564	1	1.0707	1.0526	0.8873
329	1303772459583	1	1.0707	1.0263	0.91
330	1303772459604	1	1.0707	1.0526	0.8873
331	1303772459622	1	1.0707	1.0526	0.8873
332	1303772459639	1	1.0707	1.0526	0.8873
333	1303772459657	1	1.0707	1.0263	0.91
334	1303772459675	1	1.0707	1.0526	0.8873
335	1303772459694	1	1.0707	1.0526	0.8873
336	1303772459712	1	1.0707	1.0526	0.8873
337	1303772459730	1	1.0707	1.0263	0.91
338	1303772459750	1	1.0707	1.0526	0.8873
339	1303772459768	1	1.0707	1.0526	0.8873
340	1303772459787	1	1.0707	1.0526	0.8873
341	1303772459805	1	1.0707	1.0263	0.91
342	1303772459823	1	1.0707	1.0526	0.8873
343	1303772459842	1	1.0707	1.0526	0.8873
344	1303772459860	1	1.0707	1.0526	0.8873
345	1303772459878	1	1.0707	1.0263	0.91
346	1303772459899	1	1.0707	1.0526	0.8873
347	1303772459917	1	1.0707	1.0526	0.8873
348	1303772459974	1	1.0707	1.0526	0.8873
349	1303772459992	1	1.0707	1.0263	0.91
350	1303772460033	1	1.0707	1.0526	0.8873
351	1303772460090	1	1.0707	1.0526	0.8873
352	1303772460126	1	1.0707	1.0526	0.8873
353	1303772460146	1	1.2554	1.0263	0.7761
354	1303772460164	1	1.2554	1.0263	0.7761
355	1303772460182	1	1.2554	1.0789	0.7383
356	1303772460240	1	1.2554	1.0526	0.7567
357	1303772460259	1	1.2554	1.0789	0.7383
358	1303772460277	1	1.2554	1.1053	0.7207
359	1303772460297	1	1.2554	1.0789	0.7383
360	1303772460316	1	1.2554	1.1053	0.7207
361	1303772460334	1	1.2554	1.1053	0.7207
362	1303772460352	1	1.2554	1.0789	0.7383
363	1303772460370	1	1.2554	1.0526	0.7567
364	1303772460388	1	1.2554	1.0526	0.7567
365	1303772460406	1	1.2554	1.0526	0.7567
366	1303772460428	1	1.2554	1.0526	0.7567
367	1303772460447	1	1.2554	1.0526	0.7567
368	1303772460465	1	1.2554	1.05	0.7586
369	1303772460485	1	1.2554	1.0526	0.7567
370	1303772460503	1	1.2554	1.05	0.7586
371	1303772460521	1	1.2554	1.05	0.7586
372	1303772460579	1	1.2554	1.05	0.7586
373	1303772460597	1	1.2554	1.05	0.7586
374	1303772460617	1	1.2554	1.05	0.7586
375	1303772460634	1	1.2554	1.05	0.7586
376	1303772460652	1	1.2554	1.05	0.7586
377	1303772460670	1	1.2554	1.05	0.7586
378	1303772460688	1	1.2554	1.05	0.7586
379	1303772460705	1	1.2554	1.05	0.7586
380	1303772460723	1	1.2554	1.05	0.7586
381	1303772460781	1	1.2554	1.05	0.7586
382	1303772460843	1	1.2554	1.05	0.7586
383	1303772460860	1	1.2554	1.05	0.7586
384	1303772460878	1	1.2554	1.05	0.7586
385	1303772460896	1	1.2554	1.05	0.7586
386	1303772460955	1	1.2554	1.05	0.7586
387	1303772460973	1	1.2554	1.05	0.7586
388	1303772460993	1	1.2565	1.05	0.758
389	1303772461015	1	1.2565	1.05	0.758
390	1303772461033	1	1.2565	1.05	0.758
391	1303772461052	1	1.2565	1.05	0.758
392	1303772461069	1	1.2565	1.05	0.758
393	1303772461086	1	1.2565	1.05	0.758
394	1303772461103	1	1.2565	1.05	0.758
395	1303772461121	1	1.2565	1.05	0.758
396	1303772461140	1	1.2565	1.05	0.758
397	1303772461160	1	1.2565	1.05	0.758
398	1303772461177	1	1.2565	1.05	0.758
399	1303772461235	1	1.2565	1.05	0.758
400	1303772461253	1	1.2565	1.05	0.758
401	1303772461271	1	1.2565	1.05	0.758
402	1303772461289	1	1.2565	1.05	0.758
403	1303772461306	1	1.2565	1.05	0.758
404	1303772461327	1	1.2565	1.05	0.758
405	1303772461344	1	1.2565	1.05	0.758
406	1303772461361	1	1.2565	1.05	0.758
407	1303772461419	1	1.2565	1.05	0.758
408	1303772461436	1	1.2565	1.05	0.758
409	1303772461453	1	1.2565	1.05	0.758
410	1303772461471	1	1.2565	1.05	0.758
411	1303772461517	1	1.0862	1.05	0.8768
412	1303772461569	1	1.0862	1.05	0.8768
413	1303772461604	1	1.0862	1.05	0.8768
414	1303772461621	1	1.0862	1.05	0.8768
415	1303772461639	1	1.0862	1.05	0.8768
416	1303772461658	1	1.0862	1.05	0.8768
417	1303772461676	1	1.0862	1.05	0.8768
418	1303772461695	1	1.0862	1.05	0.8768
419	1303772461712	1	1.0862	1.05	0.8768
420	1303772461731	1	1.0862	1.05	0.8768
421	1303772461789	1	1.0862	1.05	0.8768
422	1303772461808	1	1.0862	1.025	0.8982
423	1303772461827	1	1.0862	1.05	0.8768
424	1303772461845	1	1.0862	1.05	0.8768
425	1303772461865	1	1.0862	1.05	0.8768
426	1303772461923	1	1.0862	1.025	0.8982
427	1303772461941	1	1.0862	1.025	0.8982
428	1303772461959	1	1.0862	1.05	0.8768
429	1303772461976	1	1.0862	1.05	0.8768
430	1303772462033	1	1.0862	1.025	0.8982
431	1303772462092	1	1.0862	1.025	0.8982
432	1303772462150	1	1.0862	1.05	0.8768
433	1303772462171	1	1.0862	1.05	0.8768
434	1303772462189	1	1.0862	1.025	0.8982
435	1303772462207	1	1.0862	1.025	0.8982
436	1303772462224	1	1.0862	1.05	0.8768
437	1303772462242	1	1.0862	1.05	0.8768
438	1303772462260	1	1.0862	1.025	0.8982
439	1303772462318	1	1.0862	1.025	0.8982
440	1303772462336	1	1.0862	1.05	0.8768
441	1303772462356	1	1.0862	1.05	0.8768
442	1303772462375	1	1.0862	1.025	0.8982
443	1303772462393	1	1.0862	1.025	0.8982
444	1303772462411	1	1.0862	1.05	0.8768
445	1303772462428	1	1.0862	1.05	0.8768
446	1303772462446	1	1.0862	1.025	0.8982
447	1303772462464	1	1.0862	1.025	0.8982
448	1303772462482	1	1.0862	1.05	0.8768
449	1303772462503	1	1.0849	1.05	0.8778
450	1303772462522	1	1.0849	1.025	0.8993
451	1303772462541	1	1.0849	1.025	0.8993
452	1303772462559	1	1.0849	1.05	0.8778
453	1303772462576	1	1.0849	1.05	0.8778
454	1303772462594	1	1.0849	1.025	0.8993
455	1303772462612	1	1.0849	1.025	0.8993
456	1303772462634	1	1.0849	1.05	0.8778
457	1303772462692	1	1.0849	1.05	0.8778
458	1303772462710	1	1.0849	1.025	0.8993
459	1303772462728	1	1.0849	1.025	0.8993
460	1303772462746	1	1.0849	1.05	0.8778
461	1303772462763	1	1.0849	1.05	0.8778
462	1303772462781	1	1.0849	1.025	0.8993
463	1303772462799	1	1.0849	1.025	0.8993
464	1303772462819	1	1.0849	1.05	0.8778
465	1303772462837	1	1.0849	1.05	0.8778
466	1303772462854	1	1.0849	1.025	0.8993
467	1303772462872	1	1.0849	1.025	0.8993
468	1303772462890	1	1.0849	1.05	0.8778
469	1303772462908	1	1.0849	1.05	0.8778
470	1303772462925	1	1.0849	1.025	0.8993
471	1303772462944	1	1.0849	1.025	0.8993
472	1303772462973	1	1.0827	1.05	0.8796
473	1303772463014	1	1.0821	1.05	0.8801
474	1303772463047	1	1.0821	1.025	0.9016
475	1303772463065	1	1.0821	1.025	0.9016
476	1303772463123	1	1.0821	1.05	0.8801
477	1303772463141	1	1.0821	1.025	0.9016
478	1303772463161	1	1.0821	1.025	0.9016
479	1303772463179	1	1.0821	1.05	0.8801
480	1303772463196	1	1.0821	1.025	0.9016
481	1303772463213	1	1.0821	1.025	0.9016
482	1303772463231	1	1.0821	1.05	0.8801
483	1303772463249	1	1.0821	1.025	0.9016
484	1303772463306	1	1.0891	1.025	0.8958
485	1303772463327	1	1.0891	1.05	0.8745
486	1303772463344	1	1.0891	1.025	0.8958
487	1303772463362	1	1.0891	1.025	0.8958
488	1303772463380	1	1.0891	1.05	0.8745
489	1303772463397	1	1.0891	1.025	0.8958
490	1303772463415	1	1.0891	1.025	0.8958
491	1303772463473	1	1.0891	1.05	0.8745
492	1303772463490	1	1.0891	1.025	0.8958
493	1303772463511	1	1.0891	1.025	0.8958
494	1303772463528	1	1.0891	1.05	0.8745
495	1303772463546	1	1.0891	1.025	0.8958
496	1303772463564	1	1.0891	1.025	0.8958
497	1303772463583	1	1.0891	1.05	0.8745
498	1303772463601	1	1.0891	1.025	0.8958
499	1303772463619	1	1.0891	1.025	0.8958
500	1303772463677	1	1.0891	1.05	0.8745
501	1303772463698	1	1.0891	1.025	0.8958
502	1303772463716	1	1.0891	1.025	0.8958
503	1303772463734	1	1.0891	1.05	0.8745
504	1303772463752	1	1.0891	1.025	0.8958
505	1303772463771	1	1.0891	1.025	0.8958
506	1303772463788	1	1.0891	1.05	0.8745
507	1303772463806	1	1.0891	1.025	0.8958
508	1303772463824	1	1.0891	1.025	0.8958
509	1303772463845	1	1.0891	1.05	0.8745
510	1303772463863	1	1.089	1.025	0.8959
511	1303772463882	1	1.0888	1.025	0.896
512	1303772463901	1	1.0888	1.05	0.8747
513	1303772463920	1	1.0888	1.025	0.896
514	1303772463937	1	1.0888	1.025	0.896
515	1303772463955	1	1.0888	1.05	0.8747
516	1303772463975	1	1.0888	1.025	0.896
517	1303772463993	1	1.0888	1.025	0.896
518	1303772464010	1	1.0888	1.05	0.8747
519	1303772464029	1	1.0888	1.025	0.896
520	1303772464047	1	1.0888	1.025	0.896
521	1303772464066	1	1.0888	1.05	0.8747
522	1303772464084	1	1.0888	1.025	0.896
523	1303772464101	1	1.0888	1.025	0.896
524	1303772464162	1	1.0888	1.05	0.8747
525	1303772464180	1	1.0888	1.025	0.896
526	1303772464197	1	1.0888	1.025	0.896
527	1303772464215	1	1.0888	1.05	0.8747
528	1303772464233	1	1.0888	1.025	0.896
529	1303772464250	1	1.0888	1.025	0.896
530	1303772464268	1	1.0888	1.05	0.8747
531	1303772464286	1	1.0888	1.025	0.896
532	1303772464307	1	1.0888	1.025	0.896
533	1303772464341	1	1.0765	1.05	0.8847
534	1303772464373	1	1.0765	1.025	0.9063
535	1303772464398	1	1.0765	1.025	0.9063
536	1303772464457	1	1.1573	1.05	0.823
537	1303772464475	1	1.1573	1.025	0.843
538	1303772464496	1	1.1573	1.025	0.843
539	1303772464514	1	1.1573	1.05	0.823
540	1303772464533	1	1.1573	1.025	0.843
541	1303772464551	1	1.1573	1.025	0.843
542	1303772464570	1	1.1573	1.05	0.823
543	1303772464627	1	1.1573	1.025	0.843
544	1303772464645	1	1.1573	1.025	0.843
545	1303772464662	1	1.1573	1.05	0.823
546	1303772464683	1	1.1573	1.025	0.843
547	1303772464701	1	1.1573	1.025	0.843
548	1303772464720	1	1.1573	1.05	0.823
549	1303772464738	1	1.1573	1.025	0.843
550	1303772464755	1	1.1573	1.025	0.843
551	1303772464774	1	1.1573	1.05	0.823
552	1303772464792	1	1.1573	1.025	0.843
553	1303772464810	1	1.1573	1.025	0.843
554	1303772464830	1	1.1573	1.05	0.823
555	1303772464848	1	1.1573	1.05	0.823
556	1303772464865	1	1.1573	1.025	0.843
557	1303772464883	1	1.1573	1.025	0.843
558	1303772464901	1	1.1573	1.05	0.823
559	1303772464960	1	1.1573	1.025	0.843
560	1303772465022	1	1.1573	1.025	0.843
561	1303772465043	1	1.1573	1.05	0.823
562	1303772465062	1	1.1573	1.05	0.823
563	1303772465081	1	1.1573	1.025	0.843
564	1303772465099	1	1.1573	1.025	0.843
565	1303772465117	1	1.1573	1.05	0.823
566	1303772465135	1	1.1573	1.025	0.843
567	1303772465153	1	1.1573	1.025	0.843
568	1303772465171	1	1.1573	1.05	0.823
569	1303772465193	1	1.1573	1.05	0.823
570	1303772465211	1	1.1573	1.025	0.843
571	1303772465230	1	1.1573	1.025	0.843
572	1303772465249	1	1.1571	1.05	0.823
573	1303772465267	1	1.1571	1.05	0.823
574	1303772465286	1	1.1571	1.025	0.8431
575	1303772465303	1	1.1571	1.025	0.8431
576	1303772465322	1	1.1571	1.05	0.823
577	1303772465343	1	1.1571	1.05	0.823
578	1303772465401	1	1.1571	1.025	0.8431
579	1303772465419	1	1.1571	1.025	0.8431
580	1303772465486	1	1.1571	1.05	0.823
581	1303772465505	1	1.1571	1.05	0.823
582	1303772465563	1	1.1571	1.025	0.8431
583	1303772465581	1	1.1571	1.025	0.8431
584	1303772465603	1	1.1571	1.05	0.823
585	1303772465661	1	1.2058	1.05	0.7898
586	1303772465678	1	1.2058	1.025	0.8091
587	1303772465696	1	1.2058	1.025	0.8091
588	1303772465713	1	1.2058	1.05	0.7898
589	1303772465731	1	1.2058	1.05	0.7898
590	1303772465748	1	1.2058	1.025	0.8091
591	1303772465766	1	1.2058	1.025	0.8091
592	1303772465786	1	1.2058	1.05	0.7898
593	1303772465805	1	1.2058	1.05	0.7898
594	1303772465840	1	1.2353	1.025	0.7898
595	1303772465872	1	1.2353	1.025	0.7898
596	1303772465898	1	1.2353	1.05	0.771
597	1303772465916	1	1.2353	1.025	0.7898
598	1303772465936	1	1.2353	1.025	0.7898
599	1303772465955	1	1.2353	1.025	0.7898
600	1303772465973	1	1.2353	1.025	0.7898
601	1303772465990	1	1.2353	1.025	0.7898
602	1303772466048	1	1.2353	1.025	0.7898
603	1303772466067	1	1.2353	1.025	0.7898
604	1303772466085	1	1.2353	1.025	0.7898
605	1303772466102	1	1.2353	1.05	0.771
606	1303772466123	1	1.2353	1.025	0.7898
607	1303772466141	1	1.2353	1.025	0.7898
608	1303772466160	1	1.2353	1.05	0.771
609	1303772466177	1	1.2353	1.025	0.7898
610	1303772466195	1	1.2353	1.025	0.7898
611	1303772466212	1	1.2353	1.05	0.771
612	1303772466231	1	1.2353	1.025	0.7898
613	1303772466249	1	1.2353	1.025	0.7898
614	1303772466270	1	1.2353	1.05	0.771
615	1303772466287	1	1.2353	1.025	0.7898
616	1303772466305	1	1.2353	1.025	0.7898
617	1303772466324	1	1.2353	1.05	0.771
618	1303772466342	1	1.2353	1.05	0.771
619	1303772466360	1	1.2353	1.025	0.7898
620	1303772466377	1	1.2353	1.025	0.7898
621	1303772466395	1	1.2353	1.05	0.771
622	1303772466416	1	1.2353	1.025	0.7898
623	1303772466434	1	1.2353	1.025	0.7898
624	1303772466493	1	1.2353	1.05	0.771
625	1303772466511	1	1.2353	1.05	0.771
626	1303772466528	1	1.2353	1.025	0.7898
627	1303772466547	1	1.2353	1.025	0.7898
628	1303772466605	1	1.2353	1.05	0.771
629	1303772466626	1	1.2353	1.05	0.771
630	1303772466644	1	1.2353	1.025	0.7898
631	1303772466662	1	1.2353	1.025	0.7898
632	1303772466681	1	1.2353	1.05	0.771
633	1303772466700	1	1.2353	1.05	0.771
634	1303772466719	1	1.2353	1.025	0.7898
635	1303772466737	1	1.2353	1.025	0.7898
636	1303772466755	1	1.2353	1.05	0.771
637	1303772466776	1	1.2353	1.05	0.771
638	1303772466794	1	1.2353	1.025	0.7898
639	1303772466811	1	1.2353	1.025	0.7898
640	1303772466829	1	1.2353	1.05	0.771
641	1303772466846	1	1.2353	1.05	0.771
642	1303772466864	1	1.2353	1.025	0.7898
643	1303772466881	1	1.2353	1.025	0.7898
644	1303772466899	1	1.2353	1.05	0.771
645	1303772466960	1	1.2353	1.05	0.771
646	1303772466978	1	1.2353	1	0.8095
647	1303772466996	1	1.2353	1.025	0.7898
648	1303772467014	1	1.2353	1.05	0.771
649	1303772467032	1	1.2353	1.05	0.771
650	1303772467050	1	1.2353	1	0.8095
651	1303772467068	1	1.2353	1.025	0.7898
652	1303772467089	1	1.2353	1.05	0.771
653	1303772467106	1	1.2353	1.05	0.771
654	1303772467125	1	1.2353	1	0.8095
655	1303772467154	1	1.2332	1.025	0.7911
656	1303772467189	1	1.2336	1.05	0.772
657	1303772467217	1	1.2336	1.05	0.772
658	1303772467238	1	1.2336	1	0.8106
659	1303772467257	1	1.2336	1.025	0.7908
660	1303772467275	1	1.2336	1.05	0.772
661	1303772467294	1	1.2336	1.05	0.772
662	1303772467312	1	1.2336	1	0.8106
663	1303772467375	1	1.2336	1.025	0.7908
664	1303772467436	1	1.2336	1.05	0.772
665	1303772467454	1	1.2336	1.05	0.772
666	1303772467474	1	1.2336	1	0.8106
667	1303772467492	1	1.2336	1.025	0.7908
668	1303772467511	1	1.2336	1.05	0.772
669	1303772467529	1	1.2336	1.05	0.772
670	1303772467587	1	1.2336	1	0.8106
671	1303772467604	1	1.2336	1.025	0.7908
672	1303772467622	1	1.2336	1.05	0.772
673	1303772467640	1	1.2336	1.05	0.772
674	1303772467661	1	1.2336	1	0.8106
675	1303772467679	1	1.2336	1.025	0.7908
676	1303772467696	1	1.2336	1.05	0.772
677	1303772467714	1	1.2336	1.05	0.772
678	1303772467731	1	1.2336	1	0.8106
679	1303772467749	1	1.2336	1.025	0.7908
680	1303772467767	1	1.2336	1.05	0.772
681	1303772467788	1	1.2336	1.05	0.772
682	1303772467806	1	1.2336	1	0.8106
683	1303772467824	1	1.2336	1.025	0.7908
684	1303772467881	1	1.2336	1.05	0.772
685	1303772467899	1	1.2336	1.05	0.772
686	1303772467916	1	1.2336	1	0.8106
687	1303772467934	1	1.2336	1.025	0.7908
688	1303772467952	1	1.2336	1.05	0.772
689	1303772467972	1	1.2336	1.05	0.772
690	1303772467990	1	1.2336	1	0.8106
691	1303772468048	1	1.2336	1.025	0.7908
692	1303772468066	1	1.2336	1.05	0.772
693	1303772468084	1	1.2336	1.05	0.772
694	1303772468103	1	1.2318	1	0.8118
695	1303772468122	1	1.2318	1.025	0.792
696	1303772468143	1	1.2318	1.05	0.7732
697	1303772468161	1	1.2318	1.05	0.7732
698	1303772468178	1	1.2318	1	0.8118
699	1303772468196	1	1.2318	1.025	0.792
700	1303772468256	1	1.2318	1.05	0.7732
701	1303772468314	1	1.2318	1.05	0.7732
702	1303772468332	1	1.2318	1	0.8118
703	1303772468349	1	1.2318	1.025	0.792
704	1303772468369	1	1.2318	1.05	0.7732
705	1303772468388	1	1.2318	1.05	0.7732
706	1303772468406	1	1.2318	1	0.8118
707	1303772468423	1	1.2318	1.025	0.792
708	1303772468442	1	1.2318	1.05	0.7732
709	1303772468460	1	1.2318	1.05	0.7732
710	1303772468477	1	1.2318	1	0.8118
711	1303772468495	1	1.2318	1.025	0.792
712	1303772468516	1	1.2318	1.05	0.7732
713	1303772468534	1	1.2318	1.05	0.7732
714	1303772468552	1	1.2318	1	0.8118
715	1303772468571	1	1.2318	1.025	0.792
716	1303772468602	1	1.2236	1.05	0.7783
717	1303772468659	1	1.2212	1.05	0.7799
718	1303772468702	1	1.2214	1	0.8187
719	1303772468721	1	1.2214	1.025	0.7988
720	1303772468740	1	1.2214	1.05	0.7797
721	1303772468758	1	1.2214	1.05	0.7797
722	1303772468817	1	1.2214	1	0.8187
723	1303772468835	1	1.2214	1.025	0.7988
724	1303772468855	1	1.2214	1.05	0.7797
725	1303772468873	1	1.2214	1.05	0.7797
726	1303772468936	1	1.3011	1	0.7686
727	1303772468954	1	1.3011	1.025	0.7499
728	1303772468973	1	1.3011	1.05	0.732
729	1303772468991	1	1.3011	1.05	0.732
730	1303772469010	1	1.3011	1	0.7686
731	1303772469029	1	1.3011	1.025	0.7499
732	1303772469050	1	1.3011	1.05	0.732
733	1303772469068	1	1.3011	1.05	0.732
734	1303772469085	1	1.3011	1	0.7686
735	1303772469118	1	1.3011	1.025	0.7499
736	1303772469136	1	1.3011	1.05	0.732
737	1303772469154	1	1.3011	1.05	0.732
738	1303772469173	1	1.3011	1	0.7686
739	1303772469190	1	1.3011	1.025	0.7499
740	1303772469211	1	1.3011	1.05	0.732
741	1303772469230	1	1.3011	1.05	0.732
742	1303772469248	1	1.3011	1	0.7686
743	1303772469311	1	1.3011	1.025	0.7499
744	1303772469330	1	1.3011	1.05	0.732
745	1303772469348	1	1.3011	1.05	0.732
746	1303772469366	1	1.3011	1	0.7686
747	1303772469383	1	1.3011	1.025	0.7499
748	1303772469404	1	1.3011	1.05	0.732
749	1303772469422	1	1.3011	1.05	0.732
750	1303772469439	1	1.3011	1	0.7686
751	1303772469457	1	1.3011	1.025	0.7499
752	1303772469475	1	1.3011	1.0526	0.7302
753	1303772469493	1	1.301	1.1	0.6988
754	1303772469511	1	1.301	1	0.7686
755	1303772469533	1	1.301	1.025	0.7499
756	1303772469593	1	1.301	1.05	0.7321
757	1303772469611	1	1.301	1.05	0.7321
758	1303772469629	1	1.301	1	0.7687
759	1303772469647	1	1.301	1.025	0.7499
760	1303772469665	1	1.301	1.05	0.7321
761	1303772469684	1	1.301	1.05	0.7321
762	1303772469701	1	1.301	1	0.7687
763	1303772469722	1	1.301	1.025	0.7499
764	1303772469740	1	1.301	1.05	0.7321
765	1303772469759	1	1.301	1.05	0.7321
766	1303772469777	1	1.301	1	0.7687
767	1303772469796	1	1.301	1.025	0.7499
768	1303772469814	1	1.301	1.05	0.7321
769	1303772469832	1	1.301	1.05	0.7321
770	1303772469851	1	1.301	1	0.7687
771	1303772469872	1	1.301	1.025	0.7499
772	1303772469890	1	1.301	1.05	0.7321
773	1303772469907	1	1.301	1.05	0.7321
774	1303772469926	1	1.301	1	0.7687
775	1303772469944	1	1.301	1.025	0.7499
776	1303772469964	1	1.301	1.05	0.7321
777	1303772469995	1	1.301	1.05	0.7321
778	1303772470036	1	1.301	1	0.7687
779	1303772470132	1	1.3009	1.025	0.75
780	1303772470161	1	1.3009	1.05	0.7321
781	1303772470179	1	1.3009	1.05	0.7321
782	1303772470198	1	1.3009	1	0.7687
783	1303772470216	1	1.3009	1.025	0.75
784	1303772470278	1	1.3009	1.05	0.7321
785	1303772470296	1	1.3009	1.05	0.7321
786	1303772470313	1	1.3009	1	0.7687
787	1303772470331	1	1.3009	1.05	0.7321
788	1303772470349	1	1.3009	1.05	0.7321
789	1303772470367	1	1.3009	1.05	0.7321
790	1303772470386	1	1.3009	1	0.7687
791	1303772470408	1	1.3009	1.05	0.7321
792	1303772470425	1	1.3009	1.05	0.7321
793	1303772470443	1	1.3009	1.05	0.7321
794	1303772470461	1	1.3009	1	0.7687
795	1303772470480	1	1.3009	1.05	0.7321
796	1303772470538	1	1.3009	1.05	0.7321
797	1303772470599	1	1.3009	1.05	0.7321
798	1303772470616	1	1.3009	1	0.7687
799	1303772470637	1	1.3009	1.05	0.7321
800	1303772470656	1	1.3009	1.05	0.7321
801	1303772470674	1	1.3009	1.05	0.7321
802	1303772470692	1	1.3009	1	0.7687
803	1303772470711	1	1.3009	1.05	0.7321
804	1303772470729	1	1.3009	1.05	0.7321
805	1303772470747	1	1.3009	1.05	0.7321
806	1303772470764	1	1.3009	1	0.7687
807	1303772470784	1	1.3009	1.05	0.7321
808	1303772470802	1	1.3009	1.05	0.7321
809	1303772470820	1	1.3009	1.05	0.7321
810	1303772470838	1	1.3009	1	0.7687
811	1303772470856	1	1.3009	1.05	0.7321
812	1303772470873	1	1.3009	1.05	0.7321
813	1303772470891	1	1.3009	1.05	0.7321
814	1303772470912	1	1.3009	1	0.7687
815	1303772470930	1	1.3008	1.05	0.7321
816	1303772470949	1	1.3008	1.05	0.7321
817	1303772471014	1	1.3008	1.05	0.7321
818	1303772471034	1	1.3008	1	0.7687
819	1303772471053	1	1.3008	1.05	0.7321
820	1303772471071	1	1.3008	1.05	0.7321
821	1303772471092	1	1.3008	1.05	0.7321
822	1303772471109	1	1.3008	1	0.7687
823	1303772471127	1	1.3008	1.05	0.7321
824	1303772471190	1	1.3008	1.05	0.7321
825	1303772471209	1	1.3008	1.05	0.7321
826	1303772471226	1	1.3008	1	0.7687
827	1303772471244	1	1.3008	1.05	0.7321
828	1303772471262	1	1.3008	1.05	0.7321
829	1303772471285	1	1.3008	1.05	0.7321
830	1303772471305	1	1.3008	1	0.7687
831	1303772471324	1	1.3008	1.05	0.7321
832	1303772471343	1	1.3008	1.05	0.7321
833	1303772471361	1	1.3008	1.05	0.7321
834	1303772471379	1	1.3008	1	0.7687
835	1303772471398	1	1.3008	1.05	0.7321
836	1303772471417	1	1.3008	1.05	0.7321
837	1303772471439	1	1.3008	1.05	0.7321
838	1303772471465	1	1.3008	1	0.7687
839	1303772471546	1	1.3008	1.05	0.7321
840	1303772471572	1	1.3008	1.05	0.7322
841	1303772471590	1	1.3008	1.05	0.7322
842	1303772471608	1	1.3008	1	0.7688
843	1303772471629	1	1.3008	1.05	0.7322
844	1303772471647	1	1.3008	1.05	0.7322
845	1303772471664	1	1.3008	1.05	0.7322
846	1303772471682	1	1.3008	1	0.7688
847	1303772471700	1	1.3008	1.05	0.7322
848	1303772471717	1	1.3008	1.05	0.7322
849	1303772471735	1	1.3008	1.05	0.7322
850	1303772471755	1	1.3008	1	0.7688
851	1303772471774	1	1.3008	1.05	0.7322
852	1303772471833	1	1.3008	1.05	0.7322
853	1303772471851	1	1.3008	1.05	0.7322
854	1303772471868	1	1.3008	1	0.7688
855	1303772471886	1	1.3008	1.05	0.7322
856	1303772471904	1	1.3008	1.05	0.7322
857	1303772471922	1	1.3008	1.05	0.7322
858	1303772471943	1	1.3008	1	0.7688
859	1303772472001	1	1.3008	1.05	0.7322
860	1303772472018	1	1.3008	1.05	0.7322
861	1303772472036	1	1.3008	1.05	0.7322
862	1303772472094	1	1.3008	1	0.7688
863	1303772472112	1	1.3008	1.05	0.7322
864	1303772472130	1	1.3008	1.05	0.7322
865	1303772472150	1	1.3008	1.05	0.7322
866	1303772472168	1	1.3008	1	0.7688
867	1303772472227	1	1.3008	1.05	0.7322
868	1303772472246	1	1.3008	1.05	0.7322
869	1303772472265	1	1.3008	1.05	0.7322
870	1303772472283	1	1.3008	1	0.7688
871	1303772472302	1	1.3008	1.05	0.7322
872	1303772472320	1	1.3008	1.05	0.7322
873	1303772472340	1	1.3008	1.05	0.7322
874	1303772472399	1	1.3008	1	0.7688
875	1303772472418	1	1.3008	1.05	0.7322
876	1303772472437	1	1.3007	1.05	0.7322
877	1303772472456	1	1.3007	1.05	0.7322
878	1303772472475	1	1.3007	1	0.7688
879	1303772472494	1	1.3007	1.05	0.7322
880	1303772472556	1	1.3007	1.05	0.7322
881	1303772472574	1	1.3007	1.05	0.7322
882	1303772472591	1	1.3007	1	0.7688
883	1303772472609	1	1.3007	1.05	0.7322
884	1303772472626	1	1.3007	1.05	0.7322
885	1303772472644	1	1.3007	1.05	0.7322
886	1303772472702	1	1.3007	1	0.7688
887	1303772472721	1	1.3007	1.05	0.7322
888	1303772472782	1	1.3007	1.05	0.7322
889	1303772472801	1	1.3007	1.05	0.7322
890	1303772472819	1	1.3007	1	0.7688
891	1303772472837	1	1.3007	1.05	0.7322
892	1303772472854	1	1.3007	1.05	0.7322
893	1303772472872	1	1.3007	1.05	0.7322
894	1303772472889	1	1.3007	1	0.7688
895	1303772472910	1	1.3007	1.05	0.7322
896	1303772472928	1	1.3007	1.05	0.7322
897	1303772472986	1	1.3007	1.05	0.7322
898	1303772473005	1	1.3007	1	0.7688
899	1303772473033	1	1.3007	1.05	0.7322
900	1303772473074	1	1.3007	1.05	0.7322
901	1303772473111	1	1.3007	1.05	0.7322
902	1303772473130	1	1.3007	1	0.7688
903	1303772473147	1	1.3007	1.05	0.7322
904	1303772473165	1	1.3007	1.05	0.7322
905	1303772473182	1	1.3007	1.05	0.7322
906	1303772473199	1	1.3007	1	0.7688
907	1303772473217	1	1.3007	1.05	0.7322
908	1303772473235	1	1.3007	1.05	0.7322
909	1303772473255	1	1.3007	1.05	0.7322
910	1303772473273	1	1.3007	1	0.7688
911	1303772473290	1	1.3007	1.05	0.7322
912	1303772473308	1	1.3007	1.05	0.7322
913	1303772473326	1	1.3007	1.05	0.7322
914	1303772473344	1	1.3007	1	0.7688
915	1303772473361	1	1.3007	1.05	0.7322
916	1303772473379	1	1.3007	1.05	0.7322
917	1303772473400	1	1.3007	1.05	0.7322
918	1303772473417	1	1.3007	1	0.7688
919	1303772473434	1	1.3007	1.05	0.7322
920	1303772473452	1	1.3007	1.05	0.7322
921	1303772473511	1	1.3007	1.05	0.7322
922	1303772473529	1	1.3007	1	0.7688
923	1303772473548	1	1.3007	1.05	0.7322
924	1303772473566	1	1.3007	1.05	0.7322
925	1303772473588	1	1.3007	1.05	0.7322
926	1303772473607	1	1.3007	1	0.7688
927	1303772473624	1	1.3007	1.05	0.7322
928	1303772473642	1	1.3007	1.05	0.7322
929	1303772473661	1	1.3007	1.05	0.7322
930	1303772473678	1	1.3007	1	0.7688
931	1303772473696	1	1.3007	1.05	0.7322
932	1303772473718	1	1.3007	1.05	0.7322
933	1303772473735	1	1.3007	1.05	0.7322
934	1303772473794	1	1.3007	1	0.7688
935	1303772473811	1	1.3007	1.05	0.7322
936	1303772473828	1	1.3007	1.05	0.7322
937	1303772473848	1	1.3007	1.05	0.7322
938	1303772473867	1	1.3007	1	0.7688
939	1303772473885	1	1.3007	1.05	0.7322
940	1303772473904	1	1.3007	1.05	0.7322
941	1303772473921	1	1.3007	1.05	0.7322
942	1303772473939	1	1.3007	1	0.7688
943	1303772473956	1	1.3007	1.05	0.7322
944	1303772474014	1	1.3007	1.05	0.7322
945	1303772474032	1	1.3007	1.05	0.7322
946	1303772474090	1	1.3007	1	0.7688
947	1303772474108	1	1.3007	1.05	0.7322
948	1303772474129	1	1.3007	1.05	0.7322
949	1303772474147	1	1.3007	1.05	0.7322
950	1303772474165	1	1.3007	1	0.7688
951	1303772474182	1	1.3007	1.05	0.7322
952	1303772474200	1	1.3007	1.05	0.7322
953	1303772474217	1	1.3007	1.05	0.7322
954	1303772474235	1	1.3007	1	0.7688
955	1303772474296	1	1.3007	1.025	0.7501
956	1303772474313	1	1.3007	1.05	0.7322
957	1303772474331	1	1.3007	1.05	0.7322
958	1303772474389	1	1.3007	1	0.7688
959	1303772474408	1	1.3007	1.025	0.7501
960	1303772474431	1	1.3007	1.05	0.7322
961	1303772474467	1	1.3007	1.05	0.7322
962	1303772474496	1	1.3007	1	0.7688
963	1303772474516	1	1.3007	1.025	0.7501
964	1303772474534	1	1.3007	1.05	0.7322
965	1303772474596	1	1.3007	1.05	0.7322
966	1303772474615	1	1.3007	1	0.7688
967	1303772474633	1	1.3007	1.025	0.7501
968	1303772474651	1	1.3007	1.05	0.7322
969	1303772474672	1	1.3007	1.05	0.7322
970	1303772474690	1	1.3007	1	0.7688
971	1303772474707	1	1.3007	1.025	0.7501
972	1303772474725	1	1.3007	1.05	0.7322
973	1303772474742	1	1.3007	1.05	0.7322
974	1303772474760	1	1.3007	1	0.7688
975	1303772474777	1	1.3007	1.025	0.7501
976	1303772474795	1	1.3007	1.05	0.7322
977	1303772474815	1	1.3007	1.05	0.7322
978	1303772474833	1	1.3007	1	0.7688
979	1303772474851	1	1.3007	1.025	0.7501
980	1303772474868	1	1.3007	1.05	0.7322
981	1303772474886	1	1.3007	1.05	0.7322
982	1303772474903	1	1.3007	1	0.7688
983	1303772474920	1	1.3007	1.025	0.7501
984	1303772474938	1	1.3007	1.05	0.7322
985	1303772474959	1	1.3007	1.05	0.7322
986	1303772474977	1	1.3007	1	0.7688
987	1303772474995	1	1.3007	1.025	0.7501
988	1303772475014	1	1.3007	1.05	0.7322
989	1303772475033	1	1.3007	1.05	0.7322
990	1303772475053	1	1.3007	1	0.7688
991	1303772475071	1	1.3007	1.025	0.7501
992	1303772475088	1	1.3007	1.05	0.7322
993	1303772475109	1	1.3007	1.05	0.7322
994	1303772475126	1	1.3007	1	0.7688
995	1303772475145	1	1.3007	1.025	0.7501
996	1303772475163	1	1.3007	1.05	0.7322
997	1303772475182	1	1.3007	1.05	0.7322
998	1303772475201	1	1.3007	1	0.7688
999	1303772475220	1	1.3007	1.025	0.75
1000	1303772475282	1	1.3007	1.05	0.7322
1001	1303772475341	1	1.3007	1.05	0.7322
1002	1303772475359	1	1.3007	1	0.7688
1003	1303772475378	1	1.3007	1.025	0.75
1004	1303772475396	1	1.3007	1.05	0.7322
1005	1303772475413	1	1.3007	1.05	0.7322
1006	1303772475432	1	1.3007	1	0.7688
1007	1303772475451	1	1.3007	1.025	0.75
1008	1303772475473	1	1.3007	1.05	0.7322
1009	1303772475491	1	1.3007	1.05	0.7322
1010	1303772475510	1	1.3007	1	0.7688
1011	1303772475528	1	1.3007	1.025	0.75
1012	1303772475586	1	1.3007	1.05	0.7322
1013	1303772475604	1	1.3007	1.05	0.7322
1014	1303772475621	1	1.3007	1	0.7688
1015	1303772475640	1	1.3007	1.025	0.75
1016	1303772475661	1	1.3007	1.05	0.7322
1017	1303772475680	1	1.3007	1.05	0.7322
1018	1303772475697	1	1.3007	1	0.7688
1019	1303772475715	1	1.3007	1.025	0.75
1020	1303772475733	1	1.3007	1.05	0.7322
1021	1303772475754	1	1.3007	1.05	0.7322
1022	1303772475781	1	1.3007	1	0.7688
1023	1303772475805	1	1.3007	1.025	0.7501
1024	1303772475825	1	1.3007	1.05	0.7322
1025	1303772475884	1	1.3007	1.05	0.7322
1026	1303772475902	1	1.3007	1	0.7688
1027	1303772475920	1	1.3007	1.025	0.7501
1028	1303772475938	1	1.3007	1.05	0.7322
1029	1303772475955	1	1.3007	1.05	0.7322
1030	1303772475975	1	1.3007	1	0.7688
1031	1303772475993	1	1.3007	1.025	0.7501
1032	1303772476011	1	1.3007	1.05	0.7322
1033	1303772476029	1	1.3007	1.05	0.7322
1034	1303772476046	1	1.3007	1	0.7688
1035	1303772476064	1	1.3007	1.025	0.7501
1036	1303772476081	1	1.3007	1.05	0.7322
1037	1303772476099	1	1.3007	1.05	0.7322
1038	1303772476119	1	1.3007	1	0.7688
1039	1303772476137	1	1.3007	1.025	0.7501
1040	1303772476156	1	1.3007	1.05	0.7322
1041	1303772476175	1	1.3007	1.05	0.7322
1042	1303772476192	1	1.3007	1	0.7688
1043	1303772476210	1	1.3007	1.025	0.7501
1044	1303772476228	1	1.3007	1.05	0.7322
1045	1303772476246	1	1.3007	1.05	0.7322
1046	1303772476266	1	1.3007	1	0.7688
1047	1303772476284	1	1.3007	1.025	0.7501
1048	1303772476301	1	1.3007	1.05	0.7322
1049	1303772476320	1	1.3007	1.05	0.7322
1050	1303772476379	1	1.3007	1	0.7688
1051	1303772476398	1	1.3007	1.025	0.7501
1052	1303772476416	1	1.3007	1.05	0.7322
1053	1303772476437	1	1.3007	1.05	0.7322
1054	1303772476455	1	1.3007	1	0.7688
1055	1303772476473	1	1.3007	1.025	0.7501
1056	1303772476491	1	1.3007	1.05	0.7322
1057	1303772476509	1	1.3007	1.05	0.7322
1058	1303772476527	1	1.3007	1	0.7688
1059	1303772476545	1	1.3006	1.025	0.7501
1060	1303772476564	1	1.3006	1.05	0.7323
1061	1303772476587	1	1.3006	1.05	0.7323
1062	1303772476607	1	1.3006	1	0.7689
1063	1303772476625	1	1.3006	1.025	0.7501
1064	1303772476643	1	1.3006	1.05	0.7323
1065	1303772476662	1	1.3006	1.05	0.7323
1066	1303772476680	1	1.3006	1	0.7689
1067	1303772476698	1	1.3006	1.025	0.7501
1068	1303772476718	1	1.3006	1.05	0.7323
1069	1303772476737	1	1.3006	1.05	0.7323
1070	1303772476755	1	1.3006	1	0.7689
1071	1303772476773	1	1.3006	1.025	0.7501
1072	1303772476791	1	1.3006	1.05	0.7323
1073	1303772476809	1	1.3006	1.05	0.7323
1074	1303772476868	1	1.3006	1	0.7689
1075	1303772476886	1	1.3006	1.025	0.7501
1076	1303772476908	1	1.3006	1.05	0.7323
1077	1303772476926	1	1.3006	1.05	0.7323
1078	1303772476945	1	1.3006	1	0.7689
1079	1303772476962	1	1.3006	1.025	0.7501
1080	1303772476980	1	1.3006	1.05	0.7323
1081	1303772477038	1	1.3006	1.05	0.7323
1082	1303772477099	1	1.3006	1	0.7689
1083	1303772477125	1	1.3006	1.025	0.7501
1084	1303772477146	1	1.3006	1.05	0.7323
1085	1303772477166	1	1.3006	1.05	0.7323
1086	1303772477183	1	1.3006	1	0.7689
1087	1303772477201	1	1.3006	1.025	0.7501
1088	1303772477220	1	1.3006	1.05	0.7323
1089	1303772477238	1	1.3006	1.05	0.7323
1090	1303772477256	1	1.3006	1	0.7689
1091	1303772477276	1	1.3006	1.025	0.7501
1092	1303772477294	1	1.3006	1.05	0.7323
1093	1303772477312	1	1.3006	1.05	0.7323
1094	1303772477330	1	1.3006	1	0.7689
1095	1303772477348	1	1.3006	1.025	0.7501
1096	1303772477365	1	1.3006	1.05	0.7323
1097	1303772477382	1	1.3006	1.05	0.7323
1098	1303772477400	1	1.3006	1	0.7689
1099	1303772477421	1	1.3006	1.025	0.7501
1100	1303772477439	1	1.3006	1.05	0.7323
1101	1303772477496	1	1.3006	1.05	0.7323
1102	1303772477514	1	1.3006	1	0.7689
1103	1303772477531	1	1.3006	1.025	0.7501
1104	1303772477549	1	1.3006	1.05	0.7323
1105	1303772477566	1	1.3006	1.05	0.7323
1106	1303772477627	1	1.3006	1	0.7689
1107	1303772477644	1	1.3006	1.025	0.7501
1108	1303772477662	1	1.3006	1.05	0.7323
1109	1303772477720	1	1.3006	1.05	0.7323
1110	1303772477738	1	1.3006	1	0.7689
1111	1303772477796	1	1.3006	1.025	0.7501
1112	1303772477814	1	1.3006	1.05	0.7323
1113	1303772477832	1	1.3006	1.05	0.7323
1114	1303772477853	1	1.3006	1	0.7689
1115	1303772477871	1	1.3006	1.025	0.7501
1116	1303772477889	1	1.3006	1.05	0.7323
1117	1303772477908	1	1.3006	1.05	0.7323
1118	1303772477926	1	1.3006	1	0.7689
1119	1303772477989	1	1.3007	1.025	0.7501
1120	1303772478008	1	1.3007	1.05	0.7322
1121	1303772478030	1	1.3007	1.05	0.7322
1122	1303772478048	1	1.3007	1	0.7688
1123	1303772478067	1	1.3007	1.025	0.7501
1124	1303772478126	1	1.3007	1.05	0.7322
1125	1303772478144	1	1.3007	1.05	0.7322
1126	1303772478162	1	1.3007	1	0.7688
1127	1303772478220	1	1.3007	1.025	0.7501
1128	1303772478238	1	1.3007	1.05	0.7322
1129	1303772478259	1	1.3007	1.05	0.7322
1130	1303772478276	1	1.3007	1	0.7688
1131	1303772478336	1	1.3007	1.025	0.7501
1132	1303772478354	1	1.3007	1.05	0.7322
1133	1303772478371	1	1.3007	1.05	0.7322
1134	1303772478389	1	1.3007	1	0.7688
1135	1303772478407	1	1.3007	1.025	0.7501
1136	1303772478428	1	1.3007	1.05	0.7322
1137	1303772478445	1	1.3007	1.05	0.7322
1138	1303772478463	1	1.3007	1	0.7688
1139	1303772478494	1	1.3007	1.025	0.7501
1140	1303772478511	1	1.3007	1.05	0.7322
1141	1303772478529	1	1.3007	1.05	0.7322
1142	1303772478548	1	1.3007	1	0.7688
1143	1303772478571	1	1.3007	1.025	0.7501
1144	1303772478638	1	1.3007	1.05	0.7322
1145	1303772478660	1	1.3007	1.05	0.7322
1146	1303772478680	1	1.3007	1	0.7688
1147	1303772478698	1	1.3007	1.025	0.7501
1148	1303772478716	1	1.3007	1.05	0.7322
1149	1303772478734	1	1.3007	1.05	0.7322
1150	1303772478752	1	1.3007	1	0.7688
1151	1303772478772	1	1.3007	1.025	0.7501
1152	1303772478790	1	1.3007	1.05	0.7322
1153	1303772478807	1	1.3007	1.05	0.7322
1154	1303772478825	1	1.3007	1	0.7688
1155	1303772478842	1	1.3007	1.025	0.7501
1156	1303772478860	1	1.3007	1.05	0.7322
1157	1303772478878	1	1.3007	1.05	0.7322
1158	1303772478896	1	1.3007	1	0.7688
1159	1303772478917	1	1.3007	1.025	0.7501
1160	1303772478934	1	1.3007	1.05	0.7322
1161	1303772478952	1	1.3007	1.05	0.7322
1162	1303772479010	1	1.3007	1	0.7688
1163	1303772479028	1	1.3007	1.025	0.7501
1164	1303772479046	1	1.3007	1.05	0.7322
1165	1303772479063	1	1.3007	1.05	0.7322
1166	1303772479085	1	1.3007	1	0.7688
1167	1303772479143	1	1.3007	1.025	0.7501
1168	1303772479160	1	1.3007	1.05	0.7322
1169	1303772479179	1	1.3007	1.05	0.7322
1170	1303772479198	1	1.3007	1	0.7688
1171	1303772479216	1	1.3007	1.025	0.7501
1172	1303772479234	1	1.3007	1.05	0.7322
1173	1303772479251	1	1.3007	1.05	0.7322
1174	1303772479272	1	1.3007	1	0.7688
1175	1303772479289	1	1.3007	1.025	0.7501
1176	1303772479307	1	1.3007	1.05	0.7322
1177	1303772479325	1	1.3007	1.05	0.7322
1178	1303772479343	1	1.3007	1	0.7688
1179	1303772479361	1	1.3007	1.025	0.7501
1180	1303772479379	1	1.3007	1.05	0.7322
1181	1303772479402	1	1.3007	1.05	0.7322
1182	1303772479421	1	1.3007	1	0.7688
1183	1303772479440	1	1.3007	1.025	0.7501
1184	1303772479458	1	1.3007	1.05	0.7322
1185	1303772479475	1	1.3007	1.05	0.7322
1186	1303772479493	1	1.3007	1	0.7688
1187	1303772479512	1	1.3007	1.025	0.7501
1188	1303772479531	1	1.3007	1.05	0.7322
1189	1303772479552	1	1.3007	1.05	0.7322
1190	1303772479570	1	1.3007	1	0.7688
1191	1303772479589	1	1.3007	1.025	0.7501
1192	1303772479607	1	1.3007	1.05	0.7322
1193	1303772479626	1	1.3007	1.05	0.7322
1194	1303772479685	1	1.3007	1	0.7688
1195	1303772479702	1	1.3007	1.025	0.7501
1196	1303772479720	1	1.3007	1.05	0.7322
1197	1303772479741	1	1.3007	1.05	0.7322
1198	1303772479758	1	1.3007	1	0.7688
1199	1303772479776	1	1.3007	1.025	0.7501
1200	1303772479794	1	1.3007	1.05	0.7322
1201	1303772479811	1	1.3007	1.05	0.7322
1202	1303772479829	1	1.3007	1	0.7688
1203	1303772479887	1	1.3007	1.025	0.7501
1204	1303772479912	1	1.3007	1.05	0.7322
1205	1303772479935	1	1.3007	1.05	0.7322
1206	1303772479956	1	1.3007	1	0.7688
1207	1303772479976	1	1.3007	1.025	0.75
1208	1303772479993	1	1.3007	1.05	0.7322
1209	1303772480056	1	1.3007	1.05	0.7322
1210	1303772480073	1	1.3007	1	0.7688
1211	1303772480094	1	1.3007	1.025	0.75
1212	1303772480112	1	1.3007	1.05	0.7322
1213	1303772480130	1	1.3007	1.05	0.7322
1214	1303772480147	1	1.3007	1	0.7688
1215	1303772480165	1	1.3007	1.025	0.75
1216	1303772480183	1	1.3007	1.05	0.7322
1217	1303772480202	1	1.3007	1.05	0.7322
1218	1303772480219	1	1.3007	1	0.7688
1219	1303772480280	1	1.3007	1.025	0.75
1220	1303772480298	1	1.3007	1.05	0.7322
1221	1303772480356	1	1.3007	1.05	0.7322
1222	1303772480373	1	1.3007	1	0.7688
1223	1303772480390	1	1.3007	1.025	0.75
1224	1303772480409	1	1.3007	1.05	0.7322
1225	1303772480468	1	1.3007	1.05	0.7322
1226	1303772480486	1	1.3007	1	0.7688
1227	1303772480507	1	1.3007	1.025	0.75
1228	1303772480525	1	1.3007	1.05	0.7322
1229	1303772480544	1	1.3007	1.05	0.7322
1230	1303772480563	1	1.3007	1	0.7688
1231	1303772480582	1	1.3007	1.025	0.75
1232	1303772480640	1	1.3007	1.05	0.7322
1233	1303772480658	1	1.3007	1.05	0.7322
1234	1303772480676	1	1.3007	1	0.7688
1235	1303772480698	1	1.3007	1.025	0.75
1236	1303772480716	1	1.3007	1.05	0.7322
1237	1303772480735	1	1.3007	1.05	0.7322
1238	1303772480753	1	1.3007	1	0.7688
1239	1303772480810	1	1.3007	1.025	0.75
1240	1303772480829	1	1.3007	1.05	0.7322
1241	1303772480847	1	1.3008	1.05	0.7322
1242	1303772480869	1	1.3008	1	0.7688
1243	1303772480888	1	1.3008	1.025	0.75
1244	1303772480907	1	1.3008	1.05	0.7322
1245	1303772480925	1	1.3008	1.05	0.7322
1246	1303772480944	1	1.3008	1	0.7688
1247	1303772480962	1	1.3008	1.025	0.75
1248	1303772480979	1	1.3008	1.05	0.7322
1249	1303772480998	1	1.3008	1.0526	0.7303
1250	1303772481019	1	1.3008	1.025	0.75
1251	1303772481038	1	1.3008	1.05	0.7322
1252	1303772481096	1	1.3008	1.05	0.7322
1253	1303772481114	1	1.3008	1.05	0.7322
1254	1303772481131	1	1.3008	1	0.7688
1255	1303772481148	1	1.3008	1.025	0.75
1256	1303772481166	1	1.3008	1.05	0.7322
1257	1303772481183	1	1.3008	1.05	0.7322
1258	1303772481203	1	1.3008	1	0.7688
1259	1303772481221	1	1.3008	1.025	0.75
1260	1303772481238	1	1.3008	1.05	0.7322
1261	1303772481256	1	1.3008	1.05	0.7322
1262	1303772481274	1	1.3008	1	0.7688
1263	1303772481291	1	1.3008	1.025	0.75
1264	1303772481310	1	1.3008	1.05	0.7322
1265	1303772481335	1	1.3008	1.05	0.7322
1266	1303772481357	1	1.3008	1	0.7688
1267	1303772481378	1	1.3008	1.025	0.75
1268	1303772481397	1	1.3008	1.05	0.7322
1269	1303772481415	1	1.3008	1.05	0.7322
1270	1303772481433	1	1.3008	1	0.7688
1271	1303772481450	1	1.3008	1.025	0.75
1272	1303772481468	1	1.3008	1.05	0.7322
1273	1303772481488	1	1.3008	1.05	0.7322
1274	1303772481505	1	1.3008	1	0.7688
1275	1303772481523	1	1.3008	1.025	0.75
1276	1303772481540	1	1.3008	1.05	0.7322
1277	1303772481558	1	1.3008	1.05	0.7322
1278	1303772481577	1	1.3008	1	0.7688
1279	1303772481595	1	1.3008	1.025	0.75
1280	1303772481612	1	1.3008	1.05	0.7322
1281	1303772481633	1	1.3008	1.05	0.7322
1282	1303772481652	1	1.3008	1	0.7688
1283	1303772481669	1	1.3008	1.025	0.75
1284	1303772481687	1	1.3008	1.05	0.7322
1285	1303772481706	1	1.3008	1.05	0.7322
1286	1303772481724	1	1.3008	1	0.7688
1287	1303772481741	1	1.3008	1.025	0.75
1288	1303772481762	1	1.3008	1.05	0.7322
1289	1303772481779	1	1.3008	1.05	0.7322
1290	1303772481796	1	1.3008	1	0.7688
1291	1303772481815	1	1.3008	1.025	0.75
1292	1303772481833	1	1.3008	1.05	0.7322
1293	1303772481851	1	1.3008	1.05	0.7322
1294	1303772481870	1	1.3008	1	0.7688
1295	1303772481887	1	1.3008	1.025	0.75
1296	1303772481908	1	1.3008	1.05	0.7322
1297	1303772481925	1	1.3008	1.05	0.7322
1298	1303772481943	1	1.3008	1	0.7688
1299	1303772481960	1	1.3008	1.025	0.75
1300	1303772481979	1	1.3008	1.05	0.7322
1301	1303772481997	1	1.3008	1.05	0.7322
1302	1303772482014	1	1.3008	1	0.7688
1303	1303772482033	1	1.3006	1.025	0.7501
1304	1303772482096	1	1.3006	1.05	0.7322
1305	1303772482114	1	1.3006	1.05	0.7322
1306	1303772482133	1	1.3006	1	0.7689
1307	1303772482152	1	1.3006	1.025	0.7501
1308	1303772482170	1	1.3006	1.05	0.7322
1309	1303772482187	1	1.3006	1.05	0.7322
1310	1303772482205	1	1.3006	1	0.7689
1311	1303772482222	1	1.3006	1.025	0.7501
1312	1303772482244	1	1.3006	1.05	0.7322
1313	1303772482262	1	1.3006	1.05	0.7322
1314	1303772482281	1	1.3006	1	0.7689
1315	1303772482343	1	1.3006	1.025	0.7501
1316	1303772482360	1	1.3006	1.05	0.7322
1317	1303772482378	1	1.3006	1.05	0.7322
1318	1303772482396	1	1.3006	1	0.7689
1319	1303772482415	1	1.3006	1.025	0.7501
1320	1303772482436	1	1.3006	1.05	0.7322
1321	1303772482454	1	1.3006	1.05	0.7322
1322	1303772482472	1	1.3006	1	0.7689
1323	1303772482490	1	1.3006	1.025	0.7501
1324	1303772482507	1	1.3006	1.05	0.7322
1325	1303772482525	1	1.3006	1.05	0.7322
1326	1303772482546	1	1.3006	1	0.7689
1327	1303772482571	1	1.3006	1.025	0.7501
1328	1303772482592	1	1.3006	1.05	0.7322
1329	1303772482611	1	1.3007	1.05	0.7322
1330	1303772482629	1	1.3007	1	0.7688
1331	1303772482647	1	1.3007	1.025	0.7501
1332	1303772482664	1	1.3007	1.05	0.7322
1333	1303772482682	1	1.3007	1.05	0.7322
1334	1303772482700	1	1.3007	1	0.7688
1335	1303772482720	1	1.3007	1.025	0.7501
1336	1303772482737	1	1.3007	1.05	0.7322
1337	1303772482754	1	1.3007	1.05	0.7322
1338	1303772482772	1	1.3007	1	0.7688
1339	1303772482790	1	1.3007	1.025	0.7501
1340	1303772482807	1	1.3007	1.05	0.7322
1341	1303772482825	1	1.3007	1.05	0.7322
1342	1303772482846	1	1.3007	1	0.7688
1343	1303772482905	1	1.3007	1.025	0.7501
1344	1303772482922	1	1.3007	1.05	0.7322
1345	1303772482940	1	1.3007	1.05	0.7322
1346	1303772483002	1	1.3007	1	0.7688
1347	1303772483020	1	1.3007	1.025	0.7501
1348	1303772483038	1	1.3007	1.05	0.7322
1349	1303772483097	1	1.3007	1.05	0.7322
1350	1303772483118	1	1.3007	1	0.7688
1351	1303772483137	1	1.3007	1.025	0.7501
1352	1303772483155	1	1.3007	1.05	0.7322
1353	1303772483175	1	1.3007	1.05	0.7322
1354	1303772483193	1	1.3007	1	0.7688
1355	1303772483211	1	1.3007	1.025	0.7501
1356	1303772483229	1	1.3007	1.05	0.7322
1357	1303772483247	1	1.3007	1.05	0.7322
1358	1303772483268	1	1.3007	1	0.7688
1359	1303772483285	1	1.3007	1.025	0.7501
1360	1303772483304	1	1.3007	1.05	0.7322
1361	1303772483323	1	1.3007	1.05	0.7322
1362	1303772483341	1	1.3007	1	0.7688
1363	1303772483359	1	1.3008	1.025	0.75
1364	1303772483379	1	1.3008	1.05	0.7321
1365	1303772483444	1	1.3008	1.05	0.7321
1366	1303772483462	1	1.3008	1	0.7687
1367	1303772483480	1	1.3008	1.025	0.75
1368	1303772483497	1	1.3008	1.05	0.7321
1369	1303772483515	1	1.3008	1.05	0.7321
1370	1303772483533	1	1.3008	1	0.7687
1371	1303772483551	1	1.3008	1.025	0.75
1372	1303772483569	1	1.3008	1.05	0.7321
1373	1303772483589	1	1.3008	1.05	0.7321
1374	1303772483607	1	1.3008	1	0.7687
1375	1303772483625	1	1.3008	1.025	0.75
1376	1303772483642	1	1.3008	1.05	0.7321
1377	1303772483660	1	1.3008	1.05	0.7321
1378	1303772483678	1	1.3008	1	0.7687
1379	1303772483695	1	1.3008	1.025	0.75
1380	1303772483712	1	1.3008	1.05	0.7321
1381	1303772483733	1	1.3008	1.05	0.7321
1382	1303772483750	1	1.3008	1	0.7687
1383	1303772483768	1	1.3008	1.025	0.75
1384	1303772483785	1	1.3008	1.05	0.7321
1385	1303772483802	1	1.3008	1.05	0.7321
1386	1303772483820	1	1.3008	1	0.7687
1387	1303772483842	1	1.3008	1.025	0.75
1388	1303772483865	1	1.3008	1.05	0.7321
1389	1303772483888	1	1.3008	1.05	0.7321
1390	1303772483906	1	1.3017	1	0.7683
1391	1303772483964	1	1.3017	1.025	0.7495
1392	1303772483982	1	1.3017	1.05	0.7317
1393	1303772483999	1	1.3017	1.05	0.7317
1394	1303772484017	1	1.3017	1	0.7683
1395	1303772484034	1	1.3017	1.025	0.7495
1396	1303772484054	1	1.3017	1.05	0.7317
1397	1303772484072	1	1.3017	1.05	0.7317
1398	1303772484089	1	1.3017	1	0.7683
1399	1303772484106	1	1.3017	1.025	0.7495
1400	1303772484124	1	1.3017	1.05	0.7317
1401	1303772484141	1	1.3017	1.05	0.7317
1402	1303772484158	1	1.3017	1	0.7683
1403	1303772484176	1	1.3017	1.025	0.7495
1404	1303772484196	1	1.3017	1.05	0.7317
1405	1303772484213	1	1.3017	1.05	0.7317
1406	1303772484232	1	1.3017	1	0.7683
1407	1303772484249	1	1.3017	1.025	0.7495
1408	1303772484266	1	1.3017	1.05	0.7317
1409	1303772484284	1	1.3017	1.05	0.7317
1410	1303772484301	1	1.3017	1	0.7683
1411	1303772484318	1	1.3017	1.025	0.7495
1412	1303772484339	1	1.3017	1.05	0.7317
1413	1303772484356	1	1.3017	1.05	0.7317
1414	1303772484374	1	1.3017	1	0.7683
1415	1303772484433	1	1.3017	1.025	0.7495
1416	1303772484492	1	1.3017	1.05	0.7317
1417	1303772484510	1	1.3017	1.05	0.7317
1418	1303772484529	1	1.3017	1	0.7683
1419	1303772484546	1	1.3017	1.025	0.7495
1420	1303772484566	1	1.3017	1.05	0.7317
1421	1303772484584	1	1.3017	1.05	0.7317
1422	1303772484628	1	1.3017	1	0.7683
1423	1303772484695	1	1.3017	1.025	0.7495
1424	1303772484714	1	1.3017	1.05	0.7317
1425	1303772484733	1	1.3017	1.05	0.7317
1426	1303772484792	1	1.3017	1	0.7683
1427	1303772484813	1	1.3017	1.025	0.7495
1428	1303772484831	1	1.3019	1.05	0.7315
1429	1303772484848	1	1.3019	1.05	0.7315
1430	1303772484907	1	1.3019	1	0.7681
1431	1303772484925	1	1.3019	1.025	0.7494
1432	1303772484983	1	1.3019	1.05	0.7315
1433	1303772485001	1	1.3019	1.05	0.7315
1434	1303772485018	1	1.3019	1	0.7681
1435	1303772485039	1	1.3019	1.025	0.7494
1436	1303772485058	1	1.3019	1.05	0.7315
1437	1303772485075	1	1.3019	1.05	0.7315
1438	1303772485093	1	1.3019	1	0.7681
1439	1303772485111	1	1.3019	1.025	0.7494
1440	1303772485128	1	1.3019	1.05	0.7315
1441	1303772485187	1	1.3019	1.05	0.7315
1442	1303772485204	1	1.3019	1	0.7681
1443	1303772485224	1	1.3019	1.025	0.7494
1444	1303772485241	1	1.3019	1.05	0.7315
1445	1303772485259	1	1.3019	1.05	0.7315
1446	1303772485277	1	1.3019	1	0.7681
1447	1303772485295	1	1.3019	1.025	0.7494
1448	1303772485319	1	1.3019	1.05	0.7315
1449	1303772485343	1	1.3019	1.05	0.7315
1450	1303772485367	1	1.3019	1	0.7681
1451	1303772485387	1	1.3019	1.025	0.7494
1452	1303772485404	1	1.302	1.05	0.7315
1453	1303772485423	1	1.302	1.05	0.7315
1454	1303772485442	1	1.302	1	0.768
1455	1303772485460	1	1.302	1.025	0.7493
1456	1303772485478	1	1.302	1.05	0.7315
1457	1303772485497	1	1.302	1.05	0.7315
1458	1303772485517	1	1.302	1	0.768
1459	1303772485536	1	1.302	1.025	0.7493
1460	1303772485554	1	1.302	1.05	0.7315
1461	1303772485571	1	1.302	1.05	0.7315
1462	1303772485590	1	1.302	1	0.768
1463	1303772485608	1	1.302	1.025	0.7493
1464	1303772485626	1	1.302	1.05	0.7315
1465	1303772485643	1	1.302	1.05	0.7315
1466	1303772485664	1	1.302	1	0.768
1467	1303772485682	1	1.302	1.025	0.7493
1468	1303772485699	1	1.302	1.05	0.7315
1469	1303772485717	1	1.302	1.05	0.7315
1470	1303772485735	1	1.302	1	0.768
1471	1303772485792	1	1.302	1.025	0.7493
1472	1303772485810	1	1.302	1.05	0.7315
1473	1303772485828	1	1.302	1.05	0.7315
1474	1303772485848	1	1.302	1	0.768
1475	1303772485866	1	1.302	1.025	0.7493
1476	1303772485885	1	1.302	1.05	0.7315
1477	1303772485903	1	1.302	1.05	0.7315
1478	1303772485920	1	1.302	1	0.768
1479	1303772485938	1	1.302	1.025	0.7493
1480	1303772485956	1	1.302	1.05	0.7315
1481	1303772485977	1	1.302	1.05	0.7315
1482	1303772485994	1	1.302	1	0.768
1483	1303772486012	1	1.302	1.025	0.7493
1484	1303772486030	1	1.302	1.05	0.7315
1485	1303772486048	1	1.302	1.05	0.7315
1486	1303772486067	1	1.302	1	0.768
1487	1303772486086	1	1.302	1.025	0.7493
1488	1303772486104	1	1.302	1.05	0.7315
1489	1303772486126	1	1.302	1.05	0.7315
1490	1303772486144	1	1.302	1	0.768
1491	1303772486162	1	1.302	1.025	0.7493
1492	1303772486180	1	1.302	1.05	0.7315
1493	1303772486197	1	1.302	1.05	0.7315
1494	1303772486214	1	1.302	1	0.768
1495	1303772486232	1	1.302	1.025	0.7493
1496	1303772486250	1	1.302	1.05	0.7315
1497	1303772486271	1	1.302	1.05	0.7315
1498	1303772486289	1	1.302	1	0.768
1499	1303772486306	1	1.302	1.025	0.7493
1500	1303772486367	1	1.302	1.05	0.7315
1501	1303772486385	1	1.302	1.05	0.7315
1502	1303772486444	1	1.302	1	0.768
1503	1303772486462	1	1.302	1.025	0.7493
1504	1303772486480	1	1.302	1.05	0.7315
1505	1303772486501	1	1.302	1.05	0.7315
1506	1303772486518	1	1.302	1	0.768
1507	1303772486536	1	1.302	1.025	0.7493
1508	1303772486554	1	1.302	1.05	0.7315
1509	1303772486574	1	1.302	1.05	0.7315
1510	1303772486596	1	1.302	1	0.768
1511	1303772486618	1	1.302	1.025	0.7493
1512	1303772486681	1	1.302	1.05	0.7315
1513	1303772486699	1	1.302	1.05	0.7315
1514	1303772486717	1	1.302	1	0.768
1515	1303772486734	1	1.302	1.025	0.7493
1516	1303772486793	1	1.302	1.05	0.7315
1517	1303772486810	1	1.302	1.05	0.7315
1518	1303772486828	1	1.302	1	0.768
1519	1303772486848	1	1.302	1.025	0.7493
1520	1303772486866	1	1.302	1.05	0.7315
1521	1303772486884	1	1.302	1.05	0.7315
1522	1303772486902	1	1.302	1	0.768
1523	1303772486920	1	1.302	1.025	0.7493
1524	1303772486937	1	1.302	1.05	0.7315
1525	1303772486955	1	1.302	1.05	0.7315
1526	1303772486973	1	1.302	1	0.768
1527	1303772486994	1	1.302	1.025	0.7493
1528	1303772487012	1	1.302	1.05	0.7315
1529	1303772487030	1	1.302	1.05	0.7315
1530	1303772487048	1	1.302	1	0.768
1531	1303772487065	1	1.302	1.025	0.7493
1532	1303772487083	1	1.302	1.05	0.7315
1533	1303772487141	1	1.302	1.05	0.7315
1534	1303772487160	1	1.302	1	0.768
1535	1303772487183	1	1.302	1.025	0.7493
1536	1303772487201	1	1.302	1.05	0.7315
1537	1303772487219	1	1.302	1.05	0.7315
1538	1303772487236	1	1.302	1	0.768
1539	1303772487255	1	1.302	1.025	0.7493
1540	1303772487273	1	1.302	1.05	0.7315
1541	1303772487291	1	1.302	1.05	0.7315
1542	1303772487309	1	1.302	1	0.768
1543	1303772487330	1	1.302	1.025	0.7493
1544	1303772487348	1	1.302	1.05	0.7315
1545	1303772487366	1	1.302	1.05	0.7315
1546	1303772487383	1	1.302	1	0.768
1547	1303772487442	1	1.302	1.025	0.7493
1548	1303772487460	1	1.302	1.05	0.7315
1549	1303772487479	1	1.302	1.05	0.7315
1550	1303772487497	1	1.302	1	0.768
1551	1303772487558	1	1.3024	1.025	0.7491
1552	1303772487575	1	1.3024	1.05	0.7313
1553	1303772487594	1	1.3024	1.05	0.7313
1554	1303772487612	1	1.3024	1	0.7678
1555	1303772487630	1	1.3024	1.025	0.7491
1556	1303772487648	1	1.3024	1.05	0.7313
1557	1303772487666	1	1.3024	1.05	0.7313
1558	1303772487688	1	1.3024	1	0.7678
1559	1303772487705	1	1.3024	1.025	0.7491
1560	1303772487768	1	1.3024	1.05	0.7313
1561	1303772487786	1	1.3024	1.05	0.7313
1562	1303772487804	1	1.3024	1	0.7678
1563	1303772487823	1	1.3024	1.025	0.7491
1564	1303772487840	1	1.3024	1.05	0.7313
1565	1303772487858	1	1.3024	1.05	0.7313
1566	1303772487878	1	1.3024	1	0.7678
1567	1303772487895	1	1.3024	1.025	0.7491
1568	1303772487913	1	1.3024	1.05	0.7313
1569	1303772487972	1	1.3024	1.05	0.7313
1570	1303772487995	1	1.5619	1	0.6402
1571	1303772488016	1	1.5619	1.025	0.6246
1572	1303772488039	1	1.5619	1.025	0.6246
1573	1303772488060	1	1.5619	1.025	0.6246
1574	1303772488078	1	1.5619	1	0.6402
1575	1303772488096	1	1.5619	1	0.6402
1576	1303772488113	1	1.5619	1.025	0.6246
1577	1303772488132	1	1.5619	1.025	0.6246
1578	1303772488150	1	1.5619	1.025	0.6246
1579	1303772488167	1	1.5619	1.075	0.5956
1580	1303772488186	1	1.5619	1.075	0.5956
1581	1303772488207	1	1.5619	1.1	0.582
1582	1303772488224	1	1.5619	1.075	0.5956
1583	1303772488242	1	1.5619	1.05	0.6098
1584	1303772488260	1	1.5619	1.1	0.582
1585	1303772488277	1	1.5619	1.1	0.582
1586	1303772488296	1	1.5619	1.075	0.5956
1587	1303772488313	1	1.5619	1.0952	0.5846
1588	1303772488331	1	1.5619	1.0952	0.5846
1589	1303772488351	1	1.5619	1.0476	0.6111
1590	1303772488369	1	1.5619	1.0238	0.6254
1591	1303772488387	1	1.5619	1.0238	0.6254
1592	1303772488405	1	1.5619	1.0476	0.6111
1593	1303772488422	1	1.5619	1.0476	0.6111
1594	1303772488441	1	1.5619	1.0238	0.6254
1595	1303772488459	1	1.5619	1.0238	0.6254
1596	1303772488476	1	1.5619	1.0476	0.6111
1597	1303772488496	1	1.5619	1.0476	0.6111
1598	1303772488514	1	1.5619	1.0238	0.6254
1599	1303772488532	1	1.5619	1.0238	0.6254
1600	1303772488550	1	1.5619	1.0476	0.6111
1601	1303772488568	1	1.5619	1.0476	0.6111
1602	1303772488586	1	1.5619	1.0238	0.6254
1603	1303772488604	1	1.5619	1.0238	0.6254
1604	1303772488622	1	1.5619	1.0476	0.6111
1605	1303772488643	1	1.5619	1.0476	0.6111
1606	1303772488660	1	1.5619	1.0238	0.6254
1607	1303772488677	1	1.5619	1.0238	0.6254
1608	1303772488696	1	1.5619	1.0476	0.6111
1609	1303772488716	1	1.5626	1.0476	0.6109
1610	1303772488735	1	1.5626	1.0238	0.6251
1611	1303772488753	1	1.5626	1.0238	0.6251
1612	1303772488770	1	1.5626	1.0476	0.6109
1613	1303772488790	1	1.5634	1.0476	0.6106
1614	1303772488809	1	1.5634	1.0238	0.6248
1615	1303772488827	1	1.5634	1.0238	0.6248
1616	1303772488845	1	1.5634	1.0476	0.6106
1617	1303772488863	1	1.5634	1.0476	0.6106
1618	1303772488880	1	1.5634	1.0238	0.6248
1619	1303772488898	1	1.5634	1.0238	0.6248
1620	1303772488916	1	1.5634	1.0476	0.6106
1621	1303772488936	1	1.5634	1.0476	0.6106
1622	1303772488995	1	1.5634	1.0238	0.6248
1623	1303772489013	1	1.5634	1.0238	0.6248
1624	1303772489030	1	1.5634	1.0476	0.6106
1625	1303772489048	1	1.5634	1.0476	0.6106
1626	1303772489073	1	1.5634	1.0238	0.6248
1627	1303772489226	1	1.5634	1.0238	0.6248
1628	1303772489247	1	1.5634	1.0476	0.6106
1629	1303772489265	1	1.5634	1.0476	0.6106
1630	1303772489283	1	1.5634	1.0238	0.6248
1631	1303772489305	1	1.5634	1.0238	0.6248
1632	1303772489325	1	1.5634	1.0476	0.6106
1633	1303772489384	1	1.5634	1.0476	0.6106
1634	1303772489402	1	1.5634	1.0238	0.6248
1635	1303772489420	1	1.5634	1.0238	0.6248
1636	1303772489441	1	1.5634	1.0476	0.6106
1637	1303772489458	1	1.5634	1.0476	0.6106
1638	1303772489493	1	1.5634	1.0238	0.6248
1639	1303772489510	1	1.5634	1.0238	0.6248
1640	1303772489536	1	1.5634	1.0476	0.6106
1641	1303772489554	1	1.5634	1.0476	0.6106
1642	1303772489571	1	1.5634	1.0238	0.6248
1643	1303772489668	1	1.5634	1.0238	0.6248
1644	1303772489688	1	1.5634	1.0476	0.6106
1645	1303772489707	1	1.5634	1.0476	0.6106
1646	1303772489725	1	1.5634	1.0238	0.6248
1647	1303772489744	1	1.5634	1.0238	0.6248
1648	1303772489761	1	1.5634	1.0476	0.6106
1649	1303772489780	1	1.5634	1.0476	0.6106
1650	1303772489798	1	1.5634	1.0238	0.6248
1651	1303772489816	1	1.5634	1.0238	0.6248
1652	1303772489836	1	1.5634	1.0476	0.6106
1653	1303772489854	1	1.5634	1.0476	0.6106
1654	1303772489873	1	1.5634	1.0238	0.6248
1655	1303772489891	1	1.5634	1.0238	0.6248
1656	1303772489909	1	1.5634	1.0476	0.6106
1657	1303772489927	1	1.5634	1.0476	0.6106
1658	1303772489945	1	1.5634	1.0238	0.6248
1659	1303772489963	1	1.5634	1.0238	0.6248
1660	1303772490024	1	1.5634	1.0476	0.6106
1661	1303772490042	1	1.5634	1.0476	0.6106
1662	1303772490060	1	1.5634	1.0238	0.6248
1663	1303772490079	1	1.5634	1.0238	0.6248
1664	1303772490136	1	1.5634	1.0476	0.6106
1665	1303772490154	1	1.5634	1.0476	0.6106
1666	1303772490171	1	1.5634	1.0238	0.6248
1667	1303772490193	1	1.5634	1.0238	0.6248
1668	1303772490211	1	1.5634	1.0476	0.6106
1669	1303772490230	1	1.5634	1.0476	0.6106
1670	1303772490249	1	1.5634	1.0238	0.6248
1671	1303772490267	1	1.5634	1.0238	0.6248
1672	1303772490326	1	1.5634	1.0476	0.6106
1673	1303772490343	1	1.5634	1.0476	0.6106
1674	1303772490361	1	1.5634	1.0238	0.6248
1675	1303772490381	1	1.5634	1.0238	0.6248
1676	1303772490399	1	1.5634	1.0476	0.6106
1677	1303772490462	1	1.5634	1.0476	0.6106
1678	1303772490480	1	1.5634	1.0238	0.6248
1679	1303772490538	1	1.5634	1.0238	0.6248
1680	1303772490565	1	1.5634	1.0476	0.6106
1681	1303772490582	1	1.5634	1.0476	0.6106
1682	1303772490602	1	1.5634	1.0238	0.6248
1683	1303772490620	1	1.5634	1.0238	0.6248
1684	1303772490638	1	1.5634	1.0476	0.6106
1685	1303772490655	1	1.5634	1.0476	0.6106
1686	1303772490673	1	1.5634	1.0238	0.6248
1687	1303772490691	1	1.5634	1.0238	0.6248
1688	1303772490749	1	1.5634	1.0476	0.6106
1689	1303772490768	1	1.5634	1.0476	0.6106
1690	1303772490790	1	1.5634	1.0238	0.6248
1691	1303772490808	1	1.5634	1.0238	0.6248
1692	1303772490829	1	1.3749	1.0476	0.6943
1693	1303772490848	1	1.3751	1.0476	0.6942
1694	1303772490868	1	1.3751	1.0455	0.6956
1695	1303772490888	1	1.3751	1.0455	0.6956
1696	1303772490907	1	1.3751	1.0682	0.6808
1697	1303772490928	1	1.3751	1.0455	0.6956
1698	1303772490946	1	1.3751	1.0455	0.6956
1699	1303772490964	1	1.3751	1.0455	0.6956
1700	1303772490982	1	1.3751	1.0455	0.6956
1701	1303772490999	1	1.3751	1.0455	0.6956
1702	1303772491017	1	1.3751	1.0227	0.711
1703	1303772491034	1	1.3751	1.0227	0.711
1704	1303772491053	1	1.3751	1.0455	0.6956
1705	1303772491114	1	1.3751	1.0455	0.6956
1706	1303772491132	1	1.3751	1.0227	0.711
1707	1303772491149	1	1.3751	1.0455	0.6956
1708	1303772491166	1	1.3751	1.0909	0.6666
1709	1303772491184	1	1.3751	1.0455	0.6956
1710	1303772491202	1	1.3751	1.0455	0.6956
1711	1303772491219	1	1.3751	1.0455	0.6956
1712	1303772491237	1	1.3751	1.0682	0.6808
1713	1303772491257	1	1.3751	1.0682	0.6808
1714	1303772491316	1	1.3751	1.0227	0.711
1715	1303772491334	1	1.3751	1.0227	0.711
1716	1303772491352	1	1.3751	1.0455	0.6956
1717	1303772491370	1	1.3751	1.0455	0.6956
1718	1303772491388	1	1.3751	1.0227	0.711
1719	1303772491406	1	1.3751	1.0227	0.711
1720	1303772491426	1	1.3751	1.0455	0.6956
1721	1303772491444	1	1.3751	1.0455	0.6956
1722	1303772491461	1	1.3751	1.0227	0.711
1723	1303772491479	1	1.3751	1.0227	0.711
1724	1303772491496	1	1.3751	1.0455	0.6956
1725	1303772491513	1	1.3751	1.0455	0.6956
1726	1303772491532	1	1.3751	1.0227	0.711
1727	1303772491550	1	1.3751	1.0227	0.711
1728	1303772491571	1	1.3751	1.0455	0.6956
1729	1303772491589	1	1.3751	1.0455	0.6956
1730	1303772491608	1	1.3751	1.0227	0.711
1731	1303772491667	1	1.3762	1.0227	0.7105
1732	1303772491686	1	1.3762	1.0455	0.695
1733	1303772491705	1	1.3779	1.0455	0.6942
1734	1303772491724	1	1.3779	1.0227	0.7096
1735	1303772491746	1	1.3779	1.0227	0.7096
1736	1303772491767	1	1.3779	1.0455	0.6942
1737	1303772491786	1	1.3779	1.0455	0.6942
1738	1303772491846	1	1.3779	1.0227	0.7096
1739	1303772491866	1	1.3779	1.0227	0.7096
1740	1303772491886	1	1.3779	1.0455	0.6942
1741	1303772491905	1	1.3779	1.0455	0.6942
1742	1303772491927	1	1.3779	1.0227	0.7096
1743	1303772491946	1	1.3779	1.0227	0.7096
1744	1303772492005	1	1.3779	1.0455	0.6942
1745	1303772492065	1	1.3779	1.0455	0.6942
1746	1303772492084	1	1.3779	1.0227	0.7096
1747	1303772492103	1	1.3779	1.0227	0.7096
1748	1303772492125	1	1.3779	1.0455	0.6942
1749	1303772492144	1	1.3779	1.0455	0.6942
1750	1303772492164	1	1.3779	1.0227	0.7096
1751	1303772492224	1	1.3779	1.0227	0.7096
1752	1303772492246	1	1.3779	1.0455	0.6942
1753	1303772492270	1	1.3779	1.0455	0.6942
1754	1303772492298	1	1.3779	1.0227	0.7096
1755	1303772492319	1	1.3779	1.0227	0.7096
1756	1303772492384	1	1.3232	1.0455	0.7229
1757	1303772492404	1	1.3232	1.0455	0.7229
1758	1303772492423	1	1.3232	1.0227	0.739
1759	1303772492442	1	1.3232	1.0227	0.739
1760	1303772492462	1	1.3232	1.0455	0.7229
1761	1303772492484	1	1.3232	1.0455	0.7229
1762	1303772492503	1	1.3232	1.0227	0.739
1763	1303772492522	1	1.3232	1.0227	0.739
1764	1303772492541	1	1.3232	1.0455	0.7229
1765	1303772492559	1	1.3232	1.0455	0.7229
1766	1303772492578	1	1.3232	1	0.7558
1767	1303772492601	1	1.3232	1.0227	0.739
1768	1303772492620	1	1.3232	1.0455	0.7229
1769	1303772492638	1	1.3232	1.0455	0.7229
1770	1303772492657	1	1.3232	1	0.7558
1771	1303772492676	1	1.3232	1	0.7558
1772	1303772492697	1	1.3232	1.0455	0.7229
1773	1303772492716	1	1.3232	1.0455	0.7229
1774	1303772492737	1	1.3232	1	0.7558
1775	1303772492756	1	1.3232	1	0.7558
1776	1303772492775	1	1.3232	1.0455	0.7229
1777	1303772492794	1	1.3232	1.0227	0.739
1778	1303772492814	1	1.3232	1	0.7558
1779	1303772492834	1	1.3232	1.0227	0.739
1780	1303772492853	1	1.3232	1.0227	0.739
1781	1303772492875	1	1.3232	1.0227	0.739
1782	1303772492893	1	1.3232	1.0227	0.739
1783	1303772492912	1	1.3232	1	0.7558
1784	1303772492931	1	1.3232	1.0227	0.739
1785	1303772492950	1	1.3232	1.0455	0.7229
1786	1303772492969	1	1.3232	1	0.7558
1787	1303772492992	1	1.3232	1	0.7558
1788	1303772493010	1	1.3232	1.0455	0.7229
1789	1303772493029	1	1.3232	1.0227	0.739
1790	1303772493047	1	1.3232	1	0.7558
1791	1303772493066	1	1.3232	1.0227	0.739
1792	1303772493085	1	1.3232	1.0227	0.739
1793	1303772493104	1	1.3232	1.0227	0.739
1794	1303772493126	1	1.3241	1.0227	0.7384
1795	1303772493145	1	1.3241	1	0.7552
1796	1303772493204	1	1.3241	1.0227	0.7384
1797	1303772493223	1	1.3241	1.0455	0.7224
1798	1303772493242	1	1.3241	1	0.7552
1799	1303772493302	1	1.3241	1	0.7552
1800	1303772493324	1	1.3241	1.0455	0.7224
