0	1303771394573	0	0	0	0
1	1303771394581	0	0	0	0
2	1303771394590	0	0	0	0
3	1303771394599	0	0	0	0
4	1303771394609	0	0	0	0
5	1303771394619	0	0	0	0
6	1303771394630	0	0	0	0
7	1303771394640	0	0	0	0
8	1303771394654	0	0	0	0
9	1303771394665	0	0	0	0
10	1303771394678	0	0	0	0
11	1303771394690	0	0	0	0
12	1303771394705	0	0	0	0
13	1303771394718	0	0	0	0
14	1303771394731	0	0	0	0
15	1303771394747	0	0	0	0
16	1303771394801	0	0	0	0
17	1303771394814	0	0	0	0
18	1303771394829	0	0	0	0
19	1303771394843	0	0	0	0
20	1303771394857	0	0	0	0
21	1303771394872	0	0	0	0
22	1303771394885	0	0	0	0
23	1303771394899	0	0	0	0
24	1303771394914	0	0	0	0
25	1303771394929	0	0	0	0
26	1303771394943	0	0	0	0
27	1303771394959	0	0	0	0
28	1303771394973	0	0	0	0
29	1303771395027	0	0	0	0
30	1303771395043	0	0	0	0
31	1303771395058	0	0	0	0
32	1303771395072	0	0	0	0
33	1303771395087	0	0	0	0
34	1303771395101	0	0	0	0
35	1303771395116	0	0	0	0
36	1303771395172	0	0	0	0
37	1303771395186	0	0	0	0
38	1303771395241	0	0	0	0
39	1303771395258	0	0	0	0
40	1303771395273	0	0	0	0
41	1303771395288	0	0	0	0
42	1303771395304	0	0	0	0
43	1303771395319	0	0	0	0
44	1303771395333	0	0	0	0
45	1303771395350	0	0	0	0
46	1303771395365	0	0	0	0
47	1303771395380	0	0	0	0
48	1303771395397	0	0	0	0
49	1303771395413	1	0	0	0
50	1303771395439	1	0	0	0
51	1303771395480	1	0	0	0
52	1303771395555	1	1.4467	0	0
53	1303771395581	1	1.3928	0	0
54	1303771395605	1	1.3928	0	0
55	1303771395625	1	1.3928	0	0
56	1303771395643	1	1.3928	1.5	0.4786
57	1303771395660	1	1.3928	1.5	0.4786
58	1303771395679	1	1.3928	1.5	0.4786
59	1303771395696	1	1.3928	1.3333	0.5385
60	1303771395713	1	1.3928	1.5	0.4786
61	1303771395731	1	1.3928	1.25	0.5744
62	1303771395754	1	1.3928	1.5	0.4786
63	1303771395772	1	1.3928	1.4167	0.5068
64	1303771395789	1	1.3928	1.3	0.5523
65	1303771395806	1	1.3928	1.3125	0.547
66	1303771395824	1	1.3928	1.25	0.5744
67	1303771395840	1	1.3928	1.1667	0.6154
68	1303771395860	1	1.3928	1.1667	0.6154
69	1303771395880	1	1.3928	1.1429	0.6282
70	1303771395897	1	1.3928	1.1429	0.6282
71	1303771395916	1	1.3928	1.2	0.5983
72	1303771395979	1	1.3928	1.125	0.6382
73	1303771396088	1	1.3928	1.125	0.6382
74	1303771396105	1	1.3928	1.2273	0.585
75	1303771396122	1	1.3928	1.1	0.6527
76	1303771396141	1	1.3928	1.1111	0.6462
77	1303771396159	1	1.3928	1.1	0.6527
78	1303771396178	1	1.3928	1.05	0.6838
79	1303771396195	1	1.3928	1.05	0.6838
80	1303771396214	1	1.3928	1.05	0.6838
81	1303771396232	1	1.3928	1.05	0.6838
82	1303771396250	1	1.3928	1.05	0.6838
83	1303771396269	1	1.3928	1.0455	0.6867
84	1303771396286	1	1.3928	1.1	0.6527
85	1303771396305	1	1.3928	1.1	0.6527
86	1303771396323	1	1.3928	1.1	0.6527
87	1303771396340	1	1.3928	1.1	0.6527
88	1303771396359	1	1.3928	1.1	0.6527
89	1303771396376	1	1.3928	1.1	0.6527
90	1303771396395	1	1.3928	1.0909	0.6581
91	1303771396455	1	1.3928	1.1	0.6527
92	1303771396475	1	1.3928	1.1	0.6527
93	1303771396492	1	1.3928	1.1	0.6527
94	1303771396510	1	1.3928	1.1	0.6527
95	1303771396529	1	1.3928	1.0909	0.6581
96	1303771396546	1	1.3928	1.0909	0.6581
97	1303771396565	1	1.3928	1.1	0.6527
98	1303771396628	1	1.3928	1.0909	0.6581
99	1303771396648	1	1.3928	1.0909	0.6581
100	1303771396667	1	1.3928	1.1	0.6527
101	1303771396685	1	1.3928	1.0909	0.6581
102	1303771396704	1	1.3928	1.0909	0.6581
103	1303771396762	1	1.3928	1.0909	0.6581
104	1303771396781	1	1.3928	1.0909	0.6581
105	1303771396800	1	1.3928	1.0909	0.6581
106	1303771396819	1	1.3928	1.0909	0.6581
107	1303771396837	1	1.3928	1.0909	0.6581
108	1303771396856	1	1.3928	1.0909	0.6581
109	1303771396875	1	1.3928	1.0909	0.6581
110	1303771396933	1	1.3928	1.0909	0.6581
111	1303771396959	1	1.3928	1.0909	0.6581
112	1303771396977	1	1.3928	1.0909	0.6581
113	1303771397002	1	1.3301	1.0909	0.6892
114	1303771397073	1	1.32	1.0909	0.6944
115	1303771397099	1	1.2986	1.0909	0.7059
116	1303771397122	1	1.2986	1.0909	0.7059
117	1303771397141	1	1.2986	1.0909	0.7059
118	1303771397161	1	1.2986	1.0455	0.7366
119	1303771397178	1	1.2986	1.0455	0.7366
120	1303771397198	1	1.2986	1.0455	0.7366
121	1303771397216	1	1.2986	1.0455	0.7366
122	1303771397235	1	1.2986	1.0455	0.7366
123	1303771397253	1	1.2986	1.0455	0.7366
124	1303771397273	1	1.2986	1.0455	0.7366
125	1303771397332	1	1.2986	1.0455	0.7366
126	1303771397350	1	1.2986	1.0455	0.7366
127	1303771397370	1	1.2986	1.0455	0.7366
128	1303771397388	1	1.2986	1.0455	0.7366
129	1303771397447	1	1.2667	1.0455	0.7551
130	1303771397467	1	1.2667	1.0909	0.7236
131	1303771397528	1	1.2667	1.0909	0.7236
132	1303771397546	1	1.2667	1.0909	0.7236
133	1303771397566	1	1.2667	1.0909	0.7236
134	1303771397629	1	1.2667	1.0909	0.7236
135	1303771397649	1	1.2667	1.0909	0.7236
136	1303771397667	1	1.2667	1.0909	0.7236
137	1303771397686	1	1.2667	1.0455	0.7551
138	1303771397706	1	1.2667	1.0909	0.7236
139	1303771397724	1	1.2667	1.0909	0.7236
140	1303771397744	1	1.2667	1.0909	0.7236
141	1303771397762	1	1.2667	1.0909	0.7236
142	1303771397782	1	1.2667	1.0455	0.7551
143	1303771397801	1	1.2667	1.0455	0.7551
144	1303771397822	1	1.2667	1.0909	0.7236
145	1303771397841	1	1.2667	1.0909	0.7236
146	1303771397860	1	1.2667	1.0909	0.7236
147	1303771397879	1	1.2667	1.0455	0.7551
148	1303771397897	1	1.2667	1.0455	0.7551
149	1303771397917	1	1.2667	1.0909	0.7236
150	1303771397935	1	1.2667	1.0909	0.7236
151	1303771397954	1	1.2667	1.0455	0.7551
152	1303771397973	1	1.2667	1.0909	0.7236
153	1303771397992	1	1.2667	1.0455	0.7551
154	1303771398010	1	1.2667	1.0455	0.7551
155	1303771398029	1	1.2667	1.0909	0.7236
156	1303771398049	1	1.2667	1.0909	0.7236
157	1303771398067	1	1.2667	1.0455	0.7551
158	1303771398087	1	1.2667	1.0909	0.7236
159	1303771398105	1	1.2667	1.0909	0.7236
160	1303771398124	1	1.2667	1.0455	0.7551
161	1303771398143	1	1.2667	1.0455	0.7551
162	1303771398162	1	1.2667	1.0909	0.7236
163	1303771398181	1	1.2667	1.0455	0.7551
164	1303771398200	1	1.2667	1.0909	0.7236
165	1303771398220	1	1.2667	1.0909	0.7236
166	1303771398238	1	1.2667	1.0455	0.7551
167	1303771398257	1	1.2667	1.0455	0.7551
168	1303771398275	1	1.2667	1.0909	0.7236
169	1303771398295	1	1.2667	1.0455	0.7551
170	1303771398354	1	1.2667	1.0909	0.7236
171	1303771398372	1	1.2667	1.0909	0.7236
172	1303771398392	1	1.2667	1.0455	0.7551
173	1303771398411	1	1.2667	1.0455	0.7551
174	1303771398433	1	1.2417	1.0833	0.7434
175	1303771398498	1	1.2354	1.0455	0.7743
176	1303771398518	1	1.2354	1.0909	0.742
177	1303771398540	1	1.2354	1.0833	0.7472
178	1303771398559	1	1.2354	1.0455	0.7743
179	1303771398580	1	1.2354	1.0455	0.7743
180	1303771398599	1	1.2354	1.0833	0.7472
181	1303771398619	1	1.2354	1.0833	0.7472
182	1303771398638	1	1.2354	1.0833	0.7472
183	1303771398657	1	1.2354	1.0833	0.7472
184	1303771398678	1	1.2354	1.0833	0.7472
185	1303771398698	1	1.2354	1.0833	0.7472
186	1303771398720	1	1.2354	1.0833	0.7472
187	1303771398738	1	1.2354	1.0833	0.7472
188	1303771398759	1	1.2354	1.0833	0.7472
189	1303771398777	1	1.2354	1.0833	0.7472
190	1303771398838	1	1.2354	1.0833	0.7472
191	1303771398858	1	1.2354	1.0833	0.7472
192	1303771398920	1	1.2354	1.0833	0.7472
193	1303771398939	1	1.2354	1.0833	0.7472
194	1303771398958	1	1.2354	1.0833	0.7472
195	1303771398977	1	1.2354	1.0833	0.7472
196	1303771398998	1	1.2354	1.0833	0.7472
197	1303771399017	1	1.2354	1.0833	0.7472
198	1303771399038	1	1.2354	1.0417	0.7771
199	1303771399100	1	1.2354	1.0833	0.7472
200	1303771399121	1	1.2354	1.0833	0.7472
201	1303771399140	1	1.2354	1.0833	0.7472
202	1303771399161	1	1.2354	1.0417	0.7771
203	1303771399180	1	1.2354	1.0833	0.7472
204	1303771399198	1	1.2354	1.0833	0.7472
205	1303771399219	1	1.2354	1.0833	0.7472
206	1303771399237	1	1.2354	1.0417	0.7771
207	1303771399258	1	1.2354	1.0833	0.7472
208	1303771399277	1	1.2354	1.0833	0.7472
209	1303771399298	1	1.2354	1.0833	0.7472
210	1303771399317	1	1.2354	1	0.8095
211	1303771399337	1	1.2354	1.0417	0.7771
212	1303771399357	1	1.2354	1.0417	0.7771
213	1303771399378	1	1.2354	1.0833	0.7472
214	1303771399397	1	1.2354	1.0417	0.7771
215	1303771399418	1	1.2354	1.0833	0.7472
216	1303771399438	1	1.2354	1.0417	0.7771
217	1303771399459	1	1.2354	1.0833	0.7472
218	1303771399478	1	1.2354	1.0417	0.7771
219	1303771399498	1	1.2354	1.0833	0.7472
220	1303771399517	1	1.2354	1.0833	0.7472
221	1303771399536	1	1.2354	1.0833	0.7472
222	1303771399556	1	1.2354	1.0417	0.7771
223	1303771399575	1	1.2354	1.0833	0.7472
224	1303771399597	1	1.2354	1.0833	0.7472
225	1303771399616	1	1.2354	1.0833	0.7472
226	1303771399636	1	1.2354	1.0417	0.7771
227	1303771399655	1	1.2354	1.0833	0.7472
228	1303771399675	1	1.2354	1.0833	0.7472
229	1303771399694	1	1.2354	1.0833	0.7472
230	1303771399714	1	1.2354	1.0417	0.7771
231	1303771399732	1	1.2354	1.0833	0.7472
232	1303771399753	1	1.2354	1.0833	0.7472
233	1303771399772	1	1.2354	1.0833	0.7472
234	1303771399792	1	1.2354	1.0417	0.7771
235	1303771399812	1	1.2354	1.0833	0.7472
236	1303771399835	1	1.2354	1.0833	0.7472
237	1303771399856	1	1.2354	1.0833	0.7472
238	1303771399879	1	1.1331	1.0833	0.8147
239	1303771399899	1	1.1331	1.0833	0.8147
240	1303771399921	1	1.1331	1.0833	0.8147
241	1303771399941	1	1.1331	1.0833	0.8147
242	1303771400003	1	1.1331	1.0833	0.8147
243	1303771400024	1	1.1331	1.0833	0.8147
244	1303771400046	1	1.1331	1.0833	0.8147
245	1303771400068	1	1.1331	1.0833	0.8147
246	1303771400088	1	1.1331	1.0833	0.8147
247	1303771400109	1	1.1331	1.0833	0.8147
248	1303771400129	1	1.1331	1.0833	0.8147
249	1303771400151	1	1.1331	1.0833	0.8147
250	1303771400212	1	1.1331	1.0833	0.8147
251	1303771400233	1	1.1331	1.0833	0.8147
252	1303771400254	1	1.1331	1.0833	0.8147
253	1303771400275	1	1.1331	1.0833	0.8147
254	1303771400295	1	1.1331	1.0833	0.8147
255	1303771400317	1	1.1331	1.0833	0.8147
256	1303771400381	1	1.1331	1.0833	0.8147
257	1303771400401	1	1.1331	1.0833	0.8147
258	1303771400422	1	1.1331	1.0833	0.8147
259	1303771400442	1	1.1331	1.0833	0.8147
260	1303771400505	1	1.1331	1.0833	0.8147
261	1303771400524	1	1.1331	1.0833	0.8147
262	1303771400546	1	1.1331	1.0833	0.8147
263	1303771400566	1	1.1331	1.0833	0.8147
264	1303771400588	1	1.1331	1.0833	0.8147
265	1303771400655	1	1.1331	1.0833	0.8147
266	1303771400677	1	1.1331	1.0833	0.8147
267	1303771400698	1	1.1331	1.0833	0.8147
268	1303771400718	1	1.1331	1.0833	0.8147
269	1303771400740	1	1.1331	1.0833	0.8147
270	1303771400760	1	1.1331	1.0833	0.8147
271	1303771400782	1	1.1331	1.0833	0.8147
272	1303771400802	1	1.1331	1.0833	0.8147
273	1303771400823	1	1.1331	1.0833	0.8147
274	1303771400884	1	1.1331	1.0833	0.8147
275	1303771400905	1	1.1331	1.0833	0.8147
276	1303771400925	1	1.1331	1.0833	0.8147
277	1303771400947	1	1.1331	1.0833	0.8147
278	1303771401009	1	1.1331	1.0833	0.8147
279	1303771401029	1	1.1331	1.0833	0.8147
280	1303771401052	1	1.1331	1.0833	0.8147
281	1303771401072	1	1.1331	1.0833	0.8147
282	1303771401093	1	1.1331	1.0833	0.8147
283	1303771401115	1	1.1331	1.0833	0.8147
284	1303771401137	1	1.1331	1.0833	0.8147
285	1303771401157	1	1.1331	1.0833	0.8147
286	1303771401179	1	1.1331	1.0833	0.8147
287	1303771401199	1	1.1331	1.0833	0.8147
288	1303771401221	1	1.1331	1.0833	0.8147
289	1303771401244	1	1.1331	1.0833	0.8147
290	1303771401264	1	1.1331	1.0833	0.8147
291	1303771401286	1	1.1331	1.0833	0.8147
292	1303771401306	1	1.1331	1.0833	0.8147
293	1303771401327	1	1.1331	1.0833	0.8147
294	1303771401347	1	1.1331	1.0833	0.8147
295	1303771401370	1	1.1331	1.0833	0.8147
296	1303771401398	1	1.1331	1.0833	0.8147
297	1303771401490	1	1.1331	1.0833	0.8147
298	1303771401569	1	1.1331	1.0833	0.8147
299	1303771401602	1	1.1331	1.0833	0.8147
300	1303771401625	1	1.1399	1.0833	0.8098
301	1303771401648	1	1.1399	1.0833	0.8098
302	1303771401668	1	1.1399	1.0833	0.8098
303	1303771401690	1	1.1399	1.0833	0.8098
304	1303771401710	1	1.1399	1.0833	0.8098
305	1303771401732	1	1.1399	1.0833	0.8098
306	1303771401752	1	1.1399	1.0833	0.8098
307	1303771401774	1	1.1399	1.0833	0.8098
308	1303771401794	1	1.1399	1.0833	0.8098
309	1303771401815	1	1.1399	1.0833	0.8098
310	1303771401836	1	1.1399	1.0833	0.8098
311	1303771401857	1	1.1399	1.0833	0.8098
312	1303771401878	1	1.1399	1.0833	0.8098
313	1303771401940	1	1.1399	1.0833	0.8098
314	1303771401962	1	1.1399	1.0833	0.8098
315	1303771401982	1	1.1399	1.0833	0.8098
316	1303771402004	1	1.1399	1.0833	0.8098
317	1303771402024	1	1.1399	1.0833	0.8098
318	1303771402046	1	1.1399	1.0833	0.8098
319	1303771402067	1	1.1399	1.0833	0.8098
320	1303771402090	1	1.1399	1.0833	0.8098
321	1303771402111	1	1.1399	1.0833	0.8098
322	1303771402174	1	1.1399	1.0833	0.8098
323	1303771402194	1	1.1399	1.0833	0.8098
324	1303771402256	1	1.1399	1.0833	0.8098
325	1303771402319	1	1.1499	1.0833	0.8028
326	1303771402381	1	1.1499	1.0833	0.8028
327	1303771402403	1	1.1499	1.0833	0.8028
328	1303771402424	1	1.1499	1.0833	0.8028
329	1303771402446	1	1.1499	1.0833	0.8028
330	1303771402467	1	1.1499	1.0833	0.8028
331	1303771402490	1	1.1499	1.0833	0.8028
332	1303771402510	1	1.1499	1.0833	0.8028
333	1303771402532	1	1.1499	1.0833	0.8028
334	1303771402555	1	1.1499	1.0833	0.8028
335	1303771402575	1	1.1499	1.0833	0.8028
336	1303771402597	1	1.1499	1.0833	0.8028
337	1303771402618	1	1.1499	1.0833	0.8028
338	1303771402639	1	1.1499	1.0833	0.8028
339	1303771402659	1	1.1499	1.0833	0.8028
340	1303771402682	1	1.1499	1.0833	0.8028
341	1303771402703	1	1.1499	1.0833	0.8028
342	1303771402725	1	1.1499	1.0833	0.8028
343	1303771402745	1	1.1499	1.0833	0.8028
344	1303771402766	1	1.1499	1.0833	0.8028
345	1303771402787	1	1.1499	1.0833	0.8028
346	1303771402808	1	1.1499	1.0833	0.8028
347	1303771402830	1	1.1499	1.0833	0.8028
348	1303771402892	1	1.1499	1.0833	0.8028
349	1303771402914	1	1.1499	1.0833	0.8028
350	1303771402935	1	1.1499	1.0833	0.8028
351	1303771402958	1	1.1499	1.0833	0.8028
352	1303771402979	1	1.1499	1.0833	0.8028
353	1303771403001	1	1.1499	1.0833	0.8028
354	1303771403062	1	1.1499	1.0833	0.8028
355	1303771403084	1	1.1499	1.0833	0.8028
356	1303771403105	1	1.1499	1.0833	0.8028
357	1303771403133	1	1.1499	1.0833	0.8028
358	1303771403201	1	1.1499	1.0833	0.8028
359	1303771403240	1	1.1499	1.0833	0.8028
360	1303771403261	1	1.1499	1.0833	0.8028
361	1303771403284	1	1.5806	1.0833	0.584
362	1303771403306	1	1.5806	1.0833	0.584
363	1303771403329	1	1.5806	1.0417	0.6074
364	1303771403352	1	1.5806	1.0833	0.584
365	1303771403373	1	1.5806	1.0833	0.584
366	1303771403397	1	1.5806	1.0833	0.584
367	1303771403419	1	1.5806	1.0417	0.6074
368	1303771403442	1	1.5806	1.0417	0.6074
369	1303771403462	1	1.5806	1.0833	0.584
370	1303771403485	1	1.5806	1.0833	0.584
371	1303771403505	1	1.5806	1.0417	0.6074
372	1303771403527	1	1.5806	1.0417	0.6074
373	1303771403548	1	1.5806	1.0833	0.584
374	1303771403570	1	1.5806	1.0833	0.584
375	1303771403591	1	1.5806	1.0417	0.6074
376	1303771403613	1	1.5806	1.0417	0.6074
377	1303771403634	1	1.5806	1.0833	0.584
378	1303771403656	1	1.5806	1.0833	0.584
379	1303771403719	1	1.5806	1.0417	0.6074
380	1303771403740	1	1.5806	1.0417	0.6074
381	1303771403762	1	1.5806	1.0833	0.584
382	1303771403782	1	1.5806	1.0833	0.584
383	1303771403804	1	1.5806	1.0417	0.6074
384	1303771403825	1	1.5806	1.0417	0.6074
385	1303771403846	1	1.5806	1.0833	0.584
386	1303771403867	1	1.5806	1.0833	0.584
387	1303771403889	1	1.5806	1.0417	0.6074
388	1303771403910	1	1.5806	1.0417	0.6074
389	1303771403932	1	1.5806	1.0833	0.584
390	1303771403953	1	1.5806	1.0833	0.584
391	1303771403975	1	1.5806	1.0417	0.6074
392	1303771403997	1	1.5806	1.0417	0.6074
393	1303771404059	1	1.5806	1.0833	0.584
394	1303771404082	1	1.5806	1.0833	0.584
395	1303771404102	1	1.5806	1.0417	0.6074
396	1303771404165	1	1.5806	1.0417	0.6074
397	1303771404186	1	1.5806	1.0833	0.584
398	1303771404208	1	1.5806	1.0833	0.584
399	1303771404229	1	1.5806	1.0417	0.6074
400	1303771404252	1	1.5806	1.0417	0.6074
401	1303771404273	1	1.5806	1.0833	0.584
402	1303771404296	1	1.5806	1.0833	0.584
403	1303771404318	1	1.5806	1.0417	0.6074
404	1303771404338	1	1.5806	1.0417	0.6074
405	1303771404360	1	1.5806	1.0833	0.584
406	1303771404381	1	1.5806	1.0833	0.584
407	1303771404403	1	1.5806	1.0417	0.6074
408	1303771404423	1	1.5806	1.0417	0.6074
409	1303771404445	1	1.5806	1.0833	0.584
410	1303771404465	1	1.5806	1.0833	0.584
411	1303771404487	1	1.5806	1.0417	0.6074
412	1303771404548	1	1.5806	1.0417	0.6074
413	1303771404575	1	1.5806	1.0833	0.584
414	1303771404596	1	1.5806	1.0833	0.584
415	1303771404618	1	1.5806	1.0417	0.6074
416	1303771404640	1	1.5806	1.0417	0.6074
417	1303771404660	1	1.5806	1.0833	0.584
418	1303771404688	1	1.4887	1.0833	0.6201
419	1303771404812	1	1.5206	1.0417	0.6313
420	1303771404923	1	1.5206	1.0417	0.6313
421	1303771405017	1	1.5206	1.0417	0.6313
422	1303771405036	1	1.5206	1.0833	0.607
423	1303771405054	1	1.5206	1.0417	0.6313
424	1303771405075	1	1.5206	1.0417	0.6313
425	1303771405093	1	1.5206	1.0833	0.607
426	1303771405113	1	1.5206	1.0833	0.607
427	1303771405132	1	1.5206	1.0417	0.6313
428	1303771405193	1	1.5206	1.0417	0.6313
429	1303771405212	1	1.5206	1.0833	0.607
430	1303771405233	1	1.5206	1.0833	0.607
431	1303771405252	1	1.5206	1.0417	0.6313
432	1303771405272	1	1.5206	1.0417	0.6313
433	1303771405291	1	1.5206	1.0833	0.607
434	1303771405311	1	1.5206	1.0833	0.607
435	1303771405329	1	1.5206	1.0417	0.6313
436	1303771405348	1	1.5206	1.0417	0.6313
437	1303771405369	1	1.5206	1.0833	0.607
438	1303771405387	1	1.5206	1.0833	0.607
439	1303771405407	1	1.5206	1.0417	0.6313
440	1303771405425	1	1.5206	1.0417	0.6313
441	1303771405445	1	1.5206	1.0833	0.607
442	1303771405464	1	1.5206	1.0833	0.607
443	1303771405483	1	1.5206	1.0417	0.6313
444	1303771405502	1	1.5206	1.0417	0.6313
445	1303771405522	1	1.5206	1.0833	0.607
446	1303771405541	1	1.5206	1.0833	0.607
447	1303771405559	1	1.5206	1.0417	0.6313
448	1303771405580	1	1.5206	1.0417	0.6313
449	1303771405598	1	1.5206	1.0833	0.607
450	1303771405618	1	1.5206	1.0417	0.6313
451	1303771405636	1	1.5206	1.0417	0.6313
452	1303771405656	1	1.5206	1.0417	0.6313
453	1303771405675	1	1.5206	1.0833	0.607
454	1303771405695	1	1.5206	1.0417	0.6313
455	1303771405714	1	1.5206	1.0417	0.6313
456	1303771405734	1	1.5206	1.0417	0.6313
457	1303771405752	1	1.5206	1.0417	0.6313
458	1303771405771	1	1.5206	1.0417	0.6313
459	1303771405791	1	1.5206	1.0417	0.6313
460	1303771405850	1	1.5206	1.0417	0.6313
461	1303771405871	1	1.5206	1.0833	0.607
462	1303771405889	1	1.5206	1.0417	0.6313
463	1303771405910	1	1.5206	1.0417	0.6313
464	1303771405928	1	1.5206	1.0417	0.6313
465	1303771405989	1	1.5206	1.0833	0.607
466	1303771406007	1	1.5206	1.0417	0.6313
467	1303771406027	1	1.5206	1.0417	0.6313
468	1303771406086	1	1.5206	1.0417	0.6313
469	1303771406106	1	1.5206	1.0833	0.607
470	1303771406125	1	1.5206	1.0417	0.6313
471	1303771406209	1	1.5206	1.0417	0.6313
472	1303771406268	1	1.5206	1.0417	0.6313
473	1303771406286	1	1.5206	1.0833	0.607
474	1303771406351	1	1.5206	1.0417	0.6313
475	1303771406370	1	1.5206	1.0417	0.6313
476	1303771406431	1	1.5206	1.0417	0.6313
477	1303771406450	1	1.5206	1.0833	0.607
478	1303771406471	1	1.5206	1.0417	0.6313
479	1303771406495	1	1.5206	1.0417	0.6313
480	1303771406601	1	1.5206	1.0417	0.6313
481	1303771406672	1	1.5206	1.0833	0.607
482	1303771406702	1	1.5206	1.0417	0.6313
483	1303771406723	1	1.4293	1.0417	0.6716
484	1303771406742	1	1.4293	1.0417	0.6716
485	1303771406762	1	1.4293	1.0833	0.6458
486	1303771406780	1	1.4293	1.0417	0.6716
487	1303771406800	1	1.4293	1.0417	0.6716
488	1303771406818	1	1.4293	1.0417	0.6716
489	1303771406839	1	1.4293	1.0833	0.6458
490	1303771406903	1	1.4293	1.0417	0.6716
491	1303771406924	1	1.4293	1.0833	0.6458
492	1303771406942	1	1.4293	1.0417	0.6716
493	1303771406963	1	1.4293	1.0417	0.6716
494	1303771406982	1	1.4293	1	0.6996
495	1303771407000	1	1.4293	1.0833	0.6458
496	1303771407022	1	1.4293	1.0417	0.6716
497	1303771407040	1	1.4293	1.0417	0.6716
498	1303771407061	1	1.4293	1.0417	0.6716
499	1303771407080	1	1.4293	1.0833	0.6458
500	1303771407100	1	1.4293	1.0417	0.6716
501	1303771407160	1	1.4293	1.0417	0.6716
502	1303771407180	1	1.4293	1.0417	0.6716
503	1303771407200	1	1.4293	1.0833	0.6458
504	1303771407220	1	1.4293	1.0417	0.6716
505	1303771407238	1	1.4293	1.0417	0.6716
506	1303771407258	1	1.4293	1.0417	0.6716
507	1303771407279	1	1.4293	1.0833	0.6458
508	1303771407297	1	1.4293	1.0833	0.6458
509	1303771407318	1	1.4293	1.0417	0.6716
510	1303771407337	1	1.4293	1	0.6996
511	1303771407358	1	1.4293	1.0417	0.6716
512	1303771407417	1	1.4293	1.0833	0.6458
513	1303771407437	1	1.4293	1.0417	0.6716
514	1303771407455	1	1.4293	1	0.6996
515	1303771407475	1	1.4293	1.0833	0.6458
516	1303771407495	1	1.4293	1.0833	0.6458
517	1303771407516	1	1.4293	1.0417	0.6716
518	1303771407535	1	1.4293	1	0.6996
519	1303771407554	1	1.4293	1.0833	0.6458
520	1303771407574	1	1.4293	1.0833	0.6458
521	1303771407594	1	1.4293	1.0417	0.6716
522	1303771407614	1	1.4293	1	0.6996
523	1303771407633	1	1.4293	1.0833	0.6458
524	1303771407653	1	1.4293	1.0833	0.6458
525	1303771407671	1	1.4293	1.0417	0.6716
526	1303771407691	1	1.4293	1	0.6996
527	1303771407710	1	1.4293	1.0417	0.6716
528	1303771407772	1	1.4293	1.0833	0.6458
529	1303771407791	1	1.4293	1.0417	0.6716
530	1303771407810	1	1.4293	1	0.6996
531	1303771407830	1	1.4293	1.0833	0.6458
532	1303771407848	1	1.4293	1.0833	0.6458
533	1303771407868	1	1.4293	1.0417	0.6716
534	1303771407887	1	1.4293	1	0.6996
535	1303771407907	1	1.4293	1.0833	0.6458
536	1303771407926	1	1.4293	1.0833	0.6458
537	1303771407946	1	1.4293	1.0417	0.6716
538	1303771407966	1	1.4293	1	0.6996
539	1303771407987	1	1.4293	1.0833	0.6458
540	1303771408010	1	1.4293	1.0833	0.6458
541	1303771408073	1	1.4293	1.0417	0.6716
542	1303771408108	1	1.4293	1	0.6996
543	1303771408134	1	1.4293	1.0833	0.6458
544	1303771408155	1	1.4499	1.125	0.6131
545	1303771408173	1	1.4499	1.1667	0.5912
546	1303771408193	1	1.4499	1.0833	0.6366
547	1303771408253	1	1.4499	1.1154	0.6184
548	1303771408273	1	1.4499	1.0769	0.6404
549	1303771408292	1	1.4499	1.0357	0.6659
550	1303771408310	1	1.4499	1.0714	0.6437
551	1303771408370	1	1.4499	1.0714	0.6437
552	1303771408389	1	1.4499	1.0714	0.6437
553	1303771408450	1	1.4499	1.0714	0.6437
554	1303771408468	1	1.4499	1.0714	0.6437
555	1303771408488	1	1.4499	1.0357	0.6659
556	1303771408506	1	1.4499	1.0714	0.6437
557	1303771408526	1	1.4499	1.0714	0.6437
558	1303771408585	1	1.3407	1	0.7459
559	1303771408605	1	1.3407	1.0357	0.7201
560	1303771408624	1	1.3407	1.0714	0.6961
561	1303771408685	1	1.3407	1	0.7459
562	1303771408703	1	1.3407	1.0357	0.7201
563	1303771408723	1	1.3407	1.0714	0.6961
564	1303771408743	1	1.3407	1.0357	0.7201
565	1303771408761	1	1.3407	1	0.7459
566	1303771408781	1	1.3407	1.0714	0.6961
567	1303771408800	1	1.3407	1.0357	0.7201
568	1303771408819	1	1.3407	1.0357	0.7201
569	1303771408839	1	1.3407	1.0357	0.7201
570	1303771408860	1	1.3407	1.0714	0.6961
571	1303771408879	1	1.3407	1.0357	0.7201
572	1303771408899	1	1.3407	1.0357	0.7201
573	1303771408918	1	1.3407	1.0357	0.7201
574	1303771408936	1	1.3407	1.0714	0.6961
575	1303771408956	1	1.3407	1.0357	0.7201
576	1303771408975	1	1.3407	1.0357	0.7201
577	1303771408997	1	1.3407	1.0357	0.7201
578	1303771409016	1	1.3407	1.0714	0.6961
579	1303771409036	1	1.3407	1.0357	0.7201
580	1303771409055	1	1.3407	1.0357	0.7201
581	1303771409076	1	1.3407	1.0357	0.7201
582	1303771409140	1	1.3407	1.0714	0.6961
583	1303771409161	1	1.3407	1.0357	0.7201
584	1303771409179	1	1.3407	1.0714	0.6961
585	1303771409197	1	1.3407	1.0357	0.7201
586	1303771409217	1	1.3407	1.0714	0.6961
587	1303771409236	1	1.3407	1.0357	0.7201
588	1303771409256	1	1.3407	1.0714	0.6961
589	1303771409276	1	1.3407	1.0357	0.7201
590	1303771409297	1	1.3407	1.0714	0.6961
591	1303771409315	1	1.3407	1.0357	0.7201
592	1303771409336	1	1.3407	1.0714	0.6961
593	1303771409354	1	1.3407	1.0357	0.7201
594	1303771409373	1	1.3407	1.0714	0.6961
595	1303771409393	1	1.3407	1.0357	0.7201
596	1303771409412	1	1.3407	1.0714	0.6961
597	1303771409433	1	1.3407	1.0357	0.7201
598	1303771409451	1	1.3407	1.0714	0.6961
599	1303771409470	1	1.3407	1.0357	0.7201
600	1303771409488	1	1.3407	1.0714	0.6961
601	1303771409510	1	1.6225	1.0357	0.5951
602	1303771409546	1	1.6225	1.0714	0.5753
603	1303771409573	1	1.6225	1.0357	0.5951
604	1303771409597	1	1.6225	1.0357	0.5951
605	1303771409617	1	1.6225	1	0.6163
606	1303771409636	1	1.6225	1.0357	0.5951
607	1303771409655	1	1.6225	1.0714	0.5753
608	1303771409673	1	1.6225	1.0714	0.5753
609	1303771409693	1	1.6225	1	0.6163
610	1303771409711	1	1.6225	1.0357	0.5951
611	1303771409731	1	1.6225	1.0357	0.5951
612	1303771409790	1	1.6225	1.0357	0.5951
613	1303771409811	1	1.6225	1	0.6163
614	1303771409829	1	1.6225	1	0.6163
615	1303771409848	1	1.6225	1.0357	0.5951
616	1303771409867	1	1.6225	1	0.6163
617	1303771409886	1	1.6225	1	0.6163
618	1303771409905	1	1.6225	1.0357	0.5951
619	1303771409925	1	1.6225	1	0.6163
620	1303771409986	1	1.6225	1	0.6163
621	1303771410004	1	1.6225	1	0.6163
622	1303771410024	1	1.6225	1	0.6163
623	1303771410042	1	1.6225	1	0.6163
624	1303771410103	1	1.6225	1	0.6163
625	1303771410122	1	1.6225	1	0.6163
626	1303771410141	1	1.6225	1	0.6163
627	1303771410163	1	1.6225	1	0.6163
628	1303771410182	1	1.6225	1	0.6163
629	1303771410202	1	1.6225	1	0.6163
630	1303771410222	1	1.6225	1	0.6163
631	1303771410283	1	1.6225	1	0.6163
632	1303771410303	1	1.6225	1	0.6163
633	1303771410323	1	1.6225	1	0.6163
634	1303771410343	1	1.6225	1	0.6163
635	1303771410364	1	1.6225	1	0.6163
636	1303771410381	1	1.6225	1	0.6163
637	1303771410401	1	1.6225	1	0.6163
638	1303771410421	1	1.6225	1	0.6163
639	1303771410440	1	1.6225	1.0357	0.5951
640	1303771410460	1	1.6225	1	0.6163
641	1303771410479	1	1.6225	1	0.6163
642	1303771410499	1	1.6225	1.0357	0.5951
643	1303771410518	1	1.6225	1	0.6163
644	1303771410538	1	1.6225	1	0.6163
645	1303771410556	1	1.6225	1.0357	0.5951
646	1303771410575	1	1.6225	1	0.6163
647	1303771410594	1	1.6225	1	0.6163
648	1303771410612	1	1.6225	1.0357	0.5951
649	1303771410634	1	1.6225	1	0.6163
650	1303771410652	1	1.6225	1	0.6163
651	1303771410672	1	1.6225	1.0357	0.5951
652	1303771410690	1	1.6225	1	0.6163
653	1303771410710	1	1.6225	1	0.6163
654	1303771410729	1	1.6225	1.0357	0.5951
655	1303771410748	1	1.6225	1	0.6163
656	1303771410767	1	1.6225	1	0.6163
657	1303771410787	1	1.6225	1.0357	0.5951
658	1303771410805	1	1.6225	1	0.6163
659	1303771410824	1	1.6225	1	0.6163
660	1303771410844	1	1.6225	1.0357	0.5951
661	1303771410863	1	1.6225	1	0.6163
662	1303771410887	1	1.6225	1	0.6163
663	1303771410958	1	1.6225	1.0357	0.5951
664	1303771411016	1	1.6098	1	0.6212
665	1303771411066	1	1.6098	1	0.6212
666	1303771411127	1	1.6098	1.0357	0.5998
667	1303771411148	1	1.6098	1	0.6212
668	1303771411166	1	1.6098	1	0.6212
669	1303771411186	1	1.6098	1.0357	0.5998
670	1303771411206	1	1.6098	1	0.6212
671	1303771411224	1	1.6098	1	0.6212
672	1303771411245	1	1.6098	1.0357	0.5998
673	1303771411265	1	1.6098	1	0.6212
674	1303771411287	1	1.6098	1	0.6212
675	1303771411306	1	1.6098	1.0357	0.5998
676	1303771411327	1	1.6098	1	0.6212
677	1303771411346	1	1.6098	1	0.6212
678	1303771411367	1	1.6098	1.0357	0.5998
679	1303771411386	1	1.6098	1	0.6212
680	1303771411407	1	1.6098	1	0.6212
681	1303771411426	1	1.6098	1.0357	0.5998
682	1303771411445	1	1.6098	1	0.6212
683	1303771411466	1	1.6098	1	0.6212
684	1303771411485	1	1.6098	1.0357	0.5998
685	1303771411505	1	1.6098	1	0.6212
686	1303771411524	1	1.6098	1	0.6212
687	1303771411584	1	1.6098	1.0357	0.5998
688	1303771411602	1	1.6098	1	0.6212
689	1303771411622	1	1.6098	1	0.6212
690	1303771411641	1	1.6098	1.0357	0.5998
691	1303771411661	1	1.6098	1	0.6212
692	1303771411719	1	1.4374	1	0.6957
693	1303771411739	1	1.4374	1.0357	0.6717
694	1303771411757	1	1.4374	1	0.6957
695	1303771411777	1	1.4374	1	0.6957
696	1303771411798	1	1.4374	1.0357	0.6717
697	1303771411818	1	1.4374	1	0.6957
698	1303771411838	1	1.4374	1	0.6957
699	1303771411857	1	1.4374	1.0357	0.6717
700	1303771411878	1	1.4374	1	0.6957
701	1303771411897	1	1.4374	1	0.6957
702	1303771411918	1	1.4374	1.0357	0.6717
703	1303771411937	1	1.4374	1	0.6957
704	1303771411958	1	1.4374	1	0.6957
705	1303771411977	1	1.4374	1.0357	0.6717
706	1303771411996	1	1.4374	1	0.6957
707	1303771412017	1	1.4374	1	0.6957
708	1303771412037	1	1.4374	1.0357	0.6717
709	1303771412058	1	1.4374	1	0.6957
710	1303771412077	1	1.4374	1	0.6957
711	1303771412098	1	1.4374	1.0357	0.6717
712	1303771412117	1	1.4374	1	0.6957
713	1303771412137	1	1.4374	1	0.6957
714	1303771412156	1	1.4374	1.0357	0.6717
715	1303771412174	1	1.4374	1	0.6957
716	1303771412194	1	1.4374	1	0.6957
717	1303771412213	1	1.4374	1.0357	0.6717
718	1303771412233	1	1.4374	1	0.6957
719	1303771412251	1	1.4374	1	0.6957
720	1303771412271	1	1.4374	1.0357	0.6717
721	1303771412290	1	1.4374	1	0.6957
722	1303771412309	1	1.4374	1	0.6957
723	1303771412330	1	1.4374	1.0357	0.6717
724	1303771412368	1	1.4374	1	0.6957
725	1303771412400	1	1.4374	1	0.6957
726	1303771412427	1	1.4374	1.0357	0.6717
727	1303771412447	1	1.4226	1	0.7029
728	1303771412466	1	1.4226	1	0.7029
729	1303771412485	1	1.4226	1	0.7029
730	1303771412505	1	1.4226	1	0.7029
731	1303771412524	1	1.4226	1	0.7029
732	1303771412545	1	1.4226	1	0.7029
733	1303771412564	1	1.4226	1	0.7029
734	1303771412585	1	1.4226	1	0.7029
735	1303771412604	1	1.4226	1.0357	0.6787
736	1303771412624	1	1.4226	1.0357	0.6787
737	1303771412687	1	1.4226	1	0.7029
738	1303771412707	1	1.4226	1	0.7029
739	1303771412766	1	1.4226	1	0.7029
740	1303771412785	1	1.4226	1	0.7029
741	1303771412806	1	1.4226	1	0.7029
742	1303771412824	1	1.4226	1	0.7029
743	1303771412844	1	1.4226	1.0357	0.6787
744	1303771412864	1	1.4226	1.0357	0.6787
745	1303771412884	1	1.4226	1	0.7029
746	1303771412903	1	1.4226	1	0.7029
747	1303771412923	1	1.4226	1	0.7029
748	1303771412942	1	1.4226	1	0.7029
749	1303771412962	1	1.4226	1	0.7029
750	1303771412981	1	1.4226	1	0.7029
751	1303771413044	1	1.4226	1	0.7029
752	1303771413063	1	1.4226	1	0.7029
753	1303771413081	1	1.4226	1	0.7029
754	1303771413101	1	1.4226	1	0.7029
755	1303771413120	1	1.4226	1	0.7029
756	1303771413140	1	1.4226	1	0.7029
757	1303771413158	1	1.4226	1	0.7029
758	1303771413179	1	1.4226	1	0.7029
759	1303771413198	1	1.4226	1	0.7029
760	1303771413218	1	1.4226	1	0.7029
761	1303771413237	1	1.4226	1	0.7029
762	1303771413256	1	1.4226	1	0.7029
763	1303771413277	1	1.4226	1	0.7029
764	1303771413297	1	1.4226	1	0.7029
765	1303771413317	1	1.4226	1	0.7029
766	1303771413337	1	1.4226	1	0.7029
767	1303771413357	1	1.4226	1	0.7029
768	1303771413376	1	1.4226	1	0.7029
769	1303771413396	1	1.4226	1	0.7029
770	1303771413415	1	1.4226	1	0.7029
771	1303771413435	1	1.4226	1	0.7029
772	1303771413454	1	1.4226	1	0.7029
773	1303771413514	1	1.4226	1	0.7029
774	1303771413534	1	1.4226	1	0.7029
775	1303771413553	1	1.4226	1	0.7029
776	1303771413573	1	1.4226	1	0.7029
777	1303771413591	1	1.4226	1	0.7029
778	1303771413611	1	1.4226	1	0.7029
779	1303771413629	1	1.4226	1	0.7029
780	1303771413650	1	1.4226	1	0.7029
781	1303771413668	1	1.4226	1	0.7029
782	1303771413688	1	1.4226	1	0.7029
783	1303771413707	1	1.4226	1	0.7029
784	1303771413731	1	1.4226	1	0.7029
785	1303771413808	1	1.4226	1	0.7029
786	1303771413893	1	1.4226	1	0.7029
787	1303771413958	1	1.4226	1	0.7029
788	1303771413976	1	1.3995	1	0.7146
789	1303771413996	1	1.3995	1	0.7146
790	1303771414015	1	1.3995	1	0.7146
791	1303771414035	1	1.3995	1	0.7146
792	1303771414054	1	1.3995	1	0.7146
793	1303771414075	1	1.3995	1	0.7146
794	1303771414093	1	1.3995	1	0.7146
795	1303771414152	1	1.3995	1	0.7146
796	1303771414173	1	1.3995	1	0.7146
797	1303771414191	1	1.3995	1	0.7146
798	1303771414211	1	1.3995	1	0.7146
799	1303771414230	1	1.3995	1	0.7146
800	1303771414250	1	1.3995	1	0.7146
801	1303771414270	1	1.3995	1	0.7146
802	1303771414290	1	1.3995	1	0.7146
803	1303771414309	1	1.3995	1	0.7146
804	1303771414330	1	1.3995	1	0.7146
805	1303771414349	1	1.3995	1	0.7146
806	1303771414369	1	1.3995	1	0.7146
807	1303771414389	1	1.3995	1	0.7146
808	1303771414408	1	1.3995	1	0.7146
809	1303771414428	1	1.3995	1	0.7146
810	1303771414447	1	1.3995	1	0.7146
811	1303771414467	1	1.3995	1	0.7146
812	1303771414528	1	1.3995	1	0.7146
813	1303771414548	1	1.3995	1	0.7146
814	1303771414568	1	1.3995	1	0.7146
815	1303771414629	1	1.3995	1	0.7146
816	1303771414647	1	1.3995	1	0.7146
817	1303771414668	1	1.3995	1	0.7146
818	1303771414686	1	1.3995	1	0.7146
819	1303771414705	1	1.3995	1	0.7146
820	1303771414726	1	1.3995	1	0.7146
821	1303771414744	1	1.3995	1	0.7146
822	1303771414764	1	1.3995	1	0.7146
823	1303771414784	1	1.3995	1	0.7146
824	1303771414805	1	1.3995	1	0.7146
825	1303771414823	1	1.3995	1	0.7146
826	1303771414843	1	1.3995	1	0.7146
827	1303771414862	1	1.3995	1	0.7146
828	1303771414881	1	1.3995	1	0.7146
829	1303771414901	1	1.3995	1	0.7146
830	1303771414919	1	1.3995	1	0.7146
831	1303771414939	1	1.3995	1	0.7146
832	1303771415003	1	1.3995	1	0.7146
833	1303771415024	1	1.3995	1	0.7146
834	1303771415043	1	1.3995	1	0.7146
835	1303771415063	1	1.3995	1	0.7146
836	1303771415082	1	1.3995	1	0.7146
837	1303771415102	1	1.3995	1	0.7146
838	1303771415120	1	1.3995	1	0.7146
839	1303771415138	1	1.3995	1	0.7146
840	1303771415159	1	1.3995	1	0.7146
841	1303771415218	1	1.3995	1	0.7146
842	1303771415239	1	1.3995	1	0.7146
843	1303771415257	1	1.3995	1	0.7146
844	1303771415277	1	1.3995	1	0.7146
845	1303771415299	1	1.3995	1	0.7146
846	1303771415353	1	1.3995	1	0.7146
847	1303771415390	1	1.3995	1	0.7146
848	1303771415454	1	1.3995	1	0.7146
849	1303771415476	1	1.3995	1	0.7146
850	1303771415496	1	1.3995	1.0357	0.6899
851	1303771415516	1	1.3995	1.0357	0.6899
852	1303771415535	1	1.3995	1.0357	0.6899
853	1303771415555	1	1.3995	1.0357	0.6899
854	1303771415575	1	1.3995	1.0357	0.6899
855	1303771415595	1	1.3995	1.0357	0.6899
856	1303771415614	1	1.3995	1.0357	0.6899
857	1303771415634	1	1.3995	1.0357	0.6899
858	1303771415655	1	1.3995	1.0357	0.6899
859	1303771415718	1	1.3995	1.0357	0.6899
860	1303771415739	1	1.3995	1.0357	0.6899
861	1303771415757	1	1.3995	1.0357	0.6899
862	1303771415778	1	1.3995	1.0357	0.6899
863	1303771415837	1	1.3995	1.0357	0.6899
864	1303771415857	1	1.3995	1.0357	0.6899
865	1303771415877	1	1.3995	1.0357	0.6899
866	1303771415897	1	1.3995	1.0357	0.6899
867	1303771415916	1	1.3995	1.0357	0.6899
868	1303771415936	1	1.3995	1.0357	0.6899
869	1303771415955	1	1.3995	1.0357	0.6899
870	1303771415974	1	1.3995	1.0357	0.6899
871	1303771415995	1	1.3995	1.0357	0.6899
872	1303771416053	1	1.3995	1.0357	0.6899
873	1303771416113	1	1.3995	1.0357	0.6899
874	1303771416132	1	1.3995	1.0357	0.6899
875	1303771416152	1	1.3995	1.0357	0.6899
876	1303771416171	1	1.3995	1.0357	0.6899
877	1303771416191	1	1.3995	1.0357	0.6899
878	1303771416210	1	1.3995	1.0357	0.6899
879	1303771416230	1	1.3995	1.0357	0.6899
880	1303771416250	1	1.3995	1.0357	0.6899
881	1303771416311	1	1.3995	1.0357	0.6899
882	1303771416329	1	1.3995	1.0357	0.6899
883	1303771416349	1	1.3995	1.0357	0.6899
884	1303771416368	1	1.3995	1.0357	0.6899
885	1303771416427	1	1.3995	1.0357	0.6899
886	1303771416447	1	1.3995	1.0357	0.6899
887	1303771416465	1	1.3995	1.0357	0.6899
888	1303771416530	1	1.3995	1	0.7146
889	1303771416589	1	1.3995	1	0.7146
890	1303771416649	1	1.3995	1	0.7146
891	1303771416668	1	1.3995	1.0357	0.6899
892	1303771416688	1	1.3995	1.0357	0.6899
893	1303771416706	1	1.3995	1.0357	0.6899
894	1303771416726	1	1.3995	1.0357	0.6899
895	1303771416745	1	1.3995	1.0357	0.6899
896	1303771416765	1	1.3995	1.0357	0.6899
897	1303771416783	1	1.3995	1	0.7146
898	1303771416802	1	1.3995	1.0357	0.6899
899	1303771416823	1	1.3995	1.0357	0.6899
900	1303771416841	1	1.3995	1.0357	0.6899
901	1303771416862	1	1.3995	1.0357	0.6899
902	1303771416880	1	1.3995	1.0357	0.6899
903	1303771416900	1	1.3995	1.0357	0.6899
904	1303771416919	1	1.3995	1.0357	0.6899
905	1303771416939	1	1.3995	1.0357	0.6899
906	1303771416964	1	1.3995	1.0357	0.6899
907	1303771417007	1	1.3995	1.0357	0.6899
908	1303771417058	1	1.3995	1.0357	0.6899
909	1303771417129	1	1.3995	1.0714	0.6669
910	1303771417148	1	1.3995	1.0357	0.6899
911	1303771417168	1	1.3995	1.0357	0.6899
912	1303771417187	1	1.3995	1.0714	0.6669
913	1303771417208	1	1.3995	1.0357	0.6899
914	1303771417226	1	1.3995	1.0357	0.6899
915	1303771417293	1	1.3995	1.0714	0.6669
916	1303771417312	1	1.3995	1.0357	0.6899
917	1303771417330	1	1.3995	1.0357	0.6899
918	1303771417350	1	1.3995	1.0714	0.6669
919	1303771417369	1	1.3995	1.0357	0.6899
920	1303771417389	1	1.3995	1.0357	0.6899
921	1303771417408	1	1.3995	1.0714	0.6669
922	1303771417429	1	1.3995	1.0357	0.6899
923	1303771417447	1	1.3995	1.0357	0.6899
924	1303771417468	1	1.3995	1.0357	0.6899
925	1303771417486	1	1.3995	1.0357	0.6899
926	1303771417551	1	1.3995	1.0357	0.6899
927	1303771417570	1	1.3995	1.0357	0.6899
928	1303771417590	1	1.3995	1.0357	0.6899
929	1303771417608	1	1.3995	1.0357	0.6899
930	1303771417627	1	1.3995	1.0357	0.6899
931	1303771417646	1	1.3995	1.0357	0.6899
932	1303771417665	1	1.3995	1.0357	0.6899
933	1303771417685	1	1.3995	1.0357	0.6899
934	1303771417703	1	1.3995	1.0357	0.6899
935	1303771417723	1	1.3995	1.0357	0.6899
936	1303771417742	1	1.3995	1.0357	0.6899
937	1303771417761	1	1.3995	1.0357	0.6899
938	1303771417780	1	1.3995	1.0357	0.6899
939	1303771417798	1	1.3995	1.0357	0.6899
940	1303771417818	1	1.3995	1.0357	0.6899
941	1303771417837	1	1.3995	1.0357	0.6899
942	1303771417856	1	1.3995	1.0357	0.6899
943	1303771417875	1	1.3995	1.0357	0.6899
944	1303771417895	1	1.3995	1.0357	0.6899
945	1303771417913	1	1.3995	1.0357	0.6899
946	1303771417933	1	1.3995	1.0357	0.6899
947	1303771417953	1	1.3995	1.0357	0.6899
948	1303771417973	1	1.3995	1.0357	0.6899
949	1303771417991	1	1.3995	1.0357	0.6899
950	1303771418010	1	1.3995	1.0357	0.6899
951	1303771418031	1	1.3995	1.0357	0.6899
952	1303771418050	1	1.3995	1.0357	0.6899
953	1303771418070	1	1.3995	1.0357	0.6899
954	1303771418088	1	1.3995	1.0357	0.6899
955	1303771418108	1	1.3995	1.0357	0.6899
956	1303771418126	1	1.3995	1.0357	0.6899
957	1303771418146	1	1.3995	1.0357	0.6899
958	1303771418164	1	1.3995	1.0357	0.6899
959	1303771418183	1	1.3995	1.0357	0.6899
960	1303771418203	1	1.3995	1.0357	0.6899
961	1303771418221	1	1.3995	1.0357	0.6899
962	1303771418240	1	1.3995	1.0357	0.6899
963	1303771418259	1	1.3995	1.0357	0.6899
964	1303771418278	1	1.3995	1.0357	0.6899
965	1303771418297	1	1.3995	1.0357	0.6899
966	1303771418317	1	1.3995	1.0357	0.6899
967	1303771418382	1	1.3995	1.0357	0.6899
968	1303771418480	1	1.3995	1.0357	0.6899
969	1303771418550	1	1.3995	1.0357	0.6899
970	1303771418683	1	1.3995	1.0357	0.6899
971	1303771418703	1	1.3995	1.0357	0.6899
972	1303771418723	1	1.3995	1.0357	0.6899
973	1303771418742	1	1.3995	1.0357	0.6899
974	1303771418761	1	1.3995	1.0357	0.6899
975	1303771418780	1	1.3995	1.0357	0.6899
976	1303771418798	1	1.3995	1.0357	0.6899
977	1303771418818	1	1.3995	1.0357	0.6899
978	1303771418837	1	1.3995	1.0357	0.6899
979	1303771418898	1	1.3995	1.0357	0.6899
980	1303771418916	1	1.3995	1.0357	0.6899
981	1303771418977	1	1.3995	1.0357	0.6899
982	1303771418995	1	1.3995	1.0357	0.6899
983	1303771419014	1	1.3995	1.0357	0.6899
984	1303771419033	1	1.3995	1.0357	0.6899
985	1303771419053	1	1.3995	1.0357	0.6899
986	1303771419071	1	1.3995	1.0357	0.6899
987	1303771419090	1	1.3995	1.0357	0.6899
988	1303771419110	1	1.3995	1.0357	0.6899
989	1303771419128	1	1.3995	1.0357	0.6899
990	1303771419189	1	1.3995	1.0357	0.6899
991	1303771419209	1	1.3995	1.0357	0.6899
992	1303771419232	1	1.3995	1.0357	0.6899
993	1303771419252	1	1.3995	1.0357	0.6899
994	1303771419317	1	1.3995	1.0357	0.6899
995	1303771419336	1	1.3995	1.0357	0.6899
996	1303771419358	1	1.3995	1.0357	0.6899
997	1303771419378	1	1.3995	1.0357	0.6899
998	1303771419398	1	1.3995	1.0357	0.6899
999	1303771419417	1	1.3995	1.0357	0.6899
1000	1303771419436	1	1.3995	1.0357	0.6899
1001	1303771419458	1	1.3995	1.0357	0.6899
1002	1303771419476	1	1.3995	1.0357	0.6899
1003	1303771419497	1	1.3995	1.0357	0.6899
1004	1303771419517	1	1.3995	1.0357	0.6899
1005	1303771419581	1	1.3995	1.0357	0.6899
1006	1303771419601	1	1.3995	1.0357	0.6899
1007	1303771419620	1	1.3995	1.0357	0.6899
1008	1303771419639	1	1.3995	1.0357	0.6899
1009	1303771419661	1	1.3995	1.0357	0.6899
1010	1303771419680	1	1.3995	1.0357	0.6899
1011	1303771419698	1	1.3995	1.0357	0.6899
1012	1303771419719	1	1.3995	1.0357	0.6899
1013	1303771419739	1	1.3995	1.0357	0.6899
1014	1303771419759	1	1.3995	1.0357	0.6899
1015	1303771419777	1	1.3995	1.0357	0.6899
1016	1303771419799	1	1.3995	1.0357	0.6899
1017	1303771419818	1	1.3995	1.0357	0.6899
1018	1303771419879	1	1.3995	1.0357	0.6899
1019	1303771419898	1	1.3995	1.0357	0.6899
1020	1303771419918	1	1.3995	1.0357	0.6899
1021	1303771419937	1	1.3995	1.0357	0.6899
1022	1303771419957	1	1.3995	1.0357	0.6899
1023	1303771419975	1	1.3995	1.0357	0.6899
1024	1303771420034	1	1.4554	1.0357	0.6634
1025	1303771420055	1	1.4554	1.0357	0.6634
1026	1303771420074	1	1.4554	1.0357	0.6634
1027	1303771420094	1	1.4554	1.0357	0.6634
1028	1303771420121	1	1.4554	1.0357	0.6634
1029	1303771420251	1	1.4554	1.0357	0.6634
1030	1303771420374	1	1.4554	1.0357	0.6634
1031	1303771420531	1	1.2937	1.0357	0.7463
1032	1303771420552	1	1.2915	1.0357	0.7476
1033	1303771420571	1	1.2915	1.0357	0.7476
1034	1303771420591	1	1.2915	1.0357	0.7476
1035	1303771420610	1	1.2915	1.0357	0.7476
1036	1303771420628	1	1.2915	1.0357	0.7476
1037	1303771420648	1	1.2915	1.0357	0.7476
1038	1303771420666	1	1.2915	1.0357	0.7476
1039	1303771420686	1	1.2915	1.0357	0.7476
1040	1303771420705	1	1.2915	1.0357	0.7476
1041	1303771420725	1	1.2915	1.0357	0.7476
1042	1303771420743	1	1.2915	1.0357	0.7476
1043	1303771420763	1	1.2915	1.0357	0.7476
1044	1303771420782	1	1.2915	1.0357	0.7476
1045	1303771420802	1	1.2915	1.0357	0.7476
1046	1303771420822	1	1.2915	1.0357	0.7476
1047	1303771420841	1	1.2915	1.0357	0.7476
1048	1303771420862	1	1.2915	1.0357	0.7476
1049	1303771420880	1	1.2915	1.0357	0.7476
1050	1303771420900	1	1.2915	1.0357	0.7476
1051	1303771420918	1	1.2915	1.0357	0.7476
1052	1303771420979	1	1.2915	1.0357	0.7476
1053	1303771420998	1	1.2915	1.0357	0.7476
1054	1303771421018	1	1.2915	1.0357	0.7476
1055	1303771421037	1	1.2915	1.0357	0.7476
1056	1303771421057	1	1.2915	1.0357	0.7476
1057	1303771421077	1	1.2915	1.0357	0.7476
1058	1303771421095	1	1.2915	1.0357	0.7476
1059	1303771421116	1	1.2915	1.0357	0.7476
1060	1303771421175	1	1.2915	1.0357	0.7476
1061	1303771421195	1	1.2915	1	0.7743
1062	1303771421214	1	1.2915	1.0357	0.7476
1063	1303771421234	1	1.2915	1.0357	0.7476
1064	1303771421298	1	1.2915	1.0357	0.7476
1065	1303771421319	1	1.2915	1.0357	0.7476
1066	1303771421339	1	1.2915	1.0357	0.7476
1067	1303771421360	1	1.2915	1.0357	0.7476
1068	1303771421378	1	1.2915	1.0357	0.7476
1069	1303771421399	1	1.2915	1	0.7743
1070	1303771421418	1	1.2915	1.0357	0.7476
1071	1303771421478	1	1.2915	1.0357	0.7476
1072	1303771421496	1	1.2915	1.0357	0.7476
1073	1303771421514	1	1.2915	1.0357	0.7476
1074	1303771421534	1	1.2915	1.0357	0.7476
1075	1303771421553	1	1.2915	1	0.7743
1076	1303771421573	1	1.2915	1.0357	0.7476
1077	1303771421592	1	1.2915	1.0357	0.7476
1078	1303771421612	1	1.2915	1.0357	0.7476
1079	1303771421630	1	1.2915	1.0357	0.7476
1080	1303771421650	1	1.2915	1.0357	0.7476
1081	1303771421669	1	1.2915	1	0.7743
1082	1303771421689	1	1.2915	1	0.7743
1083	1303771421708	1	1.2915	1.0357	0.7476
1084	1303771421726	1	1.2915	1.0357	0.7476
1085	1303771421747	1	1.2915	1.0357	0.7476
1086	1303771421766	1	1.2915	1	0.7743
1087	1303771421787	1	1.2915	1	0.7743
1088	1303771421806	1	1.2915	1.0357	0.7476
1089	1303771421832	1	1.4162	1.0357	0.6818
1090	1303771421935	1	1.4162	1.0357	0.6818
1091	1303771422019	1	1.4162	1	0.7061
1092	1303771422125	1	1.4162	1.0357	0.6818
1093	1303771422183	1	1.4162	1	0.7061
1094	1303771422204	1	1.4162	1	0.7061
1095	1303771422224	1	1.4162	1.0357	0.6818
1096	1303771422243	1	1.4162	1	0.7061
1097	1303771422264	1	1.4162	1	0.7061
1098	1303771422284	1	1.4162	1.0357	0.6818
1099	1303771422304	1	1.4162	1	0.7061
1100	1303771422323	1	1.4162	1	0.7061
1101	1303771422343	1	1.4162	1.0357	0.6818
1102	1303771422362	1	1.4162	1	0.7061
1103	1303771422383	1	1.4162	1	0.7061
1104	1303771422442	1	1.4162	1.0357	0.6818
1105	1303771422462	1	1.4162	1	0.7061
1106	1303771422481	1	1.4162	1	0.7061
1107	1303771422501	1	1.4162	1.0357	0.6818
1108	1303771422519	1	1.4162	1	0.7061
1109	1303771422538	1	1.4162	1	0.7061
1110	1303771422559	1	1.4162	1.0357	0.6818
1111	1303771422579	1	1.4162	1	0.7061
1112	1303771422598	1	1.4162	1	0.7061
1113	1303771422617	1	1.4162	1.0357	0.6818
1114	1303771422637	1	1.4162	1	0.7061
1115	1303771422656	1	1.4162	1	0.7061
1116	1303771422676	1	1.4162	1.0357	0.6818
1117	1303771422695	1	1.4162	1	0.7061
1118	1303771422761	1	1.4162	1	0.7061
1119	1303771422779	1	1.4162	1.0357	0.6818
1120	1303771422798	1	1.4162	1	0.7061
1121	1303771422818	1	1.4162	1	0.7061
1122	1303771422837	1	1.4162	1.0357	0.6818
1123	1303771422857	1	1.4162	1	0.7061
1124	1303771422875	1	1.4162	1	0.7061
1125	1303771422895	1	1.4162	1.0357	0.6818
1126	1303771422914	1	1.4162	1	0.7061
1127	1303771422934	1	1.4162	1	0.7061
1128	1303771422953	1	1.4162	1.0357	0.6818
1129	1303771422972	1	1.4162	1	0.7061
1130	1303771422991	1	1.4162	1	0.7061
1131	1303771423010	1	1.4162	1.0357	0.6818
1132	1303771423030	1	1.4162	1	0.7061
1133	1303771423048	1	1.4162	1	0.7061
1134	1303771423069	1	1.4162	1.0357	0.6818
1135	1303771423088	1	1.4162	1	0.7061
1136	1303771423107	1	1.4162	1	0.7061
1137	1303771423126	1	1.4162	1.0357	0.6818
1138	1303771423146	1	1.4162	1	0.7061
1139	1303771423165	1	1.4162	1	0.7061
1140	1303771423185	1	1.4162	1.0357	0.6818
1141	1303771423204	1	1.4162	1	0.7061
1142	1303771423224	1	1.4162	1	0.7061
1143	1303771423245	1	1.4162	1.0357	0.6818
1144	1303771423265	1	1.4162	1	0.7061
1145	1303771423285	1	1.4162	1	0.7061
1146	1303771423304	1	1.4162	1.0357	0.6818
1147	1303771423324	1	1.4162	1	0.7061
1148	1303771423343	1	1.4162	1	0.7061
1149	1303771423363	1	1.4162	1.0357	0.6818
1150	1303771423387	1	1.3987	1	0.715
1151	1303771423482	1	1.3987	1	0.715
1152	1303771423554	1	1.3987	1.0357	0.6903
1153	1303771423650	1	1.3987	1	0.715
1154	1303771423668	1	1.3987	1	0.715
1155	1303771423689	1	1.3987	1.0357	0.6903
1156	1303771423708	1	1.3987	1	0.715
1157	1303771423729	1	1.3987	1	0.715
1158	1303771423747	1	1.3987	1.0357	0.6903
1159	1303771423766	1	1.3987	1	0.715
1160	1303771423787	1	1.3987	1	0.715
1161	1303771423806	1	1.3987	1.0357	0.6903
1162	1303771423826	1	1.3987	1	0.715
1163	1303771423845	1	1.3987	1	0.715
1164	1303771423864	1	1.3987	1.0357	0.6903
1165	1303771423883	1	1.3987	1	0.715
1166	1303771423903	1	1.3987	1	0.715
1167	1303771423921	1	1.3987	1.0357	0.6903
1168	1303771423941	1	1.3987	1	0.715
1169	1303771423960	1	1.3987	1	0.715
1170	1303771423979	1	1.3987	1.0357	0.6903
1171	1303771423999	1	1.3987	1	0.715
1172	1303771424017	1	1.3987	1	0.715
1173	1303771424037	1	1.3987	1.0357	0.6903
1174	1303771424055	1	1.3987	1	0.715
1175	1303771424075	1	1.3987	1	0.715
1176	1303771424094	1	1.3987	1.0357	0.6903
1177	1303771424114	1	1.3987	1	0.715
1178	1303771424133	1	1.3987	1	0.715
1179	1303771424153	1	1.3987	1.0357	0.6903
1180	1303771424171	1	1.3987	1	0.715
1181	1303771424190	1	1.3987	1	0.715
1182	1303771424210	1	1.3987	1.0357	0.6903
1183	1303771424229	1	1.3987	1	0.715
1184	1303771424249	1	1.3987	1	0.715
1185	1303771424269	1	1.3987	1.0357	0.6903
1186	1303771424290	1	1.3987	1	0.715
1187	1303771424309	1	1.3987	1	0.715
1188	1303771424329	1	1.3987	1.0357	0.6903
1189	1303771424347	1	1.3987	1	0.715
1190	1303771424368	1	1.3987	1	0.715
1191	1303771424387	1	1.3987	1.0357	0.6903
1192	1303771424407	1	1.3987	1	0.715
1193	1303771424466	1	1.3987	1	0.715
1194	1303771424485	1	1.3987	1.0357	0.6903
1195	1303771424505	1	1.3987	1	0.715
1196	1303771424568	1	1.3987	1	0.715
1197	1303771424588	1	1.3987	1.0357	0.6903
1198	1303771424607	1	1.3987	1	0.715
1199	1303771424627	1	1.3987	1	0.715
1200	1303771424646	1	1.3987	1.0357	0.6903
1201	1303771424666	1	1.3987	1	0.715
1202	1303771424685	1	1.3987	1	0.715
1203	1303771424706	1	1.3987	1.0357	0.6903
1204	1303771424724	1	1.3987	1	0.715
1205	1303771424744	1	1.3987	1	0.715
1206	1303771424763	1	1.3987	1.0357	0.6903
1207	1303771424781	1	1.3987	1	0.715
1208	1303771424801	1	1.3987	1	0.715
1209	1303771424821	1	1.3987	1.0357	0.6903
1210	1303771424842	1	1.3987	1	0.715
1211	1303771424904	1	1.3987	1	0.715
1212	1303771424975	1	1.3987	1.0357	0.6903
1213	1303771425006	1	1.3987	1	0.715
1214	1303771425030	1	1.3987	1	0.715
1215	1303771425049	1	1.2722	1.0357	0.7589
1216	1303771425071	1	1.2722	1	0.786
1217	1303771425089	1	1.2722	1	0.786
1218	1303771425108	1	1.2722	1.0357	0.7589
1219	1303771425128	1	1.2722	1.0357	0.7589
1220	1303771425146	1	1.2722	1.0357	0.7589
1221	1303771425166	1	1.2722	1.0714	0.7336
1222	1303771425184	1	1.2722	1.0357	0.7589
1223	1303771425205	1	1.2722	1.0357	0.7589
1224	1303771425223	1	1.2722	1.0714	0.7336
1225	1303771425243	1	1.2722	1	0.786
1226	1303771425261	1	1.2722	1.0357	0.7589
1227	1303771425280	1	1.2722	1.0714	0.7336
1228	1303771425301	1	1.2722	1.0357	0.7589
1229	1303771425320	1	1.2722	1.0357	0.7589
1230	1303771425339	1	1.2722	1.0714	0.7336
1231	1303771425358	1	1.2722	1.0357	0.7589
1232	1303771425378	1	1.2722	1.0357	0.7589
1233	1303771425396	1	1.2722	1.0714	0.7336
1234	1303771425416	1	1.2722	1.0357	0.7589
1235	1303771425435	1	1.2722	1	0.786
1236	1303771425455	1	1.2722	1.0357	0.7589
1237	1303771425473	1	1.2722	1	0.786
1238	1303771425491	1	1.2722	1	0.786
1239	1303771425512	1	1.2722	1.0357	0.7589
1240	1303771425532	1	1.2722	1	0.786
1241	1303771425553	1	1.2722	1	0.786
1242	1303771425572	1	1.2722	1.0357	0.7589
1243	1303771425592	1	1.2722	1	0.786
1244	1303771425610	1	1.2722	1	0.786
1245	1303771425631	1	1.2722	1.0357	0.7589
1246	1303771425649	1	1.2722	1.0357	0.7589
1247	1303771425669	1	1.2722	1.0357	0.7589
1248	1303771425688	1	1.2722	1.0714	0.7336
1249	1303771425707	1	1.2722	1.0357	0.7589
1250	1303771425727	1	1.2722	1.0357	0.7589
1251	1303771425746	1	1.2722	1.0357	0.7589
1252	1303771425807	1	1.2722	1.0357	0.7589
1253	1303771425827	1	1.2722	1.0357	0.7589
1254	1303771425848	1	1.2722	1.0714	0.7336
1255	1303771425867	1	1.2722	1	0.786
1256	1303771425886	1	1.2722	1	0.786
1257	1303771425906	1	1.2722	1.0357	0.7589
1258	1303771425926	1	1.2722	1	0.786
1259	1303771425945	1	1.2722	1	0.786
1260	1303771425965	1	1.2722	1.0357	0.7589
1261	1303771425986	1	1.2722	1	0.786
1262	1303771426006	1	1.2722	1	0.786
1263	1303771426027	1	1.2722	1.0357	0.7589
1264	1303771426046	1	1.2722	1.0357	0.7589
1265	1303771426067	1	1.2722	1.0357	0.7589
1266	1303771426086	1	1.2722	1.0714	0.7336
1267	1303771426107	1	1.2722	1	0.786
1268	1303771426126	1	1.2722	1	0.786
1269	1303771426147	1	1.2722	1.0714	0.7336
1270	1303771426166	1	1.2722	1.0357	0.7589
1271	1303771426184	1	1.2722	1.0357	0.7589
1272	1303771426209	1	1.2722	1.0714	0.7336
1273	1303771426301	1	1.2722	1.0357	0.7589
1274	1303771426403	1	1.2722	1.0357	0.7589
1275	1303771426427	1	1.2722	1.0357	0.7589
1276	1303771426447	1	1.6441	1	0.6082
1277	1303771426506	1	1.6441	1	0.6082
1278	1303771426527	1	1.6441	1.0357	0.5872
1279	1303771426545	1	1.6441	1	0.6082
1280	1303771426565	1	1.6441	1	0.6082
1281	1303771426584	1	1.6441	1.0357	0.5872
1282	1303771426604	1	1.6441	1	0.6082
1283	1303771426623	1	1.6441	1	0.6082
1284	1303771426643	1	1.6441	1.0357	0.5872
1285	1303771426661	1	1.6441	1	0.6082
1286	1303771426682	1	1.6441	1	0.6082
1287	1303771426700	1	1.6441	1.0357	0.5872
1288	1303771426719	1	1.6441	1	0.6082
1289	1303771426779	1	1.6441	1	0.6082
1290	1303771426798	1	1.6441	1.0357	0.5872
1291	1303771426818	1	1.6441	1	0.6082
1292	1303771426837	1	1.6441	1	0.6082
1293	1303771426898	1	1.6441	1.0357	0.5872
1294	1303771426916	1	1.6441	1	0.6082
1295	1303771426936	1	1.6441	1	0.6082
1296	1303771426955	1	1.6441	1.0357	0.5872
1297	1303771426975	1	1.6441	1	0.6082
1298	1303771427034	1	1.6441	1	0.6082
1299	1303771427095	1	1.6441	1.0357	0.5872
1300	1303771427154	1	1.6441	1	0.6082
1301	1303771427175	1	1.6441	1	0.6082
1302	1303771427193	1	1.6441	1.0357	0.5872
1303	1303771427212	1	1.6441	1	0.6082
1304	1303771427232	1	1.6441	1	0.6082
1305	1303771427251	1	1.6441	1.0357	0.5872
1306	1303771427273	1	1.6441	1	0.6082
1307	1303771427337	1	1.6441	1	0.6082
1308	1303771427358	1	1.6441	1.0357	0.5872
1309	1303771427378	1	1.6441	1	0.6082
1310	1303771427399	1	1.6441	1	0.6082
1311	1303771427463	1	1.6441	1.0357	0.5872
1312	1303771427484	1	1.6441	1	0.6082
1313	1303771427548	1	1.6441	1	0.6082
1314	1303771427569	1	1.6441	1.0357	0.5872
1315	1303771427589	1	1.6441	1	0.6082
1316	1303771427610	1	1.6441	1	0.6082
1317	1303771427629	1	1.6441	1.0357	0.5872
1318	1303771427649	1	1.6441	1	0.6082
1319	1303771427669	1	1.6441	1	0.6082
1320	1303771427689	1	1.6441	1.0357	0.5872
1321	1303771427709	1	1.6441	1	0.6082
1322	1303771427729	1	1.6441	1	0.6082
1323	1303771427750	1	1.6441	1.0357	0.5872
1324	1303771427768	1	1.6441	1	0.6082
1325	1303771427833	1	1.6441	1	0.6082
1326	1303771427852	1	1.6441	1.0357	0.5872
1327	1303771427872	1	1.6441	1	0.6082
1328	1303771427892	1	1.6441	1	0.6082
1329	1303771427912	1	1.6441	1.0357	0.5872
1330	1303771427932	1	1.6441	1	0.6082
1331	1303771427952	1	1.6441	1	0.6082
1332	1303771427972	1	1.6441	1.0357	0.5872
1333	1303771427996	1	1.6635	1	0.6012
1334	1303771428084	1	1.6635	1	0.6012
1335	1303771428124	1	1.6635	1.0357	0.5804
1336	1303771428162	1	1.6635	1	0.6012
1337	1303771428181	1	1.6635	1	0.6012
1338	1303771428201	1	1.6635	1.0357	0.5804
1339	1303771428220	1	1.6635	1	0.6012
1340	1303771428239	1	1.6635	1	0.6012
1341	1303771428258	1	1.6635	1.0357	0.5804
1342	1303771428278	1	1.6635	1	0.6012
1343	1303771428297	1	1.6635	1	0.6012
1344	1303771428358	1	1.6635	1.0357	0.5804
1345	1303771428422	1	1.6635	1	0.6012
1346	1303771428483	1	1.6635	1	0.6012
1347	1303771428502	1	1.6635	1.0357	0.5804
1348	1303771428564	1	1.6635	1	0.6012
1349	1303771428582	1	1.6635	1	0.6012
1350	1303771428601	1	1.6635	1.0357	0.5804
1351	1303771428621	1	1.6635	1	0.6012
1352	1303771428641	1	1.6635	1	0.6012
1353	1303771428661	1	1.6635	1.0357	0.5804
1354	1303771428680	1	1.6635	1	0.6012
1355	1303771428700	1	1.6635	1	0.6012
1356	1303771428719	1	1.6635	1.0357	0.5804
1357	1303771428739	1	1.6635	1	0.6012
1358	1303771428758	1	1.6635	1	0.6012
1359	1303771428778	1	1.6635	1.0357	0.5804
1360	1303771428797	1	1.6635	1	0.6012
1361	1303771428816	1	1.6635	1	0.6012
1362	1303771428836	1	1.6635	1.0357	0.5804
1363	1303771428855	1	1.6635	1	0.6012
1364	1303771428876	1	1.6635	1	0.6012
1365	1303771428895	1	1.6635	1.0357	0.5804
1366	1303771428915	1	1.6635	1	0.6012
1367	1303771428933	1	1.6635	1	0.6012
1368	1303771428953	1	1.6635	1.0357	0.5804
1369	1303771428972	1	1.6635	1	0.6012
1370	1303771428992	1	1.6635	1	0.6012
1371	1303771429012	1	1.6635	1.0357	0.5804
1372	1303771429073	1	1.6635	1	0.6012
1373	1303771429092	1	1.6635	1	0.6012
1374	1303771429111	1	1.6635	1.0357	0.5804
1375	1303771429132	1	1.6635	1	0.6012
1376	1303771429191	1	1.6635	1	0.6012
1377	1303771429211	1	1.6635	1.0357	0.5804
1378	1303771429230	1	1.6635	1	0.6012
1379	1303771429250	1	1.6635	1	0.6012
1380	1303771429269	1	1.6635	1.0357	0.5804
1381	1303771429289	1	1.6635	1	0.6012
1382	1303771429308	1	1.6635	1	0.6012
1383	1303771429328	1	1.6635	1.0357	0.5804
1384	1303771429347	1	1.6635	1	0.6012
1385	1303771429366	1	1.6635	1	0.6012
1386	1303771429385	1	1.6635	1.0357	0.5804
1387	1303771429404	1	1.6635	1	0.6012
1388	1303771429424	1	1.6635	1	0.6012
1389	1303771429443	1	1.6635	1.0357	0.5804
1390	1303771429463	1	1.6635	1	0.6012
1391	1303771429482	1	1.6635	1	0.6012
1392	1303771429502	1	1.6635	1.0357	0.5804
1393	1303771429520	1	1.6635	1	0.6012
1394	1303771429545	1	1.6635	1	0.6012
1395	1303771429633	1	1.6635	1.0357	0.5804
1396	1303771429701	1	1.6635	1	0.6012
1397	1303771429739	1	1.6635	1	0.6012
1398	1303771429758	1	1.6842	1.0357	0.5733
1399	1303771429778	1	1.6842	1	0.5938
1400	1303771429838	1	1.6842	1	0.5938
1401	1303771429897	1	1.6842	1.0357	0.5733
1402	1303771429958	1	1.6842	1	0.5938
1403	1303771429976	1	1.6842	1	0.5938
1404	1303771429997	1	1.6842	1.0357	0.5733
1405	1303771430015	1	1.6842	1	0.5938
1406	1303771430036	1	1.6842	1	0.5938
1407	1303771430055	1	1.6842	1.0357	0.5733
1408	1303771430076	1	1.6842	1	0.5938
1409	1303771430134	1	1.6842	1	0.5938
1410	1303771430155	1	1.6842	1.0357	0.5733
1411	1303771430175	1	1.6842	1	0.5938
1412	1303771430195	1	1.6842	1	0.5938
1413	1303771430214	1	1.6842	1.0357	0.5733
1414	1303771430233	1	1.6842	1	0.5938
1415	1303771430253	1	1.6842	1	0.5938
1416	1303771430271	1	1.6842	1.0357	0.5733
1417	1303771430292	1	1.6842	1	0.5938
1418	1303771430353	1	1.6842	1	0.5938
1419	1303771430374	1	1.6842	1.0357	0.5733
1420	1303771430436	1	1.6842	1	0.5938
1421	1303771430456	1	1.6842	1	0.5938
1422	1303771430516	1	1.6842	1.0357	0.5733
1423	1303771430536	1	1.6842	1	0.5938
1424	1303771430554	1	1.6842	1	0.5938
1425	1303771430574	1	1.6842	1.0357	0.5733
1426	1303771430593	1	1.6842	1	0.5938
1427	1303771430612	1	1.6842	1	0.5938
1428	1303771430633	1	1.6842	1.0357	0.5733
1429	1303771430653	1	1.6842	1	0.5938
1430	1303771430674	1	1.6842	1	0.5938
1431	1303771430734	1	1.6842	1.0357	0.5733
1432	1303771430754	1	1.6842	1	0.5938
1433	1303771430813	1	1.6842	1	0.5938
1434	1303771430833	1	1.6842	1.0357	0.5733
1435	1303771430852	1	1.6842	1	0.5938
1436	1303771430872	1	1.6842	1	0.5938
1437	1303771430892	1	1.6842	1.0357	0.5733
1438	1303771430913	1	1.6842	1	0.5938
1439	1303771430931	1	1.6842	1	0.5938
1440	1303771430950	1	1.6842	1.0357	0.5733
1441	1303771430970	1	1.6842	1	0.5938
1442	1303771430990	1	1.6842	1	0.5938
1443	1303771431011	1	1.6842	1.0357	0.5733
1444	1303771431071	1	1.6842	1	0.5938
1445	1303771431091	1	1.6842	1	0.5938
1446	1303771431110	1	1.6842	1.0357	0.5733
1447	1303771431131	1	1.6842	1	0.5938
1448	1303771431150	1	1.6842	1	0.5938
1449	1303771431170	1	1.6842	1.0357	0.5733
1450	1303771431190	1	1.6842	1	0.5938
1451	1303771431209	1	1.6842	1	0.5938
1452	1303771431231	1	1.6842	1.0357	0.5733
1453	1303771431250	1	1.6842	1	0.5938
1454	1303771431271	1	1.6842	1	0.5938
1455	1303771431296	1	1.6842	1.0357	0.5733
1456	1303771431416	1	1.6842	1	0.5938
1457	1303771431486	1	1.6842	1	0.5938
1458	1303771431540	1	1.6842	1.0357	0.5733
1459	1303771431559	1	1.6125	1	0.6202
1460	1303771431579	1	1.6125	1	0.6202
1461	1303771431597	1	1.6125	1.0357	0.5988
1462	1303771431618	1	1.6125	1	0.6202
1463	1303771431638	1	1.6125	1	0.6202
1464	1303771431656	1	1.6125	1.0357	0.5988
1465	1303771431677	1	1.6125	1	0.6202
1466	1303771431697	1	1.6125	1	0.6202
1467	1303771431717	1	1.6125	1.0357	0.5988
1468	1303771431736	1	1.6125	1	0.6202
1469	1303771431756	1	1.6125	1	0.6202
1470	1303771431775	1	1.6125	1.0357	0.5988
1471	1303771431795	1	1.6125	1	0.6202
1472	1303771431813	1	1.6125	1	0.6202
1473	1303771431833	1	1.6125	1.0357	0.5988
1474	1303771431852	1	1.6125	1	0.6202
1475	1303771431870	1	1.6125	1	0.6202
1476	1303771431890	1	1.6125	1.0357	0.5988
1477	1303771431909	1	1.6125	1	0.6202
1478	1303771431930	1	1.6125	1	0.6202
1479	1303771431948	1	1.6125	1.0357	0.5988
1480	1303771431968	1	1.6125	1	0.6202
1481	1303771431987	1	1.6125	1	0.6202
1482	1303771432006	1	1.6125	1.0357	0.5988
1483	1303771432025	1	1.6125	1	0.6202
1484	1303771432045	1	1.6125	1	0.6202
1485	1303771432064	1	1.6125	1.0357	0.5988
1486	1303771432083	1	1.6125	1	0.6202
1487	1303771432103	1	1.6125	1	0.6202
1488	1303771432122	1	1.6125	1.0357	0.5988
1489	1303771432142	1	1.6125	1	0.6202
1490	1303771432162	1	1.6125	1	0.6202
1491	1303771432183	1	1.6125	1.0357	0.5988
1492	1303771432202	1	1.6125	1	0.6202
1493	1303771432222	1	1.6125	1	0.6202
1494	1303771432240	1	1.6125	1.0357	0.5988
1495	1303771432260	1	1.6125	1	0.6202
1496	1303771432280	1	1.6125	1	0.6202
1497	1303771432298	1	1.6125	1.0357	0.5988
1498	1303771432320	1	1.6125	1	0.6202
1499	1303771432339	1	1.6125	1	0.6202
1500	1303771432359	1	1.6125	1.0357	0.5988
1501	1303771432378	1	1.6125	1	0.6202
1502	1303771432440	1	1.6125	1	0.6202
1503	1303771432460	1	1.6125	1.0357	0.5988
1504	1303771432479	1	1.6125	1	0.6202
1505	1303771432498	1	1.6125	1	0.6202
1506	1303771432518	1	1.6125	1.0357	0.5988
1507	1303771432537	1	1.6125	1	0.6202
1508	1303771432557	1	1.6125	1	0.6202
1509	1303771432578	1	1.6125	1.0357	0.5988
1510	1303771432596	1	1.6125	1	0.6202
1511	1303771432617	1	1.6125	1	0.6202
1512	1303771432636	1	1.6125	1.0357	0.5988
1513	1303771432656	1	1.6125	1	0.6202
1514	1303771432674	1	1.6125	1	0.6202
1515	1303771432694	1	1.6125	1.0357	0.5988
1516	1303771432763	1	1.221	1	0.819
1517	1303771432844	1	1.221	1	0.819
1518	1303771432902	1	1.221	1.0357	0.7908
1519	1303771432942	1	1.221	1	0.819
1520	1303771432964	1	1.2137	1	0.8239
1521	1303771433024	1	1.2137	1.0357	0.7955
1522	1303771433044	1	1.2137	1	0.8239
1523	1303771433066	1	1.2137	1	0.8239
1524	1303771433085	1	1.2137	1.0357	0.7955
1525	1303771433106	1	1.2137	1	0.8239
1526	1303771433124	1	1.2137	1	0.8239
1527	1303771433144	1	1.2137	1.0357	0.7955
1528	1303771433163	1	1.2137	1	0.8239
1529	1303771433183	1	1.2137	1	0.8239
1530	1303771433202	1	1.2137	1.0357	0.7955
1531	1303771433223	1	1.2137	1	0.8239
1532	1303771433242	1	1.2137	1	0.8239
1533	1303771433261	1	1.2137	1.0357	0.7955
1534	1303771433281	1	1.2137	1	0.8239
1535	1303771433300	1	1.2137	1	0.8239
1536	1303771433319	1	1.2137	1	0.8239
1537	1303771433339	1	1.2137	1	0.8239
1538	1303771433359	1	1.2137	1	0.8239
1539	1303771433378	1	1.2137	1	0.8239
1540	1303771433439	1	1.2137	1	0.8239
1541	1303771433458	1	1.2137	1	0.8239
1542	1303771433519	1	1.2137	1	0.8239
1543	1303771433579	1	1.2137	1	0.8239
1544	1303771433600	1	1.2137	1	0.8239
1545	1303771433618	1	1.2137	1	0.8239
1546	1303771433639	1	1.2137	1	0.8239
1547	1303771433658	1	1.2137	1	0.8239
1548	1303771433677	1	1.2137	1	0.8239
1549	1303771433697	1	1.2137	1	0.8239
1550	1303771433756	1	1.2137	1	0.8239
1551	1303771433776	1	1.2137	1	0.8239
1552	1303771433795	1	1.2137	1	0.8239
1553	1303771433816	1	1.2137	1	0.8239
1554	1303771433836	1	1.2137	1	0.8239
1555	1303771433897	1	1.2137	1	0.8239
1556	1303771433915	1	1.2137	1	0.8239
1557	1303771433936	1	1.2137	1	0.8239
1558	1303771433954	1	1.2137	1	0.8239
1559	1303771433973	1	1.2137	1	0.8239
1560	1303771433994	1	1.2137	1	0.8239
1561	1303771434012	1	1.2137	1	0.8239
1562	1303771434033	1	1.2137	1	0.8239
1563	1303771434052	1	1.2137	1	0.8239
1564	1303771434072	1	1.2137	1	0.8239
1565	1303771434091	1	1.2137	1	0.8239
1566	1303771434111	1	1.2137	1	0.8239
1567	1303771434130	1	1.2137	1	0.8239
1568	1303771434151	1	1.2137	1	0.8239
1569	1303771434170	1	1.2137	1	0.8239
1570	1303771434189	1	1.2137	1	0.8239
1571	1303771434209	1	1.2137	1	0.8239
1572	1303771434227	1	1.2137	1	0.8239
1573	1303771434248	1	1.2137	1	0.8239
1574	1303771434266	1	1.2137	1	0.8239
1575	1303771434286	1	1.2137	1	0.8239
1576	1303771434305	1	1.2137	1	0.8239
1577	1303771434330	1	1.2137	1	0.8239
1578	1303771434443	1	1.2137	1	0.8239
1579	1303771434545	1	1.2137	1	0.8239
1580	1303771434581	1	1.2137	1	0.8239
1581	1303771434600	1	1.2332	1	0.8109
1582	1303771434620	1	1.2332	1	0.8109
1583	1303771434639	1	1.2332	1	0.8109
1584	1303771434658	1	1.2332	1	0.8109
1585	1303771434677	1	1.2332	1	0.8109
1586	1303771434696	1	1.2332	1	0.8109
1587	1303771434717	1	1.2332	1	0.8109
1588	1303771434775	1	1.2332	1	0.8109
1589	1303771434796	1	1.2332	1	0.8109
1590	1303771434815	1	1.2332	1	0.8109
1591	1303771434835	1	1.2332	1	0.8109
1592	1303771434854	1	1.2332	1	0.8109
1593	1303771434874	1	1.2332	1	0.8109
1594	1303771434893	1	1.2332	1	0.8109
1595	1303771434914	1	1.2332	1	0.8109
1596	1303771434933	1	1.2332	1	0.8109
1597	1303771434953	1	1.2332	1	0.8109
1598	1303771434973	1	1.2332	1	0.8109
1599	1303771434992	1	1.2332	1	0.8109
1600	1303771435012	1	1.2332	1	0.8109
1601	1303771435031	1	1.2332	1	0.8109
1602	1303771435051	1	1.2332	1	0.8109
1603	1303771435071	1	1.2332	1	0.8109
1604	1303771435092	1	1.2332	1	0.8109
1605	1303771435111	1	1.2332	1	0.8109
1606	1303771435131	1	1.2332	1	0.8109
1607	1303771435151	1	1.2332	1	0.8109
1608	1303771435170	1	1.2332	1	0.8109
1609	1303771435191	1	1.2332	1	0.8109
1610	1303771435210	1	1.2332	1	0.8109
1611	1303771435230	1	1.2332	1	0.8109
1612	1303771435249	1	1.2332	1	0.8109
1613	1303771435269	1	1.2332	1	0.8109
1614	1303771435288	1	1.2332	1	0.8109
1615	1303771435308	1	1.2332	1	0.8109
1616	1303771435368	1	1.2332	1	0.8109
1617	1303771435390	1	1.2332	1	0.8109
1618	1303771435409	1	1.2332	1	0.8109
1619	1303771435429	1	1.2332	1	0.8109
1620	1303771435449	1	1.2332	1	0.8109
1621	1303771435468	1	1.2332	1	0.8109
1622	1303771435488	1	1.2332	1	0.8109
1623	1303771435508	1	1.2332	1	0.8109
1624	1303771435570	1	1.2332	1	0.8109
1625	1303771435589	1	1.2332	1	0.8109
1626	1303771435610	1	1.2332	1	0.8109
1627	1303771435670	1	1.2332	1	0.8109
1628	1303771435690	1	1.2332	1	0.8109
1629	1303771435709	1	1.2332	1	0.8109
1630	1303771435730	1	1.2332	1	0.8109
1631	1303771435750	1	1.2332	1	0.8109
1632	1303771435769	1	1.2332	1	0.8109
1633	1303771435790	1	1.2332	1	0.8109
1634	1303771435810	1	1.2332	1	0.8109
1635	1303771435831	1	1.2332	1	0.8109
1636	1303771435851	1	1.2332	1	0.8109
1637	1303771435871	1	1.2332	1	0.8109
1638	1303771435898	1	1.2332	1	0.8109
1639	1303771436008	1	1.2332	1	0.8109
1640	1303771436121	1	1.2332	1	0.8109
1641	1303771436207	1	1.2332	1	0.8109
1642	1303771436229	1	1.2332	1	0.8109
1643	1303771436288	1	1.2332	1	0.8109
1644	1303771436309	1	1.2332	1	0.8109
1645	1303771436328	1	1.2332	1	0.8109
1646	1303771436348	1	1.2332	1	0.8109
1647	1303771436367	1	1.2332	1	0.8109
1648	1303771436386	1	1.2332	1	0.8109
1649	1303771436406	1	1.2332	1	0.8109
1650	1303771436424	1	1.2332	1	0.8109
1651	1303771436485	1	1.2332	1	0.8109
1652	1303771436504	1	1.2332	1	0.8109
1653	1303771436525	1	1.2332	1	0.8109
1654	1303771436543	1	1.2332	1	0.8109
1655	1303771436564	1	1.2332	1	0.8109
1656	1303771436583	1	1.2332	1	0.8109
1657	1303771436603	1	1.2332	1	0.8109
1658	1303771436622	1	1.2332	1	0.8109
1659	1303771436641	1	1.2332	1	0.8109
1660	1303771436662	1	1.2332	1	0.8109
1661	1303771436681	1	1.2332	1	0.8109
1662	1303771436701	1	1.2332	1	0.8109
1663	1303771436720	1	1.2332	1	0.8109
1664	1303771436740	1	1.2332	1	0.8109
1665	1303771436759	1	1.2332	1	0.8109
1666	1303771436821	1	1.2332	1	0.8109
1667	1303771436840	1	1.2332	1	0.8109
1668	1303771436860	1	1.2332	1	0.8109
1669	1303771436879	1	1.2332	1	0.8109
1670	1303771436944	1	1.2332	1	0.8109
1671	1303771436963	1	1.2332	1	0.8109
1672	1303771436983	1	1.2332	1	0.8109
1673	1303771437003	1	1.2332	1	0.8109
1674	1303771437022	1	1.2332	1	0.8109
1675	1303771437042	1	1.2332	1	0.8109
1676	1303771437062	1	1.2332	1	0.8109
1677	1303771437083	1	1.2332	1	0.8109
1678	1303771437101	1	1.2332	1	0.8109
1679	1303771437122	1	1.2332	1	0.8109
1680	1303771437180	1	1.2332	1	0.8109
1681	1303771437201	1	1.2332	1	0.8109
1682	1303771437220	1	1.2332	1	0.8109
1683	1303771437241	1	1.2332	1	0.8109
1684	1303771437259	1	1.2332	1	0.8109
1685	1303771437279	1	1.2332	1	0.8109
1686	1303771437299	1	1.2332	1	0.8109
1687	1303771437318	1	1.2332	1	0.8109
1688	1303771437339	1	1.2332	1	0.8109
1689	1303771437357	1	1.2332	1	0.8109
1690	1303771437378	1	1.2332	1	0.8109
1691	1303771437437	1	1.2332	1	0.8109
1692	1303771437457	1	1.2332	1	0.8109
1693	1303771437476	1	1.2332	1	0.8109
1694	1303771437496	1	1.2332	1	0.8109
1695	1303771437515	1	1.2332	1	0.8109
1696	1303771437535	1	1.2332	1	0.8109
1697	1303771437555	1	1.2332	1	0.8109
1698	1303771437574	1	1.2332	1	0.8109
1699	1303771437600	1	1.2332	1	0.8109
1700	1303771437679	1	1.2332	1	0.8109
1701	1303771437758	1	1.2332	1	0.8109
1702	1303771437784	1	1.2332	1	0.8109
1703	1303771437847	1	1.2112	1	0.8256
1704	1303771437867	1	1.2112	1.0357	0.7972
1705	1303771437887	1	1.2112	1.0357	0.7972
1706	1303771437906	1	1.2112	1	0.8256
1707	1303771437927	1	1.2112	1	0.8256
1708	1303771437986	1	1.2112	1	0.8256
1709	1303771438046	1	1.2112	1	0.8256
1710	1303771438065	1	1.2112	1	0.8256
1711	1303771438086	1	1.2112	1.0357	0.7972
1712	1303771438105	1	1.2112	1	0.8256
1713	1303771438125	1	1.2112	1	0.8256
1714	1303771438186	1	1.2112	1	0.8256
1715	1303771438205	1	1.2112	1	0.8256
1716	1303771438226	1	1.2112	1	0.8256
1717	1303771438286	1	1.2112	1	0.8256
1718	1303771438307	1	1.2112	1	0.8256
1719	1303771438326	1	1.2112	1	0.8256
1720	1303771438346	1	1.2112	1	0.8256
1721	1303771438365	1	1.2112	1	0.8256
1722	1303771438385	1	1.2112	1.0357	0.7972
1723	1303771438405	1	1.2112	1.0357	0.7972
1724	1303771438426	1	1.2112	1	0.8256
1725	1303771438446	1	1.2112	1	0.8256
1726	1303771438465	1	1.2112	1	0.8256
1727	1303771438487	1	1.2112	1	0.8256
1728	1303771438507	1	1.2112	1	0.8256
1729	1303771438528	1	1.2112	1.0357	0.7972
1730	1303771438587	1	1.2112	1	0.8256
1731	1303771438608	1	1.2112	1	0.8256
1732	1303771438626	1	1.2112	1	0.8256
1733	1303771438646	1	1.2112	1	0.8256
1734	1303771438666	1	1.2112	1	0.8256
1735	1303771438687	1	1.2112	1	0.8256
1736	1303771438707	1	1.2112	1	0.8256
1737	1303771438725	1	1.2112	1	0.8256
1738	1303771438746	1	1.2112	1	0.8256
1739	1303771438764	1	1.2112	1	0.8256
1740	1303771438784	1	1.2112	1.0357	0.7972
1741	1303771438803	1	1.2112	1.0357	0.7972
1742	1303771438824	1	1.2112	1	0.8256
1743	1303771438843	1	1.2112	1	0.8256
1744	1303771438863	1	1.2112	1	0.8256
1745	1303771438882	1	1.2112	1	0.8256
1746	1303771438902	1	1.2112	1	0.8256
1747	1303771438921	1	1.2112	1.0357	0.7972
1748	1303771438981	1	1.2112	1	0.8256
1749	1303771439000	1	1.2112	1	0.8256
1750	1303771439019	1	1.2112	1	0.8256
1751	1303771439039	1	1.2112	1	0.8256
1752	1303771439057	1	1.2112	1	0.8256
1753	1303771439078	1	1.2112	1	0.8256
1754	1303771439096	1	1.2112	1	0.8256
1755	1303771439117	1	1.2112	1	0.8256
1756	1303771439136	1	1.2112	1	0.8256
1757	1303771439158	1	1.2112	1	0.8256
1758	1303771439177	1	1.2112	1.0357	0.7972
1759	1303771439197	1	1.2112	1.0357	0.7972
1760	1303771439220	1	1.2112	1	0.8256
1761	1303771439288	1	1.2112	1	0.8256
1762	1303771439333	1	1.2112	1	0.8256
1763	1303771439356	1	1.2112	1	0.8256
1764	1303771439377	1	1.1716	1.0357	0.8241
1765	1303771439396	1	1.1716	1.0357	0.8241
1766	1303771439416	1	1.1716	1	0.8535
1767	1303771439435	1	1.1716	1	0.8535
1768	1303771439495	1	1.1716	1.0357	0.8241
1769	1303771439514	1	1.1716	1.0357	0.8241
1770	1303771439534	1	1.1716	1.0357	0.8241
1771	1303771439552	1	1.1716	1.0357	0.8241
1772	1303771439571	1	1.1716	1.0357	0.8241
1773	1303771439631	1	1.1716	1.0357	0.8241
1774	1303771439650	1	1.1716	1	0.8535
1775	1303771439670	1	1.1716	1	0.8535
1776	1303771439689	1	1.1716	1.0357	0.8241
1777	1303771439710	1	1.1716	1.0357	0.8241
1778	1303771439729	1	1.1716	1.0357	0.8241
1779	1303771439748	1	1.1716	1.0357	0.8241
1780	1303771439767	1	1.1716	1.0357	0.8241
1781	1303771439787	1	1.1716	1.0357	0.8241
1782	1303771439807	1	1.1716	1.0357	0.8241
1783	1303771439826	1	1.1716	1.0357	0.8241
1784	1303771439848	1	1.1716	1.0357	0.8241
1785	1303771439868	1	1.1716	1.0357	0.8241
1786	1303771439888	1	1.1716	1.0357	0.8241
1787	1303771439948	1	1.1716	1.0357	0.8241
1788	1303771439968	1	1.1716	1.0357	0.8241
1789	1303771439987	1	1.1716	1.0357	0.8241
1790	1303771440007	1	1.1716	1.0357	0.8241
1791	1303771440025	1	1.1716	1.0357	0.8241
1792	1303771440086	1	1.1716	1.0357	0.8241
1793	1303771440105	1	1.1716	1	0.8535
1794	1303771440125	1	1.1716	1	0.8535
1795	1303771440144	1	1.1716	1.0357	0.8241
1796	1303771440203	1	1.1716	1.0357	0.8241
1797	1303771440223	1	1.1716	1.0357	0.8241
1798	1303771440242	1	1.1716	1.0357	0.8241
1799	1303771440262	1	1.1716	1.0357	0.8241
1800	1303771440281	1	1.1716	1.0357	0.8241
