0	1303775908679	0	0	0	0
1	1303775908688	0	0	0	0
2	1303775908698	0	0	0	0
3	1303775908707	0	0	0	0
4	1303775908717	0	0	0	0
5	1303775908727	0	0	0	0
6	1303775908738	0	0	0	0
7	1303775908749	0	0	0	0
8	1303775908761	0	0	0	0
9	1303775908773	0	0	0	0
10	1303775908786	0	0	0	0
11	1303775908799	0	0	0	0
12	1303775908853	0	0	0	0
13	1303775908867	0	0	0	0
14	1303775908880	0	0	0	0
15	1303775908893	0	0	0	0
16	1303775908908	0	0	0	0
17	1303775908923	0	0	0	0
18	1303775908978	0	0	0	0
19	1303775908999	0	0	0	0
20	1303775909054	0	0	0	0
21	1303775909069	0	0	0	0
22	1303775909083	0	0	0	0
23	1303775909138	0	0	0	0
24	1303775909153	0	0	0	0
25	1303775909184	0.5	0	0	0
26	1303775909234	0.5	0	0	0
27	1303775909262	0.5	0	0	0
28	1303775909279	0.5	0	0	0
29	1303775909335	0.5	0	0	0
30	1303775909352	0.5	0	0	0
31	1303775909368	0.5	0	0	0
32	1303775909385	0.5	0	0	0
33	1303775909401	0.5	0	0	0
34	1303775909418	0.5	0	0	0
35	1303775909436	0.5	0	0	0
36	1303775909453	0.5	0	0	0
37	1303775909560	0.5	0	0	0
38	1303775909579	0.5	0	0	0
39	1303775909597	0.5	0	0	0
40	1303775909616	0.5	0	0	0
41	1303775909635	0.5	0	0	0
42	1303775909653	0.5	0	0	0
43	1303775909672	0.5	0	0	0
44	1303775909692	0.5	0	0	0
45	1303775909711	0.5	0	0	0
46	1303775909736	0.5	0	0	0
47	1303775909755	0.5	0	0	0
48	1303775909774	0.5	0	0	0
49	1303775909794	0.5	0	0	0
50	1303775909813	0.5	0	0	0
51	1303775909831	0.5	0	0	0
52	1303775909851	0.5	0	0	0
53	1303775909870	0.5	0	0	0
54	1303775909929	0.5	0	0	0
55	1303775909948	0.5	0	0	0
56	1303775909972	0.5	0	0	0
57	1303775909992	0.5	0	0	0
58	1303775910011	0.5	0	0	0
59	1303775910031	0.5	0	0	0
60	1303775910049	0.5	0	0	0
61	1303775910070	0.5	0	0	0
62	1303775910090	0.5	0	0	0
63	1303775910111	0.5	0	0	0
64	1303775910131	0.5	0	0	0
65	1303775910152	0.5	0	0	0
66	1303775910177	0.5	0	0	0
67	1303775910197	0.5	0	0	0
68	1303775910218	0.5	0	0	0
69	1303775910237	0.5	0	0	0
70	1303775910258	0.5	0	0	0
71	1303775910278	0.5	0	0	0
72	1303775910298	0.5	0	0	0
73	1303775910319	0.5	0	0	0
74	1303775910339	0.5	0	0	0
75	1303775910365	0.5	0	0	0
76	1303775910385	0.5	0	0	0
77	1303775910445	0.5	0	0	0
78	1303775910466	0.5	0	0	0
79	1303775910486	0.5	0	0	0
80	1303775910546	0.5	0	0	0
81	1303775910566	0.5	0	0	0
82	1303775910586	0.5	0	0	0
83	1303775910607	0.5	0	0	0
84	1303775910667	0.5	0	0	0
85	1303775910733	0.5	0	0	0
86	1303775910752	0.5	0	0	0
87	1303775910773	0.5	0	0	0
88	1303775910793	0.5	0	0	0
89	1303775910817	0.5	1.0047	0	0
90	1303775910849	0.5	1.0047	0	0
91	1303775910874	0.5	1.0047	0	0
92	1303775910896	0.5	1.0047	1.5	0.3318
93	1303775910923	0.5	1.0047	0	0
94	1303775910945	0.5	1.0047	1.3333	0.3732
95	1303775910966	0.5	1.0047	1.5	0.3318
96	1303775911035	1	1.0047	1.375	0.7239
97	1303775911079	1	1.0047	1.375	0.7239
98	1303775911123	1	1.0047	1.25	0.7962
99	1303775911149	1	1.0047	1.25	0.7962
100	1303775911173	1	1.2814	1.3	0.6003
101	1303775911236	1	1.2214	1.3	0.6298
102	1303775911260	1	1.2214	1.3333	0.6141
103	1303775911283	1	1.2214	1.25	0.655
104	1303775911305	1	1.2214	1.25	0.655
105	1303775911326	1	1.2214	1.3077	0.6261
106	1303775911354	1	1.2214	1.2308	0.6652
107	1303775911375	1	1.2214	1.2143	0.6743
108	1303775911397	1	1.2214	1.2333	0.6638
109	1303775911418	1	1.2214	1.2	0.6823
110	1303775911440	1	1.2214	1.1429	0.7164
111	1303775911461	1	1.2214	1.1429	0.7164
112	1303775911483	1	1.2214	1.2	0.6823
113	1303775911505	1	1.2214	1.1786	0.6947
114	1303775911532	1	1.2214	1.1667	0.7018
115	1303775911554	1	1.2214	1.2188	0.6718
116	1303775911575	1	1.2214	1.2188	0.6718
117	1303775911637	1	1.2214	1.2059	0.679
118	1303775911658	1	1.2214	1.125	0.7278
119	1303775911680	1	1.2214	1.1471	0.7138
120	1303775911741	1	1.2214	1.1389	0.7189
121	1303775911763	1	1.2214	1.1176	0.7326
122	1303775911784	1	1.2214	1.1176	0.7326
123	1303775911811	1	1.2214	1.0882	0.7524
124	1303775911833	1	1.2214	1.1176	0.7326
125	1303775911854	1	1.2214	1.1389	0.7189
126	1303775911876	1	1.2214	1.15	0.712
127	1303775911897	1	1.2214	1.1316	0.7235
128	1303775911918	1	1.2214	1.1	0.7443
129	1303775911939	1	1.2214	1.1	0.7443
130	1303775911961	1	1.2214	1.1053	0.7408
131	1303775911988	1	1.2214	1.1053	0.7408
132	1303775912009	1	1.2214	1.119	0.7316
133	1303775912031	1	1.2214	1.0789	0.7588
134	1303775912053	1	1.2214	1.119	0.7316
135	1303775912074	1	1.2214	1.0952	0.7475
136	1303775912095	1	1.2214	1.075	0.7616
137	1303775912117	1	1.2214	1.1	0.7443
138	1303775912138	1	1.2214	1.1	0.7443
139	1303775912165	1	1.2214	1.0952	0.7475
140	1303775912187	1	1.2214	1.0714	0.7642
141	1303775912209	1	1.2214	1.0952	0.7475
142	1303775912270	1	1.2214	1.0476	0.7815
143	1303775912292	1	1.2214	1.0476	0.7815
144	1303775912313	1	1.2214	1.0476	0.7815
145	1303775912335	1	1.2214	1.0476	0.7815
146	1303775912356	1	1.2214	1.0476	0.7815
147	1303775912377	1	1.2214	1.0476	0.7815
148	1303775912404	1	1.2214	1.0476	0.7815
149	1303775912425	1	1.2214	1.0476	0.7815
150	1303775912448	1	1.2195	1.0476	0.7828
151	1303775912470	1	1.2195	1.0476	0.7828
152	1303775912492	1	1.2195	1.0476	0.7828
153	1303775912554	1	1.2195	1.0476	0.7828
154	1303775912575	1	1.2195	1.0476	0.7828
155	1303775912596	1	1.2195	1.0476	0.7828
156	1303775912622	1	1.2195	1.0476	0.7828
157	1303775912644	1	1.2195	1.0476	0.7828
158	1303775912665	1	1.2195	1.0476	0.7828
159	1303775912687	1	1.2195	1.0476	0.7828
160	1303775912753	1	1.2195	1.0476	0.7828
161	1303775912780	1	1.2095	1.0476	0.7892
162	1303775912804	1	1.2088	1.0476	0.7896
163	1303775912827	1	1.2088	1.0476	0.7897
164	1303775912855	1	1.2088	1.0476	0.7897
165	1303775912878	1	1.2088	1.0476	0.7897
166	1303775912939	1	1.2088	1.0476	0.7897
167	1303775912960	1	1.2088	1.0476	0.7897
168	1303775912981	1	1.2088	1.0476	0.7897
169	1303775913042	1	1.2088	1.0476	0.7897
170	1303775913063	1	1.2088	1.0476	0.7897
171	1303775913085	1	1.2088	1.0476	0.7897
172	1303775913111	1	1.2088	1.0476	0.7897
173	1303775913132	1	1.2088	1.0476	0.7897
174	1303775913153	1	1.2088	1.0476	0.7897
175	1303775913174	1	1.2088	1.0476	0.7897
176	1303775913195	1	1.2088	1.0476	0.7897
177	1303775913216	1	1.2088	1.0476	0.7897
178	1303775913237	1	1.2088	1.0476	0.7897
179	1303775913258	1	1.2088	1.0476	0.7897
180	1303775913285	1	1.2088	1.0476	0.7897
181	1303775913306	1	1.2088	1.0476	0.7897
182	1303775913327	1	1.2088	1.0476	0.7897
183	1303775913389	1	1.2088	1.0476	0.7897
184	1303775913409	1	1.2088	1.0476	0.7897
185	1303775913430	1	1.2088	1.0476	0.7897
186	1303775913452	1	1.2088	1.0476	0.7897
187	1303775913473	1	1.2088	1.0476	0.7897
188	1303775913494	1	1.2088	1.0476	0.7897
189	1303775913560	1	1.2088	1.0476	0.7897
190	1303775913582	1	1.2088	1.0476	0.7897
191	1303775913603	1	1.2088	1.0476	0.7897
192	1303775913624	1	1.2088	1.0476	0.7897
193	1303775913646	1	1.2088	1.0476	0.7897
194	1303775913667	1	1.2088	1.0476	0.7897
195	1303775913688	1	1.2088	1.0476	0.7897
196	1303775913710	1	1.2088	1.0476	0.7897
197	1303775913736	1	1.2088	1.0476	0.7897
198	1303775913757	1	1.2088	1.0476	0.7897
199	1303775913778	1	1.2088	1.0476	0.7897
200	1303775913799	1	1.2088	1.0476	0.7897
201	1303775913820	1	1.2088	1.0476	0.7897
202	1303775913841	1	1.2088	1.0476	0.7897
203	1303775913862	1	1.2088	1.0476	0.7897
204	1303775913883	1	1.2088	1.0476	0.7897
205	1303775913904	1	1.2088	1.0476	0.7897
206	1303775913930	1	1.2088	1.0476	0.7897
207	1303775913952	1	1.2088	1.0476	0.7897
208	1303775914013	1	1.2088	1.0476	0.7897
209	1303775914034	1	1.2088	1.0476	0.7897
210	1303775914096	1	1.2088	1.0476	0.7897
211	1303775914118	1	1.2088	1.0476	0.7897
212	1303775914141	1	1.2085	1.0476	0.7899
213	1303775914204	1	1.2085	1.0476	0.7899
214	1303775914232	1	1.2085	1.0476	0.7899
215	1303775914252	1	1.2085	1.0476	0.7899
216	1303775914273	1	1.2085	1.0476	0.7899
217	1303775914294	1	1.2085	1.0476	0.7899
218	1303775914315	1	1.2085	1.0476	0.7899
219	1303775914336	1	1.2085	1.0476	0.7899
220	1303775914358	1	1.2085	1.0476	0.7899
221	1303775914385	1	1.0522	1.0476	0.9072
222	1303775914458	1	1.0455	1.0476	0.913
223	1303775914480	1	1.0455	1.0682	0.8954
224	1303775914501	1	1.0455	1.0909	0.8767
225	1303775914522	1	1.0455	1.0682	0.8954
226	1303775914543	1	1.0455	1.0476	0.913
227	1303775914564	1	1.0455	1.0476	0.913
228	1303775914584	1	1.0455	1.0909	0.8767
229	1303775914605	1	1.0455	1.0476	0.913
230	1303775914626	1	1.0455	1.025	0.9331
231	1303775914652	1	1.0455	1.0682	0.8954
232	1303775914673	1	1.0455	1.1818	0.8093
233	1303775914693	1	1.0455	1.1667	0.8198
234	1303775914713	1	1.0455	1.119	0.8547
235	1303775914734	1	1.0455	1.1818	0.8093
236	1303775914755	1	1.0455	1.0833	0.8829
237	1303775914776	1	1.0455	1.0952	0.8733
238	1303775914796	1	1.0455	1.0952	0.8733
239	1303775914817	1	1.0455	1.075	0.8897
240	1303775914844	1	1.0455	1.075	0.8897
241	1303775914865	1	1.0455	1.0476	0.913
242	1303775914886	1	1.0455	1.1136	0.8588
243	1303775914907	1	1.0455	1.025	0.9331
244	1303775914928	1	1.0455	1.0455	0.9149
245	1303775914948	1	1.0455	1.0476	0.913
246	1303775914969	1	1.0455	1.0909	0.8767
247	1303775914989	1	1.0455	1.0455	0.9149
248	1303775915010	1	1.0455	1.0455	0.9149
249	1303775915035	1	1.0455	1.0227	0.9352
250	1303775915056	1	1.0455	1.0227	0.9352
251	1303775915077	1	1.0455	1.0227	0.9352
252	1303775915098	1	1.0455	1	0.9564
253	1303775915118	1	1.0455	1.0227	0.9352
254	1303775915139	1	1.0455	1.0455	0.9149
255	1303775915160	1	1.0455	1	0.9564
256	1303775915181	1	1.0455	1	0.9564
257	1303775915202	1	1.0455	1.0455	0.9149
258	1303775915228	1	1.0455	1.0227	0.9352
259	1303775915289	1	1.0268	1	0.9739
260	1303775915310	1	1.0268	1.0227	0.9523
261	1303775915330	1	1.0268	1.0227	0.9523
262	1303775915351	1	1.0268	1.0227	0.9523
263	1303775915371	1	1.0268	1.0227	0.9523
264	1303775915392	1	1.0268	1	0.9739
265	1303775915454	1	1.0268	1.0227	0.9523
266	1303775915475	1	1.0268	1.0455	0.9316
267	1303775915543	1	1.0268	1	0.9739
268	1303775915564	1	1.0268	1	0.9739
269	1303775915585	1	1.0268	1.0455	0.9316
270	1303775915606	1	1.0268	1.0227	0.9523
271	1303775915628	1	1.0268	1	0.9739
272	1303775915662	1	1.0267	1.0227	0.9523
273	1303775915686	1	1.0267	1.0227	0.9523
274	1303775915709	1	1.0267	1.0227	0.9523
275	1303775915736	1	1.0267	1.0227	0.9523
276	1303775915758	1	1.0267	1	0.974
277	1303775915778	1	1.0267	1.0227	0.9523
278	1303775915799	1	1.0267	1.0455	0.9316
279	1303775915860	1	1.0267	1	0.974
280	1303775915880	1	1.0267	1	0.974
281	1303775915901	1	1.0267	1.0455	0.9316
282	1303775915939	1	1.0332	1.0227	0.9464
283	1303775916001	1	1.0096	1.0227	0.9685
284	1303775916028	1	1.0096	1.0227	0.9685
285	1303775916050	1	1.0096	1.0227	0.9685
286	1303775916071	1	1.0096	1.0227	0.9685
287	1303775916092	1	1.0096	1	0.9905
288	1303775916152	1	1.0096	1.0227	0.9685
289	1303775916173	1	1.0096	1.0227	0.9685
290	1303775916193	1	1.0096	1.0227	0.9685
291	1303775916214	1	1.0096	1	0.9905
292	1303775916240	1	1.0096	1	0.9905
293	1303775916261	1	1.0096	1.0227	0.9685
294	1303775916282	1	1.0096	1.0227	0.9685
295	1303775916303	1	1.0096	1	0.9905
296	1303775916324	1	1.0096	1.0227	0.9685
297	1303775916349	1	1.0096	1.0227	0.9685
298	1303775916370	1	1.0096	1	0.9905
299	1303775916391	1	1.0096	1.0227	0.9685
300	1303775916411	1	1.0096	1	0.9905
301	1303775916437	1	1.0096	1	0.9905
302	1303775916458	1	1.0096	1.0227	0.9685
303	1303775916479	1	1.0096	1	0.9905
304	1303775916500	1	1.0096	1	0.9905
305	1303775916561	1	1.0096	1.0227	0.9685
306	1303775916582	1	1.0096	1	0.9905
307	1303775916603	1	1.0096	1	0.9905
308	1303775916624	1	1.0096	1.0227	0.9685
309	1303775916684	1	1.0096	1	0.9905
310	1303775916710	1	1.0096	1	0.9905
311	1303775916731	1	1.0096	1.0227	0.9685
312	1303775916752	1	1.0096	1.0227	0.9685
313	1303775916772	1	1.0096	1	0.9905
314	1303775916793	1	1.0096	1	0.9905
315	1303775916814	1	1.0096	1.0227	0.9685
316	1303775916834	1	1.0096	1.0227	0.9685
317	1303775916855	1	1.0096	1	0.9905
318	1303775916876	1	1.0096	1	0.9905
319	1303775916942	1	1.0096	1.0227	0.9685
320	1303775916963	1	1.0096	1.0227	0.9685
321	1303775916984	1	1.0096	1	0.9905
322	1303775917005	1	1.0096	1.0227	0.9685
323	1303775917026	1	1.0096	1.0227	0.9685
324	1303775917047	1	1.0096	1.0227	0.9685
325	1303775917068	1	1.0096	1	0.9905
326	1303775917089	1	1.0096	1.0227	0.9685
327	1303775917109	1	1.0096	1.0227	0.9685
328	1303775917136	1	1.0096	1.0227	0.9685
329	1303775917157	1	1.0096	1	0.9905
330	1303775917218	1	1.0096	1.0227	0.9685
331	1303775917239	1	1.0096	1.0227	0.9685
332	1303775917261	1	1.0096	1.0227	0.9685
333	1303775917322	1	1.0096	1	0.9905
334	1303775917349	1	1.0096	1.0227	0.9685
335	1303775917418	1	1.0096	1.0227	0.9685
336	1303775917440	1	1.0096	1.0227	0.9685
337	1303775917461	1	1.0096	1	0.9905
338	1303775917482	1	1.0096	1.0227	0.9685
339	1303775917502	1	1.0096	1.0227	0.9685
340	1303775917523	1	1.0096	1.0227	0.9685
341	1303775917544	1	1.0096	1	0.9905
342	1303775917565	1	1.0096	1.0227	0.9685
343	1303775917629	1	1.0089	1.0227	0.9692
344	1303775917679	1	1.0072	1.0227	0.9707
345	1303775917703	1	1.0072	1	0.9928
346	1303775917726	1	1.0072	1.0227	0.9707
347	1303775917747	1	1.0072	1.0227	0.9707
348	1303775917768	1	1.0072	1.0227	0.9707
349	1303775917789	1	1.0072	1	0.9928
350	1303775917851	1	1.0072	1.0227	0.9707
351	1303775917877	1	1.0072	1.0227	0.9707
352	1303775917898	1	1.0072	1.0227	0.9707
353	1303775917919	1	1.0072	1	0.9928
354	1303775917941	1	1.0072	1.0227	0.9707
355	1303775917962	1	1.0072	1.0227	0.9707
356	1303775917982	1	1.0072	1.0227	0.9707
357	1303775918003	1	1.0072	1	0.9928
358	1303775918024	1	1.0072	1.0227	0.9707
359	1303775918045	1	1.0072	1.0227	0.9707
360	1303775918071	1	1.0072	1.0227	0.9707
361	1303775918091	1	1.0072	1	0.9928
362	1303775918112	1	1.0072	1.0227	0.9707
363	1303775918133	1	1.0072	1.0227	0.9707
364	1303775918153	1	1.0072	1.0227	0.9707
365	1303775918213	1	1.0072	1	0.9928
366	1303775918233	1	1.0072	1.0227	0.9707
367	1303775918254	1	1.0072	1.0227	0.9707
368	1303775918275	1	1.0072	1.0227	0.9707
369	1303775918301	1	1.0072	1	0.9928
370	1303775918321	1	1.0072	1.0227	0.9707
371	1303775918342	1	1.0072	1.0227	0.9707
372	1303775918363	1	1.0072	1.0227	0.9707
373	1303775918384	1	1.0072	1	0.9928
374	1303775918405	1	1.0072	1.0227	0.9707
375	1303775918426	1	1.0072	1.0227	0.9707
376	1303775918447	1	1.0072	1.0227	0.9707
377	1303775918468	1	1.0072	1	0.9928
378	1303775918494	1	1.0072	1.0227	0.9707
379	1303775918515	1	1.0072	1.0227	0.9707
380	1303775918536	1	1.0072	1.0227	0.9707
381	1303775918557	1	1.0072	1.0227	0.9707
382	1303775918577	1	1.0072	1.0227	0.9707
383	1303775918598	1	1.0072	1.0227	0.9707
384	1303775918619	1	1.0072	1.0227	0.9707
385	1303775918640	1	1.0072	1.0227	0.9707
386	1303775918666	1	1.0072	1.0227	0.9707
387	1303775918687	1	1.0072	1.0227	0.9707
388	1303775918708	1	1.0072	1.0227	0.9707
389	1303775918730	1	1.0072	1.0227	0.9707
390	1303775918751	1	1.0072	1.0227	0.9707
391	1303775918772	1	1.0072	1.0227	0.9707
392	1303775918793	1	1.0072	1.0227	0.9707
393	1303775918815	1	1.0072	1.0227	0.9707
394	1303775919250	1	1.0072	1.0227	0.9707
395	1303775919548	1	1.0072	1.0227	0.9707
396	1303775919572	1	1.0072	1.0227	0.9707
397	1303775919635	1	1.0072	1.0227	0.9707
398	1303775919658	1	1.0072	1.0227	0.9707
399	1303775919681	1	1.0072	1.0227	0.9707
400	1303775919704	1	1.0072	1.0227	0.9707
401	1303775919765	1	1.0072	1.0227	0.9707
402	1303775919793	1	1.0072	1.0227	0.9707
403	1303775919816	1	1.0072	1.0227	0.9707
404	1303775919849	1	1.0072	1.0227	0.9707
405	1303775919884	1	1.0072	1.0227	0.9707
406	1303775919910	1	1.0072	1.0227	0.9707
407	1303775919934	1	1.0072	1.0227	0.9707
408	1303775919957	1	1.0079	1.0227	0.9701
409	1303775919985	1	1.0079	1.0227	0.9701
410	1303775920008	1	1.0079	1.0227	0.9701
411	1303775920031	1	1.0079	1.0227	0.9701
412	1303775920054	1	1.0079	1.0227	0.9701
413	1303775920076	1	1.0079	1.0227	0.9701
414	1303775920099	1	1.0079	1.0227	0.9701
415	1303775920123	1	1.0079	1.0227	0.9701
416	1303775920146	1	1.0079	1.0227	0.9701
417	1303775920174	1	1.0079	1.0227	0.9701
418	1303775920197	1	1.0079	1.0227	0.9701
419	1303775920220	1	1.0079	1.0227	0.9701
420	1303775920243	1	1.0079	1.0227	0.9701
421	1303775920266	1	1.0079	1.0227	0.9701
422	1303775920329	1	1.0079	1.0227	0.9701
423	1303775920352	1	1.0079	1.0227	0.9701
424	1303775920380	1	1.0079	1.0227	0.9701
425	1303775920403	1	1.0079	1.0227	0.9701
426	1303775920426	1	1.0079	1.0227	0.9701
427	1303775920449	1	1.0079	1.0227	0.9701
428	1303775920473	1	1.0079	1.0227	0.9701
429	1303775920535	1	1.0079	1.0227	0.9701
430	1303775920558	1	1.0079	1.0227	0.9701
431	1303775920621	1	1.0079	1.0227	0.9701
432	1303775920649	1	1.0079	1.0227	0.9701
433	1303775920672	1	1.0079	1.0227	0.9701
434	1303775920695	1	1.0079	1.0227	0.9701
435	1303775920718	1	1.0079	1.0227	0.9701
436	1303775920740	1	1.0079	1.0227	0.9701
437	1303775920763	1	1.0079	1.0227	0.9701
438	1303775920785	1	1.0079	1.0227	0.9701
439	1303775920814	1	1.0079	1.0227	0.9701
440	1303775920837	1	1.0079	1.0227	0.9701
441	1303775920859	1	1.0079	1.0227	0.9701
442	1303775920882	1	1.0079	1.0227	0.9701
443	1303775920905	1	1.0079	1.0227	0.9701
444	1303775920927	1	1.0079	1.0227	0.9701
445	1303775920950	1	1.0079	1.0227	0.9701
446	1303775920973	1	1.0079	1.0227	0.9701
447	1303775921041	1	1.0079	1.0227	0.9701
448	1303775921064	1	1.0079	1.0227	0.9701
449	1303775921086	1	1.0079	1.0227	0.9701
450	1303775921109	1	1.0079	1.0227	0.9701
451	1303775921132	1	1.0079	1.0227	0.9701
452	1303775921154	1	1.0079	1.0227	0.9701
453	1303775921177	1	1.0079	1.0227	0.9701
454	1303775921202	1	1.0079	1.0227	0.9701
455	1303775921344	1	1.0079	1.0227	0.9701
456	1303775921376	1	1.0079	1.0227	0.9701
457	1303775921399	1	1.0079	1.0227	0.9701
458	1303775921422	1	1.0079	1.0227	0.9701
459	1303775921445	1	1.0079	1.0227	0.9701
460	1303775921468	1	1.0079	1.0227	0.9701
461	1303775921496	1	1.0079	1.0227	0.9701
462	1303775921519	1	1.0079	1.0227	0.9701
463	1303775921543	1	1.0079	1.0227	0.9701
464	1303775921566	1	1.0079	1.0227	0.9701
465	1303775921663	1	1.0087	1.0227	0.9694
466	1303775921710	1	1.0101	1.0227	0.968
467	1303775921748	1	1.0099	1.0227	0.9682
468	1303775921773	1	1.0099	1.0227	0.9682
469	1303775921797	1	1.0099	1.0227	0.9682
470	1303775921820	1	1.0099	1.0227	0.9682
471	1303775921843	1	1.0099	1.0227	0.9682
472	1303775921866	1	1.0099	1.0227	0.9682
473	1303775921929	1	1.0099	1.0227	0.9682
474	1303775921951	1	1.0099	1.0227	0.9682
475	1303775921980	1	1.0099	1.0227	0.9682
476	1303775922002	1	1.0099	1.0227	0.9682
477	1303775922065	1	1.0099	1.0227	0.9682
478	1303775922088	1	1.0099	1.0227	0.9682
479	1303775922110	1	1.0099	1.0227	0.9682
480	1303775922133	1	1.0099	1.0227	0.9682
481	1303775922156	1	1.0099	1.0227	0.9682
482	1303775922185	1	1.0099	1.0227	0.9682
483	1303775922208	1	1.0099	1.0227	0.9682
484	1303775922232	1	1.0099	1.0227	0.9682
485	1303775922254	1	1.0099	1.0227	0.9682
486	1303775922278	1	1.0099	1.0227	0.9682
487	1303775922301	1	1.0099	1.0227	0.9682
488	1303775922324	1	1.0099	1.0227	0.9682
489	1303775922347	1	1.0099	1.0227	0.9682
490	1303775922416	1	1.0099	1.0227	0.9682
491	1303775922439	1	1.0099	1.0227	0.9682
492	1303775922462	1	1.0099	1.0227	0.9682
493	1303775922486	1	1.0099	1.0227	0.9682
494	1303775922549	1	1.0099	1.0227	0.9682
495	1303775922572	1	1.0099	1.0227	0.9682
496	1303775922595	1	1.0099	1.0227	0.9682
497	1303775922623	1	1.0099	1.0227	0.9682
498	1303775922647	1	1.0099	1.0227	0.9682
499	1303775922670	1	1.0099	1.0227	0.9682
500	1303775922694	1	1.0099	1.0227	0.9682
501	1303775922717	1	1.0099	1.0227	0.9682
502	1303775922739	1	1.0099	1.0227	0.9682
503	1303775922763	1	1.0099	1.0227	0.9682
504	1303775922786	1	1.0099	1.0227	0.9682
505	1303775922814	1	1.0099	1.0227	0.9682
506	1303775922837	1	1.0099	1.0227	0.9682
507	1303775922859	1	1.0099	1.0227	0.9682
508	1303775922882	1	1.0099	1.0227	0.9682
509	1303775922945	1	1.0099	1.0227	0.9682
510	1303775922968	1	1.0099	1.0227	0.9682
511	1303775922991	1	1.0099	1.0227	0.9682
512	1303775923020	1	1.0099	1.0227	0.9682
513	1303775923043	1	1.0099	1.0227	0.9682
514	1303775923066	1	1.0099	1.0227	0.9682
515	1303775923091	1	1.0099	1.0227	0.9682
516	1303775923194	1	1.0099	1	0.9902
517	1303775923224	1	1.0099	1.0227	0.9682
518	1303775923248	1	1.0099	1.0227	0.9682
519	1303775923278	1	1.0099	1.0227	0.9682
520	1303775923302	1	1.0099	1	0.9902
521	1303775923325	1	1.0099	1.0227	0.9682
522	1303775923349	1	1.0099	1.0227	0.9682
523	1303775923372	1	1.0099	1.0227	0.9682
524	1303775923436	1	1.0099	1	0.9902
525	1303775923459	1	1.0099	1.0227	0.9682
526	1303775923526	1	1.0088	1.0227	0.9692
527	1303775923574	1	1.012	1.0227	0.9661
528	1303775923602	1	1.0119	1	0.9882
529	1303775923666	1	1.0119	1.0227	0.9662
530	1303775923690	1	1.0119	1.0227	0.9662
531	1303775923713	1	1.0119	1.0227	0.9662
532	1303775923741	1	1.0119	1	0.9882
533	1303775923764	1	1.0119	1.0227	0.9662
534	1303775923787	1	1.0119	1.0227	0.9662
535	1303775923810	1	1.0119	1.0227	0.9662
536	1303775923834	1	1.0119	1	0.9882
537	1303775923857	1	1.0119	1.0227	0.9662
538	1303775923880	1	1.0119	1.0227	0.9662
539	1303775923903	1	1.0119	1.0227	0.9662
540	1303775923932	1	1.0119	1	0.9882
541	1303775923956	1	1.0119	1.0227	0.9662
542	1303775923979	1	1.0119	1.0227	0.9662
543	1303775924002	1	1.0119	1.0227	0.9662
544	1303775924026	1	1.0119	1	0.9882
545	1303775924049	1	1.0119	1.0227	0.9662
546	1303775924073	1	1.0119	1.0227	0.9662
547	1303775924096	1	1.0119	1.0227	0.9662
548	1303775924125	1	1.0119	1	0.9882
549	1303775924148	1	1.0119	1.0227	0.9662
550	1303775924172	1	1.0119	1.0227	0.9662
551	1303775924195	1	1.0119	1.0227	0.9662
552	1303775924219	1	1.0119	1	0.9882
553	1303775924243	1	1.0119	1.0227	0.9662
554	1303775924267	1	1.0119	1.0227	0.9662
555	1303775924295	1	1.0119	1.0227	0.9662
556	1303775924318	1	1.0119	1	0.9882
557	1303775924342	1	1.0119	1.0227	0.9662
558	1303775924366	1	1.0119	1.0227	0.9662
559	1303775924389	1	1.0119	1.0227	0.9662
560	1303775924453	1	1.0119	1	0.9882
561	1303775924476	1	1.0119	1.0227	0.9662
562	1303775924540	1	1.0119	1.0227	0.9662
563	1303775924568	1	1.0119	1.0227	0.9662
564	1303775924592	1	1.0119	1	0.9882
565	1303775924616	1	1.0119	1.0227	0.9662
566	1303775924639	1	1.0119	1.0227	0.9662
567	1303775924663	1	1.0119	1.0227	0.9662
568	1303775924726	1	1.0119	1	0.9882
569	1303775924749	1	1.0119	1.0227	0.9662
570	1303775924818	1	1.0119	1.0227	0.9662
571	1303775924841	1	1.0119	1.0227	0.9662
572	1303775924865	1	1.0119	1	0.9882
573	1303775924888	1	1.0119	1.0227	0.9662
574	1303775924912	1	1.0119	1.0227	0.9662
575	1303775924935	1	1.0119	1.0227	0.9662
576	1303775924960	1	1.0119	1	0.9882
577	1303775925022	1	1.0119	1.0227	0.9662
578	1303775925050	1	1.0119	1.0227	0.9662
579	1303775925074	1	1.0119	1.0227	0.9662
580	1303775925099	1	1.0119	1	0.9882
581	1303775925122	1	1.0119	1.0227	0.9662
582	1303775925145	1	1.0119	1.0227	0.9662
583	1303775925169	1	1.0119	1.0227	0.9662
584	1303775925198	1	1.0119	1	0.9882
585	1303775925221	1	1.0119	1.0227	0.9662
586	1303775925244	1	1.0119	1.0227	0.9662
587	1303775925547	1	1.0279	1.0227	0.9512
588	1303775925704	1	1.0354	1	0.9658
589	1303775925733	1	1.0353	1.0227	0.9444
590	1303775925757	1	1.0353	1.0227	0.9444
591	1303775925781	1	1.0353	1.0227	0.9444
592	1303775925804	1	1.0353	1	0.9659
593	1303775925828	1	1.0353	1.0227	0.9444
594	1303775925852	1	1.0353	1.0227	0.9444
595	1303775925880	1	1.0353	1.0227	0.9444
596	1303775925904	1	1.0353	1	0.9659
597	1303775925927	1	1.0353	1.0227	0.9444
598	1303775925991	1	1.0353	1.0227	0.9444
599	1303775926054	1	1.0353	1.0227	0.9444
600	1303775926077	1	1.0353	1	0.9659
601	1303775926101	1	1.0353	1.0227	0.9444
602	1303775926124	1	1.0353	1.0227	0.9444
603	1303775926153	1	1.0353	1.0227	0.9444
604	1303775926177	1	1.0353	1	0.9659
605	1303775926201	1	1.0353	1.0227	0.9444
606	1303775926224	1	1.0353	1.0227	0.9444
607	1303775926287	1	1.0353	1.0227	0.9444
608	1303775926311	1	1.0353	1	0.9659
609	1303775926334	1	1.0353	1.0227	0.9444
610	1303775926362	1	1.0353	1.0227	0.9444
611	1303775926386	1	1.0353	1.0227	0.9444
612	1303775926409	1	1.0353	1	0.9659
613	1303775926433	1	1.0353	1.0227	0.9444
614	1303775926457	1	1.0353	1.0227	0.9444
615	1303775926480	1	1.0353	1.0227	0.9444
616	1303775926503	1	1.0353	1	0.9659
617	1303775926527	1	1.0353	1.0227	0.9444
618	1303775926556	1	1.0353	1.0227	0.9444
619	1303775926579	1	1.0353	1.0227	0.9444
620	1303775926603	1	1.0353	1	0.9659
621	1303775926626	1	1.0353	1.0227	0.9444
622	1303775926650	1	1.0353	1.0227	0.9444
623	1303775926674	1	1.0353	1.0227	0.9444
624	1303775926697	1	1.0353	1	0.9659
625	1303775926726	1	1.0353	1.0227	0.9444
626	1303775926750	1	1.0353	1.0227	0.9444
627	1303775926773	1	1.0353	1.0227	0.9444
628	1303775926837	1	1.0353	1	0.9659
629	1303775926860	1	1.0353	1.0227	0.9444
630	1303775926884	1	1.0353	1.0227	0.9444
631	1303775926947	1	1.0353	1.0227	0.9444
632	1303775927010	1	1.0353	1	0.9659
633	1303775927040	1	1.0353	1.0227	0.9444
634	1303775927063	1	1.0353	1.0227	0.9444
635	1303775927087	1	1.0353	1.0227	0.9444
636	1303775927110	1	1.0353	1	0.9659
637	1303775927136	1	1.0353	1.0227	0.9444
638	1303775927235	1	1.0353	1.0227	0.9444
639	1303775927269	1	1.0353	1.0227	0.9444
640	1303775927295	1	1.0353	1	0.9659
641	1303775927320	1	1.0354	1.0227	0.9444
642	1303775927344	1	1.0354	1.0227	0.9444
643	1303775927368	1	1.0354	1.0227	0.9444
644	1303775927391	1	1.0354	1	0.9659
645	1303775927415	1	1.0354	1.0227	0.9444
646	1303775927443	1	1.0354	1.0227	0.9444
647	1303775927468	1	1.0354	1.0227	0.9444
648	1303775927540	1	1.0354	1	0.9659
649	1303775927593	1	1.0354	1.0227	0.9444
650	1303775927622	1	1.0346	1.0227	0.945
651	1303775927647	1	1.0346	1.0227	0.945
652	1303775927672	1	1.0346	1	0.9665
653	1303775927701	1	1.0346	1.0227	0.945
654	1303775927725	1	1.0346	1.0227	0.945
655	1303775927749	1	1.0346	1.0227	0.945
656	1303775927772	1	1.0346	1	0.9665
657	1303775927796	1	1.0346	1.0227	0.945
658	1303775927820	1	1.0346	1.0227	0.945
659	1303775927844	1	1.0346	1.0227	0.945
660	1303775927873	1	1.0346	1	0.9665
661	1303775927897	1	1.0346	1.0227	0.945
662	1303775927921	1	1.0346	1.0227	0.945
663	1303775927945	1	1.0346	1.0227	0.945
664	1303775927969	1	1.0346	1	0.9665
665	1303775927994	1	1.0346	1.0227	0.945
666	1303775928017	1	1.0346	1.0227	0.945
667	1303775928042	1	1.0346	1.0227	0.945
668	1303775928070	1	1.0346	1	0.9665
669	1303775928135	1	1.0346	1.0227	0.945
670	1303775928159	1	1.0346	1.0227	0.945
671	1303775928182	1	1.0346	1.0227	0.945
672	1303775928206	1	1.0346	1	0.9665
673	1303775928231	1	1.0346	1.0227	0.945
674	1303775928255	1	1.0346	1.0227	0.945
675	1303775928284	1	1.0346	1.0227	0.945
676	1303775928309	1	1.0346	1	0.9665
677	1303775928333	1	1.0346	1.0227	0.945
678	1303775928357	1	1.0346	1.0227	0.945
679	1303775928381	1	1.0346	1.0227	0.945
680	1303775928405	1	1.0346	1	0.9665
681	1303775928428	1	1.0346	1.0227	0.945
682	1303775928452	1	1.0346	1.0227	0.945
683	1303775928521	1	1.1087	1.0227	0.882
684	1303775928546	1	1.1087	1	0.902
685	1303775928569	1	1.1087	1.0227	0.882
686	1303775928593	1	1.1087	1.0227	0.882
687	1303775928657	1	1.1087	1.0227	0.882
688	1303775928680	1	1.1087	1	0.902
689	1303775928705	1	1.1087	1.0227	0.882
690	1303775928734	1	1.1087	1.0227	0.882
691	1303775928758	1	1.1087	1.0227	0.882
692	1303775928782	1	1.1087	1	0.902
693	1303775928806	1	1.1087	1.0227	0.882
694	1303775928870	1	1.1087	1.0227	0.882
695	1303775928894	1	1.1087	1.0227	0.882
696	1303775928918	1	1.1087	1	0.902
697	1303775928943	1	1.1087	1.0227	0.882
698	1303775928974	1	1.1087	1.0227	0.882
699	1303775929040	1	1.1086	1.0227	0.882
700	1303775929072	1	1.1086	1	0.902
701	1303775929098	1	1.1086	1.0227	0.882
702	1303775929122	1	1.1086	1.0227	0.882
703	1303775929146	1	1.1086	1.0227	0.882
704	1303775929175	1	1.1086	1	0.902
705	1303775929198	1	1.1086	1.0227	0.882
706	1303775929222	1	1.1086	1.0227	0.882
707	1303775929246	1	1.1086	1.0227	0.882
708	1303775929269	1	1.1086	1	0.902
709	1303775929338	1	1.1086	1.0227	0.882
710	1303775929388	1	1.1086	1.0227	0.882
711	1303775929420	1	1.1086	1.0227	0.882
712	1303775929445	1	1.1086	1	0.902
713	1303775929469	1	1.1154	1.0227	0.8766
714	1303775929493	1	1.1154	1.0227	0.8766
715	1303775929518	1	1.1154	1.0227	0.8766
716	1303775929541	1	1.1154	1	0.8965
717	1303775929565	1	1.1154	1.0227	0.8766
718	1303775929594	1	1.1154	1.0227	0.8766
719	1303775929618	1	1.1154	1.0227	0.8766
720	1303775929642	1	1.1154	1.0227	0.8766
721	1303775929666	1	1.1154	1.0227	0.8766
722	1303775929689	1	1.1154	1.0227	0.8766
723	1303775929712	1	1.1154	1.0227	0.8766
724	1303775929736	1	1.1154	1.0227	0.8766
725	1303775929760	1	1.1154	1.0227	0.8766
726	1303775929788	1	1.1154	1.0227	0.8766
727	1303775929813	1	1.1154	1.0227	0.8766
728	1303775929837	1	1.1154	1.0227	0.8766
729	1303775929860	1	1.1154	1.0227	0.8766
730	1303775929884	1	1.1154	1.0227	0.8766
731	1303775929908	1	1.1154	1.0227	0.8766
732	1303775929932	1	1.1154	1.0227	0.8766
733	1303775930002	1	1.1154	1.0227	0.8766
734	1303775930025	1	1.1154	1.0227	0.8766
735	1303775930049	1	1.1154	1.0227	0.8766
736	1303775930073	1	1.1154	1.0227	0.8766
737	1303775930097	1	1.1154	1.0227	0.8766
738	1303775930121	1	1.1154	1.0227	0.8766
739	1303775930145	1	1.1154	1.0227	0.8766
740	1303775930169	1	1.1154	1.0227	0.8766
741	1303775930197	1	1.1154	1.0227	0.8766
742	1303775930222	1	1.1154	1	0.8965
743	1303775930245	1	1.1154	1.0227	0.8766
744	1303775930268	1	1.1154	1.0227	0.8766
745	1303775930291	1	1.1154	1.0227	0.8766
746	1303775930315	1	1.1154	1	0.8965
747	1303775930339	1	1.1154	1.0227	0.8766
748	1303775930369	1	1.1154	1.0227	0.8766
749	1303775930392	1	1.1154	1.0227	0.8766
750	1303775930416	1	1.1154	1.0227	0.8766
751	1303775930440	1	1.1154	1.0227	0.8766
752	1303775930464	1	1.1154	1.0227	0.8766
753	1303775930488	1	1.1154	1.0227	0.8766
754	1303775930512	1	1.1154	1.0227	0.8766
755	1303775930536	1	1.1154	1.0227	0.8766
756	1303775930566	1	1.1154	1.0227	0.8766
757	1303775930630	1	1.1154	1.0227	0.8766
758	1303775930653	1	1.1154	1.0227	0.8766
759	1303775930679	1	1.1154	1.0227	0.8766
760	1303775930744	1	1.1154	1.0227	0.8766
761	1303775930774	1	1.1154	1.0227	0.8766
762	1303775930801	1	1.1154	1.0227	0.8766
763	1303775930831	1	1.1154	1.0227	0.8766
764	1303775930855	1	1.1154	1.0227	0.8766
765	1303775930879	1	1.1154	1.0227	0.8766
766	1303775930903	1	1.1154	1.0227	0.8766
767	1303775930927	1	1.1154	1.0227	0.8766
768	1303775930951	1	1.1154	1.0227	0.8766
769	1303775930975	1	1.1154	1.0227	0.8766
770	1303775931161	1	1.1154	1.0227	0.8766
771	1303775931266	1	1.1154	1.0227	0.8766
772	1303775931294	1	1.1154	1.0227	0.8766
773	1303775931318	1	1.1154	1.0227	0.8766
774	1303775931347	1	1.1258	1.0227	0.8685
775	1303775931372	1	1.1258	1.0227	0.8685
776	1303775931396	1	1.1258	1.0227	0.8685
777	1303775931460	1	1.1258	1.0227	0.8685
778	1303775931484	1	1.1258	1.0227	0.8685
779	1303775931508	1	1.1258	1.0227	0.8685
780	1303775931532	1	1.1258	1.0227	0.8685
781	1303775931557	1	1.1258	1.0227	0.8685
782	1303775931586	1	1.1258	1.0227	0.8685
783	1303775931611	1	1.1258	1.0227	0.8685
784	1303775931635	1	1.1258	1.0227	0.8685
785	1303775931659	1	1.1258	1.0227	0.8685
786	1303775931683	1	1.1258	1.0227	0.8685
787	1303775931707	1	1.1258	1.0227	0.8685
788	1303775931731	1	1.1258	1.0227	0.8685
789	1303775931761	1	1.1258	1.0227	0.8685
790	1303775931785	1	1.1258	1.0227	0.8685
791	1303775931809	1	1.1258	1.0227	0.8685
792	1303775931834	1	1.1258	1.0227	0.8685
793	1303775931858	1	1.1258	1.0227	0.8685
794	1303775931882	1	1.1258	1.0227	0.8685
795	1303775931906	1	1.1258	1.0227	0.8685
796	1303775931930	1	1.1258	1.0227	0.8685
797	1303775931960	1	1.1258	1.0227	0.8685
798	1303775931984	1	1.1258	1.0227	0.8685
799	1303775932008	1	1.1258	1.0227	0.8685
800	1303775932032	1	1.1258	1.0227	0.8685
801	1303775932056	1	1.1258	1.0227	0.8685
802	1303775932081	1	1.1258	1.0227	0.8685
803	1303775932105	1	1.1258	1.0227	0.8685
804	1303775932130	1	1.1258	1.0227	0.8685
805	1303775932159	1	1.1258	1.0227	0.8685
806	1303775932183	1	1.1258	1.0227	0.8685
807	1303775932207	1	1.1258	1.0227	0.8685
808	1303775932231	1	1.1258	1.0227	0.8685
809	1303775932256	1	1.1258	1.0227	0.8685
810	1303775932280	1	1.1258	1.0227	0.8685
811	1303775932305	1	1.1258	1.0227	0.8685
812	1303775932335	1	1.1258	1.0227	0.8685
813	1303775932359	1	1.1258	1.0227	0.8685
814	1303775932424	1	1.1258	1.0227	0.8685
815	1303775932448	1	1.1258	1.0227	0.8685
816	1303775932473	1	1.1258	1.0227	0.8685
817	1303775932497	1	1.1258	1.0227	0.8685
818	1303775932521	1	1.1258	1.0227	0.8685
819	1303775932586	1	1.1258	1.0227	0.8685
820	1303775932617	1	1.1258	1.0227	0.8685
821	1303775932720	1	1.1258	1.0227	0.8685
822	1303775932751	1	1.1258	1.0227	0.8685
823	1303775932778	1	1.1258	1.0227	0.8685
824	1303775932805	1	1.1258	1.0227	0.8685
825	1303775932870	1	1.1258	1.0227	0.8685
826	1303775932900	1	1.1258	1.0227	0.8685
827	1303775932964	1	1.1258	1.0227	0.8685
828	1303775932989	1	1.1258	1.0227	0.8685
829	1303775933014	1	1.1258	1.0227	0.8685
830	1303775933079	1	1.1258	1.0227	0.8685
831	1303775933408	1	1.1258	1.0227	0.8685
832	1303775933577	1	1.1258	1.0227	0.8685
833	1303775933647	1	1.1258	1.0227	0.8685
834	1303775933673	1	1.1258	1.0227	0.8685
835	1303775933703	1	1.1376	1.0227	0.8595
836	1303775933728	1	1.1376	1.0227	0.8595
837	1303775933753	1	1.1376	1.0227	0.8595
838	1303775933778	1	1.1376	1.0227	0.8595
839	1303775933803	1	1.1376	1.0227	0.8595
840	1303775933828	1	1.1376	1.0227	0.8595
841	1303775933853	1	1.1376	1.0227	0.8595
842	1303775933924	1	1.1376	1.0227	0.8595
843	1303775933949	1	1.1376	1.0227	0.8595
844	1303775933974	1	1.1376	1.0227	0.8595
845	1303775933999	1	1.1376	1.0227	0.8595
846	1303775934024	1	1.1376	1.0227	0.8595
847	1303775934089	1	1.1376	1.0227	0.8595
848	1303775934115	1	1.1376	1.0227	0.8595
849	1303775934140	1	1.1376	1.0227	0.8595
850	1303775934170	1	1.1376	1.0227	0.8595
851	1303775934195	1	1.1376	1.0227	0.8595
852	1303775934221	1	1.1376	1.0227	0.8595
853	1303775934246	1	1.1376	1.0227	0.8595
854	1303775934271	1	1.1376	1.0227	0.8595
855	1303775934296	1	1.1376	1.0227	0.8595
856	1303775934360	1	1.1376	1.0227	0.8595
857	1303775934391	1	1.1376	1.0227	0.8595
858	1303775934416	1	1.1376	1.0227	0.8595
859	1303775934441	1	1.1376	1.0227	0.8595
860	1303775934465	1	1.1376	1.0227	0.8595
861	1303775934490	1	1.1376	1.0227	0.8595
862	1303775934515	1	1.1376	1.0227	0.8595
863	1303775934540	1	1.1376	1.0227	0.8595
864	1303775934565	1	1.1376	1.0227	0.8595
865	1303775934595	1	1.1376	1.0227	0.8595
866	1303775934620	1	1.1376	1.0227	0.8595
867	1303775934645	1	1.1376	1.0227	0.8595
868	1303775934670	1	1.1376	1.0227	0.8595
869	1303775934696	1	1.1376	1.0227	0.8595
870	1303775934721	1	1.1376	1.0227	0.8595
871	1303775934745	1	1.1376	1.0227	0.8595
872	1303775934775	1	1.1376	1.0227	0.8595
873	1303775934800	1	1.1376	1.0227	0.8595
874	1303775934824	1	1.1376	1.0227	0.8595
875	1303775934850	1	1.1376	1.0227	0.8595
876	1303775934875	1	1.1376	1.0227	0.8595
877	1303775934899	1	1.1376	1.0227	0.8595
878	1303775934925	1	1.1376	1.0227	0.8595
879	1303775934955	1	1.1376	1.0227	0.8595
880	1303775934980	1	1.1376	1.0227	0.8595
881	1303775935048	1	1.1376	1.0227	0.8595
882	1303775935129	1	1.1376	1.0227	0.8595
883	1303775935164	1	1.1376	1.0227	0.8595
884	1303775935192	1	1.1376	1.0227	0.8595
885	1303775935217	1	1.1376	1.0227	0.8595
886	1303775935247	1	1.1376	1.0227	0.8595
887	1303775935271	1	1.1376	1.0227	0.8595
888	1303775935336	1	1.1376	1.0227	0.8595
889	1303775935361	1	1.1376	1.0227	0.8595
890	1303775935385	1	1.1376	1.0227	0.8595
891	1303775935452	1	1.1376	1.0227	0.8595
892	1303775935792	1	1.1376	1.0227	0.8595
893	1303775935963	1	1.1376	1.0227	0.8595
894	1303775935990	1	1.1376	1.0227	0.8595
895	1303775936020	1	1.1376	1.0227	0.8595
896	1303775936045	1	1.1376	1.0227	0.8595
897	1303775936110	1	1.1376	1.0227	0.8595
898	1303775936136	1	1.1376	1.0227	0.8595
899	1303775936161	1	1.1376	1.0227	0.8595
900	1303775936186	1	1.1376	1.0227	0.8595
901	1303775936211	1	1.1376	1.0227	0.8595
902	1303775936283	1	1.1376	1.0227	0.8595
903	1303775936308	1	1.1376	1.0227	0.8595
904	1303775936333	1	1.1376	1.0227	0.8595
905	1303775936358	1	1.1376	1.0227	0.8595
906	1303775936383	1	1.1376	1.0227	0.8595
907	1303775936409	1	1.1376	1.0227	0.8595
908	1303775936434	1	1.1376	1.0227	0.8595
909	1303775936459	1	1.1376	1.0227	0.8595
910	1303775936489	1	1.1376	1.0227	0.8595
911	1303775936515	1	1.1376	1.0227	0.8595
912	1303775936580	1	1.1658	1.0227	0.8387
913	1303775936605	1	1.1658	1.0227	0.8387
914	1303775936630	1	1.1658	1.0227	0.8387
915	1303775936655	1	1.1658	1.0227	0.8387
916	1303775936680	1	1.1658	1.0227	0.8387
917	1303775936711	1	1.1658	1.0227	0.8387
918	1303775936735	1	1.1658	1.0227	0.8387
919	1303775936760	1	1.1658	1.0227	0.8387
920	1303775936785	1	1.1658	1.0227	0.8387
921	1303775936810	1	1.1658	1.0227	0.8387
922	1303775936835	1	1.1658	1.0227	0.8387
923	1303775936900	1	1.1658	1.0227	0.8387
924	1303775936925	1	1.1658	1.0227	0.8387
925	1303775936955	1	1.1658	1.0227	0.8387
926	1303775936980	1	1.1658	1.0227	0.8387
927	1303775937005	1	1.1658	1.0227	0.8387
928	1303775937031	1	1.1658	1.0227	0.8387
929	1303775937056	1	1.1658	1.0227	0.8387
930	1303775937081	1	1.1658	1.0227	0.8387
931	1303775937106	1	1.1658	1.0227	0.8387
932	1303775937131	1	1.1658	1.0227	0.8387
933	1303775937162	1	1.1658	1.0227	0.8387
934	1303775937186	1	1.1658	1.0227	0.8387
935	1303775937211	1	1.1658	1.0227	0.8387
936	1303775937237	1	1.1658	1.0227	0.8387
937	1303775937262	1	1.1658	1.0227	0.8387
938	1303775937287	1	1.1658	1.0227	0.8387
939	1303775937312	1	1.1658	1.0227	0.8387
940	1303775937342	1	1.1658	1.0227	0.8387
941	1303775937367	1	1.1658	1.0227	0.8387
942	1303775937394	1	1.1658	1.0227	0.8387
943	1303775937456	1	1.1656	1.0227	0.8388
944	1303775937487	1	1.1656	1.0227	0.8388
945	1303775937516	1	1.1656	1.0227	0.8388
946	1303775937542	1	1.1656	1.0227	0.8388
947	1303775937614	1	1.1656	1.0227	0.8388
948	1303775937640	1	1.1656	1.0227	0.8388
949	1303775937705	1	1.1656	1.0227	0.8388
950	1303775937730	1	1.1656	1.0227	0.8388
951	1303775937755	1	1.1656	1.0227	0.8388
952	1303775937821	1	1.1656	1.0227	0.8388
953	1303775938073	1	1.1656	1.0227	0.8388
954	1303775938205	1	1.1656	1.0227	0.8388
955	1303775938275	1	1.166	1.0227	0.8386
956	1303775938302	1	1.166	1.0227	0.8386
957	1303775938332	1	1.166	1.0227	0.8386
958	1303775938358	1	1.166	1.0227	0.8386
959	1303775938384	1	1.166	1.0227	0.8386
960	1303775938450	1	1.166	1.0227	0.8386
961	1303775938477	1	1.166	1.0227	0.8386
962	1303775938502	1	1.166	1.0227	0.8386
963	1303775938528	1	1.166	1.0227	0.8386
964	1303775938555	1	1.166	1.0227	0.8386
965	1303775938586	1	1.166	1.0227	0.8386
966	1303775938612	1	1.166	1.0227	0.8386
967	1303775938638	1	1.166	1.0227	0.8386
968	1303775938664	1	1.166	1.0227	0.8386
969	1303775938730	1	1.166	1.0227	0.8386
970	1303775938755	1	1.166	1.0227	0.8386
971	1303775938780	1	1.166	1.0227	0.8386
972	1303775938812	1	1.166	1.0227	0.8386
973	1303775938840	1	1.166	1.0227	0.8386
974	1303775938867	1	1.166	1.0227	0.8386
975	1303775938893	1	1.166	1.0227	0.8386
976	1303775938920	1	1.166	1.0227	0.8386
977	1303775938946	1	1.166	1.0227	0.8386
978	1303775939012	1	1.166	1.0227	0.8386
979	1303775939038	1	1.166	1.0227	0.8386
980	1303775939069	1	1.166	1.0227	0.8386
981	1303775939095	1	1.166	1.0227	0.8386
982	1303775939121	1	1.166	1.0227	0.8386
983	1303775939147	1	1.166	1.0227	0.8386
984	1303775939173	1	1.166	1.0227	0.8386
985	1303775939199	1	1.166	1.0227	0.8386
986	1303775939225	1	1.166	1.0227	0.8386
987	1303775939255	1	1.166	1.0227	0.8386
988	1303775939280	1	1.166	1.0227	0.8386
989	1303775939306	1	1.166	1.0227	0.8386
990	1303775939332	1	1.166	1.0227	0.8386
991	1303775939357	1	1.166	1.0227	0.8386
992	1303775939383	1	1.166	1.0227	0.8386
993	1303775939409	1	1.1805	1.0227	0.8283
994	1303775939434	1	1.1805	1.0227	0.8283
995	1303775939465	1	1.1805	1.0227	0.8283
996	1303775939491	1	1.1805	1.0227	0.8283
997	1303775939517	1	1.1805	1.0227	0.8283
998	1303775939543	1	1.1805	1.0227	0.8283
999	1303775939569	1	1.1805	1.0227	0.8283
1000	1303775939595	1	1.1805	1.0227	0.8283
1001	1303775939621	1	1.1805	1.0227	0.8283
1002	1303775939651	1	1.1805	1.0227	0.8283
1003	1303775939773	1	1.1805	1.0227	0.8283
1004	1303775939892	1	1.1799	1.0227	0.8287
1005	1303775939930	1	1.1799	1.0227	0.8287
1006	1303775939959	1	1.18	1.0227	0.8286
1007	1303775939986	1	1.18	1.0227	0.8286
1008	1303775940017	1	1.18	1.0227	0.8286
1009	1303775940043	1	1.18	1.0227	0.8286
1010	1303775940068	1	1.18	1.0227	0.8286
1011	1303775940093	1	1.18	1.0227	0.8286
1012	1303775940119	1	1.18	1.0227	0.8286
1013	1303775940144	1	1.18	1.0227	0.8286
1014	1303775940372	1	1.18	1.0227	0.8286
1015	1303775940533	1	1.18	1.0227	0.8286
1016	1303775940562	1	1.18	1.0227	0.8286
1017	1303775940592	1	1.18	1.0227	0.8286
1018	1303775940619	1	1.1817	1.0227	0.8274
1019	1303775940650	1	1.1817	1.0227	0.8274
1020	1303775940676	1	1.1817	1.0227	0.8274
1021	1303775940702	1	1.1817	1.0227	0.8274
1022	1303775940728	1	1.1817	1.0227	0.8274
1023	1303775940754	1	1.1817	1.0227	0.8274
1024	1303775940780	1	1.1817	1.0227	0.8274
1025	1303775940806	1	1.1817	1.0227	0.8274
1026	1303775940832	1	1.1817	1.0227	0.8274
1027	1303775940863	1	1.1817	1.0227	0.8274
1028	1303775940888	1	1.1817	1.0227	0.8274
1029	1303775940914	1	1.1817	1.0227	0.8274
1030	1303775940940	1	1.1817	1.0227	0.8274
1031	1303775940967	1	1.1817	1.0227	0.8274
1032	1303775940993	1	1.1817	1.0227	0.8274
1033	1303775941019	1	1.1817	1.0227	0.8274
1034	1303775941050	1	1.1817	1.0227	0.8274
1035	1303775941076	1	1.1817	1.0227	0.8274
1036	1303775941103	1	1.1817	1.0227	0.8274
1037	1303775941129	1	1.1817	1.0227	0.8274
1038	1303775941155	1	1.1817	1.0227	0.8274
1039	1303775941180	1	1.1817	1.0227	0.8274
1040	1303775941206	1	1.1817	1.0227	0.8274
1041	1303775941232	1	1.1817	1.0227	0.8274
1042	1303775941264	1	1.1817	1.0227	0.8274
1043	1303775941290	1	1.1817	1.0227	0.8274
1044	1303775941317	1	1.1817	1.0227	0.8274
1045	1303775941343	1	1.1817	1.0227	0.8274
1046	1303775941369	1	1.1817	1.0227	0.8274
1047	1303775941394	1	1.1817	1.0227	0.8274
1048	1303775941421	1	1.1817	1.0227	0.8274
1049	1303775941452	1	1.1817	1.0227	0.8274
1050	1303775941478	1	1.1817	1.0227	0.8274
1051	1303775941504	1	1.1817	1.0227	0.8274
1052	1303775941530	1	1.1817	1.0227	0.8274
1053	1303775941557	1	1.1817	1.0227	0.8274
1054	1303775941623	1	1.1817	1.0227	0.8274
1055	1303775941649	1	1.1817	1.0227	0.8274
1056	1303775941680	1	1.1817	1.0227	0.8274
1057	1303775941706	1	1.1817	1.0227	0.8274
1058	1303775941732	1	1.1817	1.0227	0.8274
1059	1303775941757	1	1.1817	1.0227	0.8274
1060	1303775941783	1	1.1817	1.0227	0.8274
1061	1303775941809	1	1.1817	1.0227	0.8274
1062	1303775941835	1	1.1817	1.0227	0.8274
1063	1303775941861	1	1.1817	1.0227	0.8274
1064	1303775941895	1	1.1817	1.0227	0.8274
1065	1303775941969	1	1.1811	1.0227	0.8278
1066	1303775942001	1	1.1811	1.0227	0.8278
1067	1303775942029	1	1.1814	1.0227	0.8277
1068	1303775942055	1	1.1814	1.0227	0.8277
1069	1303775942080	1	1.1814	1.0227	0.8277
1070	1303775942106	1	1.1814	1.0227	0.8277
1071	1303775942177	1	1.1814	1.0227	0.8277
1072	1303775942203	1	1.1814	1.0227	0.8277
1073	1303775942228	1	1.1814	1.0227	0.8277
1074	1303775942255	1	1.1814	1.0227	0.8277
1075	1303775942615	1	1.1755	1.0227	0.8318
1076	1303775942775	1	1.1767	1.0227	0.8309
1077	1303775942802	1	1.1767	1.0227	0.8309
1078	1303775942828	1	1.1767	1.0227	0.8309
1079	1303775942893	1	1.1767	1.0227	0.8309
1080	1303775942923	1	1.1767	1.0227	0.8309
1081	1303775942948	1	1.1767	1.0227	0.8309
1082	1303775942973	1	1.1767	1.0227	0.8309
1083	1303775942997	1	1.1767	1.0227	0.8309
1084	1303775943022	1	1.1767	1.0227	0.8309
1085	1303775943047	1	1.1767	1.0227	0.8309
1086	1303775943072	1	1.1767	1.0227	0.8309
1087	1303775943137	1	1.1767	1.0227	0.8309
1088	1303775943167	1	1.1767	1.0227	0.8309
1089	1303775943192	1	1.1767	1.0227	0.8309
1090	1303775943217	1	1.1767	1.0227	0.8309
1091	1303775943242	1	1.1767	1.0227	0.8309
1092	1303775943307	1	1.1767	1.0227	0.8309
1093	1303775943331	1	1.1767	1.0227	0.8309
1094	1303775943357	1	1.1767	1.0227	0.8309
1095	1303775943387	1	1.1767	1.0227	0.8309
1096	1303775943412	1	1.1767	1.0227	0.8309
1097	1303775943437	1	1.1767	1.0227	0.8309
1098	1303775943462	1	1.1767	1.0227	0.8309
1099	1303775943528	1	1.1767	1.0227	0.8309
1100	1303775943553	1	1.1767	1.0227	0.8309
1101	1303775943578	1	1.1767	1.0227	0.8309
1102	1303775943604	1	1.1767	1.0227	0.8309
1103	1303775943634	1	1.1767	1.0227	0.8309
1104	1303775943699	1	1.1767	1.0227	0.8309
1105	1303775943724	1	1.1767	1.0227	0.8309
1106	1303775943789	1	1.1767	1.0227	0.8309
1107	1303775943814	1	1.1767	1.0227	0.8309
1108	1303775943839	1	1.1767	1.0227	0.8309
1109	1303775943904	1	1.1767	1.0227	0.8309
1110	1303775943934	1	1.1767	1.0227	0.8309
1111	1303775943958	1	1.1767	1.0227	0.8309
1112	1303775943983	1	1.1767	1.0227	0.8309
1113	1303775944008	1	1.1767	1.0227	0.8309
1114	1303775944033	1	1.1767	1.0227	0.8309
1115	1303775944058	1	1.1767	1.0227	0.8309
1116	1303775944083	1	1.1767	1.0227	0.8309
1117	1303775944113	1	1.1767	1.0227	0.8309
1118	1303775944138	1	1.1767	1.0227	0.8309
1119	1303775944163	1	1.1767	1.0227	0.8309
1120	1303775944228	1	1.1767	1.0227	0.8309
1121	1303775944293	1	1.1767	1.0227	0.8309
1122	1303775944318	1	1.1767	1.0227	0.8309
1123	1303775944343	1	1.1767	1.0227	0.8309
1124	1303775944368	1	1.1767	1.0227	0.8309
1125	1303775944401	1	1.1767	1.0227	0.8309
1126	1303775944473	1	1.1765	1.0227	0.8311
1127	1303775944510	1	1.1765	1.0227	0.8311
1128	1303775944539	1	1.1765	1.0227	0.8311
1129	1303775944564	1	1.1765	1.0227	0.8311
1130	1303775944590	1	1.1765	1.0227	0.8311
1131	1303775944620	1	1.1765	1.0227	0.8311
1132	1303775944645	1	1.1765	1.0227	0.8311
1133	1303775944670	1	1.1765	1.0227	0.8311
1134	1303775944695	1	1.1765	1.0227	0.8311
1135	1303775944721	1	1.1765	1.0227	0.8311
1136	1303775945120	1	1.1765	1.0227	0.8311
1137	1303775945313	1	1.1765	1.0227	0.8311
1138	1303775945342	1	1.1765	1.0227	0.8311
1139	1303775945368	1	1.1767	1.0227	0.831
1140	1303775945398	1	1.184	1.0227	0.8259
1141	1303775945465	1	1.184	1.0227	0.8259
1142	1303775945491	1	1.184	1.0227	0.8259
1143	1303775945517	1	1.184	1.0227	0.8259
1144	1303775945543	1	1.184	1.0227	0.8259
1145	1303775945569	1	1.184	1.0227	0.8259
1146	1303775945595	1	1.184	1.0227	0.8259
1147	1303775945626	1	1.184	1.0227	0.8259
1148	1303775945652	1	1.184	1.0227	0.8259
1149	1303775945678	1	1.184	1.0227	0.8259
1150	1303775945703	1	1.184	1.0227	0.8259
1151	1303775945729	1	1.184	1.0227	0.8259
1152	1303775945755	1	1.184	1.0227	0.8259
1153	1303775945780	1	1.184	1.0227	0.8259
1154	1303775945806	1	1.184	1.0227	0.8259
1155	1303775945877	1	1.184	1.0227	0.8259
1156	1303775945903	1	1.184	1.0227	0.8259
1157	1303775945929	1	1.184	1.0227	0.8259
1158	1303775945955	1	1.184	1.0227	0.8259
1159	1303775945981	1	1.184	1.0227	0.8259
1160	1303775946007	1	1.184	1.0227	0.8259
1161	1303775946033	1	1.184	1.0227	0.8259
1162	1303775946064	1	1.184	1.0227	0.8259
1163	1303775946089	1	1.184	1.0227	0.8259
1164	1303775946115	1	1.184	1.0227	0.8259
1165	1303775946141	1	1.184	1.0227	0.8259
1166	1303775946166	1	1.184	1.0227	0.8259
1167	1303775946192	1	1.184	1.0227	0.8259
1168	1303775946218	1	1.184	1.0227	0.8259
1169	1303775946244	1	1.184	1.0227	0.8259
1170	1303775946275	1	1.184	1.0227	0.8259
1171	1303775946301	1	1.184	1.0227	0.8259
1172	1303775946326	1	1.184	1.0227	0.8259
1173	1303775946352	1	1.184	1.0227	0.8259
1174	1303775946378	1	1.184	1.0227	0.8259
1175	1303775946404	1	1.184	1.0227	0.8259
1176	1303775946429	1	1.184	1.0227	0.8259
1177	1303775946460	1	1.184	1.0227	0.8259
1178	1303775946526	1	1.184	1.0227	0.8259
1179	1303775946552	1	1.184	1.0227	0.8259
1180	1303775946578	1	1.184	1.0227	0.8259
1181	1303775946605	1	1.184	1.0227	0.8259
1182	1303775946630	1	1.184	1.0227	0.8259
1183	1303775946656	1	1.184	1.0227	0.8259
1184	1303775946682	1	1.184	1.0227	0.8259
1185	1303775946714	1	1.184	1.0227	0.8259
1186	1303775946742	1	1.184	1.0227	0.8259
1187	1303775946863	1	1.1834	1.0227	0.8263
1188	1303775946898	1	1.1834	1.0227	0.8263
1189	1303775946930	1	1.1836	1.0227	0.8261
1190	1303775946957	1	1.1836	1.0227	0.8261
1191	1303775946987	1	1.1836	1.0227	0.8261
1192	1303775947013	1	1.1836	1.0227	0.8261
1193	1303775947080	1	1.1836	1.0227	0.8261
1194	1303775947146	1	1.1836	1.0227	0.8261
1195	1303775947173	1	1.1836	1.0227	0.8261
1196	1303775947199	1	1.1836	1.0227	0.8261
1197	1303775947448	1	1.1836	1.0227	0.8261
1198	1303775947577	1	1.1836	1.0227	0.8261
1199	1303775947646	1	1.1836	1.0227	0.8261
1200	1303775947673	1	1.1836	1.0227	0.8261
1201	1303775947705	1	1.191	1.0227	0.821
1202	1303775947731	1	1.191	1.0227	0.821
1203	1303775947757	1	1.1914	1.0227	0.8207
1204	1303775947783	1	1.1914	1.0227	0.8207
1205	1303775947809	1	1.1914	1.0227	0.8207
1206	1303775947835	1	1.1914	1.0227	0.8207
1207	1303775947861	1	1.1914	1.0227	0.8207
1208	1303775947887	1	1.1914	1.0227	0.8207
1209	1303775947918	1	1.1914	1.0227	0.8207
1210	1303775947944	1	1.1914	1.0227	0.8207
1211	1303775948010	1	1.1914	1.0227	0.8207
1212	1303775948036	1	1.1914	1.0227	0.8207
1213	1303775948062	1	1.1914	1.0227	0.8207
1214	1303775948089	1	1.1914	1.0227	0.8207
1215	1303775948115	1	1.1914	1.0227	0.8207
1216	1303775948147	1	1.1914	1.0227	0.8207
1217	1303775948173	1	1.1914	1.0227	0.8207
1218	1303775948199	1	1.1914	1.0227	0.8207
1219	1303775948266	1	1.2086	1.0227	0.809
1220	1303775948292	1	1.2086	1.0227	0.809
1221	1303775948317	1	1.2086	1.0227	0.809
1222	1303775948344	1	1.2086	1.0227	0.809
1223	1303775948370	1	1.2086	1.0227	0.809
1224	1303775948402	1	1.2086	1.0227	0.809
1225	1303775948428	1	1.2086	1.0227	0.809
1226	1303775948454	1	1.2086	1.0227	0.809
1227	1303775948481	1	1.2086	1.0227	0.809
1228	1303775948507	1	1.2086	1.0227	0.809
1229	1303775948533	1	1.2086	1.0227	0.809
1230	1303775948559	1	1.2086	1.0227	0.809
1231	1303775948590	1	1.2086	1.0227	0.809
1232	1303775948617	1	1.2086	1.0227	0.809
1233	1303775948644	1	1.2086	1.0227	0.809
1234	1303775948671	1	1.2086	1.0227	0.809
1235	1303775948697	1	1.2086	1.0227	0.809
1236	1303775948723	1	1.2086	1.0227	0.809
1237	1303775948750	1	1.2086	1.0227	0.809
1238	1303775948816	1	1.2086	1.0227	0.809
1239	1303775948848	1	1.2086	1.0227	0.809
1240	1303775948915	1	1.2129	1.0227	0.8062
1241	1303775948941	1	1.2129	1.0227	0.8062
1242	1303775948977	1	1.2129	1.0227	0.8062
1243	1303775949004	1	1.2129	1.0227	0.8062
1244	1303775949030	1	1.2129	1.0227	0.8062
1245	1303775949056	1	1.2129	1.0227	0.8062
1246	1303775949088	1	1.2129	1.0227	0.8062
1247	1303775949116	1	1.2129	1.0227	0.8062
1248	1303775949223	1	1.2122	1.0227	0.8066
1249	1303775949294	1	1.2122	1.0227	0.8066
1250	1303775949364	1	1.2122	1.0227	0.8066
1251	1303775949391	1	1.2122	1.0227	0.8066
1252	1303775949417	1	1.2122	1.0227	0.8066
1253	1303775949448	1	1.2122	1.0227	0.8066
1254	1303775949474	1	1.2122	1.0227	0.8066
1255	1303775949501	1	1.2122	1.0227	0.8066
1256	1303775949527	1	1.2122	1.0227	0.8066
1257	1303775949553	1	1.2122	1.0227	0.8066
1258	1303775949785	1	1.2176	1.0227	0.803
1259	1303775949896	1	1.2163	1.0227	0.8039
1260	1303775949925	1	1.2163	1.0227	0.8039
1261	1303775949952	1	1.2163	1.0227	0.8039
1262	1303775950018	1	1.2163	1.0227	0.8039
1263	1303775950044	1	1.2163	1.0227	0.8039
1264	1303775950076	1	1.2163	1.0227	0.8039
1265	1303775950102	1	1.2166	1.0227	0.8037
1266	1303775950128	1	1.2166	1.0227	0.8037
1267	1303775950154	1	1.2166	1.0227	0.8037
1268	1303775950180	1	1.2166	1.0227	0.8037
1269	1303775950206	1	1.2166	1.0227	0.8037
1270	1303775950272	1	1.2166	1.0227	0.8037
1271	1303775950299	1	1.2166	1.0227	0.8037
1272	1303775950370	1	1.2166	1.0227	0.8037
1273	1303775950396	1	1.2166	1.0227	0.8037
1274	1303775950422	1	1.2166	1.0227	0.8037
1275	1303775950448	1	1.2166	1.0227	0.8037
1276	1303775950474	1	1.2166	1.0227	0.8037
1277	1303775950501	1	1.2166	1.0227	0.8037
1278	1303775950527	1	1.2166	1.0227	0.8037
1279	1303775950558	1	1.2166	1.0227	0.8037
1280	1303775950584	1	1.2166	1.0227	0.8037
1281	1303775950609	1	1.2166	1.0227	0.8037
1282	1303775950635	1	1.2166	1.0227	0.8037
1283	1303775950661	1	1.2166	1.0227	0.8037
1284	1303775950687	1	1.2166	1.0227	0.8037
1285	1303775950713	1	1.2166	1.0227	0.8037
1286	1303775950739	1	1.2166	1.0227	0.8037
1287	1303775950770	1	1.2166	1.0227	0.8037
1288	1303775950796	1	1.2166	1.0227	0.8037
1289	1303775950821	1	1.2166	1.0227	0.8037
1290	1303775950847	1	1.2166	1.0227	0.8037
1291	1303775950873	1	1.2166	1.0227	0.8037
1292	1303775950899	1	1.2166	1.0227	0.8037
1293	1303775950925	1	1.2166	1.0227	0.8037
1294	1303775950956	1	1.2166	1.0227	0.8037
1295	1303775950982	1	1.2166	1.0227	0.8037
1296	1303775951008	1	1.2166	1.0227	0.8037
1297	1303775951034	1	1.2166	1.0227	0.8037
1298	1303775951100	1	1.2166	1.0227	0.8037
1299	1303775951126	1	1.2166	1.0227	0.8037
1300	1303775951152	1	1.2166	1.0227	0.8037
1301	1303775951178	1	1.2166	1.0227	0.8037
1302	1303775951209	1	1.2166	1.0227	0.8037
1303	1303775951275	1	1.2166	1.0227	0.8037
1304	1303775951300	1	1.2166	1.0227	0.8037
1305	1303775951327	1	1.2166	1.0227	0.8037
1306	1303775951353	1	1.2166	1.0227	0.8037
1307	1303775951378	1	1.2166	1.0227	0.8037
1308	1303775951406	1	1.2166	1.0227	0.8037
1309	1303775951465	1	1.2163	1.0227	0.8039
1310	1303775951495	1	1.2163	1.0227	0.8039
1311	1303775951523	1	1.2163	1.0227	0.8039
1312	1303775951550	1	1.2163	1.0227	0.8039
1313	1303775951576	1	1.2163	1.0227	0.8039
1314	1303775951603	1	1.2166	1.0227	0.8037
1315	1303775951670	1	1.2166	1.0227	0.8037
1316	1303775951702	1	1.2169	1.0227	0.8035
1317	1303775951737	1	1.2169	1.0227	0.8035
1318	1303775951764	1	1.2169	1.0227	0.8035
1319	1303775952059	1	1.2169	1.0227	0.8035
1320	1303775952222	1	1.2169	1.0227	0.8035
1321	1303775952251	1	1.2169	1.0227	0.8035
1322	1303775952279	1	1.2169	1.0227	0.8035
1323	1303775952306	1	1.2247	1.0227	0.7984
1324	1303775952332	1	1.2247	1.0227	0.7984
1325	1303775952359	1	1.2247	1.0227	0.7984
1326	1303775952386	1	1.2247	1.0227	0.7984
1327	1303775952417	1	1.2247	1.0227	0.7984
1328	1303775952443	1	1.2247	1.0227	0.7984
1329	1303775952470	1	1.2247	1.0227	0.7984
1330	1303775952497	1	1.2247	1.0227	0.7984
1331	1303775952523	1	1.2247	1.0227	0.7984
1332	1303775952551	1	1.2247	1.0227	0.7984
1333	1303775952578	1	1.2247	1.0227	0.7984
1334	1303775952650	1	1.2247	1.0227	0.7984
1335	1303775952677	1	1.2247	1.0227	0.7984
1336	1303775952744	1	1.2247	1.0227	0.7984
1337	1303775952771	1	1.2247	1.0227	0.7984
1338	1303775952797	1	1.2247	1.0227	0.7984
1339	1303775952824	1	1.2247	1.0227	0.7984
1340	1303775952851	1	1.2247	1.0227	0.7984
1341	1303775952879	1	1.2247	1.0227	0.7984
1342	1303775952911	1	1.2247	1.0227	0.7984
1343	1303775952938	1	1.2247	1.0227	0.7984
1344	1303775953004	1	1.2247	1.0227	0.7984
1345	1303775953031	1	1.2247	1.0227	0.7984
1346	1303775953097	1	1.2247	1.0227	0.7984
1347	1303775953123	1	1.2247	1.0227	0.7984
1348	1303775953149	1	1.2247	1.0227	0.7984
1349	1303775953181	1	1.2247	1.0227	0.7984
1350	1303775953208	1	1.2247	1.0227	0.7984
1351	1303775953275	1	1.2247	1.0227	0.7984
1352	1303775953301	1	1.2247	1.0227	0.7984
1353	1303775953328	1	1.2247	1.0227	0.7984
1354	1303775953355	1	1.2247	1.0227	0.7984
1355	1303775953382	1	1.2247	1.0227	0.7984
1356	1303775953408	1	1.2247	1.0227	0.7984
1357	1303775953480	1	1.2247	1.0227	0.7984
1358	1303775953507	1	1.2247	1.0227	0.7984
1359	1303775953575	1	1.2247	1.0227	0.7984
1360	1303775953601	1	1.2247	1.0227	0.7984
1361	1303775953628	1	1.2247	1.0227	0.7984
1362	1303775953655	1	1.2247	1.0227	0.7984
1363	1303775953682	1	1.2247	1.0227	0.7984
1364	1303775953713	1	1.2247	1.0227	0.7984
1365	1303775953740	1	1.2247	1.0227	0.7984
1366	1303775953766	1	1.2247	1.0227	0.7984
1367	1303775953792	1	1.2247	1.0227	0.7984
1368	1303775953818	1	1.2247	1.0227	0.7984
1369	1303775953847	1	1.2247	1.0227	0.7984
1370	1303775953948	1	1.2241	1.0227	0.7988
1371	1303775953983	1	1.2241	1.0227	0.7988
1372	1303775954052	1	1.2244	1.0227	0.7986
1373	1303775954079	1	1.2244	1.0227	0.7986
1374	1303775954107	1	1.2247	1.0227	0.7984
1375	1303775954134	1	1.2247	1.0227	0.7984
1376	1303775954161	1	1.2247	1.0227	0.7984
1377	1303775954188	1	1.2247	1.0227	0.7984
1378	1303775954220	1	1.2247	1.0227	0.7984
1379	1303775954247	1	1.2247	1.0227	0.7984
1380	1303775954548	1	1.2247	1.0227	0.7984
1381	1303775954725	1	1.2247	1.0227	0.7984
1382	1303775954755	1	1.2247	1.0227	0.7984
1383	1303775954783	1	1.2247	1.0227	0.7984
1384	1303775954810	1	1.2344	1.0227	0.7921
1385	1303775954838	1	1.2344	1.0227	0.7921
1386	1303775954865	1	1.2344	1.0227	0.7921
1387	1303775954892	1	1.2344	1.0227	0.7921
1388	1303775954924	1	1.2344	1.0227	0.7921
1389	1303775954951	1	1.2344	1.0227	0.7921
1390	1303775954978	1	1.2344	1.0227	0.7921
1391	1303775955005	1	1.2344	1.0227	0.7921
1392	1303775955031	1	1.2344	1.0227	0.7921
1393	1303775955058	1	1.2344	1.0227	0.7921
1394	1303775955085	1	1.2344	1.0227	0.7921
1395	1303775955112	1	1.2344	1.0227	0.7921
1396	1303775955144	1	1.2344	1.0227	0.7921
1397	1303775955171	1	1.2344	1.0227	0.7921
1398	1303775955198	1	1.2344	1.0227	0.7921
1399	1303775955226	1	1.2344	1.0227	0.7921
1400	1303775955253	1	1.2344	1.0227	0.7921
1401	1303775955280	1	1.2344	1.0227	0.7921
1402	1303775955307	1	1.2344	1.0227	0.7921
1403	1303775955340	1	1.2344	1.0227	0.7921
1404	1303775955407	1	1.2344	1.0227	0.7921
1405	1303775955435	1	1.2344	1.0227	0.7921
1406	1303775955462	1	1.2344	1.0227	0.7921
1407	1303775955489	1	1.2344	1.0227	0.7921
1408	1303775955516	1	1.2344	1.0227	0.7921
1409	1303775955543	1	1.2344	1.0227	0.7921
1410	1303775955570	1	1.2344	1.0227	0.7921
1411	1303775955603	1	1.2344	1.0227	0.7921
1412	1303775955630	1	1.2344	1.0227	0.7921
1413	1303775955657	1	1.2344	1.0227	0.7921
1414	1303775955685	1	1.2344	1.0227	0.7921
1415	1303775955711	1	1.2344	1.0227	0.7921
1416	1303775955778	1	1.2344	1.0227	0.7921
1417	1303775955805	1	1.2344	1.0227	0.7921
1418	1303775955838	1	1.2344	1.0227	0.7921
1419	1303775955865	1	1.2344	1.0227	0.7921
1420	1303775955892	1	1.2344	1.0227	0.7921
1421	1303775955920	1	1.2344	1.0227	0.7921
1422	1303775955947	1	1.2344	1.0227	0.7921
1423	1303775955974	1	1.2344	1.0227	0.7921
1424	1303775956002	1	1.2344	1.0227	0.7921
1425	1303775956028	1	1.2344	1.0227	0.7921
1426	1303775956060	1	1.2344	1.0227	0.7921
1427	1303775956087	1	1.2344	1.0227	0.7921
1428	1303775956114	1	1.2344	1.0227	0.7921
1429	1303775956142	1	1.2344	1.0227	0.7921
1430	1303775956211	1	1.2049	1.0227	0.8115
1431	1303775956275	1	1.2043	1.0227	0.8119
1432	1303775956344	1	1.2043	1.0227	0.8119
1433	1303775956377	1	1.2042	1.0227	0.812
1434	1303775956404	1	1.2031	1.0227	0.8127
1435	1303775956430	1	1.2031	1.0227	0.8127
1436	1303775956457	1	1.2031	1.0227	0.8127
1437	1303775956484	1	1.2031	1.0227	0.8127
1438	1303775956511	1	1.2031	1.0227	0.8127
1439	1303775956538	1	1.2031	1.0227	0.8127
1440	1303775956570	1	1.2031	1.0227	0.8127
1441	1303775956762	1	1.2031	1.0227	0.8127
1442	1303775956900	1	1.2031	1.0227	0.8127
1443	1303775956928	1	1.2031	1.0227	0.8127
1444	1303775956956	1	1.2031	1.0227	0.8127
1445	1303775956987	1	1.1402	1.0227	0.8576
1446	1303775957014	1	1.1402	1.0227	0.8576
1447	1303775957081	1	1.1402	1	0.877
1448	1303775957108	1	1.1402	1.0227	0.8576
1449	1303775957135	1	1.1402	1.0227	0.8576
1450	1303775957162	1	1.1402	1.0227	0.8576
1451	1303775957189	1	1.1402	1	0.877
1452	1303775957216	1	1.1402	1.0227	0.8576
1453	1303775957247	1	1.1402	1.0227	0.8576
1454	1303775957274	1	1.1402	1.0227	0.8576
1455	1303775957301	1	1.1402	1	0.877
1456	1303775957328	1	1.1402	1.0227	0.8576
1457	1303775957395	1	1.1402	1.0227	0.8576
1458	1303775957422	1	1.1402	1.0227	0.8576
1459	1303775957449	1	1.1402	1	0.877
1460	1303775957480	1	1.1402	1.0227	0.8576
1461	1303775957547	1	1.1402	1.0227	0.8576
1462	1303775957574	1	1.1402	1.0227	0.8576
1463	1303775957641	1	1.1402	1	0.877
1464	1303775957668	1	1.1402	1.0227	0.8576
1465	1303775957694	1	1.1402	1.0227	0.8576
1466	1303775957721	1	1.1402	1.0227	0.8576
1467	1303775957748	1	1.1402	1	0.877
1468	1303775957780	1	1.1402	1.0227	0.8576
1469	1303775957847	1	1.0534	1.0227	0.9282
1470	1303775957873	1	1.0534	1.0227	0.9282
1471	1303775957940	1	1.0534	1	0.9493
1472	1303775957966	1	1.0534	1.0227	0.9282
1473	1303775957993	1	1.0534	1.0227	0.9282
1474	1303775958020	1	1.0534	1.0227	0.9282
1475	1303775958052	1	1.0534	1	0.9493
1476	1303775958078	1	1.0534	1.0227	0.9282
1477	1303775958105	1	1.0534	1.0227	0.9282
1478	1303775958132	1	1.0534	1.0227	0.9282
1479	1303775958159	1	1.0534	1	0.9493
1480	1303775958186	1	1.0534	1.0227	0.9282
1481	1303775958213	1	1.0534	1.0227	0.9282
1482	1303775958240	1	1.0534	1.0227	0.9282
1483	1303775958271	1	1.0534	1	0.9493
1484	1303775958338	1	1.0534	1.0227	0.9282
1485	1303775958365	1	1.0534	1.0227	0.9282
1486	1303775958392	1	1.0534	1.0227	0.9282
1487	1303775958418	1	1.0534	1	0.9493
1488	1303775958445	1	1.0534	1.0227	0.9282
1489	1303775958473	1	1.0534	1.0227	0.9282
1490	1303775958505	1	1.0534	1.0227	0.9282
1491	1303775958533	1	1.0534	1	0.9493
1492	1303775958618	1	1.0543	1.0227	0.9274
1493	1303775958669	1	1.0544	1.0227	0.9274
1494	1303775958698	1	1.0544	1.0227	0.9274
1495	1303775958765	1	1.0544	1	0.9484
1496	1303775958792	1	1.0544	1.0227	0.9274
1497	1303775958824	1	1.0544	1.0227	0.9274
1498	1303775958852	1	1.0544	1.0227	0.9274
1499	1303775958879	1	1.0544	1	0.9484
1500	1303775958906	1	1.0544	1.0227	0.9274
1501	1303775958933	1	1.0544	1.0227	0.9274
1502	1303775959088	1	1.0582	1.0227	0.924
1503	1303775959208	1	1.0544	1	0.9484
1504	1303775959288	1	1.0544	1.0227	0.9273
1505	1303775959313	1	1.0544	1.0227	0.9273
1506	1303775959337	1	1.0544	1.0227	0.9273
1507	1303775959361	1	1.0544	1	0.9484
1508	1303775959385	1	1.0544	1.0227	0.9273
1509	1303775959455	1	1.0544	1.0227	0.9273
1510	1303775959479	1	1.0544	1.0227	0.9273
1511	1303775959504	1	1.0544	1	0.9484
1512	1303775959528	1	1.0544	1.0227	0.9273
1513	1303775959552	1	1.0544	1.0227	0.9273
1514	1303775959576	1	1.0544	1.0227	0.9273
1515	1303775959600	1	1.0544	1	0.9484
1516	1303775959630	1	1.0544	1.0227	0.9273
1517	1303775959654	1	1.0544	1.0227	0.9273
1518	1303775959678	1	1.0544	1.0227	0.9273
1519	1303775959702	1	1.0544	1	0.9484
1520	1303775959725	1	1.0544	1.0227	0.9273
1521	1303775959749	1	1.0544	1.0227	0.9273
1522	1303775959773	1	1.0544	1.0227	0.9273
1523	1303775959797	1	1.0544	1	0.9484
1524	1303775959826	1	1.0544	1.0227	0.9273
1525	1303775959850	1	1.0544	1.0227	0.9273
1526	1303775959874	1	1.0544	1.0227	0.9273
1527	1303775959898	1	1.0544	1	0.9484
1528	1303775959922	1	1.0544	1.0227	0.9273
1529	1303775959946	1	1.0544	1.0227	0.9273
1530	1303775959970	1	1.0544	1.0227	0.9273
1531	1303775959999	1	1.0544	1	0.9484
1532	1303775960024	1	1.0544	1.0227	0.9273
1533	1303775960048	1	1.0544	1.0227	0.9273
1534	1303775960072	1	1.0544	1.0227	0.9273
1535	1303775960096	1	1.0544	1	0.9484
1536	1303775960120	1	1.0544	1.0227	0.9273
1537	1303775960184	1	1.0544	1.0227	0.9273
1538	1303775960208	1	1.0544	1.0227	0.9273
1539	1303775960237	1	1.0544	1	0.9484
1540	1303775960301	1	1.0544	1.0227	0.9273
1541	1303775960325	1	1.0544	1.0227	0.9273
1542	1303775960350	1	1.0544	1.0227	0.9273
1543	1303775960374	1	1.0544	1	0.9484
1544	1303775960398	1	1.0544	1.0227	0.9273
1545	1303775960423	1	1.0544	1.0227	0.9273
1546	1303775960447	1	1.0544	1.0227	0.9273
1547	1303775960516	1	1.0544	1	0.9484
1548	1303775960540	1	1.0544	1.0227	0.9273
1549	1303775960564	1	1.0544	1.0227	0.9273
1550	1303775960588	1	1.0544	1.0227	0.9273
1551	1303775960612	1	1.0544	1	0.9484
1552	1303775960639	1	1.0544	1.0227	0.9273
1553	1303775960784	1	1.0543	1.0227	0.9274
1554	1303775960847	1	1.0543	1.0227	0.9274
1555	1303775960873	1	1.0534	1	0.9493
1556	1303775960898	1	1.0544	1.0227	0.9273
1557	1303775960922	1	1.0545	1.0227	0.9273
1558	1303775960947	1	1.0545	1.0227	0.9273
1559	1303775960971	1	1.0545	1	0.9484
1560	1303775961001	1	1.0545	1.0227	0.9273
1561	1303775961026	1	1.0545	1.0227	0.9273
1562	1303775961050	1	1.0545	1.0227	0.9273
1563	1303775961208	1	1.0563	1	0.9467
1564	1303775961354	1	1.0564	1.0227	0.9256
1565	1303775961405	1	1.0564	1.0227	0.9256
1566	1303775961437	1	1.0549	1.0227	0.9269
1567	1303775961463	1	1.0549	1	0.9479
1568	1303775961488	1	1.0549	1.0227	0.9269
1569	1303775961514	1	1.0549	1.0227	0.9269
1570	1303775961539	1	1.0549	1.0227	0.9269
1571	1303775961609	1	1.0549	1	0.9479
1572	1303775961634	1	1.0549	1.0227	0.9269
1573	1303775961659	1	1.0549	1.0227	0.9269
1574	1303775961684	1	1.0549	1.0227	0.9269
1575	1303775961749	1	1.0549	1	0.9479
1576	1303775961774	1	1.0549	1.0227	0.9269
1577	1303775961798	1	1.0549	1.0227	0.9269
1578	1303775961869	1	1.0549	1.0455	0.9067
1579	1303775961894	1	1.0549	1	0.9479
1580	1303775961919	1	1.0549	1.0227	0.9269
1581	1303775961944	1	1.0549	1.0455	0.9067
1582	1303775961969	1	1.0549	1.0227	0.9269
1583	1303775961993	1	1.0549	1	0.9479
1584	1303775962017	1	1.0549	1.0455	0.9067
1585	1303775962082	1	1.0549	1.0227	0.9269
1586	1303775962112	1	1.0549	1.0227	0.9269
1587	1303775962137	1	1.0549	1.0227	0.9269
1588	1303775962161	1	1.0549	1.0227	0.9269
1589	1303775962186	1	1.0549	1.0227	0.9269
1590	1303775962211	1	1.0549	1.0455	0.9067
1591	1303775962236	1	1.0549	1	0.9479
1592	1303775962261	1	1.0549	1.0227	0.9269
1593	1303775962291	1	1.0549	1.0455	0.9067
1594	1303775962315	1	1.0549	1.0227	0.9269
1595	1303775962380	1	1.0549	1	0.9479
1596	1303775962406	1	1.0549	1.0455	0.9067
1597	1303775962431	1	1.0549	1.0227	0.9269
1598	1303775962456	1	1.0549	1.0227	0.9269
1599	1303775962480	1	1.0549	1.0227	0.9269
1600	1303775962505	1	1.0549	1.0227	0.9269
1601	1303775962576	1	1.1831	1.0227	0.8265
1602	1303775962600	1	1.1831	1.0455	0.8085
1603	1303775962625	1	1.1831	1	0.8452
1604	1303775962650	1	1.1831	1.0227	0.8265
1605	1303775962675	1	1.1831	1.0455	0.8085
1606	1303775962700	1	1.1831	1.0455	0.8085
1607	1303775962725	1	1.1831	1	0.8452
1608	1303775962796	1	1.1831	1.0227	0.8265
1609	1303775962821	1	1.1831	1.0455	0.8085
1610	1303775962846	1	1.1831	1.0227	0.8265
1611	1303775962910	1	1.1831	1	0.8452
1612	1303775962975	1	1.1831	1.0455	0.8085
1613	1303775963002	1	1.1831	1.0227	0.8265
1614	1303775963308	1	1.183	1.0227	0.8266
1615	1303775963435	1	1.183	1.0227	0.8266
1616	1303775963460	1	1.183	1.0455	0.8086
1617	1303775963486	1	1.183	1.0227	0.8266
1618	1303775963516	1	1.183	1.0227	0.8266
1619	1303775963541	1	1.183	1.0227	0.8266
1620	1303775963565	1	1.183	1.0227	0.8266
1621	1303775963590	1	1.183	1.0227	0.8266
1622	1303775963614	1	1.183	1.0455	0.8086
1623	1303775963678	1	1.183	1.0227	0.8266
1624	1303775964384	1	1.183	1.0227	0.8266
1625	1303775965556	1	1.183	1.0455	0.8086
1626	1303775965614	1	1.183	1.0455	0.8086
1627	1303775965641	1	1.183	1.0227	0.8266
1628	1303775965666	1	1.183	1.0227	0.8266
1629	1303775965697	1	1.1816	1.0455	0.8095
1630	1303775965721	1	1.1816	1.0455	0.8095
1631	1303775965746	1	1.1816	1.0227	0.8275
1632	1303775965770	1	1.1816	1.0227	0.8275
1633	1303775965794	1	1.1816	1.0455	0.8095
1634	1303775965818	1	1.1816	1.0455	0.8095
1635	1303775965843	1	1.1816	1.0227	0.8275
1636	1303775965867	1	1.1816	1.0227	0.8275
1637	1303775965897	1	1.1816	1.0455	0.8095
1638	1303775965922	1	1.1816	1.0455	0.8095
1639	1303775965947	1	1.1816	1.0227	0.8275
1640	1303775965971	1	1.1816	1.0227	0.8275
1641	1303775965996	1	1.1816	1.0455	0.8095
1642	1303775966021	1	1.1816	1.0455	0.8095
1643	1303775966045	1	1.1816	1.0227	0.8275
1644	1303775966110	1	1.1816	1.0227	0.8275
1645	1303775966140	1	1.1816	1.0455	0.8095
1646	1303775966165	1	1.1816	1.0455	0.8095
1647	1303775966189	1	1.1816	1.0227	0.8275
1648	1303775966214	1	1.1816	1.0227	0.8275
1649	1303775966239	1	1.1816	1.0455	0.8095
1650	1303775966264	1	1.1816	1.0455	0.8095
1651	1303775966288	1	1.1816	1.0227	0.8275
1652	1303775966359	1	1.1816	1.0227	0.8275
1653	1303775966384	1	1.1816	1.0455	0.8095
1654	1303775966409	1	1.1816	1.0455	0.8095
1655	1303775966434	1	1.1816	1.0227	0.8275
1656	1303775966499	1	1.1816	1.0227	0.8275
1657	1303775966524	1	1.1816	1.0455	0.8095
1658	1303775966589	1	1.1816	1.0455	0.8095
1659	1303775966613	1	1.1816	1.0227	0.8275
1660	1303775966644	1	1.1816	1.0227	0.8275
1661	1303775966669	1	1.1816	1.0455	0.8095
1662	1303775966693	1	1.1816	1.0455	0.8095
1663	1303775966718	1	1.1816	1.0227	0.8275
1664	1303775966743	1	1.1816	1.0227	0.8275
1665	1303775966767	1	1.1816	1.0455	0.8095
1666	1303775966792	1	1.1816	1.0455	0.8095
1667	1303775966821	1	1.1816	1.0227	0.8275
1668	1303775966885	1	1.1816	1.0227	0.8275
1669	1303775966910	1	1.1816	1.0455	0.8095
1670	1303775966935	1	1.1816	1.0455	0.8095
1671	1303775966960	1	1.1816	1.0227	0.8275
1672	1303775967025	1	1.1816	1.0227	0.8275
1673	1303775967049	1	1.1816	1.0455	0.8095
1674	1303775967076	1	1.1805	1.0455	0.8103
1675	1303775967187	1	1.1816	1.0227	0.8275
1676	1303775967259	1	1.1816	1.0227	0.8275
1677	1303775967286	1	1.1816	1.0455	0.8095
1678	1303775967352	1	1.1816	1.0455	0.8095
1679	1303775967377	1	1.1816	1.0227	0.8275
1680	1303775967402	1	1.1816	1.0227	0.8275
1681	1303775967433	1	1.1816	1.0227	0.8275
1682	1303775967458	1	1.1816	1.0455	0.8095
1683	1303775967523	1	1.1816	1.0227	0.8275
1684	1303775967549	1	1.1816	1.0227	0.8275
1685	1303775967697	1	1.1816	1.0227	0.8275
1686	1303775967834	1	1.1816	1.0455	0.8095
1687	1303775967878	1	1.1816	1.0227	0.8275
1688	1303775967919	1	1.1816	1.0227	0.8275
1689	1303775967976	1	1.1816	1.0227	0.8275
1690	1303775968000	1	1.1816	1.0455	0.8095
1691	1303775968025	1	1.1816	1.0227	0.8275
1692	1303775968055	1	1.1816	1.0227	0.8275
1693	1303775968080	1	1.1816	1.0227	0.8275
1694	1303775968105	1	1.1816	1.0227	0.8275
1695	1303775968130	1	1.1816	1	0.8463
1696	1303775968154	1	1.1816	1.0227	0.8275
1697	1303775968179	1	1.1816	1.0227	0.8275
1698	1303775968204	1	1.1816	1.0227	0.8275
1699	1303775968268	1	1.1816	1	0.8463
1700	1303775968299	1	1.1816	1.0227	0.8275
1701	1303775968324	1	1.1816	1.0227	0.8275
1702	1303775968349	1	1.1816	1.0227	0.8275
1703	1303775968374	1	1.1816	1	0.8463
1704	1303775968399	1	1.1816	1.0227	0.8275
1705	1303775968424	1	1.1816	1.0227	0.8275
1706	1303775968448	1	1.1816	1.0227	0.8275
1707	1303775968479	1	1.1816	1	0.8463
1708	1303775968503	1	1.1816	1.0227	0.8275
1709	1303775968569	1	1.1816	1.0227	0.8275
1710	1303775968594	1	1.1816	1.0227	0.8275
1711	1303775968619	1	1.1816	1	0.8463
1712	1303775968644	1	1.1816	1.0227	0.8275
1713	1303775968669	1	1.1816	1.0227	0.8275
1714	1303775968694	1	1.1816	1.0227	0.8275
1715	1303775968724	1	1.1816	1	0.8463
1716	1303775968749	1	1.1816	1.0227	0.8275
1717	1303775968774	1	1.1816	1.0227	0.8275
1718	1303775968798	1	1.1816	1.0227	0.8275
1719	1303775968824	1	1.1816	1	0.8463
1720	1303775968849	1	1.1816	1.0227	0.8275
1721	1303775968874	1	1.1816	1.0227	0.8275
1722	1303775968944	1	1.1816	1.0227	0.8275
1723	1303775968969	1	1.1816	1	0.8463
1724	1303775968995	1	1.1816	1.0227	0.8275
1725	1303775969019	1	1.1816	1.0227	0.8275
1726	1303775969045	1	1.1816	1.0227	0.8275
1727	1303775969070	1	1.1816	1	0.8463
1728	1303775969095	1	1.1816	1.0227	0.8275
1729	1303775969119	1	1.1816	1.0227	0.8275
1730	1303775969149	1	1.1816	1.0227	0.8275
1731	1303775969174	1	1.1816	1	0.8463
1732	1303775969200	1	1.1816	1.0227	0.8275
1733	1303775969225	1	1.1816	1.0227	0.8275
1734	1303775969250	1	1.1816	1.0227	0.8275
1735	1303775969277	1	1.1918	1	0.839
1736	1303775969859	1	1.1816	1.0227	0.8275
1737	1303775970163	1	1.1816	1.0227	0.8275
1738	1303775970189	1	1.1816	1.0227	0.8275
1739	1303775970215	1	1.1816	1	0.8463
1740	1303775970240	1	1.1816	1.0227	0.8275
1741	1303775970265	1	1.1816	1.0227	0.8275
1742	1303775970290	1	1.1816	1.0227	0.8275
1743	1303775970315	1	1.1816	1.0227	0.8275
1744	1303775970386	1	1.1816	1.0227	0.8275
1745	1303775970451	1	1.1816	1.0227	0.8275
1746	1303775971372	1	1.1816	1.0227	0.8275
1747	1303775972101	1	1.1816	1.0227	0.8275
1748	1303775972170	1	1.1816	1.0227	0.8275
1749	1303775972196	1	1.182	1.0227	0.8272
1750	1303775972222	1	1.182	1.0227	0.8272
1751	1303775972248	1	1.182	1.0227	0.8272
1752	1303775972278	1	1.182	1.0227	0.8272
1753	1303775972304	1	1.182	1.0227	0.8272
1754	1303775972370	1	1.182	1.0227	0.8272
1755	1303775972396	1	1.182	1.0227	0.8272
1756	1303775972421	1	1.182	1.0227	0.8272
1757	1303775972447	1	1.182	1.0227	0.8272
1758	1303775972473	1	1.182	1.0227	0.8272
1759	1303775972504	1	1.182	1	0.846
1760	1303775972529	1	1.182	1.0227	0.8272
1761	1303775972555	1	1.182	1.0227	0.8272
1762	1303775972581	1	1.182	1.0227	0.8272
1763	1303775972606	1	1.182	1	0.846
1764	1303775972632	1	1.182	1.0227	0.8272
1765	1303775972658	1	1.182	1.0227	0.8272
1766	1303775972684	1	1.182	1.0227	0.8272
1767	1303775972715	1	1.182	1.0227	0.8272
1768	1303775972741	1	1.182	1.0227	0.8272
1769	1303775972767	1	1.182	1.0227	0.8272
1770	1303775972832	1	1.182	1.0227	0.8272
1771	1303775972897	1	1.182	1.0227	0.8272
1772	1303775972922	1	1.182	1.0227	0.8272
1773	1303775972948	1	1.182	1.0227	0.8272
1774	1303775972978	1	1.182	1.0227	0.8272
1775	1303775973003	1	1.182	1.0227	0.8272
1776	1303775973028	1	1.182	1.0227	0.8272
1777	1303775973094	1	1.182	1.0227	0.8272
1778	1303775973120	1	1.182	1.0227	0.8272
1779	1303775973145	1	1.182	1.0227	0.8272
1780	1303775973170	1	1.182	1.0227	0.8272
1781	1303775973236	1	1.182	1.0227	0.8272
1782	1303775973267	1	1.182	1.0227	0.8272
1783	1303775973293	1	1.182	1.0227	0.8272
1784	1303775973319	1	1.182	1.0227	0.8272
1785	1303775973344	1	1.182	1.0227	0.8272
1786	1303775973370	1	1.182	1.0227	0.8272
1787	1303775973395	1	1.182	1.0227	0.8272
1788	1303775973421	1	1.182	1.0227	0.8272
1789	1303775973447	1	1.182	1.0227	0.8272
1790	1303775973478	1	1.182	1.0227	0.8272
1791	1303775973504	1	1.182	1.0227	0.8272
1792	1303775973530	1	1.182	1.0227	0.8272
1793	1303775973556	1	1.182	1.0227	0.8272
1794	1303775973582	1	1.182	1.0227	0.8272
1795	1303775973648	1	1.182	1.0227	0.8272
1796	1303775973675	1	1.1873	1.0227	0.8235
1797	1303775973991	1	1.1862	1.0227	0.8243
1798	1303775974102	1	1.182	1.0227	0.8272
1799	1303775974169	1	1.182	1.0227	0.8272
1800	1303775974194	1	1.182	1.0227	0.8272
