0	1303771669685	0	0	0	0
1	1303771669694	0	0	0	0
2	1303771669745	0	0	0	0
3	1303771669797	0	0	0	0
4	1303771669806	0	0	0	0
5	1303771669816	0	0	0	0
6	1303771669826	0	0	0	0
7	1303771669881	0	0	0	0
8	1303771669892	0	0	0	0
9	1303771669905	0	0	0	0
10	1303771669918	0	0	0	0
11	1303771669934	0	0	0	0
12	1303771669948	0	0	0	0
13	1303771669962	0	0	0	0
14	1303771669978	0	0	0	0
15	1303771669992	0	0	0	0
16	1303771670050	0	0	0	0
17	1303771670065	0	0	0	0
18	1303771670079	0	0	0	0
19	1303771670095	0	0	0	0
20	1303771670109	0	0	0	0
21	1303771670147	1	0	0	0
22	1303771670193	1	0	0	0
23	1303771670215	1	0	0	0
24	1303771670236	1	1.0178	1.5	0.655
25	1303771670307	1	1.0178	1.5	0.655
26	1303771670327	1	1.0178	0	0
27	1303771670342	1	1.0178	1.3333	0.7369
28	1303771670357	1	1.0178	1.3333	0.7369
29	1303771670374	1	1.0178	1.3333	0.7369
30	1303771670390	1	1.0178	1.25	0.786
31	1303771670406	1	1.0178	1.25	0.786
32	1303771670422	1	1.0178	1.125	0.8733
33	1303771670437	1	1.0178	1.125	0.8733
34	1303771670452	1	1.0178	1.25	0.786
35	1303771670468	1	1.0178	1.25	0.786
36	1303771670483	1	1.0178	1.25	0.786
37	1303771670498	1	1.0178	1.25	0.786
38	1303771670515	1	1.0178	1.25	0.786
39	1303771670530	1	1.0178	1.2	0.8187
40	1303771670588	1	1.0178	1.2	0.8187
41	1303771670606	1	1.0178	1.1	0.8932
42	1303771670663	1	1.0178	1.125	0.8733
43	1303771670679	1	1.0178	1.1	0.8932
44	1303771670696	1	1.0178	1.2	0.8187
45	1303771670712	1	1.0178	1.1667	0.8421
46	1303771670727	1	1.0178	1.25	0.786
47	1303771670744	1	1.0178	1.0833	0.9069
48	1303771670760	1	1.0178	1.0833	0.9069
49	1303771670777	1	1.0178	1.0714	0.917
50	1303771670794	1	1.0178	1	0.9825
51	1303771670810	1	1.0178	1.1667	0.8421
52	1303771670828	1	1.0178	1.1667	0.8421
53	1303771670845	1	1.0178	1.1429	0.8597
54	1303771670863	1	1.0178	1.0714	0.917
55	1303771670882	1	1.0178	1.0714	0.917
56	1303771670898	1	1.0178	1.0833	0.9069
57	1303771670915	1	1.0178	1.1429	0.8597
58	1303771670933	1	1.0178	1.1429	0.8597
59	1303771670992	1	1.0178	1.1429	0.8597
60	1303771671052	1	1.0178	1.1429	0.8597
61	1303771671070	1	1.0178	1.1429	0.8597
62	1303771671089	1	1.0178	1.1429	0.8597
63	1303771671106	1	1.0178	1.1429	0.8597
64	1303771671124	1	1.0178	1.1429	0.8597
65	1303771671144	1	1.0178	1.1429	0.8597
66	1303771671161	1	1.0178	1.1429	0.8597
67	1303771671180	1	1.0178	1.1429	0.8597
68	1303771671197	1	1.0178	1.1429	0.8597
69	1303771671217	1	1.0178	1.1429	0.8597
70	1303771671237	1	1.0178	1.1429	0.8597
71	1303771671256	1	1.0178	1.1429	0.8597
72	1303771671275	1	1.0178	1.1429	0.8597
73	1303771671292	1	1.0178	1.1429	0.8597
74	1303771671310	1	1.0178	1.1429	0.8597
75	1303771671329	1	1.0178	1.1429	0.8597
76	1303771671348	1	1.0178	1.1429	0.8597
77	1303771671368	1	1.0178	1.1429	0.8597
78	1303771671385	1	1.0178	1.1429	0.8597
79	1303771671446	1	1.0178	1.1429	0.8597
80	1303771671463	1	1.0178	1.125	0.8733
81	1303771671480	1	1.0178	1.1429	0.8597
82	1303771671499	1	1.0178	1.125	0.8733
83	1303771671563	1	1.0178	1.1111	0.8842
84	1303771671583	1	1.0178	1.1111	0.8842
85	1303771671602	1	1.0065	1.1111	0.8942
86	1303771671626	1	1.0065	1.0625	0.9351
87	1303771671693	1	1.0065	1.125	0.8831
88	1303771671716	1	1.0065	1.125	0.8831
89	1303771671739	1	1.0065	1.1111	0.8942
90	1303771671805	1	1.0065	1.0556	0.9412
91	1303771671868	1	1.0065	1.0556	0.9412
92	1303771671893	1	1.0065	1.1111	0.8942
93	1303771671916	1	1.0065	1.1111	0.8942
94	1303771671939	1	1.0065	1.0556	0.9412
95	1303771671963	1	1.0065	1.0556	0.9412
96	1303771671987	1	1.0065	1.1111	0.8942
97	1303771672010	1	1.0065	1.1111	0.8942
98	1303771672034	1	1.0065	1.0556	0.9412
99	1303771672059	1	1.0065	1.0556	0.9412
100	1303771672123	1	1.0065	1.1111	0.8942
101	1303771672147	1	1.0065	1.0556	0.9412
102	1303771672170	1	1.0065	1.0556	0.9412
103	1303771672193	1	1.0065	1.1111	0.8942
104	1303771672216	1	1.0065	1.0556	0.9412
105	1303771672241	1	1.0065	1.0556	0.9412
106	1303771672262	1	1.0065	1.1111	0.8942
107	1303771672286	1	1.0065	1.0556	0.9412
108	1303771672307	1	1.0065	1.0556	0.9412
109	1303771672330	1	1.0065	1.1111	0.8942
110	1303771672353	1	1.0065	1.1111	0.8942
111	1303771672421	1	1.0065	1.0556	0.9412
112	1303771672446	1	1.0065	1.0556	0.9412
113	1303771672467	1	1.0065	1.1111	0.8942
114	1303771672491	1	1.0065	1.0556	0.9412
115	1303771672514	1	1.0065	1.0556	0.9412
116	1303771672536	1	1.0065	1.1111	0.8942
117	1303771672559	1	1.0065	1.1111	0.8942
118	1303771672581	1	1.0065	1.0556	0.9412
119	1303771672605	1	1.0065	1.0556	0.9412
120	1303771672629	1	1.0065	1.1111	0.8942
121	1303771672650	1	1.0065	1.0556	0.9412
122	1303771672673	1	1.0065	1.0556	0.9412
123	1303771672696	1	1.0065	1.1111	0.8942
124	1303771672720	1	1.0065	1.1111	0.8942
125	1303771672741	1	1.0065	1.0556	0.9412
126	1303771672765	1	1.0065	1.0556	0.9412
127	1303771672787	1	1.0065	1.1111	0.8942
128	1303771672809	1	1.0065	1.1111	0.8942
129	1303771672875	1	1.0065	1.0556	0.9412
130	1303771672897	1	1.0065	1.1111	0.8942
131	1303771672920	1	1.0065	1.1111	0.8942
132	1303771672942	1	1.0065	1.1111	0.8942
133	1303771672965	1	1.0065	1.0556	0.9412
134	1303771672989	1	1.0065	1.1111	0.8942
135	1303771673010	1	1.0065	1.1111	0.8942
136	1303771673033	1	1.0065	1.1111	0.8942
137	1303771673054	1	1.0065	1.0556	0.9412
138	1303771673077	1	1.0065	1.1111	0.8942
139	1303771673099	1	1.0065	1.1111	0.8942
140	1303771673122	1	1.0065	1.1111	0.8942
141	1303771673144	1	1.0065	1.0556	0.9412
142	1303771673166	1	1.0065	1.1111	0.8942
143	1303771673189	1	1.0065	1.1111	0.8942
144	1303771673211	1	1.0065	1.1111	0.8942
145	1303771673234	1	1.0065	1.0556	0.9412
146	1303771673256	1	1.0065	1.1111	0.8942
147	1303771673280	1	1.0053	1.1111	0.8952
148	1303771673344	1	1.0053	1.1111	0.8952
149	1303771673369	1	1.0053	1.0556	0.9423
150	1303771673392	1	1.0053	1.1111	0.8952
151	1303771673412	1	1.0053	1.1111	0.8952
152	1303771673434	1	1.0053	1.1111	0.8952
153	1303771673496	1	1.0053	1.0556	0.9423
154	1303771673564	1	1.0053	1.1111	0.8952
155	1303771673585	1	1.0053	1.1111	0.8952
156	1303771673607	1	1.0053	1.1111	0.8952
157	1303771673628	1	1.0053	1.0556	0.9423
158	1303771673650	1	1.0053	1.1111	0.8952
159	1303771673670	1	1.0053	1.1111	0.8952
160	1303771673691	1	1.0053	1.1111	0.8952
161	1303771673711	1	1.0053	1.0556	0.9423
162	1303771673731	1	1.0053	1.1111	0.8952
163	1303771673754	1	1.0053	1.1111	0.8952
164	1303771673774	1	1.0053	1.1111	0.8952
165	1303771673796	1	1.0053	1.0556	0.9423
166	1303771673816	1	1.0053	1.1111	0.8952
167	1303771673838	1	1.0053	1.1111	0.8952
168	1303771673859	1	1.0053	1.1111	0.8952
169	1303771673880	1	1.0053	1.0556	0.9423
170	1303771673900	1	1.0053	1.1111	0.8952
171	1303771673922	1	1.0053	1.1111	0.8952
172	1303771673944	1	1.0053	1.1111	0.8952
173	1303771673965	1	1.0053	1.0556	0.9423
174	1303771673986	1	1.0053	1.1111	0.8952
175	1303771674008	1	1.0053	1.1111	0.8952
176	1303771674069	1	1.0053	1.1111	0.8952
177	1303771674091	1	1.0053	1.0556	0.9423
178	1303771674111	1	1.0053	1.1111	0.8952
179	1303771674132	1	1.0053	1.1111	0.8952
180	1303771674153	1	1.0053	1.1111	0.8952
181	1303771674174	1	1.0053	1.0556	0.9423
182	1303771674195	1	1.0053	1.1111	0.8952
183	1303771674217	1	1.0053	1.1111	0.8952
184	1303771674238	1	1.0053	1.1111	0.8952
185	1303771674261	1	1.0053	1.0556	0.9423
186	1303771674281	1	1.0053	1.1111	0.8952
187	1303771674303	1	1.0053	1.1111	0.8952
188	1303771674324	1	1.0053	1.1111	0.8952
189	1303771674345	1	1.0053	1.0556	0.9423
190	1303771674365	1	1.0053	1.1111	0.8952
191	1303771674387	1	1.0053	1.1111	0.8952
192	1303771674453	1	1.0053	1.1111	0.8952
193	1303771674475	1	1.0053	1.0556	0.9423
194	1303771674495	1	1.0053	1.1111	0.8952
195	1303771674517	1	1.0053	1.1111	0.8952
196	1303771674537	1	1.0053	1.1111	0.8952
197	1303771674559	1	1.0053	1.0556	0.9423
198	1303771674579	1	1.0053	1.1111	0.8952
199	1303771674601	1	1.0053	1.1111	0.8952
200	1303771674663	1	1.0053	1.1111	0.8952
201	1303771674686	1	1.0053	1.0556	0.9423
202	1303771674748	1	1.0053	1.1111	0.8952
203	1303771674770	1	1.0053	1.1111	0.8952
204	1303771674789	1	1.0053	1.1111	0.8952
205	1303771674811	1	1.0053	1.0556	0.9423
206	1303771674831	1	1.0053	1.1111	0.8952
207	1303771674853	1	1.0002	1.1111	0.8998
208	1303771674921	1	0.9993	1.1111	0.9007
209	1303771674945	1	0.9993	1.0556	0.9481
210	1303771674968	1	0.9993	1.1111	0.9007
211	1303771674990	1	0.9993	1.1111	0.9007
212	1303771675010	1	0.9993	1.1111	0.9007
213	1303771675032	1	0.9993	1.0556	0.9481
214	1303771675052	1	0.9993	1.1111	0.9007
215	1303771675076	1	0.9993	1.1111	0.9007
216	1303771675096	1	0.9993	1.1111	0.9007
217	1303771675119	1	0.9993	1.0556	0.9481
218	1303771675140	1	0.9993	1.1111	0.9007
219	1303771675161	1	0.9993	1.1111	0.9007
220	1303771675223	1	0.9993	1.1111	0.9007
221	1303771675244	1	0.9993	1.0556	0.9481
222	1303771675266	1	0.9993	1.1111	0.9007
223	1303771675286	1	0.9993	1.1111	0.9007
224	1303771675309	1	0.9993	1.1111	0.9007
225	1303771675329	1	0.9993	1.0556	0.9481
226	1303771675352	1	0.9993	1.1111	0.9007
227	1303771675372	1	0.9993	1.1111	0.9007
228	1303771675394	1	0.9993	1.1111	0.9007
229	1303771675414	1	0.9993	1	1.0007
230	1303771675435	1	0.9993	1.1111	0.9007
231	1303771675455	1	0.9993	1.1111	0.9007
232	1303771675476	1	0.9993	1.1111	0.9007
233	1303771675497	1	0.9993	1	1.0007
234	1303771675518	1	0.9993	1.1111	0.9007
235	1303771675579	1	0.9993	1.1111	0.9007
236	1303771675601	1	0.9993	1.1111	0.9007
237	1303771675621	1	0.9993	1	1.0007
238	1303771675643	1	0.9993	1.1111	0.9007
239	1303771675664	1	0.9993	1.1111	0.9007
240	1303771675684	1	0.9993	1.1111	0.9007
241	1303771675706	1	0.9993	1	1.0007
242	1303771675726	1	0.9993	1.1111	0.9007
243	1303771675748	1	0.9993	1.1111	0.9007
244	1303771675768	1	0.9993	1.1111	0.9007
245	1303771675790	1	0.9993	1	1.0007
246	1303771675810	1	0.9993	1.1111	0.9007
247	1303771675831	1	0.9993	1.1111	0.9007
248	1303771675852	1	0.9993	1.1111	0.9007
249	1303771675915	1	0.9993	1	1.0007
250	1303771675935	1	0.9993	1.1111	0.9007
251	1303771675957	1	0.9993	1.1111	0.9007
252	1303771675977	1	0.9993	1.1111	0.9007
253	1303771675999	1	0.9993	1	1.0007
254	1303771676061	1	0.9993	1.1111	0.9007
255	1303771676083	1	0.9993	1.1111	0.9007
256	1303771676102	1	0.9993	1.1111	0.9007
257	1303771676123	1	0.9993	1	1.0007
258	1303771676200	1	0.9993	1.1111	0.9007
259	1303771676264	1	0.9993	1.1111	0.9007
260	1303771676284	1	0.9993	1.1111	0.9007
261	1303771676306	1	0.9993	1	1.0007
262	1303771676326	1	0.9993	1.1111	0.9007
263	1303771676346	1	0.9993	1.1111	0.9007
264	1303771676369	1	0.9993	1.1111	0.9007
265	1303771676389	1	0.9993	1	1.0007
266	1303771676411	1	0.9993	1.1111	0.9007
267	1303771676431	1	0.9993	1.1111	0.9007
268	1303771676453	1	0.9993	1.1111	0.9007
269	1303771676475	1	0.9992	1	1.0008
270	1303771676499	1	0.9992	1.1111	0.9007
271	1303771676520	1	0.9992	1.1111	0.9007
272	1303771676541	1	0.9992	1.1111	0.9007
273	1303771676562	1	0.9992	1	1.0008
274	1303771676625	1	0.9992	1.1111	0.9007
275	1303771676645	1	0.9992	1.1111	0.9007
276	1303771676667	1	0.9992	1.1111	0.9007
277	1303771676687	1	0.9992	1	1.0008
278	1303771676709	1	0.9992	1.1111	0.9007
279	1303771676730	1	0.9992	1.1111	0.9007
280	1303771676752	1	0.9992	1.1111	0.9007
281	1303771676771	1	0.9992	1	1.0008
282	1303771676793	1	0.9992	1.1111	0.9007
283	1303771676813	1	0.9992	1.1111	0.9007
284	1303771676835	1	0.9992	1.1111	0.9007
285	1303771676854	1	0.9992	1	1.0008
286	1303771676874	1	0.9992	1.1111	0.9007
287	1303771676896	1	0.9992	1.1111	0.9007
288	1303771676958	1	0.9992	1.1111	0.9007
289	1303771676980	1	0.9992	1	1.0008
290	1303771677000	1	0.9992	1.1111	0.9007
291	1303771677022	1	0.9992	1.1111	0.9007
292	1303771677042	1	0.9992	1.1111	0.9007
293	1303771677062	1	0.9992	1	1.0008
294	1303771677124	1	0.9992	1.1111	0.9007
295	1303771677145	1	0.9992	1.1111	0.9007
296	1303771677166	1	0.9992	1.1111	0.9007
297	1303771677188	1	0.9992	1	1.0008
298	1303771677209	1	0.9992	1.1111	0.9007
299	1303771677231	1	0.9992	1.1111	0.9007
300	1303771677251	1	0.9992	1.1111	0.9007
301	1303771677273	1	0.9992	1	1.0008
302	1303771677294	1	0.9992	1.1111	0.9007
303	1303771677317	1	0.9992	1.1111	0.9007
304	1303771677337	1	0.9992	1.1111	0.9007
305	1303771677401	1	0.9992	1	1.0008
306	1303771677467	1	0.9992	1.1111	0.9007
307	1303771677489	1	0.9992	1.1111	0.9007
308	1303771677510	1	0.9992	1.1111	0.9007
309	1303771677530	1	0.9992	1	1.0008
310	1303771677553	1	0.9992	1.1111	0.9007
311	1303771677574	1	0.9992	1.1111	0.9007
312	1303771677595	1	0.9992	1.1111	0.9007
313	1303771677661	1	0.9992	1	1.0008
314	1303771677683	1	0.9992	1.1111	0.9007
315	1303771677703	1	0.9992	1.1111	0.9007
316	1303771677725	1	0.9992	1.1111	0.9007
317	1303771677745	1	0.9992	1	1.0008
318	1303771677767	1	0.9992	1.1111	0.9007
319	1303771677787	1	0.9992	1.1111	0.9007
320	1303771677808	1	0.9992	1.1111	0.9007
321	1303771677828	1	0.9992	1	1.0008
322	1303771677851	1	0.9992	1.1111	0.9007
323	1303771677871	1	0.9992	1.1111	0.9007
324	1303771677893	1	0.9992	1.1111	0.9007
325	1303771677954	1	0.9992	1	1.0008
326	1303771677977	1	0.9992	1.1111	0.9007
327	1303771677998	1	0.9992	1.1111	0.9007
328	1303771678021	1	0.9992	1.1111	0.9007
329	1303771678041	1	0.9992	1	1.0008
330	1303771678063	1	0.9992	1.1111	0.9007
331	1303771678086	1	0.9992	1.1111	0.9007
332	1303771678109	1	0.9992	1.1111	0.9007
333	1303771678129	1	0.9992	1	1.0008
334	1303771678151	1	0.9992	1.1111	0.9007
335	1303771678218	1	0.9992	1.1111	0.9007
336	1303771678239	1	0.9992	1.1111	0.9007
337	1303771678261	1	0.9992	1	1.0008
338	1303771678281	1	0.9992	1.1111	0.9007
339	1303771678302	1	0.9992	1.1111	0.9007
340	1303771678323	1	0.9992	1.1111	0.9007
341	1303771678387	1	0.9992	1	1.0008
342	1303771678407	1	0.9992	1.1111	0.9007
343	1303771678429	1	0.9992	1.1111	0.9007
344	1303771678449	1	0.9992	1.1111	0.9007
345	1303771678470	1	0.9992	1	1.0008
346	1303771678491	1	0.9992	1.1111	0.9007
347	1303771678513	1	0.9992	1.1111	0.9007
348	1303771678533	1	0.9992	1.1111	0.9007
349	1303771678556	1	0.9992	1	1.0008
350	1303771678576	1	0.9992	1.1111	0.9007
351	1303771678599	1	0.9992	1.1111	0.9007
352	1303771678620	1	0.9992	1.1111	0.9007
353	1303771678642	1	0.9992	1	1.0008
354	1303771678664	1	0.9992	1.1111	0.9007
355	1303771678685	1	0.9992	1.1111	0.9007
356	1303771678711	1	0.9992	1.1111	0.9007
357	1303771678732	1	0.9992	1	1.0008
358	1303771678755	1	0.9992	1.1111	0.9007
359	1303771678776	1	0.9992	1.1111	0.9007
360	1303771678798	1	0.9992	1.1111	0.9007
361	1303771678818	1	0.9992	1	1.0008
362	1303771678841	1	0.9992	1.1111	0.9007
363	1303771678862	1	0.9992	1.1111	0.9007
364	1303771678885	1	0.9992	1.1111	0.9007
365	1303771678904	1	0.9992	1	1.0008
366	1303771678926	1	0.9992	1.1111	0.9007
367	1303771678946	1	0.9992	1.1111	0.9007
368	1303771678968	1	0.9992	1.1111	0.9007
369	1303771678988	1	0.9992	1	1.0008
370	1303771679008	1	0.9992	1.1111	0.9007
371	1303771679030	1	0.9992	1.1111	0.9007
372	1303771679051	1	0.9992	1.1111	0.9007
373	1303771679072	1	0.9992	1	1.0008
374	1303771679093	1	0.9992	1.1111	0.9007
375	1303771679114	1	0.9992	1.1111	0.9007
376	1303771679133	1	0.9992	1.1111	0.9007
377	1303771679154	1	0.9992	1	1.0008
378	1303771679176	1	0.9992	1.1111	0.9007
379	1303771679198	1	0.9992	1.1111	0.9007
380	1303771679265	1	0.9992	1.1111	0.9007
381	1303771679287	1	0.9992	1	1.0008
382	1303771679307	1	0.9992	1.1111	0.9007
383	1303771679329	1	0.9992	1.1111	0.9007
384	1303771679350	1	0.9992	1.1111	0.9007
385	1303771679371	1	0.9992	1	1.0008
386	1303771679392	1	0.9992	1.1111	0.9007
387	1303771679412	1	0.9992	1.1111	0.9007
388	1303771679434	1	0.9992	1.1111	0.9007
389	1303771679454	1	0.9992	1	1.0008
390	1303771679477	1	0.9992	1.1111	0.9007
391	1303771679499	1	0.9992	1.1111	0.9007
392	1303771679523	1	0.9992	1.1111	0.9007
393	1303771679545	1	0.9992	1	1.0008
394	1303771679567	1	0.9993	1.1111	0.9007
395	1303771679587	1	0.9993	1.1111	0.9007
396	1303771679609	1	0.9993	1.1111	0.9007
397	1303771679629	1	0.9993	1	1.0007
398	1303771679651	1	0.9993	1.1111	0.9007
399	1303771679671	1	0.9993	1.1111	0.9007
400	1303771679692	1	0.9993	1.1111	0.9007
401	1303771679712	1	0.9993	1	1.0007
402	1303771679733	1	0.9993	1.1111	0.9007
403	1303771679753	1	0.9993	1.1111	0.9007
404	1303771679775	1	0.9993	1.1111	0.9007
405	1303771679795	1	0.9993	1	1.0007
406	1303771679816	1	0.9993	1.1111	0.9007
407	1303771679836	1	0.9993	1.1111	0.9007
408	1303771679856	1	0.9993	1.1111	0.9007
409	1303771679878	1	0.9993	1	1.0007
410	1303771679898	1	0.9993	1.1111	0.9007
411	1303771679920	1	0.9993	1.1111	0.9007
412	1303771679940	1	0.9993	1.1111	0.9007
413	1303771679961	1	0.9993	1	1.0007
414	1303771679982	1	0.9993	1.1111	0.9007
415	1303771680004	1	0.9993	1.1111	0.9007
416	1303771680025	1	0.9993	1.1111	0.9007
417	1303771680047	1	0.9993	1	1.0007
418	1303771680110	1	0.9993	1.1111	0.9007
419	1303771680131	1	0.9993	1.1111	0.9007
420	1303771680153	1	0.9993	1.1111	0.9007
421	1303771680175	1	0.9993	1	1.0007
422	1303771680196	1	0.9993	1.1111	0.9007
423	1303771680217	1	0.9993	1.1111	0.9007
424	1303771680280	1	0.9993	1.1111	0.9007
425	1303771680303	1	0.9993	1	1.0007
426	1303771680322	1	0.9993	1.1111	0.9007
427	1303771680343	1	0.9993	1.1111	0.9007
428	1303771680364	1	0.9993	1.1111	0.9007
429	1303771680385	1	0.9993	1	1.0007
430	1303771680407	1	0.9993	1.1111	0.9007
431	1303771680428	1	0.9993	1.1111	0.9007
432	1303771680450	1	0.9993	1.1111	0.9007
433	1303771680471	1	0.9993	1	1.0007
434	1303771680493	1	0.9993	1.1111	0.9007
435	1303771680515	1	0.9993	1.1111	0.9007
436	1303771680537	1	0.9993	1.1111	0.9007
437	1303771680599	1	0.9993	1	1.0007
438	1303771680621	1	0.9993	1.1111	0.9007
439	1303771680642	1	0.9993	1.1111	0.9007
440	1303771680663	1	0.9993	1.1111	0.9007
441	1303771680684	1	0.9993	1	1.0007
442	1303771680706	1	0.9993	1.1111	0.9007
443	1303771680726	1	0.9993	1.1111	0.9007
444	1303771680748	1	0.9993	1.1111	0.9007
445	1303771680770	1	0.9993	1	1.0007
446	1303771680790	1	0.9993	1.1111	0.9007
447	1303771680812	1	0.9993	1.1111	0.9007
448	1303771680833	1	0.9993	1.1111	0.9007
449	1303771680855	1	0.9993	1	1.0007
450	1303771680876	1	0.9993	1.1111	0.9007
451	1303771680898	1	0.9993	1.1111	0.9007
452	1303771680919	1	0.9993	1.1111	0.9007
453	1303771680942	1	0.9993	1	1.0007
454	1303771680964	1	0.9993	1.1111	0.9007
455	1303771680986	1	0.9993	1.1111	0.9007
456	1303771681007	1	0.9993	1.1111	0.9007
457	1303771681028	1	0.9993	1	1.0007
458	1303771681090	1	0.9993	1.1111	0.9007
459	1303771681112	1	0.9993	1.1111	0.9007
460	1303771681132	1	0.9993	1.1111	0.9007
461	1303771681155	1	0.9993	1	1.0007
462	1303771681176	1	0.9993	1.1111	0.9007
463	1303771681200	1	0.9993	1.1111	0.9007
464	1303771681263	1	0.9993	1.1111	0.9007
465	1303771681284	1	0.9993	1	1.0007
466	1303771681304	1	0.9993	1.1111	0.9007
467	1303771681325	1	0.9993	1.1111	0.9007
468	1303771681348	1	0.9993	1.1111	0.9007
469	1303771681369	1	0.9993	1	1.0007
470	1303771681391	1	0.9993	1.1111	0.9007
471	1303771681412	1	0.9993	1.1111	0.9007
472	1303771681434	1	0.9993	1.1111	0.9007
473	1303771681453	1	0.9993	1	1.0007
474	1303771681476	1	0.9993	1.1111	0.9007
475	1303771681496	1	0.9993	1.1111	0.9007
476	1303771681517	1	0.9993	1.1111	0.9007
477	1303771681538	1	0.9993	1	1.0007
478	1303771681559	1	0.9993	1.1111	0.9007
479	1303771681580	1	0.9993	1.1111	0.9007
480	1303771681601	1	0.9993	1.1111	0.9007
481	1303771681664	1	0.9993	1	1.0007
482	1303771681686	1	0.9993	1.1111	0.9007
483	1303771681706	1	0.9993	1.1111	0.9007
484	1303771681727	1	0.9993	1.1111	0.9007
485	1303771681748	1	0.9993	1	1.0007
486	1303771681768	1	0.9993	1.1111	0.9007
487	1303771681790	1	0.9993	1.1111	0.9007
488	1303771681811	1	0.9993	1.1111	0.9007
489	1303771681833	1	0.9993	1	1.0007
490	1303771681895	1	0.9993	1.1111	0.9007
491	1303771681916	1	0.9993	1.1111	0.9007
492	1303771681937	1	0.9993	1.1111	0.9007
493	1303771681959	1	0.9993	1	1.0007
494	1303771681979	1	0.9993	1.1111	0.9007
495	1303771682000	1	0.9993	1.1111	0.9007
496	1303771682062	1	0.9993	1.1111	0.9007
497	1303771682084	1	0.9993	1	1.0007
498	1303771682104	1	0.9993	1.1111	0.9007
499	1303771682125	1	0.9993	1.1111	0.9007
500	1303771682145	1	0.9993	1.1111	0.9007
501	1303771682165	1	0.9993	1	1.0007
502	1303771682187	1	0.9993	1.1111	0.9007
503	1303771682207	1	0.9993	1.1111	0.9007
504	1303771682228	1	0.9993	1.1111	0.9007
505	1303771682249	1	0.9993	1	1.0007
506	1303771682313	1	0.9993	1.1111	0.9007
507	1303771682333	1	0.9993	1.1111	0.9007
508	1303771682355	1	0.9993	1.1111	0.9007
509	1303771682375	1	0.9993	1	1.0007
510	1303771682439	1	0.9993	1.1111	0.9007
511	1303771682501	1	0.9993	1.1111	0.9007
512	1303771682563	1	0.9993	1.1111	0.9007
513	1303771682584	1	0.9993	1	1.0007
514	1303771682607	1	0.9993	1.1111	0.9007
515	1303771682629	1	0.9993	1.1111	0.9007
516	1303771682651	1	0.9993	1.1111	0.9007
517	1303771682671	1	0.9993	1	1.0007
518	1303771682693	1	0.9993	1.1111	0.9007
519	1303771682714	1	0.9993	1.1111	0.9007
520	1303771682736	1	0.9993	1.1111	0.9007
521	1303771682757	1	0.9993	1	1.0007
522	1303771682779	1	0.9993	1.1111	0.9007
523	1303771682799	1	0.9993	1.1111	0.9007
524	1303771682821	1	0.9993	1.1111	0.9007
525	1303771682841	1	0.9993	1	1.0007
526	1303771682861	1	0.9993	1.1111	0.9007
527	1303771682883	1	0.9993	1.1111	0.9007
528	1303771682945	1	0.9993	1.1111	0.9007
529	1303771683008	1	0.9993	1	1.0007
530	1303771683070	1	0.9993	1.1111	0.9007
531	1303771683093	1	0.9993	1.1111	0.9007
532	1303771683114	1	0.9993	1.1111	0.9007
533	1303771683135	1	0.9993	1	1.0007
534	1303771683197	1	0.9993	1.1111	0.9007
535	1303771683219	1	0.9993	1.1111	0.9007
536	1303771683239	1	0.9993	1.1111	0.9007
537	1303771683261	1	0.9993	1	1.0007
538	1303771683281	1	0.9993	1.1111	0.9007
539	1303771683303	1	0.9993	1.1111	0.9007
540	1303771683323	1	0.9993	1.1111	0.9007
541	1303771683345	1	0.9993	1	1.0007
542	1303771683365	1	0.9993	1.1111	0.9007
543	1303771683387	1	0.9993	1.1111	0.9007
544	1303771683408	1	0.9993	1.1111	0.9007
545	1303771683429	1	0.9993	1	1.0007
546	1303771683448	1	0.9993	1.1111	0.9007
547	1303771683469	1	0.9993	1.1111	0.9007
548	1303771683490	1	0.9993	1.1111	0.9007
549	1303771683509	1	0.9993	1	1.0007
550	1303771683531	1	0.9993	1.1111	0.9007
551	1303771683551	1	0.9993	1.1111	0.9007
552	1303771683572	1	0.9993	1.1111	0.9007
553	1303771683638	1	0.9993	1	1.0007
554	1303771683660	1	0.9993	1.1111	0.9007
555	1303771683721	1	0.9993	1.1111	0.9007
556	1303771683743	1	0.9993	1.1111	0.9007
557	1303771683765	1	0.9993	1	1.0007
558	1303771683787	1	0.9993	1.1111	0.9007
559	1303771683853	1	0.9993	1.1111	0.9007
560	1303771683875	1	0.9993	1.1111	0.9007
561	1303771683895	1	0.9993	1	1.0007
562	1303771683917	1	0.9993	1.1111	0.9007
563	1303771683937	1	0.9993	1.1111	0.9007
564	1303771683957	1	0.9993	1.1111	0.9007
565	1303771683978	1	0.9993	1	1.0007
566	1303771683998	1	0.9993	1.1111	0.9007
567	1303771684019	1	0.9993	1.1111	0.9007
568	1303771684040	1	0.9993	1.1111	0.9007
569	1303771684103	1	0.9993	1	1.0007
570	1303771684123	1	0.9993	1.1111	0.9007
571	1303771684144	1	0.9993	1.1111	0.9007
572	1303771684166	1	0.9993	1.1111	0.9007
573	1303771684189	1	0.9993	1	1.0007
574	1303771684210	1	0.9993	1.1111	0.9007
575	1303771684275	1	0.9993	1.1111	0.9007
576	1303771684297	1	0.9993	1.1111	0.9007
577	1303771684321	1	0.9993	1	1.0007
578	1303771684342	1	0.9993	1.1111	0.9006
579	1303771684363	1	0.9993	1.1111	0.9006
580	1303771684384	1	0.9993	1.1111	0.9006
581	1303771684406	1	0.9993	1	1.0007
582	1303771684428	1	0.9993	1.1111	0.9006
583	1303771684451	1	0.9993	1.1111	0.9006
584	1303771684471	1	0.9993	1.1111	0.9006
585	1303771684491	1	0.9993	1	1.0007
586	1303771684513	1	0.9993	1.1111	0.9006
587	1303771684533	1	0.9993	1.1111	0.9006
588	1303771684555	1	0.9993	1.1111	0.9006
589	1303771684575	1	0.9993	1	1.0007
590	1303771684597	1	0.9993	1.1111	0.9006
591	1303771684617	1	0.9993	1.1111	0.9006
592	1303771684639	1	0.9993	1.1111	0.9006
593	1303771684659	1	0.9993	1	1.0007
594	1303771684681	1	0.9993	1.1111	0.9006
595	1303771684701	1	0.9993	1.1111	0.9006
596	1303771684722	1	0.9993	1.1111	0.9006
597	1303771684744	1	0.9993	1	1.0007
598	1303771684766	1	0.9993	1.1111	0.9006
599	1303771684786	1	0.9993	1.1111	0.9006
600	1303771684807	1	0.9993	1.1111	0.9006
601	1303771684829	1	0.9993	1	1.0007
602	1303771684849	1	0.9993	1.1111	0.9006
603	1303771684870	1	0.9993	1.1111	0.9006
604	1303771684891	1	0.9993	1.1111	0.9006
605	1303771684912	1	0.9993	1	1.0007
606	1303771684979	1	0.9993	1.1111	0.9006
607	1303771685002	1	0.9993	1.1111	0.9006
608	1303771685021	1	0.9993	1.1111	0.9006
609	1303771685043	1	0.9993	1	1.0007
610	1303771685105	1	0.9993	1.1111	0.9006
611	1303771685169	1	0.9993	1.1111	0.9006
612	1303771685189	1	0.9993	1.1111	0.9006
613	1303771685210	1	0.9993	1	1.0007
614	1303771685230	1	0.9993	1.1111	0.9006
615	1303771685253	1	0.9993	1.1111	0.9006
616	1303771685276	1	0.9993	1.1111	0.9006
617	1303771685296	1	0.9993	1	1.0007
618	1303771685317	1	0.9993	1.1111	0.9006
619	1303771685337	1	0.9993	1.1111	0.9006
620	1303771685359	1	0.9993	1.1111	0.9006
621	1303771685379	1	0.9993	1	1.0007
622	1303771685401	1	0.9993	1.1111	0.9006
623	1303771685421	1	0.9993	1.1111	0.9006
624	1303771685443	1	0.9993	1.1111	0.9006
625	1303771685462	1	0.9993	1	1.0007
626	1303771685484	1	0.9993	1.1111	0.9006
627	1303771685504	1	0.9993	1.1111	0.9006
628	1303771685526	1	0.9993	1.1111	0.9006
629	1303771685546	1	0.9993	1	1.0007
630	1303771685566	1	0.9993	1.1111	0.9006
631	1303771685588	1	0.9993	1.1111	0.9006
632	1303771685608	1	0.9993	1.1111	0.9006
633	1303771685630	1	0.9993	1	1.0007
634	1303771685650	1	0.9993	1.1111	0.9006
635	1303771685672	1	0.9993	1.1111	0.9006
636	1303771685693	1	0.9993	1.1111	0.9006
637	1303771685715	1	0.9993	1	1.0007
638	1303771685736	1	0.9993	1.1111	0.9006
639	1303771685757	1	0.9993	1.1111	0.9006
640	1303771685777	1	0.9993	1.1111	0.9006
641	1303771685799	1	0.9993	1	1.0007
642	1303771685867	1	0.9993	1.1111	0.9006
643	1303771685931	1	0.9993	1.1111	0.9006
644	1303771685953	1	0.9993	1.1111	0.9006
645	1303771685976	1	0.9993	1	1.0007
646	1303771685996	1	0.9993	1.1111	0.9006
647	1303771686018	1	0.9993	1.1111	0.9006
648	1303771686039	1	0.9993	1.1111	0.9006
649	1303771686103	1	0.9993	1	1.0007
650	1303771686124	1	0.9993	1.1111	0.9006
651	1303771686146	1	0.9993	1.1111	0.9006
652	1303771686166	1	0.9993	1.1111	0.9006
653	1303771686186	1	0.9993	1	1.0007
654	1303771686208	1	0.9993	1.1111	0.9006
655	1303771686270	1	0.9993	1.1111	0.9006
656	1303771686293	1	0.9993	1.1111	0.9006
657	1303771686313	1	0.9993	1	1.0007
658	1303771686377	1	0.9993	1.1111	0.9006
659	1303771686397	1	0.9993	1.1111	0.9006
660	1303771686419	1	0.9993	1.1111	0.9006
661	1303771686440	1	0.9993	1	1.0007
662	1303771686462	1	0.9993	1.1111	0.9006
663	1303771686481	1	0.9993	1.1111	0.9006
664	1303771686503	1	0.9993	1.1111	0.9006
665	1303771686524	1	0.9993	1	1.0007
666	1303771686546	1	0.9993	1.1111	0.9006
667	1303771686566	1	0.9993	1.1111	0.9006
668	1303771686588	1	0.9993	1.1111	0.9006
669	1303771686609	1	0.9993	1	1.0007
670	1303771686629	1	0.9993	1.1111	0.9006
671	1303771686651	1	0.9993	1.1111	0.9006
672	1303771686671	1	0.9993	1.1111	0.9006
673	1303771686692	1	0.9993	1	1.0007
674	1303771686713	1	0.9993	1.1111	0.9006
675	1303771686734	1	0.9993	1.1111	0.9006
676	1303771686755	1	0.9993	1.1111	0.9006
677	1303771686777	1	0.9993	1	1.0007
678	1303771686798	1	0.9993	1.1111	0.9006
679	1303771686820	1	0.9993	1.1111	0.9006
680	1303771686841	1	0.9993	1.1111	0.9006
681	1303771686864	1	0.9993	1	1.0007
682	1303771686884	1	0.9993	1.1111	0.9006
683	1303771686905	1	0.9993	1.1111	0.9006
684	1303771686968	1	0.9993	1.1111	0.9006
685	1303771686990	1	0.9993	1	1.0007
686	1303771687010	1	0.9993	1.1111	0.9006
687	1303771687030	1	0.9993	1.1111	0.9006
688	1303771687054	1	0.9993	1.1111	0.9006
689	1303771687075	1	0.9993	1	1.0007
690	1303771687097	1	0.9993	1.1111	0.9006
691	1303771687117	1	0.9993	1.1111	0.9006
692	1303771687181	1	0.9993	1.1111	0.9006
693	1303771687200	1	0.9993	1	1.0007
694	1303771687223	1	0.9993	1.1111	0.9006
695	1303771687245	1	0.9993	1.1111	0.9006
696	1303771687268	1	0.9993	1.1111	0.9006
697	1303771687290	1	0.9993	1	1.0007
698	1303771687316	1	0.9993	1.1111	0.9006
699	1303771687380	1	0.9993	1.1111	0.9006
700	1303771687404	1	0.9993	1.1111	0.9006
701	1303771687426	1	0.9993	1	1.0007
702	1303771687450	1	0.9993	1.1111	0.9006
703	1303771687471	1	0.9993	1.1111	0.9006
704	1303771687494	1	0.9993	1.1111	0.9006
705	1303771687515	1	0.9993	1	1.0007
706	1303771687540	1	0.9993	1.1111	0.9006
707	1303771687561	1	0.9993	1.1111	0.9006
708	1303771687585	1	0.9993	1.1111	0.9006
709	1303771687608	1	0.9993	1	1.0007
710	1303771687630	1	0.9993	1.1111	0.9006
711	1303771687652	1	0.9993	1.1111	0.9006
712	1303771687673	1	0.9993	1.1111	0.9006
713	1303771687696	1	0.9993	1	1.0007
714	1303771687717	1	0.9993	1.1111	0.9006
715	1303771687739	1	0.9993	1.1111	0.9006
716	1303771687760	1	0.9993	1.1111	0.9006
717	1303771687783	1	0.9993	1	1.0007
718	1303771687804	1	0.9993	1.1111	0.9006
719	1303771687827	1	0.9993	1.1111	0.9006
720	1303771687847	1	0.9993	1.1111	0.9006
721	1303771687870	1	0.9993	1	1.0007
722	1303771687891	1	0.9993	1.1111	0.9006
723	1303771687913	1	0.9993	1.1111	0.9006
724	1303771687934	1	0.9993	1.1111	0.9006
725	1303771687998	1	0.9993	1	1.0007
726	1303771688019	1	0.9993	1.1111	0.9006
727	1303771688084	1	0.9993	1.1111	0.9006
728	1303771688105	1	0.9993	1.1111	0.9006
729	1303771688170	1	0.9993	1	1.0007
730	1303771688192	1	0.9993	1.1111	0.9006
731	1303771688214	1	0.9993	1.1111	0.9006
732	1303771688236	1	0.9993	1.1111	0.9006
733	1303771688258	1	0.9993	1	1.0007
734	1303771688320	1	0.9993	1.1111	0.9006
735	1303771688343	1	0.9993	1.1111	0.9006
736	1303771688364	1	0.9993	1.1111	0.9006
737	1303771688387	1	0.9993	1	1.0007
738	1303771688408	1	0.9993	1.1111	0.9006
739	1303771688473	1	0.9993	1.1111	0.9006
740	1303771688495	1	0.9993	1.1111	0.9006
741	1303771688519	1	0.9993	1	1.0007
742	1303771688541	1	0.9993	1.1111	0.9006
743	1303771688564	1	0.9993	1.1111	0.9006
744	1303771688585	1	0.9993	1.1111	0.9006
745	1303771688650	1	0.9993	1	1.0007
746	1303771688670	1	0.9993	1.1111	0.9006
747	1303771688692	1	0.9993	1.1111	0.9006
748	1303771688713	1	0.9993	1.1111	0.9006
749	1303771688736	1	0.9993	1	1.0007
750	1303771688757	1	0.9993	1.1111	0.9006
751	1303771688780	1	0.9993	1.1111	0.9006
752	1303771688842	1	0.9993	1.1111	0.9006
753	1303771688865	1	0.9993	1	1.0007
754	1303771688888	1	0.9993	1.1111	0.9006
755	1303771688909	1	0.9993	1.1111	0.9006
756	1303771688931	1	0.9993	1.1111	0.9006
757	1303771688954	1	0.9993	1	1.0007
758	1303771688978	1	0.9993	1.1111	0.9006
759	1303771689041	1	0.9993	1.1111	0.9006
760	1303771689064	1	0.9993	1.1111	0.9006
761	1303771689086	1	0.9993	1	1.0007
762	1303771689110	1	0.9993	1.1111	0.9006
763	1303771689131	1	0.9993	1.1111	0.9006
764	1303771689155	1	0.9993	1.1111	0.9006
765	1303771689177	1	0.9993	1	1.0007
766	1303771689199	1	0.9993	1.1111	0.9006
767	1303771689223	1	0.9993	1.1111	0.9006
768	1303771689250	1	0.9993	1.1111	0.9006
769	1303771689272	1	0.9993	1	1.0007
770	1303771689296	1	0.9993	1.1111	0.9006
771	1303771689317	1	0.9993	1.1111	0.9006
772	1303771689341	1	0.9993	1.1111	0.9006
773	1303771689366	1	0.9993	1	1.0007
774	1303771689387	1	0.9993	1.1111	0.9006
775	1303771689410	1	0.9993	1.1111	0.9006
776	1303771689432	1	0.9993	1.1111	0.9006
777	1303771689455	1	0.9993	1	1.0007
778	1303771689476	1	0.9993	1.1111	0.9006
779	1303771689499	1	0.9993	1.1111	0.9006
780	1303771689522	1	0.9993	1.1111	0.9006
781	1303771689546	1	0.9993	1	1.0007
782	1303771689567	1	0.9993	1.1111	0.9006
783	1303771689590	1	0.9993	1.1111	0.9006
784	1303771689612	1	0.9993	1.1111	0.9006
785	1303771689635	1	0.9993	1	1.0007
786	1303771689656	1	0.9993	1.1111	0.9006
787	1303771689680	1	0.9993	1.1111	0.9006
788	1303771689701	1	0.9993	1.1111	0.9006
789	1303771689726	1	0.9993	1	1.0007
790	1303771689750	1	0.9993	1.1111	0.9006
791	1303771689813	1	0.9993	1.1111	0.9006
792	1303771689837	1	0.9993	1.1111	0.9006
793	1303771689859	1	0.9993	1	1.0007
794	1303771689883	1	0.9993	1.1111	0.9006
795	1303771689947	1	0.9993	1.1111	0.9006
796	1303771689970	1	0.9993	1.1111	0.9006
797	1303771689993	1	0.9993	1	1.0007
798	1303771690018	1	0.9993	1.1111	0.9006
799	1303771690082	1	0.9993	1.1111	0.9006
800	1303771690105	1	0.9993	1.1111	0.9006
801	1303771690129	1	0.9993	1	1.0007
802	1303771690150	1	0.9993	1.1111	0.9006
803	1303771690174	1	0.9993	1.1111	0.9006
804	1303771690195	1	0.9993	1.1111	0.9006
805	1303771690219	1	0.9993	1	1.0007
806	1303771690242	1	0.9993	1.1111	0.9006
807	1303771690266	1	0.9993	1.1111	0.9006
808	1303771690289	1	0.9993	1.1111	0.9006
809	1303771690312	1	0.9993	1	1.0007
810	1303771690334	1	0.9993	1.1111	0.9006
811	1303771690357	1	0.9993	1.1111	0.9006
812	1303771690379	1	0.9993	1.1111	0.9006
813	1303771690402	1	0.9993	1	1.0007
814	1303771690424	1	0.9993	1.1111	0.9006
815	1303771690489	1	0.9993	1.1111	0.9006
816	1303771690511	1	0.9993	1.1111	0.9006
817	1303771690533	1	0.9991	1	1.0009
818	1303771690556	1	0.9991	1.1111	0.9008
819	1303771690578	1	0.9991	1.1111	0.9008
820	1303771690601	1	0.9991	1.1111	0.9008
821	1303771690621	1	0.9991	1	1.0009
822	1303771690644	1	0.9991	1.1111	0.9008
823	1303771690665	1	0.9991	1.1111	0.9008
824	1303771690688	1	0.9991	1.1111	0.9008
825	1303771690708	1	0.9991	1	1.0009
826	1303771690772	1	0.9991	1.1111	0.9008
827	1303771690833	1	0.9991	1.1111	0.9008
828	1303771690853	1	0.9991	1.1111	0.9008
829	1303771690876	1	0.9991	1	1.0009
830	1303771690897	1	0.9991	1.1111	0.9008
831	1303771690919	1	0.9991	1.1111	0.9008
832	1303771690940	1	0.9991	1.1111	0.9008
833	1303771690962	1	0.9991	1	1.0009
834	1303771690982	1	0.9991	1.1111	0.9008
835	1303771691004	1	0.9991	1.1111	0.9008
836	1303771691025	1	0.9991	1.1111	0.9008
837	1303771691047	1	0.9991	1	1.0009
838	1303771691068	1	0.9991	1.1111	0.9008
839	1303771691090	1	0.9991	1.1111	0.9008
840	1303771691110	1	0.9991	1.1111	0.9008
841	1303771691132	1	0.9991	1	1.0009
842	1303771691152	1	0.9991	1.1111	0.9008
843	1303771691173	1	0.9991	1.1111	0.9008
844	1303771691195	1	0.9991	1.1111	0.9008
845	1303771691214	1	0.9991	1	1.0009
846	1303771691235	1	0.9991	1.1111	0.9008
847	1303771691255	1	0.9991	1.1111	0.9008
848	1303771691277	1	0.9991	1.1111	0.9008
849	1303771691297	1	0.9991	1	1.0009
850	1303771691319	1	0.9991	1.1111	0.9008
851	1303771691339	1	0.9991	1.1111	0.9008
852	1303771691361	1	0.9991	1.1111	0.9008
853	1303771691382	1	0.9991	1	1.0009
854	1303771691405	1	0.9991	1.1111	0.9008
855	1303771691425	1	0.9991	1.1111	0.9008
856	1303771691445	1	0.9991	1.1111	0.9008
857	1303771691467	1	0.9991	1	1.0009
858	1303771691487	1	0.9991	1.1111	0.9008
859	1303771691509	1	0.9991	1.1111	0.9008
860	1303771691529	1	0.9991	1.1111	0.9008
861	1303771691551	1	0.9991	1	1.0009
862	1303771691571	1	0.9991	1.1111	0.9008
863	1303771691592	1	0.9991	1.1111	0.9008
864	1303771691655	1	0.9991	1.1111	0.9008
865	1303771691677	1	0.9991	1	1.0009
866	1303771691697	1	0.9991	1.1111	0.9008
867	1303771691718	1	0.9991	1.1111	0.9008
868	1303771691739	1	0.9991	1.1111	0.9008
869	1303771691760	1	0.9991	1	1.0009
870	1303771691780	1	0.9991	1.1111	0.9008
871	1303771691843	1	0.9991	1.1111	0.9008
872	1303771691864	1	0.9991	1.1111	0.9008
873	1303771691883	1	0.9991	1	1.0009
874	1303771691905	1	0.9991	1.1111	0.9008
875	1303771691925	1	0.9991	1.1111	0.9008
876	1303771691947	1	0.9991	1.1111	0.9008
877	1303771691968	1	0.9991	1	1.0009
878	1303771691990	1	0.9991	1.1111	0.9008
879	1303771692010	1	0.9991	1.1111	0.9008
880	1303771692034	1	0.9991	1.1111	0.9008
881	1303771692055	1	0.9991	1	1.0009
882	1303771692077	1	0.9992	1.1111	0.9008
883	1303771692098	1	0.9992	1.1111	0.9008
884	1303771692119	1	0.9992	1.1111	0.9008
885	1303771692140	1	0.9992	1	1.0008
886	1303771692162	1	0.9992	1.1111	0.9008
887	1303771692181	1	0.9992	1.1111	0.9008
888	1303771692204	1	0.9992	1.1111	0.9008
889	1303771692224	1	0.9992	1	1.0008
890	1303771692247	1	0.9992	1.1111	0.9008
891	1303771692267	1	0.9992	1.1111	0.9008
892	1303771692287	1	0.9992	1.1111	0.9008
893	1303771692309	1	0.9992	1	1.0008
894	1303771692329	1	0.9992	1.1111	0.9008
895	1303771692351	1	0.9992	1.1111	0.9008
896	1303771692371	1	0.9992	1.1111	0.9008
897	1303771692393	1	0.9992	1	1.0008
898	1303771692414	1	0.9992	1.1111	0.9008
899	1303771692435	1	0.9992	1.1111	0.9008
900	1303771692497	1	0.9992	1.1111	0.9008
901	1303771692518	1	0.9992	1	1.0008
902	1303771692580	1	0.9992	1.1111	0.9008
903	1303771692602	1	0.9992	1.1111	0.9008
904	1303771692622	1	0.9992	1.1111	0.9008
905	1303771692644	1	0.9992	1	1.0008
906	1303771692663	1	0.9992	1.1111	0.9008
907	1303771692684	1	0.9992	1.1111	0.9008
908	1303771692705	1	0.9992	1.1111	0.9008
909	1303771692725	1	0.9992	1	1.0008
910	1303771692747	1	0.9992	1.1111	0.9008
911	1303771692768	1	0.9992	1.1111	0.9008
912	1303771692789	1	0.9992	1.1111	0.9008
913	1303771692810	1	0.9992	1	1.0008
914	1303771692832	1	0.9992	1.1111	0.9008
915	1303771692852	1	0.9992	1.1111	0.9008
916	1303771692874	1	0.9992	1.1111	0.9008
917	1303771692894	1	0.9992	1	1.0008
918	1303771692916	1	0.9992	1.1111	0.9008
919	1303771692936	1	0.9992	1.1111	0.9008
920	1303771692957	1	0.9992	1.1111	0.9008
921	1303771692980	1	0.9992	1	1.0008
922	1303771693000	1	0.9992	1.1111	0.9008
923	1303771693021	1	0.9992	1.1111	0.9008
924	1303771693043	1	0.9992	1.1111	0.9008
925	1303771693065	1	0.9992	1	1.0008
926	1303771693086	1	0.9992	1.1111	0.9008
927	1303771693107	1	0.9992	1.1111	0.9008
928	1303771693128	1	0.9992	1.1111	0.9008
929	1303771693196	1	0.9992	1	1.0008
930	1303771693218	1	0.9992	1.1111	0.9008
931	1303771693240	1	0.9992	1.1111	0.9008
932	1303771693260	1	0.9992	1.1111	0.9008
933	1303771693282	1	0.9992	1	1.0008
934	1303771693304	1	0.9992	1.1111	0.9008
935	1303771693368	1	0.9992	1.1111	0.9008
936	1303771693399	1	0.9992	1.1111	0.9008
937	1303771693419	1	0.9992	1	1.0008
938	1303771693441	1	0.9992	1.1111	0.9008
939	1303771693502	1	0.9992	1.1111	0.9008
940	1303771693525	1	0.9992	1.1111	0.9008
941	1303771693546	1	0.9992	1	1.0008
942	1303771693568	1	0.9992	1.1111	0.9008
943	1303771693589	1	0.9992	1.1111	0.9008
944	1303771693611	1	0.9992	1.1111	0.9007
945	1303771693631	1	0.9992	1	1.0008
946	1303771693653	1	0.9992	1.1111	0.9007
947	1303771693673	1	0.9992	1.1111	0.9007
948	1303771693696	1	0.9992	1.1111	0.9007
949	1303771693716	1	0.9992	1	1.0008
950	1303771693738	1	0.9992	1.1111	0.9007
951	1303771693758	1	0.9992	1.1111	0.9007
952	1303771693779	1	0.9992	1.1111	0.9007
953	1303771693800	1	0.9992	1	1.0008
954	1303771693821	1	0.9992	1.1111	0.9007
955	1303771693841	1	0.9992	1.1111	0.9007
956	1303771693862	1	0.9992	1.1111	0.9007
957	1303771693883	1	0.9992	1	1.0008
958	1303771693950	1	0.9992	1.1111	0.9007
959	1303771693972	1	0.9992	1.1111	0.9007
960	1303771693994	1	0.9992	1.1111	0.9007
961	1303771694016	1	0.9992	1	1.0008
962	1303771694037	1	0.9992	1.1111	0.9007
963	1303771694059	1	0.9992	1.1111	0.9007
964	1303771694080	1	0.9992	1.1111	0.9007
965	1303771694102	1	0.9992	1	1.0008
966	1303771694163	1	0.9992	1.1111	0.9007
967	1303771694187	1	0.9992	1.1111	0.9007
968	1303771694251	1	0.9992	1.1111	0.9007
969	1303771694273	1	0.9992	1	1.0008
970	1303771694294	1	0.9992	1.1111	0.9007
971	1303771694316	1	0.9992	1.1111	0.9007
972	1303771694383	1	0.9992	1.1111	0.9007
973	1303771694406	1	0.9992	1	1.0008
974	1303771694427	1	0.9992	1.1111	0.9007
975	1303771694448	1	0.9992	1.1111	0.9007
976	1303771694470	1	0.9992	1.1111	0.9007
977	1303771694491	1	0.9992	1	1.0008
978	1303771694513	1	0.9992	1.1111	0.9007
979	1303771694534	1	0.9992	1.1111	0.9007
980	1303771694558	1	0.9992	1.1111	0.9007
981	1303771694579	1	0.9992	1	1.0008
982	1303771694601	1	0.9992	1.1111	0.9007
983	1303771694622	1	0.9992	1.1111	0.9007
984	1303771694644	1	0.9992	1.1111	0.9007
985	1303771694666	1	0.9992	1	1.0008
986	1303771694688	1	0.9992	1.1111	0.9007
987	1303771694709	1	0.9992	1.1111	0.9007
988	1303771694731	1	0.9992	1.1111	0.9007
989	1303771694793	1	0.9992	1	1.0008
990	1303771694814	1	0.9992	1.1111	0.9007
991	1303771694836	1	0.9992	1.1111	0.9007
992	1303771694857	1	0.9992	1.1111	0.9007
993	1303771694880	1	0.9992	1	1.0008
994	1303771694942	1	0.9992	1.1111	0.9007
995	1303771694964	1	0.9992	1.1111	0.9007
996	1303771694984	1	0.9992	1.1111	0.9007
997	1303771695048	1	0.9992	1	1.0008
998	1303771695068	1	0.9992	1.1111	0.9007
999	1303771695090	1	0.9992	1.1111	0.9007
1000	1303771695153	1	0.9992	1.1111	0.9007
1001	1303771695176	1	0.9992	1	1.0008
1002	1303771695199	1	0.999	1.1111	0.9009
1003	1303771695223	1	0.999	1.1111	0.9009
1004	1303771695244	1	0.999	1.1111	0.9009
1005	1303771695270	1	0.999	1	1.001
1006	1303771695291	1	0.999	1.1111	0.9009
1007	1303771695312	1	0.999	1.1111	0.9009
1008	1303771695332	1	0.999	1.1111	0.9009
1009	1303771695354	1	0.999	1	1.001
1010	1303771695374	1	0.999	1.1111	0.9009
1011	1303771695396	1	0.999	1.1111	0.9009
1012	1303771695458	1	0.999	1.1111	0.9009
1013	1303771695481	1	0.999	1	1.001
1014	1303771695543	1	0.999	1.1111	0.9009
1015	1303771695563	1	0.999	1.1111	0.9009
1016	1303771695585	1	0.999	1.1111	0.9009
1017	1303771695605	1	0.999	1	1.001
1018	1303771695629	1	0.999	1.1111	0.9009
1019	1303771695650	1	0.999	1.1111	0.9009
1020	1303771695714	1	0.999	1.1111	0.9009
1021	1303771695734	1	0.999	1	1.001
1022	1303771695798	1	0.999	1.1111	0.9009
1023	1303771695818	1	0.999	1.1111	0.9009
1024	1303771695840	1	0.999	1.1111	0.9009
1025	1303771695861	1	0.999	1	1.001
1026	1303771695884	1	0.999	1.1111	0.9009
1027	1303771695905	1	0.999	1.1111	0.9009
1028	1303771695927	1	0.999	1.1111	0.9009
1029	1303771695948	1	0.999	1	1.001
1030	1303771696012	1	0.999	1.1111	0.9009
1031	1303771696033	1	0.999	1.1111	0.9009
1032	1303771696054	1	0.999	1.1111	0.9009
1033	1303771696075	1	0.999	1	1.001
1034	1303771696096	1	0.999	1.1111	0.9009
1035	1303771696119	1	0.999	1.1111	0.9009
1036	1303771696140	1	0.999	1.1111	0.9009
1037	1303771696162	1	0.999	1	1.001
1038	1303771696224	1	0.999	1.1111	0.9009
1039	1303771696246	1	0.999	1.1111	0.9009
1040	1303771696266	1	0.999	1.1111	0.9009
1041	1303771696287	1	0.999	1	1.001
1042	1303771696309	1	0.999	1.1111	0.9009
1043	1303771696331	1	0.999	1.1111	0.9009
1044	1303771696353	1	0.999	1.1111	0.9009
1045	1303771696375	1	0.999	1	1.001
1046	1303771696396	1	0.999	1.1111	0.9009
1047	1303771696419	1	0.999	1.1111	0.9009
1048	1303771696439	1	0.999	1.1111	0.9009
1049	1303771696460	1	0.999	1	1.001
1050	1303771696482	1	0.999	1.1111	0.9009
1051	1303771696502	1	0.999	1.1111	0.9009
1052	1303771696524	1	0.999	1.1111	0.9009
1053	1303771696544	1	0.999	1	1.001
1054	1303771696608	1	0.999	1.1111	0.9009
1055	1303771696627	1	0.999	1.1111	0.9009
1056	1303771696649	1	0.999	1.1111	0.9009
1057	1303771696670	1	0.999	1	1.001
1058	1303771696737	1	0.999	1.1111	0.9009
1059	1303771696758	1	0.999	1.1111	0.9009
1060	1303771696781	1	0.999	1.1111	0.9009
1061	1303771696801	1	0.999	1	1.001
1062	1303771696824	1	0.999	1.1111	0.9009
1063	1303771696846	1	0.999	1.1111	0.9009
1064	1303771696869	1	0.999	1.1111	0.9009
1065	1303771696889	1	0.9992	1	1.0008
1066	1303771696912	1	0.9992	1.1111	0.9007
1067	1303771696933	1	0.9992	1.1111	0.9007
1068	1303771696956	1	0.9992	1.1111	0.9007
1069	1303771696977	1	0.9992	1	1.0008
1070	1303771697043	1	0.9992	1.1111	0.9007
1071	1303771697067	1	0.9992	1.1111	0.9007
1072	1303771697088	1	0.9992	1.1111	0.9007
1073	1303771697110	1	0.9992	1	1.0008
1074	1303771697130	1	0.9992	1.1111	0.9007
1075	1303771697151	1	0.9992	1.1111	0.9007
1076	1303771697171	1	0.9992	1.1111	0.9007
1077	1303771697193	1	0.9992	1	1.0008
1078	1303771697213	1	0.9992	1.1111	0.9007
1079	1303771697235	1	0.9992	1.1111	0.9007
1080	1303771697256	1	0.9992	1.1111	0.9007
1081	1303771697278	1	0.9992	1	1.0008
1082	1303771697341	1	0.9992	1.1111	0.9007
1083	1303771697364	1	0.9992	1.1111	0.9007
1084	1303771697384	1	0.9992	1.1111	0.9007
1085	1303771697405	1	0.9992	1	1.0008
1086	1303771697427	1	0.9992	1.1111	0.9007
1087	1303771697447	1	0.9992	1.1111	0.9007
1088	1303771697469	1	0.9992	1.1111	0.9007
1089	1303771697489	1	0.9992	1	1.0008
1090	1303771697511	1	0.9992	1.1111	0.9007
1091	1303771697531	1	0.9992	1.1111	0.9007
1092	1303771697553	1	0.9992	1.1111	0.9007
1093	1303771697574	1	0.9992	1	1.0008
1094	1303771697595	1	0.9992	1.1111	0.9007
1095	1303771697615	1	0.9992	1.1111	0.9007
1096	1303771697637	1	0.9992	1.1111	0.9007
1097	1303771697657	1	0.9992	1	1.0008
1098	1303771697678	1	0.9992	1.1111	0.9007
1099	1303771697700	1	0.9992	1.1111	0.9007
1100	1303771697720	1	0.9992	1.1111	0.9007
1101	1303771697742	1	0.9992	1	1.0008
1102	1303771697762	1	0.9992	1.1111	0.9007
1103	1303771697784	1	0.9992	1.1111	0.9007
1104	1303771697804	1	0.9992	1.1111	0.9007
1105	1303771697868	1	0.9992	1	1.0008
1106	1303771697888	1	0.9992	1.1111	0.9007
1107	1303771697910	1	0.9992	1.1111	0.9007
1108	1303771697931	1	0.9992	1.1111	0.9007
1109	1303771697994	1	0.9992	1	1.0008
1110	1303771698058	1	0.9992	1.1111	0.9007
1111	1303771698080	1	0.9992	1.1111	0.9007
1112	1303771698100	1	0.9992	1.1111	0.9007
1113	1303771698164	1	0.9992	1	1.0008
1114	1303771698184	1	0.9992	1.1111	0.9007
1115	1303771698206	1	0.9992	1.1111	0.9007
1116	1303771698227	1	0.9992	1.1111	0.9007
1117	1303771698247	1	0.9992	1	1.0008
1118	1303771698269	1	0.9992	1.1111	0.9007
1119	1303771698331	1	0.9992	1.1111	0.9007
1120	1303771698354	1	0.9992	1.1111	0.9007
1121	1303771698376	1	0.9992	1	1.0008
1122	1303771698399	1	0.9992	1.1111	0.9007
1123	1303771698420	1	0.9992	1.1111	0.9007
1124	1303771698443	1	0.9992	1.1111	0.9007
1125	1303771698464	1	0.9992	1	1.0008
1126	1303771698528	1	0.9992	1.1111	0.9007
1127	1303771698549	1	0.9992	1.1111	0.9007
1128	1303771698572	1	0.9992	1.1111	0.9007
1129	1303771698634	1	0.9992	1	1.0008
1130	1303771698656	1	0.9992	1.1111	0.9007
1131	1303771698677	1	0.9992	1.1111	0.9007
1132	1303771698700	1	0.9992	1.1111	0.9007
1133	1303771698720	1	0.9992	1	1.0008
1134	1303771698743	1	0.9992	1.1111	0.9007
1135	1303771698763	1	0.9992	1.1111	0.9007
1136	1303771698787	1	0.9992	1.1111	0.9007
1137	1303771698807	1	0.9992	1	1.0008
1138	1303771698827	1	0.9992	1.1111	0.9007
1139	1303771698851	1	0.9992	1.1111	0.9007
1140	1303771698872	1	0.9992	1.1111	0.9007
1141	1303771698894	1	0.9992	1	1.0008
1142	1303771698916	1	0.9992	1.1111	0.9007
1143	1303771698980	1	0.9992	1.1111	0.9007
1144	1303771699002	1	0.9992	1.1111	0.9007
1145	1303771699024	1	0.9992	1	1.0008
1146	1303771699045	1	0.9992	1.1111	0.9007
1147	1303771699067	1	0.9992	1.1111	0.9007
1148	1303771699088	1	0.9992	1.1111	0.9007
1149	1303771699110	1	0.9992	1	1.0008
1150	1303771699130	1	0.9992	1.1111	0.9007
1151	1303771699152	1	0.9992	1.1111	0.9007
1152	1303771699172	1	0.9992	1.1111	0.9007
1153	1303771699192	1	0.9992	1	1.0008
1154	1303771699215	1	0.9992	1.1111	0.9007
1155	1303771699235	1	0.9992	1.1111	0.9007
1156	1303771699256	1	0.9992	1.1111	0.9007
1157	1303771699277	1	0.9992	1	1.0008
1158	1303771699299	1	0.9992	1.1111	0.9007
1159	1303771699320	1	0.9992	1.1111	0.9007
1160	1303771699342	1	0.9992	1.1111	0.9007
1161	1303771699362	1	0.9992	1	1.0008
1162	1303771699384	1	0.9992	1.1111	0.9007
1163	1303771699404	1	0.9992	1.1111	0.9007
1164	1303771699471	1	0.9992	1.1111	0.9007
1165	1303771699492	1	0.9992	1	1.0008
1166	1303771699515	1	0.9992	1.1111	0.9007
1167	1303771699535	1	0.9992	1.1111	0.9007
1168	1303771699601	1	0.9992	1.1111	0.9007
1169	1303771699621	1	0.9992	1	1.0008
1170	1303771699642	1	0.9992	1.1111	0.9007
1171	1303771699705	1	0.9992	1.1111	0.9007
1172	1303771699726	1	0.9992	1.1111	0.9007
1173	1303771699748	1	0.9992	1	1.0008
1174	1303771699768	1	0.9992	1.1111	0.9007
1175	1303771699791	1	0.9992	1.1111	0.9007
1176	1303771699898	1	0.9992	1.1111	0.9007
1177	1303771699922	1	0.9992	1	1.0008
1178	1303771699943	1	0.9992	1.1111	0.9007
1179	1303771699965	1	0.9992	1.1111	0.9007
1180	1303771699986	1	0.9992	1.1111	0.9007
1181	1303771700008	1	0.9992	1	1.0008
1182	1303771700028	1	0.9992	1.1111	0.9007
1183	1303771700051	1	0.9992	1.1111	0.9007
1184	1303771700072	1	0.9992	1.1111	0.9007
1185	1303771700095	1	0.9992	1	1.0008
1186	1303771700116	1	0.9992	1.1111	0.9007
1187	1303771700138	1	0.9992	1.1111	0.9007
1188	1303771700158	1	0.9992	1.1111	0.9007
1189	1303771700179	1	0.9992	1	1.0008
1190	1303771700201	1	0.9992	1.1111	0.9007
1191	1303771700221	1	0.9992	1.1111	0.9007
1192	1303771700243	1	0.9992	1.1111	0.9007
1193	1303771700263	1	0.9992	1	1.0008
1194	1303771700285	1	0.9992	1.1111	0.9007
1195	1303771700306	1	0.9992	1.1111	0.9007
1196	1303771700329	1	0.9992	1.1111	0.9007
1197	1303771700349	1	0.9992	1	1.0008
1198	1303771700372	1	0.9992	1.1111	0.9007
1199	1303771700393	1	0.9992	1.1111	0.9007
1200	1303771700415	1	0.9992	1.1111	0.9007
1201	1303771700436	1	0.9992	1	1.0008
1202	1303771700499	1	0.9992	1.1111	0.9007
1203	1303771700520	1	0.9992	1.1111	0.9007
1204	1303771700540	1	0.9992	1.1111	0.9007
1205	1303771700562	1	0.9992	1	1.0008
1206	1303771700582	1	0.9992	1.1111	0.9007
1207	1303771700604	1	0.9992	1.1111	0.9007
1208	1303771700624	1	0.9992	1.1111	0.9007
1209	1303771700646	1	0.9992	1	1.0008
1210	1303771700667	1	0.9992	1.1111	0.9007
1211	1303771700689	1	0.9992	1.1111	0.9007
1212	1303771700709	1	0.9992	1.1111	0.9007
1213	1303771700730	1	0.9992	1	1.0008
1214	1303771700750	1	0.9992	1.1111	0.9007
1215	1303771700772	1	0.9992	1.1111	0.9007
1216	1303771700792	1	0.9992	1.1111	0.9007
1217	1303771700812	1	0.9992	1	1.0008
1218	1303771700834	1	0.9992	1.1111	0.9007
1219	1303771700855	1	0.9992	1.1111	0.9007
1220	1303771700876	1	0.9992	1.1111	0.9007
1221	1303771700897	1	0.9992	1	1.0008
1222	1303771700919	1	0.9992	1.1111	0.9007
1223	1303771700939	1	0.9992	1.1111	0.9007
1224	1303771700960	1	0.9992	1.1111	0.9007
1225	1303771700981	1	0.9992	1	1.0008
1226	1303771701002	1	0.9992	1.1111	0.9007
1227	1303771701022	1	0.9992	1.1111	0.9007
1228	1303771701044	1	0.9992	1.1111	0.9007
1229	1303771701109	1	0.9992	1	1.0008
1230	1303771701130	1	0.9992	1.1111	0.9007
1231	1303771701151	1	0.9992	1.1111	0.9007
1232	1303771701220	1	0.9992	1.1111	0.9007
1233	1303771701240	1	0.9992	1	1.0008
1234	1303771701262	1	0.9992	1.1111	0.9007
1235	1303771701285	1	0.9992	1.1111	0.9007
1236	1303771701305	1	0.9992	1.1111	0.9007
1237	1303771701326	1	0.9992	1	1.0008
1238	1303771701346	1	0.9992	1.1111	0.9007
1239	1303771701415	1	0.9992	1.1111	0.9007
1240	1303771701435	1	0.9992	1.1111	0.9007
1241	1303771701457	1	0.9992	1	1.0008
1242	1303771701478	1	0.9992	1.1111	0.9007
1243	1303771701500	1	0.9992	1.1111	0.9007
1244	1303771701521	1	0.9992	1.1111	0.9007
1245	1303771701543	1	0.9992	1	1.0008
1246	1303771701566	1	0.9993	1.1111	0.9007
1247	1303771701590	1	0.9993	1.1111	0.9007
1248	1303771701611	1	0.9993	1.1111	0.9007
1249	1303771701633	1	0.9993	1	1.0007
1250	1303771701653	1	0.9993	1.1111	0.9007
1251	1303771701717	1	0.9993	1.1111	0.9007
1252	1303771701738	1	0.9993	1.1111	0.9007
1253	1303771701758	1	0.9993	1	1.0007
1254	1303771701779	1	0.9993	1.1111	0.9007
1255	1303771701801	1	0.9993	1.1111	0.9007
1256	1303771701823	1	0.9993	1.1111	0.9007
1257	1303771701844	1	0.9993	1	1.0007
1258	1303771701867	1	0.9993	1.1111	0.9007
1259	1303771701887	1	0.9993	1.1111	0.9007
1260	1303771701910	1	0.9993	1.1111	0.9007
1261	1303771701972	1	0.9993	1	1.0007
1262	1303771701994	1	0.9993	1.1111	0.9007
1263	1303771702014	1	0.9993	1.1111	0.9007
1264	1303771702037	1	0.9993	1.1111	0.9007
1265	1303771702057	1	0.9993	1	1.0007
1266	1303771702079	1	0.9993	1.1111	0.9007
1267	1303771702099	1	0.9993	1.1111	0.9007
1268	1303771702119	1	0.9993	1.1111	0.9007
1269	1303771702141	1	0.9993	1	1.0007
1270	1303771702161	1	0.9993	1.1111	0.9007
1271	1303771702183	1	0.9993	1.1111	0.9007
1272	1303771702203	1	0.9993	1.1111	0.9007
1273	1303771702225	1	0.9993	1	1.0007
1274	1303771702245	1	0.9993	1.1111	0.9007
1275	1303771702267	1	0.9993	1.1111	0.9007
1276	1303771702288	1	0.9993	1.1111	0.9007
1277	1303771702309	1	0.9993	1	1.0007
1278	1303771702330	1	0.9993	1.1111	0.9007
1279	1303771702351	1	0.9993	1.1111	0.9007
1280	1303771702372	1	0.9993	1.1111	0.9007
1281	1303771702416	1	0.9993	1	1.0007
1282	1303771702438	1	0.9993	1.1111	0.9007
1283	1303771702464	1	0.9993	1.1111	0.9007
1284	1303771702487	1	0.9993	1.1111	0.9007
1285	1303771702508	1	0.9993	1	1.0007
1286	1303771702530	1	0.9993	1.1111	0.9007
1287	1303771702551	1	0.9993	1.1111	0.9007
1288	1303771702574	1	0.9993	1.1111	0.9007
1289	1303771702595	1	0.9993	1	1.0007
1290	1303771702618	1	0.9993	1.1111	0.9007
1291	1303771702637	1	0.9993	1.1111	0.9007
1292	1303771702701	1	0.9993	1.1111	0.9007
1293	1303771702722	1	0.9993	1	1.0007
1294	1303771702744	1	0.9993	1.1111	0.9007
1295	1303771702765	1	0.9993	1.1111	0.9007
1296	1303771702785	1	0.9993	1.1111	0.9007
1297	1303771702807	1	0.9993	1	1.0007
1298	1303771702827	1	0.9993	1.1111	0.9007
1299	1303771702849	1	0.9993	1.1111	0.9007
1300	1303771702869	1	0.9993	1.1111	0.9007
1301	1303771702891	1	0.9993	1	1.0007
1302	1303771702912	1	0.9993	1.1111	0.9007
1303	1303771702933	1	0.9993	1.1111	0.9007
1304	1303771702995	1	0.9993	1.1111	0.9007
1305	1303771703017	1	0.9993	1	1.0007
1306	1303771703040	1	0.9993	1.1111	0.9007
1307	1303771703063	1	0.9993	1.1111	0.9007
1308	1303771703084	1	0.9993	1.1111	0.9007
1309	1303771703107	1	0.9993	1	1.0007
1310	1303771703166	1	0.9993	1.1111	0.9007
1311	1303771703231	1	0.9993	1.1111	0.9007
1312	1303771703252	1	0.9993	1.1111	0.9007
1313	1303771703274	1	0.9993	1	1.0007
1314	1303771703294	1	0.9993	1.1111	0.9007
1315	1303771703315	1	0.9993	1.1111	0.9007
1316	1303771703337	1	0.9993	1.1111	0.9007
1317	1303771703357	1	0.9993	1	1.0007
1318	1303771703379	1	0.9993	1.1111	0.9007
1319	1303771703400	1	0.9993	1.1111	0.9007
1320	1303771703422	1	0.9993	1.1111	0.9007
1321	1303771703443	1	0.9993	1	1.0007
1322	1303771703465	1	0.9993	1.1111	0.9007
1323	1303771703485	1	0.9993	1.1111	0.9007
1324	1303771703506	1	0.9993	1.1111	0.9007
1325	1303771703527	1	0.9993	1	1.0007
1326	1303771703548	1	0.9993	1.1111	0.9007
1327	1303771703568	1	0.9993	1.1111	0.9007
1328	1303771703588	1	0.9993	1.1111	0.9007
1329	1303771703610	1	0.9993	1	1.0007
1330	1303771703631	1	0.9993	1.1111	0.9007
1331	1303771703653	1	0.9993	1.1111	0.9007
1332	1303771703672	1	0.9993	1.1111	0.9007
1333	1303771703694	1	0.9993	1	1.0007
1334	1303771703714	1	0.9993	1.1111	0.9007
1335	1303771703736	1	0.9993	1.1111	0.9007
1336	1303771703757	1	0.9993	1.1111	0.9007
1337	1303771703779	1	0.9993	1	1.0007
1338	1303771703799	1	0.9993	1.1111	0.9007
1339	1303771703863	1	0.9993	1.1111	0.9007
1340	1303771703883	1	0.9993	1.1111	0.9007
1341	1303771703906	1	0.9993	1	1.0007
1342	1303771703927	1	0.9993	1.1111	0.9007
1343	1303771703947	1	0.9993	1.1111	0.9007
1344	1303771703970	1	0.9993	1.1111	0.9007
1345	1303771703992	1	0.9993	1	1.0007
1346	1303771704014	1	0.9993	1.1111	0.9007
1347	1303771704034	1	0.9993	1.1111	0.9007
1348	1303771704056	1	0.9993	1.1111	0.9007
1349	1303771704076	1	0.9993	1	1.0007
1350	1303771704099	1	0.9993	1.1111	0.9007
1351	1303771704120	1	0.9993	1.1111	0.9007
1352	1303771704142	1	0.9993	1.1111	0.9007
1353	1303771704162	1	0.9993	1	1.0007
1354	1303771704184	1	0.9993	1.1111	0.9007
1355	1303771704204	1	0.9993	1.1111	0.9007
1356	1303771704227	1	0.9993	1.1111	0.9007
1357	1303771704248	1	0.9993	1	1.0007
1358	1303771704267	1	0.9993	1.1111	0.9007
1359	1303771704289	1	0.9993	1.1111	0.9007
1360	1303771704310	1	0.9993	1.1111	0.9007
1361	1303771704332	1	0.9993	1	1.0007
1362	1303771704399	1	0.9993	1.1111	0.9007
1363	1303771704422	1	0.9993	1.1111	0.9007
1364	1303771704443	1	0.9993	1.1111	0.9007
1365	1303771704465	1	0.9993	1	1.0007
1366	1303771704487	1	0.9993	1.1111	0.9007
1367	1303771704511	1	0.9993	1.1111	0.9007
1368	1303771704533	1	0.9993	1.1111	0.9007
1369	1303771704556	1	0.9993	1	1.0007
1370	1303771704577	1	0.9993	1.1111	0.9007
1371	1303771704600	1	0.9993	1.1111	0.9006
1372	1303771704620	1	0.9993	1.1111	0.9006
1373	1303771704642	1	0.9993	1	1.0007
1374	1303771704662	1	0.9993	1.1111	0.9006
1375	1303771704683	1	0.9993	1.1111	0.9006
1376	1303771704705	1	0.9993	1.1111	0.9006
1377	1303771704725	1	0.9993	1.0556	0.948
1378	1303771704747	1	0.9993	1.1111	0.9006
1379	1303771704767	1	0.9993	1.1111	0.9006
1380	1303771704789	1	0.9993	1.1111	0.9006
1381	1303771704808	1	0.9993	1.0556	0.948
1382	1303771704872	1	0.9993	1.1111	0.9006
1383	1303771704892	1	0.9993	1.1111	0.9006
1384	1303771704913	1	0.9993	1.1111	0.9006
1385	1303771704976	1	0.9993	1.0556	0.948
1386	1303771704998	1	0.9993	1.1111	0.9006
1387	1303771705059	1	0.9993	1.1111	0.9006
1388	1303771705081	1	0.9993	1.1111	0.9006
1389	1303771705101	1	0.9993	1.0556	0.948
1390	1303771705123	1	0.9993	1.1111	0.9006
1391	1303771705144	1	0.9993	1.1111	0.9006
1392	1303771705166	1	0.9993	1.1111	0.9006
1393	1303771705188	1	0.9993	1.0556	0.948
1394	1303771705208	1	0.9993	1.1111	0.9006
1395	1303771705230	1	0.9993	1.1111	0.9006
1396	1303771705251	1	0.9993	1.1111	0.9006
1397	1303771705276	1	0.9993	1.0556	0.948
1398	1303771705298	1	0.9993	1.1111	0.9006
1399	1303771705320	1	0.9993	1.1111	0.9006
1400	1303771705388	1	0.9993	1.1111	0.9006
1401	1303771705411	1	0.9993	1	1.0007
1402	1303771705430	1	0.9993	1.1111	0.9006
1403	1303771705452	1	0.9993	1.1111	0.9006
1404	1303771705514	1	0.9993	1.1111	0.9006
1405	1303771705578	1	0.9993	1	1.0007
1406	1303771705598	1	0.9993	1.1111	0.9006
1407	1303771705619	1	0.9993	1.1111	0.9006
1408	1303771705639	1	0.9993	1.1111	0.9006
1409	1303771705659	1	0.9993	1	1.0007
1410	1303771705681	1	0.9993	1.1111	0.9006
1411	1303771705701	1	0.9993	1.1111	0.9006
1412	1303771705723	1	0.9993	1.1111	0.9006
1413	1303771705744	1	0.9993	1	1.0007
1414	1303771705766	1	0.9993	1.1111	0.9006
1415	1303771705786	1	0.9993	1.1111	0.9006
1416	1303771705807	1	0.9993	1.1111	0.9006
1417	1303771705827	1	0.9993	1	1.0007
1418	1303771705890	1	0.9993	1.1111	0.9006
1419	1303771705910	1	0.9993	1.1111	0.9006
1420	1303771705932	1	0.9993	1.1111	0.9006
1421	1303771705953	1	0.9993	1	1.0007
1422	1303771705973	1	0.9993	1.1111	0.9006
1423	1303771705995	1	0.9993	1.1111	0.9006
1424	1303771706015	1	0.9993	1.1111	0.9006
1425	1303771706037	1	0.9993	1	1.0007
1426	1303771706058	1	0.9993	1.1111	0.9006
1427	1303771706080	1	0.9993	1.1111	0.9006
1428	1303771706101	1	0.9993	1.1111	0.9006
1429	1303771706124	1	0.9993	1	1.0007
1430	1303771706145	1	0.9993	1.1111	0.9006
1431	1303771706167	1	0.9993	1.1111	0.9006
1432	1303771706187	1	0.9993	1.1111	0.9006
1433	1303771706209	1	0.9993	1	1.0007
1434	1303771706229	1	0.9993	1.1111	0.9006
1435	1303771706250	1	0.9993	1.1111	0.9006
1436	1303771706270	1	0.9993	1.1111	0.9006
1437	1303771706333	1	0.9993	1	1.0007
1438	1303771706396	1	0.9993	1.1111	0.9006
1439	1303771706418	1	0.9993	1.1111	0.9006
1440	1303771706439	1	0.9993	1.1111	0.9006
1441	1303771706459	1	0.9993	1	1.0007
1442	1303771706481	1	0.9993	1.1111	0.9006
1443	1303771706544	1	0.9993	1.1111	0.9006
1444	1303771706567	1	0.9993	1.1111	0.9006
1445	1303771706588	1	0.9993	1.0556	0.948
1446	1303771706610	1	0.9993	1.1111	0.9006
1447	1303771706630	1	0.9993	1.1111	0.9006
1448	1303771706652	1	0.9993	1.1111	0.9006
1449	1303771706672	1	0.9993	1	1.0007
1450	1303771706694	1	0.9993	1.1111	0.9006
1451	1303771706714	1	0.9993	1.1111	0.9006
1452	1303771706737	1	0.9993	1.1111	0.9006
1453	1303771706757	1	0.9993	1	1.0007
1454	1303771706779	1	0.9993	1.1111	0.9006
1455	1303771706800	1	0.9993	1.1111	0.9006
1456	1303771706821	1	0.9993	1.1111	0.9006
1457	1303771706843	1	0.9993	1	1.0007
1458	1303771706864	1	0.9993	1.1111	0.9006
1459	1303771706887	1	0.9993	1.1111	0.9006
1460	1303771706906	1	0.9993	1.1111	0.9006
1461	1303771706928	1	0.9993	1	1.0007
1462	1303771706948	1	0.9993	1.1111	0.9006
1463	1303771706970	1	0.9993	1.1111	0.9006
1464	1303771706991	1	0.9993	1.1111	0.9006
1465	1303771707014	1	0.9993	1	1.0007
1466	1303771707076	1	0.9993	1.1111	0.9006
1467	1303771707098	1	0.9993	1.1111	0.9006
1468	1303771707118	1	0.9993	1.1111	0.9006
1469	1303771707141	1	0.9993	1	1.0007
1470	1303771707161	1	0.9993	1.1111	0.9006
1471	1303771707181	1	0.9993	1.1111	0.9006
1472	1303771707203	1	0.9993	1.1111	0.9006
1473	1303771707224	1	0.9993	1	1.0007
1474	1303771707247	1	0.9993	1.125	0.8895
1475	1303771707268	1	0.9993	1.1667	0.8577
1476	1303771707290	1	0.9993	1.15	0.8702
1477	1303771707353	1	0.9993	1	1.0007
1478	1303771707375	1	0.9993	1.1111	0.9006
1479	1303771707395	1	0.9993	1.1	0.9097
1480	1303771707417	1	0.9993	1.1	0.9097
1481	1303771707438	1	0.9993	1	1.0007
1482	1303771707460	1	0.9993	1.1111	0.9006
1483	1303771707522	1	0.9993	1.1	0.9097
1484	1303771707544	1	0.9993	1.1	0.9097
1485	1303771707564	1	0.9993	1	1.0007
1486	1303771707585	1	0.9993	1.1	0.9097
1487	1303771707605	1	0.9993	1.1	0.9097
1488	1303771707626	1	0.9991	1.1	0.9099
1489	1303771707648	1	0.9991	1	1.0009
1490	1303771707669	1	0.9991	1.05	0.9532
1491	1303771707692	1	0.9991	1.05	0.9532
1492	1303771707713	1	0.9991	1.05	0.9532
1493	1303771707735	1	0.9991	1	1.0009
1494	1303771707756	1	0.9991	1.05	0.9532
1495	1303771707778	1	0.9991	1.05	0.9532
1496	1303771707799	1	0.9991	1.05	0.9532
1497	1303771707863	1	0.9991	1	1.0009
1498	1303771707884	1	0.9991	1.05	0.9532
1499	1303771707905	1	0.9991	1.05	0.9532
1500	1303771707925	1	0.9991	1.05	0.9532
1501	1303771707948	1	0.9991	1	1.0009
1502	1303771707968	1	0.9991	1.05	0.9532
1503	1303771707990	1	0.9991	1.05	0.9532
1504	1303771708010	1	0.9991	1.05	0.9532
1505	1303771708030	1	0.9991	1	1.0009
1506	1303771708052	1	0.9991	1	1.0009
1507	1303771708072	1	0.9991	1.05	0.9532
1508	1303771708094	1	0.9991	1.05	0.9532
1509	1303771708114	1	0.9991	1	1.0009
1510	1303771708135	1	0.9991	1	1.0009
1511	1303771708155	1	0.9991	1.05	0.9532
1512	1303771708176	1	0.9991	1.05	0.9532
1513	1303771708196	1	0.9991	1	1.0009
1514	1303771708217	1	0.9991	1	1.0009
1515	1303771708238	1	0.9991	1.05	0.9532
1516	1303771708259	1	0.9991	1.05	0.9532
1517	1303771708279	1	0.9991	1	1.0009
1518	1303771708343	1	0.9991	1	1.0009
1519	1303771708363	1	0.9991	1.05	0.9532
1520	1303771708384	1	0.9991	1.05	0.9532
1521	1303771708407	1	0.9991	1	1.0009
1522	1303771708427	1	0.9991	1	1.0009
1523	1303771708448	1	0.9991	1.05	0.9532
1524	1303771708469	1	0.9991	1.05	0.9532
1525	1303771708490	1	0.9991	1	1.0009
1526	1303771708511	1	0.9991	1	1.0009
1527	1303771708532	1	0.9991	1.05	0.9532
1528	1303771708552	1	0.9991	1	1.0009
1529	1303771708573	1	0.9991	1	1.0009
1530	1303771708593	1	0.9991	1.1	0.9099
1531	1303771708613	1	0.9991	1.05	0.9532
1532	1303771708678	1	0.9991	1	1.0009
1533	1303771708699	1	0.9991	1.05	0.9532
1534	1303771708721	1	0.9991	1.05	0.9532
1535	1303771708741	1	0.9991	1	1.0009
1536	1303771708763	1	0.9991	1.05	0.9532
1537	1303771708783	1	0.9991	1.05	0.9532
1538	1303771708805	1	0.9991	1	1.0009
1539	1303771708824	1	0.9991	1.05	0.9532
1540	1303771708846	1	0.9991	1.05	0.9532
1541	1303771708866	1	0.9991	1.05	0.9532
1542	1303771708888	1	0.9991	1.05	0.9532
1543	1303771708908	1	0.9991	1	1.0009
1544	1303771708972	1	0.9991	1.05	0.9532
1545	1303771709033	1	0.9991	1.05	0.9532
1546	1303771709055	1	0.9991	1	1.0009
1547	1303771709083	1	0.9991	1.05	0.9532
1548	1303771709102	1	0.9991	1.05	0.9532
1549	1303771709124	1	0.9991	1	1.0009
1550	1303771709189	1	0.9991	1.05	0.9533
1551	1303771709213	1	0.9991	1.05	0.9533
1552	1303771709234	1	0.9991	1	1.0009
1553	1303771709256	1	0.9991	1.05	0.9533
1554	1303771709277	1	0.9991	1.05	0.9533
1555	1303771709299	1	0.9991	1	1.0009
1556	1303771709319	1	0.9991	1.05	0.9533
1557	1303771709341	1	0.9991	1.05	0.9533
1558	1303771709361	1	0.9991	1	1.0009
1559	1303771709383	1	0.9991	1.05	0.9533
1560	1303771709403	1	0.9991	1.05	0.9533
1561	1303771709425	1	0.9991	1	1.0009
1562	1303771709446	1	0.9991	1.05	0.9533
1563	1303771709469	1	0.9991	1.05	0.9533
1564	1303771709490	1	0.9991	1	1.0009
1565	1303771709514	1	0.9991	1.05	0.9533
1566	1303771709535	1	0.9991	1.05	0.9533
1567	1303771709555	1	0.9991	1	1.0009
1568	1303771709576	1	0.9991	1.05	0.9533
1569	1303771709598	1	0.9991	1.05	0.9533
1570	1303771709620	1	0.9991	1	1.0009
1571	1303771709641	1	0.9991	1.05	0.9533
1572	1303771709705	1	0.9991	1.05	0.9533
1573	1303771709726	1	0.9991	1	1.0009
1574	1303771709748	1	0.9991	1.05	0.9533
1575	1303771709767	1	0.9991	1.05	0.9533
1576	1303771709789	1	0.9991	1	1.0009
1577	1303771709809	1	0.9991	1.05	0.9533
1578	1303771709830	1	0.9991	1.05	0.9533
1579	1303771709851	1	0.9991	1	1.0009
1580	1303771709873	1	0.9991	1.05	0.9533
1581	1303771709893	1	0.9991	1.05	0.9533
1582	1303771709956	1	0.9991	1	1.0009
1583	1303771709976	1	0.9991	1.05	0.9533
1584	1303771709995	1	0.9991	1.05	0.9533
1585	1303771710058	1	0.9991	1	1.0009
1586	1303771710079	1	0.9991	1.05	0.9533
1587	1303771710100	1	0.9991	1.05	0.9533
1588	1303771710120	1	0.9991	1	1.0009
1589	1303771710142	1	0.9991	1.05	0.9533
1590	1303771710163	1	0.9991	1.05	0.9533
1591	1303771710186	1	0.9991	1	1.0009
1592	1303771710206	1	0.9991	1.05	0.9533
1593	1303771710228	1	0.9991	1.05	0.9533
1594	1303771710249	1	0.9991	1	1.0009
1595	1303771710270	1	0.9991	1.05	0.9533
1596	1303771710291	1	0.9991	1.05	0.9533
1597	1303771710312	1	0.9991	1	1.0009
1598	1303771710374	1	0.9991	1.05	0.9533
1599	1303771710394	1	0.9991	1.05	0.9533
1600	1303771710416	1	0.9991	1	1.0009
1601	1303771710436	1	0.9991	1.05	0.9533
1602	1303771710459	1	0.9991	1.05	0.9533
1603	1303771710480	1	0.9991	1	1.0009
1604	1303771710502	1	0.9991	1.05	0.9533
1605	1303771710523	1	0.9991	1.05	0.9533
1606	1303771710546	1	0.9991	1	1.0009
1607	1303771710567	1	0.9991	1.05	0.9533
1608	1303771710590	1	0.9991	1.05	0.9533
1609	1303771710612	1	0.9991	1	1.0009
1610	1303771710634	1	0.9991	1.05	0.9533
1611	1303771710657	1	0.9991	1.05	0.9533
1612	1303771710723	1	0.9991	1	1.0009
1613	1303771710745	1	0.9991	1.05	0.9533
1614	1303771710768	1	0.9991	1.05	0.9533
1615	1303771710789	1	0.9991	1	1.0009
1616	1303771710811	1	0.9991	1.05	0.9533
1617	1303771710831	1	0.9991	1.05	0.9533
1618	1303771710853	1	0.9991	1	1.0009
1619	1303771710874	1	0.9991	1.05	0.9533
1620	1303771710893	1	0.9991	1.05	0.9533
1621	1303771710915	1	0.9991	1	1.0009
1622	1303771710935	1	0.9991	1.05	0.9533
1623	1303771710957	1	0.9991	1.05	0.9533
1624	1303771710978	1	0.9991	1	1.0009
1625	1303771711001	1	0.9991	1.05	0.9533
1626	1303771711021	1	0.9991	1.05	0.9533
1627	1303771711089	1	0.9991	1	1.0009
1628	1303771711109	1	0.9991	1.05	0.9533
1629	1303771711131	1	0.9991	1.05	0.9533
1630	1303771711193	1	0.9991	1	1.0009
1631	1303771711215	1	0.9991	1.05	0.9533
1632	1303771711235	1	0.9991	1.05	0.9533
1633	1303771711257	1	0.9991	1	1.0009
1634	1303771711278	1	0.9991	1.05	0.9533
1635	1303771711298	1	0.9991	1.05	0.9533
1636	1303771711321	1	0.9991	1	1.0009
1637	1303771711341	1	0.9991	1.05	0.9533
1638	1303771711363	1	0.9991	1.05	0.9533
1639	1303771711384	1	0.9991	1	1.0009
1640	1303771711406	1	0.9991	1.05	0.9533
1641	1303771711425	1	0.9991	1.05	0.9533
1642	1303771711447	1	0.9991	1	1.0009
1643	1303771711467	1	0.9991	1.05	0.9533
1644	1303771711489	1	0.9991	1.05	0.9533
1645	1303771711510	1	0.9991	1	1.0009
1646	1303771711531	1	0.9991	1.05	0.9533
1647	1303771711552	1	0.9991	1.05	0.9533
1648	1303771711574	1	0.9991	1	1.0009
1649	1303771711594	1	0.9991	1.05	0.9533
1650	1303771711616	1	0.9991	1.05	0.9533
1651	1303771711638	1	0.9991	1	1.0009
1652	1303771711658	1	0.9991	1.05	0.9533
1653	1303771711680	1	0.9991	1.05	0.9533
1654	1303771711700	1	0.9991	1	1.0009
1655	1303771711721	1	0.9991	1.05	0.9533
1656	1303771711742	1	0.9991	1.05	0.9533
1657	1303771711763	1	0.9991	1	1.0009
1658	1303771711828	1	0.9991	1.05	0.9533
1659	1303771711892	1	0.9991	1.05	0.9533
1660	1303771711912	1	0.9991	1	1.0009
1661	1303771711935	1	0.9991	1.05	0.9533
1662	1303771711955	1	0.9991	1.05	0.9533
1663	1303771711978	1	0.9991	1	1.0009
1664	1303771711998	1	0.9991	1.05	0.9533
1665	1303771712066	1	0.9991	1.05	0.9533
1666	1303771712087	1	0.9991	1	1.0009
1667	1303771712107	1	0.9991	1.05	0.9533
1668	1303771712128	1	0.9991	1.05	0.9533
1669	1303771712149	1	0.9991	1	1.0009
1670	1303771712171	1	0.9991	1.05	0.9533
1671	1303771712192	1	0.999	1.05	0.9533
1672	1303771712217	1	0.999	1	1.001
1673	1303771712239	1	0.999	1.05	0.9533
1674	1303771712301	1	0.999	1.05	0.9533
1675	1303771712323	1	0.999	1	1.001
1676	1303771712345	1	0.999	1.05	0.9533
1677	1303771712365	1	0.999	1.05	0.9533
1678	1303771712387	1	0.999	1	1.001
1679	1303771712409	1	0.999	1.05	0.9533
1680	1303771712431	1	0.999	1.05	0.9533
1681	1303771712452	1	0.999	1	1.001
1682	1303771712474	1	0.999	1.05	0.9533
1683	1303771712493	1	0.999	1.05	0.9533
1684	1303771712514	1	0.999	1	1.001
1685	1303771712536	1	0.999	1.05	0.9533
1686	1303771712599	1	0.999	1.05	0.9533
1687	1303771712622	1	0.999	1	1.001
1688	1303771712642	1	0.999	1.05	0.9533
1689	1303771712664	1	0.999	1.05	0.9533
1690	1303771712727	1	0.999	1	1.001
1691	1303771712748	1	0.999	1.05	0.9533
1692	1303771712769	1	0.999	1.05	0.9533
1693	1303771712791	1	0.999	1	1.001
1694	1303771712853	1	0.999	1.05	0.9533
1695	1303771712877	1	0.999	1.05	0.9533
1696	1303771712940	1	0.999	1	1.001
1697	1303771712962	1	0.999	1.05	0.9533
1698	1303771712982	1	0.999	1.05	0.9533
1699	1303771713046	1	0.999	1	1.001
1700	1303771713066	1	0.999	1.05	0.9533
1701	1303771713088	1	0.999	1.05	0.9533
1702	1303771713107	1	0.999	1	1.001
1703	1303771713128	1	0.999	1.05	0.9533
1704	1303771713150	1	0.999	1.05	0.9533
1705	1303771713170	1	0.999	1	1.001
1706	1303771713192	1	0.999	1.05	0.9533
1707	1303771713212	1	0.999	1.05	0.9533
1708	1303771713234	1	0.999	1	1.001
1709	1303771713254	1	0.999	1.05	0.9533
1710	1303771713323	1	0.999	1.05	0.9533
1711	1303771713343	1	0.999	1	1.001
1712	1303771713365	1	0.999	1.05	0.9533
1713	1303771713387	1	0.999	1.05	0.9533
1714	1303771713410	1	0.999	1	1.001
1715	1303771713430	1	0.999	1.05	0.9533
1716	1303771713452	1	0.999	1.05	0.9533
1717	1303771713472	1	0.999	1	1.001
1718	1303771713494	1	0.999	1.05	0.9533
1719	1303771713514	1	0.999	1.05	0.9533
1720	1303771713535	1	0.999	1	1.001
1721	1303771713557	1	0.999	1.05	0.9533
1722	1303771713577	1	0.999	1.05	0.9533
1723	1303771713599	1	0.999	1	1.001
1724	1303771713620	1	0.999	1.05	0.9533
1725	1303771713641	1	0.999	1.05	0.9533
1726	1303771713662	1	0.999	1	1.001
1727	1303771713684	1	0.999	1.05	0.9533
1728	1303771713704	1	0.999	1.05	0.9533
1729	1303771713768	1	0.999	1	1.001
1730	1303771713788	1	0.999	1.05	0.9533
1731	1303771713810	1	0.999	1.05	0.9533
1732	1303771713830	1	0.999	1	1.001
1733	1303771713895	1	0.999	1.05	0.9533
1734	1303771713916	1	0.999	1.05	0.9533
1735	1303771713938	1	0.999	1	1.001
1736	1303771713958	1	0.999	1.05	0.9533
1737	1303771713981	1	0.9991	1.05	0.9533
1738	1303771714001	1	0.9991	1	1.0009
1739	1303771714022	1	0.9991	1.05	0.9533
1740	1303771714043	1	0.9991	1.05	0.9533
1741	1303771714063	1	0.9991	1	1.0009
1742	1303771714085	1	0.9991	1.05	0.9533
1743	1303771714106	1	0.9991	1.05	0.9533
1744	1303771714128	1	0.9991	1	1.0009
1745	1303771714148	1	0.9991	1.05	0.9533
1746	1303771714170	1	0.9991	1.05	0.9533
1747	1303771714232	1	0.9991	1	1.0009
1748	1303771714253	1	0.9991	1.05	0.9533
1749	1303771714274	1	0.9991	1.05	0.9533
1750	1303771714339	1	0.9991	1	1.0009
1751	1303771714361	1	0.9991	1.05	0.9533
1752	1303771714384	1	0.9991	1.05	0.9533
1753	1303771714406	1	0.9991	1	1.0009
1754	1303771714427	1	0.9991	1.05	0.9533
1755	1303771714449	1	0.9991	1.05	0.9533
1756	1303771714468	1	0.9991	1	1.0009
1757	1303771714490	1	0.9991	1.05	0.9533
1758	1303771714510	1	0.9991	1.05	0.9533
1759	1303771714534	1	0.9991	1	1.0009
1760	1303771714555	1	0.9991	1.05	0.9533
1761	1303771714577	1	0.9991	1.05	0.9533
1762	1303771714597	1	0.9991	1	1.0009
1763	1303771714620	1	0.9991	1.05	0.9533
1764	1303771714641	1	0.9991	1.05	0.9533
1765	1303771714663	1	0.9991	1	1.0009
1766	1303771714683	1	0.9991	1.05	0.9533
1767	1303771714706	1	0.9991	1.05	0.9533
1768	1303771714726	1	0.9991	1	1.0009
1769	1303771714746	1	0.9991	1.05	0.9533
1770	1303771714769	1	0.9991	1.05	0.9533
1771	1303771714832	1	0.9991	1	1.0009
1772	1303771714853	1	0.9991	1.05	0.9533
1773	1303771714874	1	0.9991	1.05	0.9533
1774	1303771714896	1	0.9991	1	1.0009
1775	1303771714916	1	0.9991	1.05	0.9533
1776	1303771714938	1	0.9991	1.05	0.9533
1777	1303771714958	1	0.9991	1	1.0009
1778	1303771714980	1	0.9991	1.05	0.9533
1779	1303771715042	1	0.9991	1.05	0.9533
1780	1303771715064	1	0.9991	1	1.0009
1781	1303771715083	1	0.9991	1.05	0.9533
1782	1303771715106	1	0.9991	1.05	0.9533
1783	1303771715128	1	0.9991	1	1.0009
1784	1303771715148	1	0.9991	1.05	0.9533
1785	1303771715170	1	0.9991	1.05	0.9533
1786	1303771715192	1	0.9991	1	1.0009
1787	1303771715214	1	0.9991	1.05	0.9533
1788	1303771715234	1	0.9991	1.05	0.9533
1789	1303771715257	1	0.9991	1	1.0009
1790	1303771715278	1	0.9991	1.05	0.9533
1791	1303771715300	1	0.9991	1.05	0.9533
1792	1303771715322	1	0.9991	1	1.0009
1793	1303771715344	1	0.9991	1.05	0.9533
1794	1303771715366	1	0.9991	1.05	0.9533
1795	1303771715388	1	0.9991	1	1.0009
1796	1303771715409	1	0.9991	1.05	0.9533
1797	1303771715432	1	0.9991	1.05	0.9533
1798	1303771715452	1	0.9991	1	1.0009
1799	1303771715474	1	0.9991	1.05	0.9533
1800	1303771715494	1	0.9991	1.05	0.9533
