0	1303771077693	0	0	0	0
1	1303771077702	0	0	0	0
2	1303771077711	0	0	0	0
3	1303771077721	0	0	0	0
4	1303771077732	0	0	0	0
5	1303771077743	0	0	0	0
6	1303771077754	0	0	0	0
7	1303771077766	0	0	0	0
8	1303771077777	0	0	0	0
9	1303771077789	0	0	0	0
10	1303771077803	0	0	0	0
11	1303771077816	0	0	0	0
12	1303771077829	0	0	0	0
13	1303771077841	0	0	0	0
14	1303771077854	0	0	0	0
15	1303771077866	0	0	0	0
16	1303771077924	0	0	0	0
17	1303771077936	0	0	0	0
18	1303771077949	0	0	0	0
19	1303771077960	0	0	0	0
20	1303771077972	0	0	0	0
21	1303771077985	0	0	0	0
22	1303771077997	0	0	0	0
23	1303771078011	0	0	0	0
24	1303771078024	0	0	0	0
25	1303771078038	0	0	0	0
26	1303771078051	0	0	0	0
27	1303771078064	0	0	0	0
28	1303771078077	0	0	0	0
29	1303771078092	0	0	0	0
30	1303771078145	0	0	0	0
31	1303771078161	0	0	0	0
32	1303771078174	0	0	0	0
33	1303771078189	0	0	0	0
34	1303771078204	0	0	0	0
35	1303771078219	0	0	0	0
36	1303771078234	0	0	0	0
37	1303771078289	0	0	0	0
38	1303771078305	0	0	0	0
39	1303771078321	0	0	0	0
40	1303771078335	0	0	0	0
41	1303771078352	0	0	0	0
42	1303771078368	0	0	0	0
43	1303771078383	0	0	0	0
44	1303771078399	0	0	0	0
45	1303771078414	0	0	0	0
46	1303771078429	0	0	0	0
47	1303771078444	0	0	0	0
48	1303771078459	0	0	0	0
49	1303771078475	0	0	0	0
50	1303771078491	0	0	0	0
51	1303771078507	0	0	0	0
52	1303771078522	0	0	0	0
53	1303771078538	0	0	0	0
54	1303771078554	0	0	0	0
55	1303771078569	0	0	0	0
56	1303771078585	0	0	0	0
57	1303771078602	0	0	0	0
58	1303771078617	0	0	0	0
59	1303771078634	0	0	0	0
60	1303771078649	0	0	0	0
61	1303771078665	0	0	0	0
62	1303771078681	0	0	0	0
63	1303771078697	0	0	0	0
64	1303771078756	0	0	0	0
65	1303771078772	0	0	0	0
66	1303771078829	0	0	0	0
67	1303771078846	0	0	0	0
68	1303771078863	0	0	0	0
69	1303771078879	0	0	0	0
70	1303771078895	0	0	0	0
71	1303771078912	0	0	0	0
72	1303771078928	0	0	0	0
73	1303771078946	0	0	0	0
74	1303771078963	0	0	0	0
75	1303771078978	0	0	0	0
76	1303771078996	0	0	0	0
77	1303771079012	0	0	0	0
78	1303771079029	0	0	0	0
79	1303771079047	0	0	0	0
80	1303771079063	0	0	0	0
81	1303771079079	0	0	0	0
82	1303771079096	0	0	0	0
83	1303771079112	0	0	0	0
84	1303771079130	0	0	0	0
85	1303771079148	0	0	0	0
86	1303771079205	0	0	0	0
87	1303771079222	0	0	0	0
88	1303771079240	0	0	0	0
89	1303771079256	0	0	0	0
90	1303771079273	0	0	0	0
91	1303771079290	0	0	0	0
92	1303771079306	0	0	0	0
93	1303771079368	0	0	0	0
94	1303771079386	0	0	0	0
95	1303771079403	0	0	0	0
96	1303771079420	0	0	0	0
97	1303771079437	0	0	0	0
98	1303771079453	0	0	0	0
99	1303771079470	0	0	0	0
100	1303771079527	0	0	0	0
101	1303771079544	0	0	0	0
102	1303771079562	0	0	0	0
103	1303771079580	0	0	0	0
104	1303771079595	0	0	0	0
105	1303771079613	0	0	0	0
106	1303771079631	0	0	0	0
107	1303771079648	0	0	0	0
108	1303771079666	0	0	0	0
109	1303771079684	0	0	0	0
110	1303771079699	0	0	0	0
111	1303771079757	0	0	0	0
112	1303771079775	0	0	0	0
113	1303771079831	0	0	0	0
114	1303771079849	0	0	0	0
115	1303771079866	0	0	0	0
116	1303771079883	0	0	0	0
117	1303771079900	0	0	0	0
118	1303771079958	0	0	0	0
119	1303771080015	0	0	0	0
120	1303771080031	0	0	0	0
121	1303771080049	0	0	0	0
122	1303771080067	0	0	0	0
123	1303771080127	0	0	0	0
124	1303771080185	0	0	0	0
125	1303771080203	0	0	0	0
126	1303771080220	0	0	0	0
127	1303771080238	0	0	0	0
128	1303771080256	0	0	0	0
129	1303771080272	0	0	0	0
130	1303771080290	0	0	0	0
131	1303771080309	0	0	0	0
132	1303771080325	0	0	0	0
133	1303771080343	0	0	0	0
134	1303771080360	0	0	0	0
135	1303771080378	0	0	0	0
136	1303771080394	0	0	0	0
137	1303771080412	0	0	0	0
138	1303771080429	0	0	0	0
139	1303771080446	0	0	0	0
140	1303771080464	0	0	0	0
141	1303771080482	0	0	0	0
142	1303771080500	1	0	0	0
143	1303771080529	1	0	0	0
144	1303771080565	1	0	0	0
145	1303771080594	1	0	0	0
146	1303771080654	1	0	0	0
147	1303771080671	1	0	0	0
148	1303771080689	1	0	0	0
149	1303771080708	1	0	0	0
150	1303771080724	1	0	0	0
151	1303771080742	1	0	0	0
152	1303771080759	1	0	0	0
153	1303771080822	1	0	0	0
154	1303771080841	1	0	0	0
155	1303771080860	1	0	0	0
156	1303771080876	1	0	0	0
157	1303771080894	1	0	0	0
158	1303771080913	1	0	0	0
159	1303771080931	1	0	0	0
160	1303771080948	1	0	0	0
161	1303771080966	1	0	0	0
162	1303771081029	1	0	0	0
163	1303771081088	1	0	0	0
164	1303771081104	1	0	0	0
165	1303771081122	1	0	0	0
166	1303771081140	1	0	0	0
167	1303771081157	1	0	0	0
168	1303771081175	1	0	0	0
169	1303771081193	1	0	0	0
170	1303771081209	1	0	0	0
171	1303771081226	1	0	0	0
172	1303771081244	1	0	0	0
173	1303771081261	1	0	0	0
174	1303771081279	1	0	0	0
175	1303771081296	1	0	0	0
176	1303771081313	1	0	0	0
177	1303771081331	1	0	0	0
178	1303771081349	1	0	0	0
179	1303771081367	1	0	0	0
180	1303771081384	1	0	0	0
181	1303771081402	1	0	0	0
182	1303771081420	1	0	0	0
183	1303771081437	1	0	0	0
184	1303771081456	1	0	0	0
185	1303771081475	1	0	0	0
186	1303771081492	1	0	0	0
187	1303771081510	1	0	0	0
188	1303771081528	1	0	0	0
189	1303771081546	1	0	0	0
190	1303771081563	1	0	0	0
191	1303771081581	1	0	0	0
192	1303771081599	1	0	0	0
193	1303771081615	1	0	0	0
194	1303771081633	1	0	0	0
195	1303771081652	1	0	0	0
196	1303771081669	1	0	0	0
197	1303771081687	1	0	0	0
198	1303771081706	1	0	0	0
199	1303771081725	1	0	0	0
200	1303771081742	1	0	0	0
201	1303771081760	1	0	0	0
202	1303771081778	1	0	0	0
203	1303771081795	1	0	0	0
204	1303771081813	1	0	0	0
205	1303771081832	1	0	0	0
206	1303771081849	1	0	0	0
207	1303771081868	1	0	0	0
208	1303771081931	1	1.2054	0	0
209	1303771081956	1	1.2054	0	0
210	1303771081976	1	1.2054	1.5	0.553
211	1303771081996	1	1.2054	1.5	0.553
212	1303771082014	1	1.2054	1.5	0.553
213	1303771082033	1	1.2054	1.5	0.553
214	1303771082052	1	1.2054	1.5	0.553
215	1303771082070	1	1.2054	1.5	0.553
216	1303771082088	1	1.2054	1.5	0.553
217	1303771082106	1	1.2054	1.5	0.553
218	1303771082125	1	1.2054	1.5	0.553
219	1303771082183	1	1.2054	1.5	0.553
220	1303771082202	1	1.2054	1.5	0.553
221	1303771082221	1	1.2054	1.5	0.553
222	1303771082239	1	1.2054	1.5	0.553
223	1303771082257	1	1.2054	1.4167	0.5856
224	1303771082316	1	1.2054	1.4167	0.5856
225	1303771082335	1	1.2054	1.2857	0.6452
226	1303771082354	1	1.2054	1.25	0.6637
227	1303771082413	1	1.2054	1.1429	0.7259
228	1303771082431	1	1.2054	1.2857	0.6452
229	1303771082450	1	1.2054	1.25	0.6637
230	1303771082469	1	1.2054	1.1875	0.6986
231	1303771082486	1	1.2054	1.25	0.6637
232	1303771082505	1	1.2054	1.25	0.6637
233	1303771082523	1	1.2054	1.25	0.6637
234	1303771082541	1	1.2054	1.25	0.6637
235	1303771082559	1	1.2054	1.25	0.6637
236	1303771082577	1	1.2054	1.2778	0.6492
237	1303771082595	1	1.2054	1.2778	0.6492
238	1303771082612	1	1.2054	1.2778	0.6492
239	1303771082631	1	1.2054	1.2778	0.6492
240	1303771082649	1	1.2054	1.2778	0.6492
241	1303771082667	1	1.2054	1.2222	0.6787
242	1303771082684	1	1.2054	1.2	0.6913
243	1303771082703	1	1.2054	1.2	0.6913
244	1303771082721	1	1.2054	1.15	0.7214
245	1303771082738	1	1.2054	1.15	0.7214
246	1303771082797	1	1.2054	1.15	0.7214
247	1303771082816	1	1.2054	1.15	0.7214
248	1303771082835	1	1.2054	1.15	0.7214
249	1303771082853	1	1.2054	1.15	0.7214
250	1303771082872	1	1.2054	1.15	0.7214
251	1303771082935	1	1.2054	1.15	0.7214
252	1303771082954	1	1.2054	1.15	0.7214
253	1303771082971	1	1.2054	1.1364	0.73
254	1303771082989	1	1.2054	1.0909	0.7604
255	1303771083052	1	1.2054	1.0909	0.7604
256	1303771083071	1	1.2054	1.0909	0.7604
257	1303771083089	1	1.2054	1.1364	0.73
258	1303771083107	1	1.2054	1.1364	0.73
259	1303771083127	1	1.2054	1.1364	0.73
260	1303771083146	1	1.2054	1.125	0.7374
261	1303771083163	1	1.2054	1.0833	0.7658
262	1303771083182	1	1.2054	1.0833	0.7658
263	1303771083201	1	1.2054	1.0833	0.7658
264	1303771083265	1	1.2054	1.0833	0.7658
265	1303771083324	1	1.2054	1.0833	0.7658
266	1303771083342	1	1.2054	1.0833	0.7658
267	1303771083361	1	1.2054	1.0833	0.7658
268	1303771083387	1	1.2054	1.0833	0.7658
269	1303771083986	1	1.1706	1.0833	0.7886
270	1303771084849	1	1.1706	1.0833	0.7886
271	1303771085157	1	1.1706	1.0833	0.7886
272	1303771085179	1	1.1706	1.0833	0.7886
273	1303771085201	1	1.1706	1.0833	0.7886
274	1303771085219	1	1.1706	1.0833	0.7886
275	1303771085239	1	1.1706	1.0833	0.7886
276	1303771085308	1	1.1706	1.0833	0.7886
277	1303771085327	1	1.1706	1.0833	0.7886
278	1303771085345	1	1.1706	1.0833	0.7886
279	1303771085362	1	1.1706	1.0833	0.7886
280	1303771085380	1	1.1706	1.0833	0.7886
281	1303771085399	1	1.1706	1.0833	0.7886
282	1303771085417	1	1.1706	1.0833	0.7886
283	1303771085436	1	1.1706	1.0833	0.7886
284	1303771085454	1	1.1706	1.0833	0.7886
285	1303771085513	1	1.1706	1.0833	0.7886
286	1303771085573	1	1.1758	1.0833	0.7851
287	1303771085591	1	1.1758	1.0833	0.7851
288	1303771085610	1	1.1758	1.0833	0.7851
289	1303771085629	1	1.1758	1.0833	0.7851
290	1303771085648	1	1.1758	1.0833	0.7851
291	1303771085665	1	1.1758	1.0769	0.7897
292	1303771085684	1	1.1758	1.0769	0.7897
293	1303771085702	1	1.1758	1.0769	0.7897
294	1303771085721	1	1.1758	1.0769	0.7897
295	1303771085738	1	1.1758	1.0769	0.7897
296	1303771085757	1	1.1758	1.0833	0.7851
297	1303771085775	1	1.1758	1.0769	0.7897
298	1303771085794	1	1.1758	1.1538	0.7371
299	1303771085812	1	1.1758	1.0769	0.7897
300	1303771085830	1	1.1758	1.0769	0.7897
301	1303771085848	1	1.1758	1.0769	0.7897
302	1303771085865	1	1.1758	1.0769	0.7897
303	1303771085927	1	1.1758	1.0769	0.7897
304	1303771085946	1	1.1758	1.0769	0.7897
305	1303771085965	1	1.1758	1.0769	0.7897
306	1303771085984	1	1.1758	1.0769	0.7897
307	1303771086002	1	1.1758	1.0769	0.7897
308	1303771086021	1	1.1758	1.0769	0.7897
309	1303771086040	1	1.1758	1.0769	0.7897
310	1303771086059	1	1.1758	1.0769	0.7897
311	1303771086076	1	1.1758	1.0769	0.7897
312	1303771086095	1	1.1758	1.0769	0.7897
313	1303771086113	1	1.1758	1.0769	0.7897
314	1303771086131	1	1.1758	1.0769	0.7897
315	1303771086151	1	1.1758	1.0769	0.7897
316	1303771086169	1	1.1758	1.0769	0.7897
317	1303771086188	1	1.1758	1.0769	0.7897
318	1303771086205	1	1.1758	1.0769	0.7897
319	1303771086225	1	1.1758	1.0769	0.7897
320	1303771086244	1	1.1758	1.0769	0.7897
321	1303771086262	1	1.1758	1.0769	0.7897
322	1303771086279	1	1.1758	1.0769	0.7897
323	1303771086298	1	1.1758	1.0769	0.7897
324	1303771086316	1	1.1758	1.0769	0.7897
325	1303771086376	1	1.1758	1.0769	0.7897
326	1303771086394	1	1.1758	1.0769	0.7897
327	1303771086411	1	1.1758	1.0769	0.7897
328	1303771086430	1	1.1758	1.0769	0.7897
329	1303771086454	1	1.1758	1.0769	0.7897
330	1303771086520	1	1.1778	1.0769	0.7884
331	1303771086553	1	1.1778	1.0769	0.7884
332	1303771086572	1	1.1778	1.0769	0.7884
333	1303771086590	1	1.1778	1.0769	0.7884
334	1303771086608	1	1.1778	1.0769	0.7884
335	1303771086627	1	1.1778	1.0769	0.7884
336	1303771086645	1	1.1778	1.0769	0.7884
337	1303771086662	1	1.1778	1.0769	0.7884
338	1303771086680	1	1.1778	1.0769	0.7884
339	1303771086699	1	1.1778	1.0769	0.7884
340	1303771086718	1	1.1778	1.0769	0.7884
341	1303771086737	1	1.1778	1.0769	0.7884
342	1303771086755	1	1.1778	1.0769	0.7884
343	1303771086774	1	1.1778	1.0769	0.7884
344	1303771086792	1	1.1778	1.0769	0.7884
345	1303771086810	1	1.1778	1.0769	0.7884
346	1303771086829	1	1.1778	1.0769	0.7884
347	1303771086847	1	1.1778	1.0769	0.7884
348	1303771086865	1	1.1778	1.0769	0.7884
349	1303771086923	1	1.1778	1.0769	0.7884
350	1303771086942	1	1.1778	1.0769	0.7884
351	1303771086961	1	1.1778	1.0769	0.7884
352	1303771086980	1	1.1778	1.0769	0.7884
353	1303771086997	1	1.1778	1.0769	0.7884
354	1303771087016	1	1.1778	1.0769	0.7884
355	1303771087034	1	1.1778	1.0769	0.7884
356	1303771087053	1	1.1778	1.0769	0.7884
357	1303771087071	1	1.1778	1.0769	0.7884
358	1303771087089	1	1.1778	1.0769	0.7884
359	1303771087107	1	1.1778	1.0769	0.7884
360	1303771087126	1	1.1778	1.0769	0.7884
361	1303771087144	1	1.1778	1.0769	0.7884
362	1303771087162	1	1.1778	1.0769	0.7884
363	1303771087180	1	1.1778	1.0769	0.7884
364	1303771087197	1	1.1778	1.0769	0.7884
365	1303771087216	1	1.1778	1.0769	0.7884
366	1303771087276	1	1.1778	1.0769	0.7884
367	1303771087295	1	1.1778	1.0769	0.7884
368	1303771087313	1	1.1778	1.0769	0.7884
369	1303771087330	1	1.1778	1.0769	0.7884
370	1303771087348	1	1.1778	1.0769	0.7884
371	1303771087366	1	1.1778	1.0769	0.7884
372	1303771087383	1	1.1778	1.0769	0.7884
373	1303771087402	1	1.1778	1.0769	0.7884
374	1303771087420	1	1.1778	1.0769	0.7884
375	1303771087438	1	1.1778	1.0769	0.7884
376	1303771087455	1	1.1778	1.1071	0.7669
377	1303771087514	1	1.1778	1.0714	0.7924
378	1303771087532	1	1.1778	1.0714	0.7924
379	1303771087551	1	1.1778	1.0714	0.7924
380	1303771087568	1	1.1778	1.0714	0.7924
381	1303771087586	1	1.1778	1.0714	0.7924
382	1303771087605	1	1.1778	1.0714	0.7924
383	1303771087623	1	1.1778	1.0714	0.7924
384	1303771087640	1	1.1778	1.0714	0.7924
385	1303771087658	1	1.1778	1.0714	0.7924
386	1303771087676	1	1.1778	1.0714	0.7924
387	1303771087694	1	1.1778	1.0714	0.7924
388	1303771087752	1	1.1778	1.0714	0.7924
389	1303771087772	1	1.1778	1.0714	0.7924
390	1303771087837	1	1.1778	1.0714	0.7924
391	1303771087991	1	1.1778	1.0714	0.7924
392	1303771088030	1	1.1778	1.1667	0.7278
393	1303771088057	1	1.1034	1.1667	0.7768
394	1303771088077	1	1.1034	1.2	0.7552
395	1303771088095	1	1.1034	1.1786	0.769
396	1303771088113	1	1.1034	1.1875	0.7632
397	1303771088131	1	1.1034	1.1875	0.7632
398	1303771088149	1	1.1034	1.0625	0.853
399	1303771088167	1	1.1034	1.0625	0.853
400	1303771088186	1	1.1034	1.0625	0.853
401	1303771088205	1	1.1034	1.0625	0.853
402	1303771088224	1	1.1034	1.0312	0.8788
403	1303771088241	1	1.1034	1.0625	0.853
404	1303771088259	1	1.1034	1.0625	0.853
405	1303771088278	1	1.1034	1.0625	0.853
406	1303771088337	1	1.1034	1.0312	0.8788
407	1303771088355	1	1.1034	1.0312	0.8788
408	1303771088374	1	1.1034	1.0625	0.853
409	1303771088393	1	1.1034	1.0625	0.853
410	1303771088411	1	1.1034	1.0312	0.8788
411	1303771088470	1	1.1034	1.0312	0.8788
412	1303771088489	1	1.1034	1.0625	0.853
413	1303771088507	1	1.1034	1.0312	0.8788
414	1303771088527	1	1.1034	1.0312	0.8788
415	1303771088586	1	1.1034	1.0625	0.853
416	1303771088603	1	1.1034	1.0312	0.8788
417	1303771088622	1	1.1034	1.0312	0.8788
418	1303771088640	1	1.1034	1.0625	0.853
419	1303771088658	1	1.1034	1.0312	0.8788
420	1303771088676	1	1.1034	1.0312	0.8788
421	1303771088695	1	1.1034	1.0625	0.853
422	1303771088714	1	1.1034	1.0312	0.8788
423	1303771088732	1	1.1034	1.0312	0.8788
424	1303771088751	1	1.1034	1.0625	0.853
425	1303771088770	1	1.1034	1.0312	0.8788
426	1303771088790	1	1.1034	1.0312	0.8788
427	1303771088808	1	1.1034	1.0625	0.853
428	1303771088826	1	1.1034	1.0312	0.8788
429	1303771088844	1	1.1034	1.0312	0.8788
430	1303771088863	1	1.1034	1.0625	0.853
431	1303771088880	1	1.1034	1.0312	0.8788
432	1303771088898	1	1.1034	1.0312	0.8788
433	1303771088916	1	1.1034	1.0625	0.853
434	1303771088976	1	1.1034	1.0312	0.8788
435	1303771088993	1	1.1034	1.0312	0.8788
436	1303771089012	1	1.1034	1.0625	0.853
437	1303771089030	1	1.1034	1.0312	0.8788
438	1303771089048	1	1.1034	1.0312	0.8788
439	1303771089065	1	1.1034	1.0625	0.853
440	1303771089083	1	1.1034	1.0312	0.8788
441	1303771089102	1	1.1034	1.0312	0.8788
442	1303771089120	1	1.1034	1.0625	0.853
443	1303771089138	1	1.1034	1.0312	0.8788
444	1303771089156	1	1.1034	1.0312	0.8788
445	1303771089175	1	1.1034	1.0625	0.853
446	1303771089234	1	1.1034	1.0312	0.8788
447	1303771089267	1	1.1034	1.0312	0.8788
448	1303771089285	1	1.1034	1.0625	0.853
449	1303771089349	1	1.1034	1.0312	0.8788
450	1303771089372	1	1.1034	1.0312	0.8788
451	1303771090657	1	1.1034	1.0625	0.853
452	1303771096399	1	1.101	1.0312	0.8808
453	1303771098523	1	1.101	1.0312	0.8808
454	1303771098556	1	1.101	1.0625	0.8549
455	1303771098575	1	1.101	1.0625	0.8549
456	1303771098595	1	1.101	1.0312	0.8808
457	1303771098655	1	1.101	1	0.9083
458	1303771098673	1	1.101	1.0625	0.8549
459	1303771098693	1	1.101	1.0312	0.8808
460	1303771098712	1	1.101	1.0312	0.8808
461	1303771098730	1	1.101	1.0312	0.8808
462	1303771098748	1	1.101	1.0312	0.8808
463	1303771098767	1	1.101	1.0312	0.8808
464	1303771098785	1	1.101	1.0625	0.8549
465	1303771098804	1	1.101	1	0.9083
466	1303771098822	1	1.101	1.0312	0.8808
467	1303771098842	1	1.101	1.0625	0.8549
468	1303771098860	1	1.101	1.0625	0.8549
469	1303771098878	1	1.101	1.0312	0.8808
470	1303771098897	1	1.101	1	0.9083
471	1303771098916	1	1.101	1.0625	0.8549
472	1303771098934	1	1.101	1.0312	0.8808
473	1303771098952	1	1.101	1.0312	0.8808
474	1303771099011	1	1.101	1.0625	0.8549
475	1303771099031	1	1.101	1	0.9083
476	1303771099049	1	1.101	1.0312	0.8808
477	1303771099067	1	1.101	1.0625	0.8549
478	1303771099085	1	1.101	1.0625	0.8549
479	1303771099103	1	1.101	1.0312	0.8808
480	1303771099121	1	1.101	1	0.9083
481	1303771099138	1	1.101	1.0625	0.8549
482	1303771099197	1	1.101	1.0312	0.8808
483	1303771099216	1	1.101	1.0312	0.8808
484	1303771099235	1	1.101	1.0625	0.8549
485	1303771099252	1	1.101	1.0312	0.8808
486	1303771099271	1	1.101	1.0312	0.8808
487	1303771099289	1	1.101	1.0625	0.8549
488	1303771099308	1	1.101	1.0625	0.8549
489	1303771099366	1	1.101	1.0312	0.8808
490	1303771099384	1	1.101	1	0.9083
491	1303771099403	1	1.101	1.0625	0.8549
492	1303771099422	1	1.101	1.0312	0.8808
493	1303771099439	1	1.101	1.0312	0.8808
494	1303771099458	1	1.101	1.0625	0.8549
495	1303771099476	1	1.101	1.0625	0.8549
496	1303771099494	1	1.101	1.0312	0.8808
497	1303771099511	1	1.101	1.0312	0.8808
498	1303771099529	1	1.101	1.0625	0.8549
499	1303771099547	1	1.101	1.0312	0.8808
500	1303771099566	1	1.101	1.0312	0.8808
501	1303771099583	1	1.101	1.0625	0.8549
502	1303771099602	1	1.101	1.0625	0.8549
503	1303771099620	1	1.101	1.0312	0.8808
504	1303771099638	1	1.101	1.0312	0.8808
505	1303771099696	1	1.101	1.0312	0.8808
506	1303771099715	1	1.101	1.0312	0.8808
507	1303771099734	1	1.101	1.0312	0.8808
508	1303771099798	1	1.101	1.0625	0.8549
509	1303771099815	1	1.101	1.0625	0.8549
510	1303771099833	1	1.101	1.0312	0.8808
511	1303771099855	1	1.101	1.0312	0.8808
512	1303771101294	1	1.101	1.0625	0.8549
513	1303771109767	1	1.101	1.0312	0.8808
514	1303771114062	1	1.101	1.0312	0.8808
515	1303771114314	1	1.2843	1.0312	0.755
516	1303771114333	1	1.2843	1.0625	0.7328
517	1303771114352	1	1.2843	1.0312	0.755
518	1303771114370	1	1.2843	1.0312	0.755
519	1303771114388	1	1.2843	1.0312	0.755
520	1303771114452	1	1.2843	1.0312	0.755
521	1303771114470	1	1.2843	1.0312	0.755
522	1303771114490	1	1.2843	1.0625	0.7328
523	1303771114509	1	1.2843	1.0312	0.755
524	1303771114527	1	1.2843	1.0312	0.755
525	1303771114586	1	1.2843	1.0312	0.755
526	1303771114646	1	2.0061	1.0625	0.4692
527	1303771114665	1	2.0061	1.0625	0.4692
528	1303771114683	1	2.0061	1	0.4985
529	1303771114700	1	2.0061	1.0312	0.4834
530	1303771114719	1	2.0061	1.0625	0.4692
531	1303771114738	1	2.0061	1.0312	0.4834
532	1303771114756	1	2.0061	1.0312	0.4834
533	1303771114774	1	2.0061	1.0312	0.4834
534	1303771114792	1	2.0061	1.0625	0.4692
535	1303771114811	1	2.0061	1.0312	0.4834
536	1303771114830	1	2.0061	1.0312	0.4834
537	1303771114847	1	2.0061	1.0625	0.4692
538	1303771114865	1	2.0061	1	0.4985
539	1303771114884	1	2.0061	1.0312	0.4834
540	1303771114903	1	2.0061	1.0625	0.4692
541	1303771114920	1	2.0061	1.0625	0.4692
542	1303771114938	1	2.0061	1.0312	0.4834
543	1303771114956	1	2.0061	1.0312	0.4834
544	1303771114975	1	2.0061	1.0625	0.4692
545	1303771114992	1	2.0061	1.0625	0.4692
546	1303771115010	1	2.0061	1.0312	0.4834
547	1303771115029	1	2.0061	1.0312	0.4834
548	1303771115046	1	2.0061	1.0312	0.4834
549	1303771115064	1	2.0061	1.0312	0.4834
550	1303771115082	1	2.0061	1.0312	0.4834
551	1303771115100	1	2.0061	1.0625	0.4692
552	1303771115159	1	2.0061	1.0625	0.4692
553	1303771115177	1	2.0061	1.0312	0.4834
554	1303771115196	1	2.0061	1	0.4985
555	1303771115215	1	2.0061	1.0625	0.4692
556	1303771115232	1	2.0061	1.0625	0.4692
557	1303771115291	1	2.0061	1.0312	0.4834
558	1303771115310	1	2.0061	1.0312	0.4834
559	1303771115329	1	2.0061	1.0625	0.4692
560	1303771115390	1	2.0061	1	0.4985
561	1303771115408	1	2.0061	1.0312	0.4834
562	1303771115427	1	2.0061	1.0625	0.4692
563	1303771115447	1	2.0061	1.0625	0.4692
564	1303771115465	1	2.0061	1.0312	0.4834
565	1303771115483	1	2.0061	1.0312	0.4834
566	1303771115502	1	2.0061	1.0312	0.4834
567	1303771115521	1	2.0061	1.0625	0.4692
568	1303771115540	1	2.0061	1.0312	0.4834
569	1303771115557	1	2.0061	1.0312	0.4834
570	1303771115576	1	2.0061	1.0625	0.4692
571	1303771115594	1	2.0061	1.0625	0.4692
572	1303771115615	1	2.0061	1	0.4985
573	1303771116477	1	2.0061	1.0312	0.4834
574	1303771120883	1	2.0061	1.0625	0.4692
575	1303771122271	1	2.0061	1.0312	0.4834
576	1303771122293	1	2.0578	1.0312	0.4712
577	1303771122354	1	2.0578	1.0625	0.4574
578	1303771122372	1	2.0578	1.0625	0.4574
579	1303771122391	1	2.0578	1.0312	0.4712
580	1303771122411	1	2.0578	1.0312	0.4712
581	1303771122430	1	2.0578	1.0625	0.4574
582	1303771122448	1	2.0578	1.0312	0.4712
583	1303771122468	1	2.0578	1.0312	0.4712
584	1303771122486	1	2.0578	1.0312	0.4712
585	1303771122505	1	2.0578	1.0625	0.4574
586	1303771122523	1	2.0578	1.0312	0.4712
587	1303771122542	1	2.0578	1.0312	0.4712
588	1303771122561	1	2.0578	1.0312	0.4712
589	1303771122580	1	2.0578	1.0625	0.4574
590	1303771122598	1	2.0578	1.0312	0.4712
591	1303771122616	1	2.0578	1.0312	0.4712
592	1303771122635	1	2.0578	1.0625	0.4574
593	1303771122654	1	2.0578	1.0625	0.4574
594	1303771122671	1	2.0578	1	0.486
595	1303771122690	1	2.0578	1.0312	0.4712
596	1303771122708	1	2.0578	1.0625	0.4574
597	1303771122727	1	2.0578	1.0312	0.4712
598	1303771122744	1	2.0578	1.0312	0.4712
599	1303771122764	1	2.0578	1.0625	0.4574
600	1303771122782	1	2.0578	1.0312	0.4712
601	1303771122801	1	2.0578	1.0312	0.4712
602	1303771122818	1	2.0578	1.0312	0.4712
603	1303771122836	1	2.0578	1.0625	0.4574
604	1303771122895	1	2.0578	1.0625	0.4574
605	1303771122955	1	2.0578	1.0312	0.4712
606	1303771122973	1	2.0578	1.0312	0.4712
607	1303771122991	1	2.0578	1.0312	0.4712
608	1303771123010	1	2.0578	1.0625	0.4574
609	1303771123030	1	2.0578	1.0312	0.4712
610	1303771123047	1	2.0578	1.0312	0.4712
611	1303771123106	1	2.0578	1.0625	0.4574
612	1303771123125	1	2.0578	1.0312	0.4712
613	1303771123143	1	2.0578	1.0312	0.4712
614	1303771123204	1	2.0578	1.0312	0.4712
615	1303771123222	1	2.0578	1.0625	0.4574
616	1303771123241	1	2.0578	1.0312	0.4712
617	1303771123260	1	2.0578	1.0312	0.4712
618	1303771123279	1	2.0578	1.0625	0.4574
619	1303771123295	1	2.0578	1.0625	0.4574
620	1303771123314	1	2.0578	1.0312	0.4712
621	1303771123374	1	2.0578	1	0.486
622	1303771123403	1	2.0578	1.0625	0.4574
623	1303771123421	1	2.0578	1.0625	0.4574
624	1303771123440	1	2.0578	1.0312	0.4712
625	1303771123459	1	2.0578	1.0312	0.4712
626	1303771123477	1	2.0578	1.0625	0.4574
627	1303771123494	1	2.0578	1.0625	0.4574
628	1303771123518	1	2.0578	1	0.486
629	1303771123537	1	2.0578	1.0312	0.4712
630	1303771123555	1	2.0578	1.0625	0.4574
631	1303771123572	1	2.0578	1.0625	0.4574
632	1303771123591	1	2.0578	1.0312	0.4712
633	1303771123612	1	2.0578	1.0312	0.4712
634	1303771124474	1	2.0578	1.0625	0.4574
635	1303771129135	1	2.0578	1.0312	0.4712
636	1303771130558	1	2.0578	1.0312	0.4712
637	1303771130579	1	2.0633	1.0312	0.47
638	1303771130599	1	2.0633	1.0625	0.4562
639	1303771130619	1	2.0633	1.0625	0.4562
640	1303771130636	1	2.0633	1.0312	0.47
641	1303771130657	1	2.0633	1.0312	0.47
642	1303771130677	1	2.0633	1.0312	0.47
643	1303771130695	1	2.0633	1.0625	0.4562
644	1303771130713	1	2.0633	1.0312	0.47
645	1303771130773	1	2.0633	1.0312	0.47
646	1303771130792	1	2.0633	1.0625	0.4562
647	1303771130810	1	2.0633	1.0625	0.4562
648	1303771130827	1	2.0633	1.0312	0.47
649	1303771130846	1	2.0633	1.0312	0.47
650	1303771130865	1	2.0633	1.0312	0.47
651	1303771130884	1	2.0633	1.0625	0.4562
652	1303771130902	1	2.0633	1.0312	0.47
653	1303771130921	1	2.0633	1.0312	0.47
654	1303771130940	1	2.0633	1.0625	0.4562
655	1303771130959	1	2.0633	1.0625	0.4562
656	1303771130979	1	2.0633	1.0312	0.47
657	1303771130996	1	2.0633	1.0312	0.47
658	1303771131014	1	2.0633	1.0625	0.4562
659	1303771131033	1	2.0633	1.0625	0.4562
660	1303771131051	1	2.0633	1.0312	0.47
661	1303771131070	1	2.0633	1.0312	0.47
662	1303771131089	1	2.0633	1.0625	0.4562
663	1303771131107	1	2.0633	1.0625	0.4562
664	1303771131125	1	2.0633	1.0312	0.47
665	1303771131143	1	2.0633	1.0312	0.47
666	1303771131202	1	2.0633	1.0625	0.4562
667	1303771131221	1	2.0633	1.0312	0.47
668	1303771131240	1	2.0633	1.0312	0.47
669	1303771131298	1	2.0633	1.0312	0.47
670	1303771131317	1	2.0633	1.0625	0.4562
671	1303771131336	1	2.0633	1.0625	0.4562
672	1303771131356	1	2.0633	1.0312	0.47
673	1303771131374	1	2.0633	1.0312	0.47
674	1303771131392	1	2.0633	1.0625	0.4562
675	1303771131411	1	2.0633	1.0625	0.4562
676	1303771131429	1	2.0633	1.0312	0.47
677	1303771131448	1	2.0633	1	0.4847
678	1303771131465	1	2.0633	1.0625	0.4562
679	1303771131484	1	2.0633	1.0625	0.4562
680	1303771131503	1	2.0633	1.0312	0.47
681	1303771131522	1	2.0633	1.0312	0.47
682	1303771131539	1	2.0633	1.0625	0.4562
683	1303771131599	1	2.0633	1.0625	0.4562
684	1303771131618	1	2.0633	1.0312	0.47
685	1303771131637	1	2.0633	1.0312	0.47
686	1303771131655	1	2.0633	1.0625	0.4562
687	1303771131674	1	2.0633	1.0312	0.47
688	1303771131692	1	2.0633	1.0312	0.47
689	1303771131711	1	2.0633	1.0312	0.47
690	1303771131728	1	2.0633	1.0625	0.4562
691	1303771131746	1	2.0633	1.0625	0.4562
692	1303771131765	1	2.0633	1.0312	0.47
693	1303771131783	1	2.0633	1.0312	0.47
694	1303771131803	1	2.0633	1.0625	0.4562
695	1303771132607	1	2.0633	1.0625	0.4562
696	1303771136177	1	2.0633	1.0312	0.47
697	1303771137507	1	2.0068	1	0.4983
698	1303771137565	1	2.0135	1.0625	0.4674
699	1303771137585	1	2.0135	1.0625	0.4674
700	1303771137605	1	2.0135	1.0312	0.4816
701	1303771137625	1	2.0135	1	0.4966
702	1303771137645	1	2.0135	1.0625	0.4674
703	1303771137705	1	2.0135	1.0625	0.4674
704	1303771137726	1	2.0135	1.0312	0.4816
705	1303771137746	1	2.0135	1.0312	0.4816
706	1303771137764	1	2.0135	1.0312	0.4816
707	1303771137784	1	2.0135	1.0625	0.4674
708	1303771137804	1	2.0135	1.0312	0.4816
709	1303771137824	1	2.0135	1.0312	0.4816
710	1303771137844	1	2.0135	1.0625	0.4674
711	1303771137905	1	2.0135	1.0625	0.4674
712	1303771137925	1	2.0135	1.0312	0.4816
713	1303771137945	1	2.0135	1	0.4966
714	1303771137965	1	2.0135	1.0625	0.4674
715	1303771137985	1	2.0135	1.0625	0.4674
716	1303771138006	1	2.0135	1.0312	0.4816
717	1303771138026	1	2.0135	1.0312	0.4816
718	1303771138046	1	2.0135	1.0625	0.4674
719	1303771138066	1	2.0135	1.0625	0.4674
720	1303771138086	1	2.0135	1.0312	0.4816
721	1303771138105	1	2.0135	1.0312	0.4816
722	1303771138125	1	2.0135	1.0625	0.4674
723	1303771138145	1	2.0135	1.0625	0.4674
724	1303771138206	1	2.0135	1.0312	0.4816
725	1303771138227	1	2.0135	1.0312	0.4816
726	1303771138248	1	2.0135	1.0625	0.4674
727	1303771138270	1	2.0135	1.0625	0.4674
728	1303771138332	1	2.0135	1.0312	0.4816
729	1303771138398	1	2.0135	1.0312	0.4816
730	1303771138419	1	2.0135	1.0625	0.4674
731	1303771138440	1	2.0135	1.0312	0.4816
732	1303771138461	1	2.0135	1.0312	0.4816
733	1303771138480	1	2.0135	1.0312	0.4816
734	1303771138500	1	2.0135	1.0625	0.4674
735	1303771138520	1	2.0135	1.0625	0.4674
736	1303771138540	1	2.0135	1.0312	0.4816
737	1303771138560	1	2.0135	1.0312	0.4816
738	1303771138622	1	2.0135	1.0625	0.4674
739	1303771138642	1	2.0135	1.0625	0.4674
740	1303771138662	1	2.0135	1.0312	0.4816
741	1303771138681	1	2.0135	1.0312	0.4816
742	1303771138702	1	2.0135	1.0625	0.4674
743	1303771138722	1	2.0135	1.0625	0.4674
744	1303771138787	1	1.9567	1.0312	0.4956
745	1303771138807	1	1.9567	1.0312	0.4956
746	1303771138827	1	1.9567	1.0625	0.481
747	1303771138893	1	1.9567	1.0625	0.481
748	1303771138913	1	1.9567	1.0312	0.4956
749	1303771138933	1	1.9567	1.0312	0.4956
750	1303771138952	1	1.9567	1.0625	0.481
751	1303771138972	1	1.9567	1.0625	0.481
752	1303771139033	1	1.9567	1.0312	0.4956
753	1303771139093	1	1.9567	1.0312	0.4956
754	1303771139114	1	1.9567	1.0625	0.481
755	1303771139136	1	1.9567	1.0625	0.481
756	1303771139195	1	1.9567	1.0312	0.4956
757	1303771139248	1	1.9567	1.0312	0.4956
758	1303771139271	1	1.9567	1.0625	0.481
759	1303771139291	1	1.9593	1.0625	0.4804
760	1303771139311	1	1.9593	1.0312	0.4949
761	1303771139331	1	1.9593	1	0.5104
762	1303771139351	1	1.9593	1.0625	0.4804
763	1303771139373	1	1.9593	1.0625	0.4804
764	1303771139391	1	1.9593	1.0312	0.4949
765	1303771139411	1	1.9593	1.0312	0.4949
766	1303771139431	1	1.9593	1.0625	0.4804
767	1303771139451	1	1.9593	1.0312	0.4949
768	1303771139471	1	1.9593	1.0312	0.4949
769	1303771139532	1	1.9593	1.0312	0.4949
770	1303771139597	1	1.9593	1.0625	0.4804
771	1303771139617	1	1.9593	1.0625	0.4804
772	1303771139683	1	1.9593	1.0312	0.4949
773	1303771139701	1	1.9593	1.0312	0.4949
774	1303771139721	1	1.9593	1.0625	0.4804
775	1303771139742	1	1.9593	1.0625	0.4804
776	1303771139762	1	1.9593	1.0312	0.4949
777	1303771139782	1	1.9593	1.0312	0.4949
778	1303771139801	1	1.9593	1.0625	0.4804
779	1303771139822	1	1.9593	1.0625	0.4804
780	1303771139842	1	1.9593	1.0312	0.4949
781	1303771139860	1	1.9593	1.0312	0.4949
782	1303771139879	1	1.9593	1.0625	0.4804
783	1303771139899	1	1.9593	1.0625	0.4804
784	1303771139919	1	1.9593	1.0312	0.4949
785	1303771139939	1	1.9593	1.0625	0.4804
786	1303771139959	1	1.9593	1.0625	0.4804
787	1303771139979	1	1.9593	1.0625	0.4804
788	1303771140042	1	1.9593	1.0312	0.4949
789	1303771140062	1	1.9593	1.0625	0.4804
790	1303771140082	1	1.9593	1.0625	0.4804
791	1303771140103	1	1.9593	1.0625	0.4804
792	1303771140124	1	1.9593	1.0312	0.4949
793	1303771140144	1	1.9593	1.0625	0.4804
794	1303771140164	1	1.9593	1.0625	0.4804
795	1303771140184	1	1.9593	1.0625	0.4804
796	1303771140202	1	1.9593	1.0312	0.4949
797	1303771140222	1	1.9593	1.0625	0.4804
798	1303771140242	1	1.9593	1.0625	0.4804
799	1303771140262	1	1.9593	1.0625	0.4804
800	1303771140281	1	1.9593	1.0312	0.4949
801	1303771140342	1	1.9593	1.0625	0.4804
802	1303771140403	1	1.9593	1.0625	0.4804
803	1303771140423	1	1.9593	1.0625	0.4804
804	1303771140444	1	1.9593	1.0312	0.4949
805	1303771140462	1	1.9593	1.0625	0.4804
806	1303771140483	1	1.9593	1.0625	0.4804
807	1303771140503	1	1.9593	1.0625	0.4804
808	1303771140523	1	1.9593	1.0312	0.4949
809	1303771140543	1	1.9593	1.0625	0.4804
810	1303771140563	1	1.9593	1.0625	0.4804
811	1303771140584	1	1.9593	1.0625	0.4804
812	1303771140603	1	1.9593	1.0312	0.4949
813	1303771140623	1	1.9593	1.0625	0.4804
814	1303771140644	1	1.9593	1.0625	0.4804
815	1303771140664	1	1.9593	1.0625	0.4804
816	1303771140686	1	1.9593	1.0312	0.4949
817	1303771140737	1	1.9593	1.0625	0.4804
818	1303771140780	1	1.9593	1.0625	0.4804
819	1303771140803	1	1.9593	1.0625	0.4804
820	1303771140824	1	1.9636	1.0312	0.4938
821	1303771140844	1	1.9636	1.0625	0.4793
822	1303771140863	1	1.9636	1.0312	0.4938
823	1303771140883	1	1.9636	1.0625	0.4793
824	1303771140904	1	1.9636	1.0312	0.4938
825	1303771140924	1	1.9636	1.0625	0.4793
826	1303771140945	1	1.9636	1.0625	0.4793
827	1303771140965	1	1.9636	1.0625	0.4793
828	1303771140985	1	1.9636	1	0.5093
829	1303771141005	1	1.9636	1.0625	0.4793
830	1303771141024	1	1.9636	1.0625	0.4793
831	1303771141044	1	1.9636	1.0625	0.4793
832	1303771141064	1	1.9636	1.0312	0.4938
833	1303771141085	1	1.9636	1.0625	0.4793
834	1303771141105	1	1.9636	1.0625	0.4793
835	1303771141125	1	1.9636	1.0625	0.4793
836	1303771141145	1	1.9636	1.0312	0.4938
837	1303771141166	1	1.9636	1.0625	0.4793
838	1303771141185	1	1.9636	1.0625	0.4793
839	1303771141205	1	1.9636	1.0625	0.4793
840	1303771141228	1	1.9636	1.0312	0.4938
841	1303771141249	1	1.9636	1.0625	0.4793
842	1303771141272	1	1.9636	1.0625	0.4793
843	1303771141293	1	1.9636	1.0625	0.4793
844	1303771141314	1	1.9636	1.0312	0.4938
845	1303771141333	1	1.9636	1.0625	0.4793
846	1303771141353	1	1.9636	1.0625	0.4793
847	1303771141373	1	1.9636	1.0625	0.4793
848	1303771141393	1	1.9636	1.0312	0.4938
849	1303771141414	1	1.9636	1.0625	0.4793
850	1303771141434	1	1.9636	1.0625	0.4793
851	1303771141454	1	1.9636	1.0625	0.4793
852	1303771141474	1	1.9636	1.0312	0.4938
853	1303771141492	1	1.9636	1.0625	0.4793
854	1303771141512	1	1.9636	1.0625	0.4793
855	1303771141533	1	1.9636	1.0625	0.4793
856	1303771141553	1	1.9636	1.0312	0.4938
857	1303771141572	1	1.9636	1.0625	0.4793
858	1303771141592	1	1.9636	1.0625	0.4793
859	1303771141612	1	1.9636	1.0625	0.4793
860	1303771141631	1	1.9636	1.0312	0.4938
861	1303771141651	1	1.9636	1.0625	0.4793
862	1303771141671	1	1.9636	1.0625	0.4793
863	1303771141691	1	1.9636	1.0625	0.4793
864	1303771141753	1	1.9636	1.0312	0.4938
865	1303771141774	1	1.9636	1.0625	0.4793
866	1303771141794	1	1.9636	1.0625	0.4793
867	1303771141814	1	1.9636	1.0625	0.4793
868	1303771141833	1	1.9636	1.0312	0.4938
869	1303771141854	1	1.9636	1.0625	0.4793
870	1303771141876	1	1.9636	1.0625	0.4793
871	1303771141897	1	1.9636	1.0625	0.4793
872	1303771141917	1	1.9636	1.0312	0.4938
873	1303771141938	1	1.9636	1.0625	0.4793
874	1303771141959	1	1.9636	1.0625	0.4793
875	1303771141979	1	1.9636	1.0625	0.4793
876	1303771142035	1	1.9636	1.0312	0.4938
877	1303771142056	1	1.9636	1.0625	0.4793
878	1303771142097	1	1.9636	1.0625	0.4793
879	1303771142134	1	1.9636	1.0625	0.4793
880	1303771142201	1	1.9636	1.0312	0.4938
881	1303771142221	1	1.9693	1.0625	0.4779
882	1303771142241	1	1.9693	1.0625	0.4779
883	1303771142260	1	1.9693	1.0312	0.4924
884	1303771142281	1	1.9693	1.0312	0.4924
885	1303771142303	1	1.9693	1.0625	0.4779
886	1303771142324	1	1.9693	1.0625	0.4779
887	1303771142386	1	1.9693	1.0625	0.4779
888	1303771142407	1	1.9693	1.0312	0.4924
889	1303771142428	1	1.9693	1.0312	0.4924
890	1303771142449	1	1.9693	1.0625	0.4779
891	1303771142470	1	1.9693	1.0625	0.4779
892	1303771142490	1	1.9693	1.0312	0.4924
893	1303771142550	1	1.9693	1.0625	0.4779
894	1303771142571	1	1.9693	1.0625	0.4779
895	1303771142591	1	1.9693	1.0625	0.4779
896	1303771142613	1	1.9693	1.0312	0.4924
897	1303771142634	1	1.9693	1.0625	0.4779
898	1303771142695	1	1.9693	1.0625	0.4779
899	1303771142716	1	1.9693	1.0625	0.4779
900	1303771142734	1	1.9693	1.0312	0.4924
901	1303771142756	1	1.9693	1.0625	0.4779
902	1303771142779	1	1.9693	1.0625	0.4779
903	1303771142800	1	1.9693	1.0625	0.4779
904	1303771142821	1	1.9693	1.0312	0.4924
905	1303771142882	1	1.9693	1.0625	0.4779
906	1303771142903	1	1.9693	1.0625	0.4779
907	1303771142924	1	1.9693	1.0625	0.4779
908	1303771142944	1	1.9693	1.0312	0.4924
909	1303771142963	1	1.9693	1.0625	0.4779
910	1303771142984	1	1.9693	1.0625	0.4779
911	1303771143005	1	1.9693	1.0625	0.4779
912	1303771143025	1	1.9693	1.0312	0.4924
913	1303771143045	1	1.9693	1.0625	0.4779
914	1303771143106	1	1.9837	1.0625	0.4745
915	1303771143128	1	1.9837	1.0625	0.4745
916	1303771143149	1	1.9837	1.0312	0.4888
917	1303771143169	1	1.9837	1.0625	0.4745
918	1303771143189	1	1.9837	1.0625	0.4745
919	1303771143210	1	1.9837	1.0625	0.4745
920	1303771143230	1	1.9837	1.0312	0.4888
921	1303771143251	1	1.9837	1.0625	0.4745
922	1303771143271	1	1.9837	1.0625	0.4745
923	1303771143332	1	1.9837	1.0625	0.4745
924	1303771143353	1	1.9837	1.0312	0.4888
925	1303771143374	1	1.9837	1.0625	0.4745
926	1303771143396	1	1.9837	1.0625	0.4745
927	1303771143457	1	1.9837	1.0625	0.4745
928	1303771143478	1	1.9837	1.0312	0.4888
929	1303771143538	1	1.9837	1.0625	0.4745
930	1303771143559	1	1.9837	1.0625	0.4745
931	1303771143579	1	1.9837	1.0625	0.4745
932	1303771143600	1	1.9837	1.0312	0.4888
933	1303771143621	1	1.9837	1.0625	0.4745
934	1303771143641	1	1.9837	1.0625	0.4745
935	1303771143660	1	1.9837	1.0625	0.4745
936	1303771143681	1	1.9837	1.0312	0.4888
937	1303771143701	1	1.9837	1.0625	0.4745
938	1303771143723	1	1.9837	1.0625	0.4745
939	1303771143764	1	1.9837	1.0625	0.4745
940	1303771143802	1	1.9864	1.0312	0.4882
941	1303771143825	1	1.9877	1.0625	0.4735
942	1303771143846	1	1.9877	1.0625	0.4735
943	1303771143867	1	1.9877	1.0312	0.4879
944	1303771143887	1	1.9877	1	0.5031
945	1303771143907	1	1.9877	1.0625	0.4735
946	1303771143929	1	1.9877	1.0625	0.4735
947	1303771143950	1	1.9877	1.0625	0.4735
948	1303771143971	1	1.9877	1	0.5031
949	1303771143991	1	1.9877	1.0625	0.4735
950	1303771144013	1	1.9877	1.0625	0.4735
951	1303771144034	1	1.9877	1.0625	0.4735
952	1303771144055	1	1.9877	1.0312	0.4879
953	1303771144075	1	1.9877	1.0625	0.4735
954	1303771144095	1	1.9877	1.0625	0.4735
955	1303771144116	1	1.9877	1.0625	0.4735
956	1303771144136	1	1.9877	1.0312	0.4879
957	1303771144155	1	1.9877	1.0625	0.4735
958	1303771144177	1	1.9877	1.0625	0.4735
959	1303771144197	1	1.9877	1.0625	0.4735
960	1303771144259	1	1.9877	1.0312	0.4879
961	1303771144280	1	1.9877	1.0625	0.4735
962	1303771144300	1	1.9877	1.0625	0.4735
963	1303771144321	1	1.9877	1.0625	0.4735
964	1303771144343	1	1.9877	1.0312	0.4879
965	1303771144364	1	1.9877	1.0625	0.4735
966	1303771144383	1	1.9877	1.0625	0.4735
967	1303771144404	1	1.9877	1.0625	0.4735
968	1303771144424	1	1.9877	1.0312	0.4879
969	1303771144445	1	1.9877	1.0625	0.4735
970	1303771144465	1	1.9877	1.0625	0.4735
971	1303771144486	1	1.9877	1.0625	0.4735
972	1303771144507	1	1.9877	1.0312	0.4879
973	1303771144527	1	1.9877	1.0625	0.4735
974	1303771144547	1	1.9877	1.0625	0.4735
975	1303771144567	1	1.9877	1.0625	0.4735
976	1303771144629	1	1.9877	1.0312	0.4879
977	1303771144650	1	1.9877	1.0625	0.4735
978	1303771144670	1	1.9877	1.0625	0.4735
979	1303771144691	1	1.9877	1.0625	0.4735
980	1303771144712	1	1.9877	1.0312	0.4879
981	1303771144731	1	1.9877	1.0625	0.4735
982	1303771144752	1	1.9877	1.0625	0.4735
983	1303771144773	1	1.9877	1.0625	0.4735
984	1303771144795	1	1.9877	1.0312	0.4879
985	1303771144815	1	1.9877	1.0625	0.4735
986	1303771144835	1	1.9877	1.0625	0.4735
987	1303771144856	1	1.9877	1.0625	0.4735
988	1303771144876	1	1.9877	1.0312	0.4879
989	1303771144896	1	1.9877	1.0625	0.4735
990	1303771144918	1	1.9877	1.0625	0.4735
991	1303771144940	1	1.9877	1.0625	0.4735
992	1303771144960	1	1.9877	1.0312	0.4879
993	1303771144981	1	1.9877	1.0625	0.4735
994	1303771145002	1	1.9877	1.0625	0.4735
995	1303771145023	1	1.9877	1.0625	0.4735
996	1303771145084	1	1.9877	1.0312	0.4879
997	1303771145104	1	1.9877	1.0625	0.4735
998	1303771145125	1	1.9877	1.0625	0.4735
999	1303771145147	1	1.9877	1.0625	0.4735
1000	1303771145190	1	1.9877	1.0312	0.4879
1001	1303771145238	1	1.9877	1.0625	0.4735
1002	1303771145269	1	1.9877	1.0625	0.4735
1003	1303771145291	1	1.9593	1.0625	0.4804
1004	1303771145312	1	1.9593	1	0.5104
1005	1303771145333	1	1.9593	1.0312	0.4949
1006	1303771145355	1	1.9593	1.0625	0.4804
1007	1303771145416	1	1.9593	1.0625	0.4804
1008	1303771145436	1	1.9593	1.0312	0.4949
1009	1303771145457	1	1.9593	1.0312	0.4949
1010	1303771145478	1	1.9593	1.0625	0.4804
1011	1303771145499	1	1.9593	1.0625	0.4804
1012	1303771145520	1	1.9593	1.0312	0.4949
1013	1303771145540	1	1.9593	1.0625	0.4804
1014	1303771145561	1	1.9593	1.0625	0.4804
1015	1303771145582	1	1.9593	1.0625	0.4804
1016	1303771145601	1	1.9593	1.0312	0.4949
1017	1303771145622	1	1.9593	1.0625	0.4804
1018	1303771145684	1	1.9593	1.0625	0.4804
1019	1303771145705	1	1.9593	1.0625	0.4804
1020	1303771145726	1	1.9593	1.0312	0.4949
1021	1303771145747	1	1.9593	1.0625	0.4804
1022	1303771145768	1	1.9593	1.0625	0.4804
1023	1303771145789	1	1.9593	1.0625	0.4804
1024	1303771145808	1	1.9593	1.0312	0.4949
1025	1303771145829	1	1.9593	1.0625	0.4804
1026	1303771145849	1	1.9593	1.0625	0.4804
1027	1303771145911	1	1.9593	1.0625	0.4804
1028	1303771145973	1	1.9593	1.0312	0.4949
1029	1303771146034	1	1.9593	1.0625	0.4804
1030	1303771146056	1	1.9593	1.0625	0.4804
1031	1303771146076	1	1.9593	1.0625	0.4804
1032	1303771146097	1	1.9593	1.0312	0.4949
1033	1303771146118	1	1.9593	1.0625	0.4804
1034	1303771146137	1	1.9593	1.0625	0.4804
1035	1303771146158	1	1.9593	1.0625	0.4804
1036	1303771146179	1	1.9593	1.0312	0.4949
1037	1303771146200	1	1.9593	1.0625	0.4804
1038	1303771146220	1	1.9593	1.0625	0.4804
1039	1303771146241	1	1.9593	1.0625	0.4804
1040	1303771146262	1	1.9593	1.0312	0.4949
1041	1303771146282	1	1.9593	1.0625	0.4804
1042	1303771146303	1	1.9593	1.0625	0.4804
1043	1303771146323	1	1.9593	1.0625	0.4804
1044	1303771146344	1	1.9593	1.0312	0.4949
1045	1303771146365	1	1.9593	1.0625	0.4804
1046	1303771146385	1	1.9593	1.0625	0.4804
1047	1303771146406	1	1.9593	1.0625	0.4804
1048	1303771146426	1	1.9593	1.0312	0.4949
1049	1303771146446	1	1.9593	1.0625	0.4804
1050	1303771146467	1	1.9593	1.0625	0.4804
1051	1303771146488	1	1.9593	1.0625	0.4804
1052	1303771146508	1	1.9593	1.0312	0.4949
1053	1303771146529	1	1.9593	1.0625	0.4804
1054	1303771146549	1	1.9593	1.0625	0.4804
1055	1303771146610	1	1.9593	1.0312	0.4949
1056	1303771146632	1	1.9593	1.0312	0.4949
1057	1303771146652	1	1.9593	1.0625	0.4804
1058	1303771146675	1	1.9593	1.0625	0.4804
1059	1303771146697	1	1.9593	1.0625	0.4804
1060	1303771146720	1	1.9593	1.0312	0.4949
1061	1303771146760	1	1.9593	1.0625	0.4804
1062	1303771146800	1	1.9593	1.0625	0.4804
1063	1303771146825	1	1.9593	1.0625	0.4804
1064	1303771146891	1	1.9593	1.0312	0.4949
1065	1303771146952	1	1.964	1.0625	0.4792
1066	1303771146973	1	1.964	1.0625	0.4792
1067	1303771146994	1	1.964	1.0312	0.4937
1068	1303771147015	1	1.964	1.0312	0.4937
1069	1303771147076	1	1.964	1.0625	0.4792
1070	1303771147138	1	1.964	1.0625	0.4792
1071	1303771147159	1	1.964	1.0625	0.4792
1072	1303771147180	1	1.964	1.0312	0.4937
1073	1303771147201	1	1.964	1.0625	0.4792
1074	1303771147220	1	1.964	1.0625	0.4792
1075	1303771147242	1	1.964	1.0625	0.4792
1076	1303771147263	1	1.964	1.0312	0.4937
1077	1303771147284	1	1.964	1.0625	0.4792
1078	1303771147305	1	1.964	1.0625	0.4792
1079	1303771147326	1	1.964	1.0625	0.4792
1080	1303771147347	1	1.964	1.0312	0.4937
1081	1303771147368	1	1.964	1.0625	0.4792
1082	1303771147387	1	1.964	1.0625	0.4792
1083	1303771147408	1	1.964	1.0625	0.4792
1084	1303771147429	1	1.964	1.0312	0.4937
1085	1303771147450	1	1.964	1.0625	0.4792
1086	1303771147470	1	1.964	1.0625	0.4792
1087	1303771147491	1	1.964	1.0625	0.4792
1088	1303771147512	1	1.964	1.0312	0.4937
1089	1303771147533	1	1.964	1.0625	0.4792
1090	1303771147554	1	1.964	1.0625	0.4792
1091	1303771147615	1	1.964	1.0625	0.4792
1092	1303771147636	1	1.964	1.0312	0.4937
1093	1303771147657	1	1.964	1.0625	0.4792
1094	1303771147678	1	1.964	1.0625	0.4792
1095	1303771147699	1	1.964	1.0625	0.4792
1096	1303771147720	1	1.964	1.0312	0.4937
1097	1303771147741	1	1.964	1.0625	0.4792
1098	1303771147802	1	1.964	1.0625	0.4792
1099	1303771147824	1	1.964	1.0625	0.4792
1100	1303771147846	1	1.964	1.0312	0.4937
1101	1303771147867	1	1.964	1.0625	0.4792
1102	1303771147888	1	1.964	1.0625	0.4792
1103	1303771147951	1	1.964	1.0625	0.4792
1104	1303771147971	1	1.964	1.0312	0.4937
1105	1303771147992	1	1.964	1.0625	0.4792
1106	1303771148012	1	1.964	1.0625	0.4792
1107	1303771148034	1	1.964	1.0625	0.4792
1108	1303771148055	1	1.964	1.0312	0.4937
1109	1303771148076	1	1.964	1.0625	0.4792
1110	1303771148096	1	1.964	1.0625	0.4792
1111	1303771148117	1	1.964	1.0625	0.4792
1112	1303771148138	1	1.964	1.0312	0.4937
1113	1303771148158	1	1.964	1.0625	0.4792
1114	1303771148179	1	1.964	1.0625	0.4792
1115	1303771148201	1	1.964	1.0625	0.4792
1116	1303771148221	1	1.964	1.0312	0.4937
1117	1303771148242	1	1.964	1.0625	0.4792
1118	1303771148263	1	1.964	1.0625	0.4792
1119	1303771148324	1	1.9924	1.0625	0.4724
1120	1303771148386	1	1.9924	1.0312	0.4867
1121	1303771148406	1	1.9924	1.0625	0.4724
1122	1303771148738	1	1.9924	1.0625	0.4724
1123	1303771150472	1	1.9924	1.0625	0.4724
1124	1303771151526	1	1.9924	1.0312	0.4867
1125	1303771151549	1	1.9924	1.0312	0.4867
1126	1303771151570	1	1.9924	1.0625	0.4724
1127	1303771151591	1	1.9924	1.0312	0.4867
1128	1303771151611	1	1.9924	1	0.5019
1129	1303771151631	1	1.9924	1.0625	0.4724
1130	1303771151652	1	1.9924	1.0625	0.4724
1131	1303771151673	1	1.9924	1.0312	0.4867
1132	1303771151694	1	1.9924	1	0.5019
1133	1303771151715	1	1.9924	1.0625	0.4724
1134	1303771151737	1	1.9924	1.0625	0.4724
1135	1303771151757	1	1.9924	1.0625	0.4724
1136	1303771151779	1	1.9924	1.0312	0.4867
1137	1303771151800	1	1.9924	1.0312	0.4867
1138	1303771151821	1	1.9924	1.0625	0.4724
1139	1303771151842	1	1.9924	1.0625	0.4724
1140	1303771151863	1	1.9924	1.0312	0.4867
1141	1303771151884	1	1.9924	1.0625	0.4724
1142	1303771151904	1	1.9924	1.0625	0.4724
1143	1303771151965	1	1.9924	1.0625	0.4724
1144	1303771151986	1	1.9924	1.0312	0.4867
1145	1303771152048	1	1.9924	1.0625	0.4724
1146	1303771152069	1	1.9924	1.0625	0.4724
1147	1303771152091	1	1.9924	1.0625	0.4724
1148	1303771152112	1	1.9924	1.0312	0.4867
1149	1303771152134	1	1.9924	1.0625	0.4724
1150	1303771152154	1	1.9924	1.0625	0.4724
1151	1303771152175	1	1.9924	1.0625	0.4724
1152	1303771152196	1	1.9924	1.0312	0.4867
1153	1303771152216	1	1.9926	1.0625	0.4723
1154	1303771152237	1	1.9926	1.0625	0.4723
1155	1303771152258	1	1.9926	1.0625	0.4723
1156	1303771152279	1	1.9926	1.0312	0.4866
1157	1303771152300	1	1.9926	1.0625	0.4723
1158	1303771152322	1	1.9926	1.0625	0.4723
1159	1303771152342	1	1.9926	1.0625	0.4723
1160	1303771152363	1	1.9926	1.0312	0.4866
1161	1303771152384	1	1.9926	1.0625	0.4723
1162	1303771152405	1	1.9926	1.0625	0.4723
1163	1303771152426	1	1.9926	1.0625	0.4723
1164	1303771152445	1	1.9926	1.0312	0.4866
1165	1303771152466	1	1.9926	1.0625	0.4723
1166	1303771152487	1	1.9926	1.0625	0.4723
1167	1303771152508	1	1.9926	1.0625	0.4723
1168	1303771152528	1	1.9926	1.0312	0.4866
1169	1303771152549	1	1.9926	1.0625	0.4723
1170	1303771152570	1	1.9926	1.0625	0.4723
1171	1303771152589	1	1.9926	1.0625	0.4723
1172	1303771152610	1	1.9926	1.0312	0.4866
1173	1303771152630	1	1.9926	1.0625	0.4723
1174	1303771152651	1	1.9926	1.0625	0.4723
1175	1303771152672	1	1.9926	1.0625	0.4723
1176	1303771152693	1	1.9926	1.0312	0.4866
1177	1303771152713	1	1.9926	1.0625	0.4723
1178	1303771152733	1	1.9926	1.0625	0.4723
1179	1303771152754	1	1.9926	1.0625	0.4723
1180	1303771152774	1	1.9926	1.0312	0.4866
1181	1303771152795	1	1.9926	1.0625	0.4723
1182	1303771152817	1	1.9926	1.0625	0.4723
1183	1303771153040	1	1.9926	1.0625	0.4723
1184	1303771154285	1	1.9877	1.0312	0.4879
1185	1303771155028	1	1.9897	1.0625	0.473
1186	1303771155091	1	1.9897	1.0312	0.4873
1187	1303771155112	1	1.9897	1.0312	0.4873
1188	1303771155133	1	1.9897	1	0.5026
1189	1303771155154	1	1.9897	1.0625	0.473
1190	1303771155176	1	1.9897	1.0625	0.473
1191	1303771155196	1	1.9897	1.0625	0.473
1192	1303771155217	1	1.9897	1.0312	0.4873
1193	1303771155237	1	1.9897	1.0312	0.4873
1194	1303771155258	1	1.9897	1.0625	0.473
1195	1303771155279	1	1.9897	1.0625	0.473
1196	1303771155301	1	1.9897	1.0312	0.4873
1197	1303771155323	1	1.9897	1.0625	0.473
1198	1303771155344	1	1.9897	1.0625	0.473
1199	1303771155364	1	1.9897	1.0625	0.473
1200	1303771155385	1	1.9897	1.0312	0.4873
1201	1303771155406	1	1.9897	1.0625	0.473
1202	1303771155426	1	1.9897	1.0625	0.473
1203	1303771155447	1	1.9897	1.0625	0.473
1204	1303771155467	1	1.9897	1.0312	0.4873
1205	1303771155530	1	1.9897	1.0625	0.473
1206	1303771155593	1	1.9897	1.0625	0.473
1207	1303771155614	1	1.9897	1.0625	0.473
1208	1303771155635	1	1.9897	1.0312	0.4873
1209	1303771155657	1	1.9897	1.0625	0.473
1210	1303771155677	1	1.9897	1.0625	0.473
1211	1303771155698	1	1.9897	1.0625	0.473
1212	1303771155760	1	1.9897	1.0312	0.4873
1213	1303771155781	1	1.9897	1.0625	0.473
1214	1303771155803	1	1.9897	1.0625	0.473
1215	1303771155822	1	1.9897	1.0625	0.473
1216	1303771155844	1	1.9897	1.0312	0.4873
1217	1303771155865	1	1.9897	1.0625	0.473
1218	1303771155886	1	1.9897	1.0625	0.473
1219	1303771155907	1	1.9897	1.0625	0.473
1220	1303771155927	1	1.9897	1.0312	0.4873
1221	1303771155949	1	1.9897	1.0625	0.473
1222	1303771155969	1	1.9897	1.0625	0.473
1223	1303771155990	1	1.9897	1.0625	0.473
1224	1303771156012	1	1.9897	1.0312	0.4873
1225	1303771156034	1	1.9897	1.0625	0.473
1226	1303771156056	1	1.9897	1.0625	0.473
1227	1303771156076	1	1.9897	1.0625	0.473
1228	1303771156097	1	1.9897	1.0312	0.4873
1229	1303771156116	1	1.9897	1.0625	0.473
1230	1303771156138	1	1.9897	1.0625	0.473
1231	1303771156159	1	1.9897	1.0625	0.473
1232	1303771156180	1	1.9897	1.0312	0.4873
1233	1303771156201	1	1.9897	1.0625	0.473
1234	1303771156221	1	1.9897	1.0625	0.473
1235	1303771156242	1	1.9897	1.0625	0.473
1236	1303771156261	1	1.9897	1.0312	0.4873
1237	1303771156282	1	1.9897	1.0625	0.473
1238	1303771156344	1	1.9897	1.0625	0.473
1239	1303771156365	1	1.9897	1.0625	0.473
1240	1303771156386	1	1.9897	1.0312	0.4873
1241	1303771156407	1	1.9897	1.0625	0.473
1242	1303771156428	1	1.9897	1.0625	0.473
1243	1303771156450	1	1.9897	1.0625	0.473
1244	1303771156675	1	1.9897	1.0312	0.4873
1245	1303771157897	1	1.9897	1.0625	0.473
1246	1303771158650	1	1.9897	1.0625	0.473
1247	1303771158672	1	1.9903	1.0312	0.4872
1248	1303771158694	1	1.9903	1	0.5024
1249	1303771158716	1	1.9903	1.0625	0.4729
1250	1303771158735	1	1.9903	1.0625	0.4729
1251	1303771158757	1	1.9903	1.0625	0.4729
1252	1303771158779	1	1.9903	1.0312	0.4872
1253	1303771158800	1	1.9903	1.0625	0.4729
1254	1303771158821	1	1.9903	1.0625	0.4729
1255	1303771158841	1	1.9903	1.0625	0.4729
1256	1303771158862	1	1.9903	1	0.5024
1257	1303771158882	1	1.9903	1.0625	0.4729
1258	1303771158902	1	1.9903	1.0625	0.4729
1259	1303771158923	1	1.9903	1.0625	0.4729
1260	1303771158944	1	1.9903	1.0312	0.4872
1261	1303771158965	1	1.9903	1.0625	0.4729
1262	1303771158986	1	1.9903	1.0625	0.4729
1263	1303771159006	1	1.9903	1.0625	0.4729
1264	1303771159026	1	1.9903	1.0312	0.4872
1265	1303771159047	1	1.9903	1.0625	0.4729
1266	1303771159067	1	1.9903	1.0625	0.4729
1267	1303771159088	1	1.9903	1.0625	0.4729
1268	1303771159108	1	1.9903	1.0312	0.4872
1269	1303771159129	1	1.9903	1.0625	0.4729
1270	1303771159149	1	1.9903	1.0625	0.4729
1271	1303771159170	1	1.9903	1.0625	0.4729
1272	1303771159190	1	1.9903	1.0312	0.4872
1273	1303771159211	1	1.9903	1.0625	0.4729
1274	1303771159232	1	1.9903	1.0625	0.4729
1275	1303771159298	1	1.9903	1.0625	0.4729
1276	1303771159320	1	1.9903	1.0312	0.4872
1277	1303771159343	1	1.9903	1.0625	0.4729
1278	1303771159362	1	1.9903	1.0625	0.4729
1279	1303771159384	1	1.9903	1.0625	0.4729
1280	1303771159405	1	1.9903	1.0312	0.4872
1281	1303771159426	1	1.9903	1.0625	0.4729
1282	1303771159447	1	1.9903	1.0625	0.4729
1283	1303771159467	1	1.9903	1.0625	0.4729
1284	1303771159488	1	1.9903	1.0312	0.4872
1285	1303771159550	1	1.9903	1.0625	0.4729
1286	1303771159569	1	1.9903	1.0625	0.4729
1287	1303771159590	1	1.9903	1.0625	0.4729
1288	1303771159612	1	1.9903	1.0312	0.4872
1289	1303771159632	1	1.9903	1.0625	0.4729
1290	1303771159653	1	1.9903	1.0625	0.4729
1291	1303771159674	1	1.9903	1.0625	0.4729
1292	1303771159695	1	1.9903	1.0312	0.4872
1293	1303771159714	1	1.9903	1.0625	0.4729
1294	1303771159735	1	1.9903	1.0625	0.4729
1295	1303771159756	1	1.9903	1.0625	0.4729
1296	1303771159776	1	1.9903	1.0312	0.4872
1297	1303771159797	1	1.9903	1.0625	0.4729
1298	1303771159818	1	1.9903	1.0625	0.4729
1299	1303771159838	1	1.9903	1.0625	0.4729
1300	1303771159857	1	1.9903	1.0312	0.4872
1301	1303771159878	1	1.9903	1.0625	0.4729
1302	1303771159899	1	1.9903	1.0625	0.4729
1303	1303771159920	1	1.9903	1.0625	0.4729
1304	1303771159943	1	1.9903	1.0312	0.4872
1305	1303771160141	1	1.9903	1.0625	0.4729
1306	1303771160977	1	1.9903	1.0625	0.4729
1307	1303771161473	1	1.9903	1.0625	0.4729
1308	1303771161496	1	1.9926	1	0.5018
1309	1303771161557	1	1.9926	1.0625	0.4723
1310	1303771161580	1	1.9926	1.0312	0.4866
1311	1303771161642	1	1.9926	1.0625	0.4723
1312	1303771161663	1	1.9926	1.0312	0.4866
1313	1303771161685	1	1.9926	1.0625	0.4723
1314	1303771161707	1	1.9926	1.0625	0.4723
1315	1303771161770	1	1.9926	1.0625	0.4723
1316	1303771161791	1	1.9926	1.0312	0.4866
1317	1303771161811	1	1.9926	1.0625	0.4723
1318	1303771161832	1	1.9926	1.0625	0.4723
1319	1303771161854	1	1.9926	1.0625	0.4723
1320	1303771161874	1	1.9926	1.0312	0.4866
1321	1303771161895	1	1.9926	1.0625	0.4723
1322	1303771161916	1	1.9926	1.0625	0.4723
1323	1303771161936	1	1.9926	1.0625	0.4723
1324	1303771161957	1	1.9926	1.0312	0.4866
1325	1303771161979	1	1.9926	1.0625	0.4723
1326	1303771161999	1	1.9926	1.0625	0.4723
1327	1303771162020	1	1.9926	1.0625	0.4723
1328	1303771162042	1	1.9926	1.0312	0.4866
1329	1303771162063	1	1.9926	1.0625	0.4723
1330	1303771162084	1	1.9926	1.0625	0.4723
1331	1303771162106	1	1.9926	1.0625	0.4723
1332	1303771162128	1	1.9926	1.0312	0.4866
1333	1303771162149	1	1.9926	1.0625	0.4723
1334	1303771162171	1	1.9926	1.0625	0.4723
1335	1303771162192	1	1.9926	1.0625	0.4723
1336	1303771162213	1	1.9926	1.0312	0.4866
1337	1303771162234	1	1.9926	1.0625	0.4723
1338	1303771162301	1	1.9926	1.0625	0.4723
1339	1303771162323	1	1.9926	1.0625	0.4723
1340	1303771162345	1	1.9926	1.0312	0.4866
1341	1303771162366	1	1.9926	1.0625	0.4723
1342	1303771162388	1	1.9926	1.0625	0.4723
1343	1303771162410	1	1.9926	1.0625	0.4723
1344	1303771162432	1	1.9926	1.0312	0.4866
1345	1303771162452	1	1.9926	1.0625	0.4723
1346	1303771162474	1	1.9926	1.0625	0.4723
1347	1303771162496	1	1.9926	1.0625	0.4723
1348	1303771162517	1	1.9926	1.0312	0.4866
1349	1303771162537	1	1.9926	1.0625	0.4723
1350	1303771162558	1	1.9926	1.0625	0.4723
1351	1303771162578	1	1.9926	1.0625	0.4723
1352	1303771162599	1	1.9926	1.0312	0.4866
1353	1303771162620	1	1.9926	1.0625	0.4723
1354	1303771162642	1	1.9926	1.0625	0.4723
1355	1303771162663	1	1.9926	1.0625	0.4723
1356	1303771162685	1	1.9926	1.0312	0.4866
1357	1303771162706	1	1.9926	1.0625	0.4723
1358	1303771162773	1	1.9926	1.0625	0.4723
1359	1303771162793	1	1.9926	1.0625	0.4723
1360	1303771162815	1	1.9926	1.0312	0.4866
1361	1303771162837	1	1.9926	1.0625	0.4723
1362	1303771162858	1	1.9926	1.0625	0.4723
1363	1303771162879	1	1.9926	1.0625	0.4723
1364	1303771162900	1	1.9926	1.0312	0.4866
1365	1303771162921	1	1.9926	1.0625	0.4723
1366	1303771162992	1	1.9926	1.0625	0.4723
1367	1303771163023	1	1.9926	1.0625	0.4723
1368	1303771163048	1	1.9927	1	0.5018
1369	1303771163069	1	1.9959	1.0312	0.4858
1370	1303771163090	1	1.9959	1.0312	0.4858
1371	1303771163112	1	1.9959	1.0312	0.4858
1372	1303771163133	1	1.9959	1	0.501
1373	1303771163154	1	1.9959	1.0625	0.4715
1374	1303771163176	1	1.9959	1.0312	0.4858
1375	1303771163198	1	1.9959	1.0312	0.4858
1376	1303771163218	1	1.9959	1	0.501
1377	1303771163239	1	1.9959	1.0625	0.4715
1378	1303771163262	1	1.9959	1.0625	0.4715
1379	1303771163283	1	1.9959	1.0625	0.4715
1380	1303771163305	1	1.9959	1.0312	0.4858
1381	1303771163327	1	1.9959	1.0625	0.4715
1382	1303771163350	1	1.9959	1.0625	0.4715
1383	1303771163370	1	1.9959	1.0625	0.4715
1384	1303771163392	1	1.9959	1.0312	0.4858
1385	1303771163413	1	1.9959	1.0625	0.4715
1386	1303771163434	1	1.9959	1.0625	0.4715
1387	1303771163457	1	1.9959	1.0625	0.4715
1388	1303771163478	1	1.9959	1.0312	0.4858
1389	1303771163499	1	1.9959	1.0625	0.4715
1390	1303771163520	1	1.9959	1.0625	0.4715
1391	1303771163541	1	1.9959	1.0625	0.4715
1392	1303771163562	1	1.9959	1.0312	0.4858
1393	1303771163583	1	1.9959	1.0625	0.4715
1394	1303771163606	1	1.9959	1.0625	0.4715
1395	1303771163626	1	1.9959	1.0625	0.4715
1396	1303771163648	1	1.9959	1.0312	0.4858
1397	1303771163668	1	1.9959	1.0625	0.4715
1398	1303771163690	1	1.9959	1.0625	0.4715
1399	1303771163711	1	1.9959	1.0625	0.4715
1400	1303771163733	1	1.9959	1.0312	0.4858
1401	1303771163754	1	1.9959	1.0625	0.4715
1402	1303771163775	1	1.9959	1.0625	0.4715
1403	1303771163797	1	1.9959	1.0625	0.4715
1404	1303771163817	1	1.9959	1.0312	0.4858
1405	1303771163839	1	1.9959	1.0625	0.4715
1406	1303771163861	1	1.9959	1.0625	0.4715
1407	1303771163882	1	1.9959	1.0625	0.4715
1408	1303771163904	1	1.9959	1.0312	0.4858
1409	1303771163926	1	1.9959	1.0625	0.4715
1410	1303771163993	1	1.9959	1.0625	0.4715
1411	1303771164015	1	1.9959	1.0625	0.4715
1412	1303771164036	1	1.9959	1.0312	0.4858
1413	1303771164059	1	1.9959	1.0625	0.4715
1414	1303771164081	1	1.9959	1.0625	0.4715
1415	1303771164103	1	1.9959	1.0625	0.4715
1416	1303771164125	1	1.9959	1.0312	0.4858
1417	1303771164147	1	1.9959	1.0625	0.4715
1418	1303771164168	1	1.9959	1.0625	0.4715
1419	1303771164189	1	1.9959	1.0625	0.4715
1420	1303771164211	1	1.9959	1.0312	0.4858
1421	1303771164234	1	1.9959	1.0625	0.4715
1422	1303771164255	1	1.9959	1.0625	0.4715
1423	1303771164276	1	1.9959	1.0625	0.4715
1424	1303771164298	1	1.9959	1.0312	0.4858
1425	1303771164320	1	1.9959	1.0625	0.4715
1426	1303771164342	1	1.9959	1.0625	0.4715
1427	1303771164385	1	1.9959	1.0625	0.4715
1428	1303771164455	1	1.9672	1.0312	0.4929
1429	1303771164486	1	1.9857	1.0312	0.4883
1430	1303771164507	1	1.9857	1.0312	0.4883
1431	1303771164569	1	1.9857	1.0312	0.4883
1432	1303771164590	1	1.9857	1	0.5036
1433	1303771164610	1	1.9857	1.0312	0.4883
1434	1303771164632	1	1.9857	1.0312	0.4883
1435	1303771164654	1	1.9857	1.0312	0.4883
1436	1303771164675	1	1.9857	1	0.5036
1437	1303771164764	1	1.9857	1.0312	0.4883
1438	1303771164785	1	1.9857	1.0312	0.4883
1439	1303771164807	1	1.9857	1.0312	0.4883
1440	1303771164828	1	1.9857	1	0.5036
1441	1303771164851	1	1.9857	1.0312	0.4883
1442	1303771164873	1	1.9857	1.0312	0.4883
1443	1303771164894	1	1.9857	1.0312	0.4883
1444	1303771164916	1	1.9857	1	0.5036
1445	1303771164938	1	1.9857	1.0312	0.4883
1446	1303771164960	1	1.9857	1.0312	0.4883
1447	1303771164980	1	1.9857	1.0312	0.4883
1448	1303771165001	1	1.9857	1	0.5036
1449	1303771165022	1	1.9857	1.0312	0.4883
1450	1303771165043	1	1.9857	1.0312	0.4883
1451	1303771165064	1	1.9857	1.0312	0.4883
1452	1303771165086	1	1.9857	1	0.5036
1453	1303771165107	1	1.9857	1.0312	0.4883
1454	1303771165129	1	1.9857	1.0312	0.4883
1455	1303771165150	1	1.9857	1.0312	0.4883
1456	1303771165213	1	1.9857	1	0.5036
1457	1303771165234	1	1.9857	1.0312	0.4883
1458	1303771165256	1	1.9857	1.0312	0.4883
1459	1303771165277	1	1.9857	1.0312	0.4883
1460	1303771165299	1	1.9857	1	0.5036
1461	1303771165320	1	1.9857	1.0312	0.4883
1462	1303771165340	1	1.9857	1.0312	0.4883
1463	1303771165361	1	1.9857	1.0312	0.4883
1464	1303771165382	1	1.9857	1	0.5036
1465	1303771165403	1	1.9857	1.0312	0.4883
1466	1303771165424	1	1.9857	1.0312	0.4883
1467	1303771165445	1	1.9857	1.0312	0.4883
1468	1303771165466	1	1.9857	1	0.5036
1469	1303771165487	1	1.9857	1.0312	0.4883
1470	1303771165508	1	1.9857	1.0312	0.4883
1471	1303771165529	1	1.9857	1.0312	0.4883
1472	1303771165549	1	1.9857	1	0.5036
1473	1303771165570	1	1.9857	1.0312	0.4883
1474	1303771165591	1	1.9857	1.0312	0.4883
1475	1303771165613	1	1.9857	1.0312	0.4883
1476	1303771165633	1	1.9857	1	0.5036
1477	1303771165654	1	1.9857	1.0312	0.4883
1478	1303771165716	1	1.9857	1.0312	0.4883
1479	1303771165737	1	1.9857	1.0312	0.4883
1480	1303771165758	1	1.9857	1	0.5036
1481	1303771165780	1	1.9857	1.0312	0.4883
1482	1303771165801	1	1.9857	1.0312	0.4883
1483	1303771165823	1	1.9857	1.0312	0.4883
1484	1303771165884	1	1.9857	1	0.5036
1485	1303771165904	1	1.9857	1.0312	0.4883
1486	1303771165925	1	1.9857	1.0312	0.4883
1487	1303771165948	1	1.9857	1.0312	0.4883
1488	1303771165997	1	1.9857	1	0.5036
1489	1303771166093	1	2.0799	1.0312	0.4662
1490	1303771166140	1	1.9916	1.0312	0.4869
1491	1303771166202	1	1.9916	1.0312	0.4869
1492	1303771166222	1	1.9916	1	0.5021
1493	1303771166242	1	1.9916	1.0312	0.4869
1494	1303771166261	1	1.9916	1.0312	0.4869
1495	1303771166279	1	1.9916	1.0312	0.4869
1496	1303771166298	1	1.9916	1	0.5021
1497	1303771166317	1	1.9916	1.0312	0.4869
1498	1303771166337	1	1.9916	1.0312	0.4869
1499	1303771166354	1	1.9916	1.0312	0.4869
1500	1303771166373	1	1.9916	1	0.5021
1501	1303771166391	1	1.9916	1.0312	0.4869
1502	1303771166411	1	1.9916	1.0312	0.4869
1503	1303771166429	1	1.9916	1.0312	0.4869
1504	1303771166449	1	1.9916	1	0.5021
1505	1303771166468	1	1.9916	1.0312	0.4869
1506	1303771166487	1	1.9916	1.0312	0.4869
1507	1303771166504	1	1.9916	1.0312	0.4869
1508	1303771166523	1	1.9916	1	0.5021
1509	1303771166541	1	1.9916	1.0312	0.4869
1510	1303771166560	1	1.9916	1.0312	0.4869
1511	1303771166579	1	1.9916	1.0312	0.4869
1512	1303771166598	1	1.9916	1	0.5021
1513	1303771166617	1	1.9916	1.0312	0.4869
1514	1303771166635	1	1.9916	1.0312	0.4869
1515	1303771166653	1	1.9916	1.0312	0.4869
1516	1303771166672	1	1.9916	1	0.5021
1517	1303771166691	1	1.9916	1.0312	0.4869
1518	1303771166709	1	1.9916	1.0312	0.4869
1519	1303771166728	1	1.9916	1.0312	0.4869
1520	1303771166748	1	1.9916	1	0.5021
1521	1303771166789	1	1.9916	1.0312	0.4869
1522	1303771166847	1	1.9916	1.0312	0.4869
1523	1303771166865	1	1.9916	1.0312	0.4869
1524	1303771166884	1	1.9916	1	0.5021
1525	1303771166903	1	1.9916	1.0312	0.4869
1526	1303771166921	1	1.9916	1.0312	0.4869
1527	1303771166940	1	1.9916	1.0312	0.4869
1528	1303771166959	1	1.9916	1	0.5021
1529	1303771167047	1	1.9916	1.0312	0.4869
1530	1303771167064	1	1.9916	1.0312	0.4869
1531	1303771167083	1	1.9916	1.0312	0.4869
1532	1303771167102	1	1.9916	1	0.5021
1533	1303771167121	1	1.9916	1.0312	0.4869
1534	1303771167139	1	1.9916	1.0312	0.4869
1535	1303771167173	1	1.9916	1.0312	0.4869
1536	1303771167332	1	1.9916	1	0.5021
1537	1303771167351	1	1.9916	1.0312	0.4869
1538	1303771167381	1	1.9916	1.0312	0.4869
1539	1303771167399	1	1.9916	1.0312	0.4869
1540	1303771167418	1	1.9916	1	0.5021
1541	1303771167436	1	1.9916	1.0312	0.4869
1542	1303771167455	1	1.9916	1.0312	0.4869
1543	1303771167473	1	1.9916	1.0312	0.4869
1544	1303771167491	1	1.9916	1	0.5021
1545	1303771167510	1	1.9916	1.0312	0.4869
1546	1303771167544	1	1.9916	1.0312	0.4869
1547	1303771167572	1	1.9916	1.0312	0.4869
1548	1303771167592	1	1.9916	1	0.5021
1549	1303771167628	1	1.9916	1.0312	0.4869
1550	1303771167677	1	1.9916	1.0312	0.4869
1551	1303771167717	1	1.9916	1.0312	0.4869
1552	1303771167744	1	1.9916	1	0.5021
1553	1303771167764	1	1.9758	1.0312	0.4908
1554	1303771167783	1	1.9758	1.0312	0.4908
1555	1303771167802	1	1.9758	1.0312	0.4908
1556	1303771167821	1	1.9758	1	0.5061
1557	1303771167839	1	1.9758	1.0312	0.4908
1558	1303771167857	1	1.9758	1.0312	0.4908
1559	1303771167876	1	1.9758	1.0312	0.4908
1560	1303771167895	1	1.9758	1	0.5061
1561	1303771167984	1	1.9758	1.0312	0.4908
1562	1303771168002	1	1.9758	1.0312	0.4908
1563	1303771168021	1	1.9758	1.0312	0.4908
1564	1303771168040	1	1.9758	1	0.5061
1565	1303771168059	1	1.9758	1.0312	0.4908
1566	1303771168076	1	1.9758	1.0312	0.4908
1567	1303771168136	1	1.9758	1.0312	0.4908
1568	1303771168156	1	1.9758	1	0.5061
1569	1303771168175	1	1.9758	1.0312	0.4908
1570	1303771168193	1	1.9758	1.0312	0.4908
1571	1303771168253	1	1.9758	1.0312	0.4908
1572	1303771168273	1	1.9758	1	0.5061
1573	1303771168292	1	1.9758	1.0312	0.4908
1574	1303771168309	1	1.9758	1.0312	0.4908
1575	1303771168328	1	1.9758	1.0312	0.4908
1576	1303771168346	1	1.9758	1	0.5061
1577	1303771168406	1	1.9758	1.0312	0.4908
1578	1303771168423	1	1.9758	1.0312	0.4908
1579	1303771168442	1	1.9758	1.0312	0.4908
1580	1303771168461	1	1.9758	1	0.5061
1581	1303771168521	1	1.9758	1.0312	0.4908
1582	1303771168538	1	1.9758	1.0312	0.4908
1583	1303771168600	1	1.9758	1.0312	0.4908
1584	1303771168620	1	1.9758	1	0.5061
1585	1303771168639	1	1.9758	1.0312	0.4908
1586	1303771168657	1	1.9758	1.0312	0.4908
1587	1303771168688	1	1.9758	1.0312	0.4908
1588	1303771168750	1	1.9758	1	0.5061
1589	1303771168768	1	1.9758	1.0312	0.4908
1590	1303771168786	1	1.9758	1.0312	0.4908
1591	1303771168851	1	1.9758	1.0312	0.4908
1592	1303771168871	1	1.9758	1.0312	0.4908
1593	1303771168890	1	1.9758	1.0312	0.4908
1594	1303771168908	1	1.9758	1.0312	0.4908
1595	1303771168927	1	1.9758	1.0312	0.4908
1596	1303771168946	1	1.9758	1.0312	0.4908
1597	1303771168965	1	1.9758	1.0312	0.4908
1598	1303771168983	1	1.9758	1.0312	0.4908
1599	1303771169004	1	1.9758	1.0312	0.4908
1600	1303771169024	1	1.9758	1.0312	0.4908
1601	1303771169043	1	1.9758	1.0312	0.4908
1602	1303771169060	1	1.9758	1.0312	0.4908
1603	1303771169079	1	1.9758	1.0312	0.4908
1604	1303771169098	1	1.9758	1	0.5061
1605	1303771169158	1	1.9758	1.0312	0.4908
1606	1303771169177	1	1.9758	1.0312	0.4908
1607	1303771169195	1	1.9758	1.0312	0.4908
1608	1303771169214	1	1.9758	1	0.5061
1609	1303771169234	1	1.9758	1.0312	0.4908
1610	1303771169268	1	1.9758	1.0312	0.4908
1611	1303771169303	1	1.9758	1.0312	0.4908
1612	1303771169326	1	2.0518	1	0.4874
1613	1303771169346	1	2.0518	1.0312	0.4726
1614	1303771169366	1	2.0518	1.0312	0.4726
1615	1303771169385	1	2.0518	1.0312	0.4726
1616	1303771169402	1	2.0518	1	0.4874
1617	1303771169421	1	2.0518	1.0312	0.4726
1618	1303771169439	1	2.0518	1.0312	0.4726
1619	1303771169459	1	2.0518	1.0312	0.4726
1620	1303771169476	1	2.0518	1	0.4874
1621	1303771169496	1	2.0518	1.0312	0.4726
1622	1303771169514	1	2.0518	1.0312	0.4726
1623	1303771169532	1	2.0518	1.0312	0.4726
1624	1303771169551	1	2.0518	1	0.4874
1625	1303771169569	1	2.0518	1.0625	0.4587
1626	1303771169629	1	2.0518	1.0312	0.4726
1627	1303771169689	1	2.0518	1.0312	0.4726
1628	1303771169706	1	2.0518	1	0.4874
1629	1303771169725	1	2.0518	1.0625	0.4587
1630	1303771169744	1	2.0518	1.0312	0.4726
1631	1303771169803	1	2.0518	1.0312	0.4726
1632	1303771169861	1	2.1691	1	0.461
1633	1303771169880	1	2.1691	1.0625	0.4339
1634	1303771169940	1	2.1691	1.0312	0.447
1635	1303771169959	1	2.1691	1.0312	0.447
1636	1303771169978	1	2.1691	1	0.461
1637	1303771169995	1	2.1691	1.0625	0.4339
1638	1303771170014	1	2.1691	1.0312	0.447
1639	1303771170032	1	2.1691	1.0312	0.447
1640	1303771170050	1	2.1691	1	0.461
1641	1303771170111	1	2.1691	1.0312	0.447
1642	1303771170130	1	2.1691	1.0312	0.447
1643	1303771170149	1	2.1691	1.0312	0.447
1644	1303771170166	1	2.1691	1	0.461
1645	1303771170185	1	2.1691	1.0312	0.447
1646	1303771170204	1	2.1691	1.0312	0.447
1647	1303771170222	1	2.1691	1.0625	0.4339
1648	1303771170240	1	2.1691	1	0.461
1649	1303771170258	1	2.1691	1.0312	0.447
1650	1303771170277	1	2.1691	1.0312	0.447
1651	1303771170295	1	2.1691	1.0625	0.4339
1652	1303771170313	1	2.1691	1	0.461
1653	1303771170332	1	2.1691	1.0312	0.447
1654	1303771170353	1	2.1691	1.0312	0.447
1655	1303771170372	1	2.1691	1.0625	0.4339
1656	1303771170431	1	2.1691	1	0.461
1657	1303771170449	1	2.1691	1.0312	0.447
1658	1303771170469	1	2.1691	1.0312	0.447
1659	1303771170487	1	2.1691	1.0625	0.4339
1660	1303771170504	1	2.1691	1	0.461
1661	1303771170523	1	2.1691	1.0312	0.447
1662	1303771170542	1	2.1691	1.0312	0.447
1663	1303771170603	1	2.1691	1.0312	0.447
1664	1303771170620	1	2.1691	1	0.461
1665	1303771170639	1	2.1691	1.0312	0.447
1666	1303771170658	1	2.1691	1.0312	0.447
1667	1303771170677	1	2.1691	1.0312	0.447
1668	1303771170694	1	2.1691	1	0.461
1669	1303771170754	1	2.1691	1.0312	0.447
1670	1303771170775	1	2.1691	1.0312	0.447
1671	1303771170808	1	2.1691	1.0312	0.447
1672	1303771170847	1	2.1691	1	0.461
1673	1303771170911	1	2.1691	1.0312	0.447
1674	1303771170931	1	2.1691	1.0312	0.447
1675	1303771170950	1	2.1639	1.0312	0.4481
1676	1303771170969	1	2.1639	1	0.4621
1677	1303771170986	1	2.1639	1.0312	0.4481
1678	1303771171005	1	2.1639	1.0312	0.4481
1679	1303771171024	1	2.1639	1.0312	0.4481
1680	1303771171042	1	2.1639	1	0.4621
1681	1303771171059	1	2.1639	1.0312	0.4481
1682	1303771171118	1	2.1639	1.0312	0.4481
1683	1303771171138	1	2.1639	1.0625	0.4349
1684	1303771171157	1	2.1639	1	0.4621
1685	1303771171174	1	2.1639	1.0312	0.4481
1686	1303771171193	1	2.1639	1.0312	0.4481
1687	1303771171212	1	2.1639	1.0625	0.4349
1688	1303771171231	1	2.1639	1	0.4621
1689	1303771171248	1	2.1639	1.0312	0.4481
1690	1303771171269	1	2.1639	1.0312	0.4481
1691	1303771171288	1	2.1639	1.0625	0.4349
1692	1303771171307	1	2.1639	1	0.4621
1693	1303771171325	1	2.1639	1.0312	0.4481
1694	1303771171343	1	2.1639	1.0312	0.4481
1695	1303771171361	1	2.1639	1.0312	0.4481
1696	1303771171380	1	2.1639	1	0.4621
1697	1303771171398	1	2.1639	1.0312	0.4481
1698	1303771171417	1	2.1639	1.0312	0.4481
1699	1303771171436	1	2.1639	1.0625	0.4349
1700	1303771171454	1	2.1639	1	0.4621
1701	1303771171517	1	2.1639	1.0312	0.4481
1702	1303771171536	1	2.1639	1.0312	0.4481
1703	1303771171555	1	2.1639	1.0625	0.4349
1704	1303771171572	1	2.1639	1	0.4621
1705	1303771171591	1	2.1639	1.0312	0.4481
1706	1303771171610	1	2.1639	1.0312	0.4481
1707	1303771171669	1	2.1639	1.0625	0.4349
1708	1303771171688	1	2.1639	1	0.4621
1709	1303771171705	1	2.1639	1.0312	0.4481
1710	1303771171725	1	2.1639	1.0312	0.4481
1711	1303771171745	1	2.1639	1.0625	0.4349
1712	1303771171762	1	2.1639	1	0.4621
1713	1303771171781	1	2.1639	1.0312	0.4481
1714	1303771171800	1	2.1639	1.0312	0.4481
1715	1303771171819	1	2.1639	1.0312	0.4481
1716	1303771171837	1	2.1639	1	0.4621
1717	1303771171856	1	2.1639	1.0312	0.4481
1718	1303771171875	1	2.1639	1.0312	0.4481
1719	1303771171895	1	2.1639	1.0625	0.4349
1720	1303771171913	1	2.1639	1	0.4621
1721	1303771171973	1	2.1639	1.0312	0.4481
1722	1303771171993	1	2.1639	1.0312	0.4481
1723	1303771172011	1	2.1639	1.0625	0.4349
1724	1303771172029	1	2.1639	1	0.4621
1725	1303771172048	1	2.1639	1.0312	0.4481
1726	1303771172111	1	2.1639	1.0312	0.4481
1727	1303771172131	1	2.1639	1.0625	0.4349
1728	1303771172148	1	2.1639	1	0.4621
1729	1303771172167	1	2.1639	1.0312	0.4481
1730	1303771172186	1	2.1639	1.0312	0.4481
1731	1303771172206	1	2.1639	1.0625	0.4349
1732	1303771172278	1	2.1639	1	0.4621
1733	1303771172317	1	2.1639	1.0312	0.4481
1734	1303771172341	1	2.1639	1.0312	0.4481
1735	1303771172402	1	2.1639	1.0312	0.4481
1736	1303771172421	1	2.1864	1	0.4574
1737	1303771172439	1	2.1864	1.0312	0.4435
1738	1303771172457	1	2.1864	1.0312	0.4435
1739	1303771172476	1	2.1864	1.0625	0.4305
1740	1303771172494	1	2.1864	1	0.4574
1741	1303771172513	1	2.1864	1.0312	0.4435
1742	1303771172532	1	2.1864	1.0625	0.4305
1743	1303771172550	1	2.1864	1.0625	0.4305
1744	1303771172569	1	2.1864	1	0.4574
1745	1303771172586	1	2.1864	1.0312	0.4435
1746	1303771172605	1	2.1864	1.0625	0.4305
1747	1303771172625	1	2.1864	1.0625	0.4305
1748	1303771172643	1	2.1864	1	0.4574
1749	1303771172661	1	2.1864	1.0312	0.4435
1750	1303771172720	1	2.1864	1.0625	0.4305
1751	1303771172739	1	2.1864	1.0625	0.4305
1752	1303771172758	1	2.1864	1.0312	0.4435
1753	1303771172775	1	2.1864	1.0312	0.4435
1754	1303771172795	1	2.1864	1.0312	0.4435
1755	1303771172814	1	2.1864	1.0625	0.4305
1756	1303771172874	1	2.1864	1.0312	0.4435
1757	1303771172891	1	2.1864	1.0625	0.4305
1758	1303771172910	1	2.1864	1.0312	0.4435
1759	1303771172930	1	2.1864	1.0312	0.4435
1760	1303771172948	1	2.1864	1.0312	0.4435
1761	1303771173011	1	2.1864	1.0625	0.4305
1762	1303771173031	1	2.1864	1.0625	0.4305
1763	1303771173050	1	2.1864	1.0312	0.4435
1764	1303771173068	1	2.1864	1	0.4574
1765	1303771173125	1	2.1864	1.0312	0.4435
1766	1303771173144	1	2.1864	1.0625	0.4305
1767	1303771173163	1	2.1864	1.0312	0.4435
1768	1303771173182	1	2.1864	1	0.4574
1769	1303771173200	1	2.1864	1.0625	0.4305
1770	1303771173219	1	2.1864	1.0625	0.4305
1771	1303771173238	1	2.1864	1.0312	0.4435
1772	1303771173256	1	2.1864	1	0.4574
1773	1303771173275	1	2.1864	1.0625	0.4305
1774	1303771173293	1	2.1864	1.0625	0.4305
1775	1303771173312	1	2.1864	1.0625	0.4305
1776	1303771173331	1	2.1864	1	0.4574
1777	1303771173389	1	2.1864	1.0312	0.4435
1778	1303771173408	1	2.1864	1.0625	0.4305
1779	1303771173426	1	2.1864	1.0625	0.4305
1780	1303771173445	1	2.1864	1.0312	0.4435
1781	1303771173502	1	2.1864	1.0312	0.4435
1782	1303771173521	1	2.1864	1.0312	0.4435
1783	1303771173541	1	2.1864	1.0625	0.4305
1784	1303771173560	1	2.1864	1.0312	0.4435
1785	1303771173578	1	2.1864	1.0625	0.4305
1786	1303771173597	1	2.1864	1.0312	0.4435
1787	1303771173616	1	2.1864	1.0312	0.4435
1788	1303771173634	1	2.1864	1	0.4574
1789	1303771173652	1	2.1864	1.0625	0.4305
1790	1303771173671	1	2.1864	1.0312	0.4435
1791	1303771173689	1	2.1864	1.0312	0.4435
1792	1303771173709	1	2.1864	1.0312	0.4435
1793	1303771173742	1	2.1864	1.0625	0.4305
1794	1303771173782	1	2.1864	1.0312	0.4435
1795	1303771173806	1	2.1864	1.0312	0.4435
1796	1303771173826	1	2.1864	1	0.4574
1797	1303771173886	1	2.1615	1.0312	0.4486
1798	1303771173905	1	2.1615	1.0312	0.4486
1799	1303771173923	1	2.1615	1.0625	0.4354
1800	1303771173941	1	2.1615	1.0312	0.4486
