0	1303771938067	0	0	0	0
1	1303771938076	0	0	0	0
2	1303771938085	0	0	0	0
3	1303771938136	0	0	0	0
4	1303771938147	0	0	0	0
5	1303771938200	0	0	0	0
6	1303771938212	0	0	0	0
7	1303771938227	0	0	0	0
8	1303771938241	0	0	0	0
9	1303771938253	0	0	0	0
10	1303771938265	0	0	0	0
11	1303771938277	0	0	0	0
12	1303771938291	0	0	0	0
13	1303771938303	0	0	0	0
14	1303771938315	0	0	0	0
15	1303771938326	0	0	0	0
16	1303771938378	0	0	0	0
17	1303771938404	0.5	0	0	0
18	1303771938436	0.5	0	0	0
19	1303771938454	0.5	1.1565	0	0
20	1303771938472	0.5	1.1565	0	0
21	1303771938485	0.5	1.1565	0	0
22	1303771938498	0.5	1.1565	1.5	0.2882
23	1303771938511	0.5	1.1565	0	0
24	1303771938524	0.5	1.1565	0	0
25	1303771938539	0.5	1.1565	1.5	0.2882
26	1303771938596	0.5	1.1565	1.25	0.3459
27	1303771938609	0.5	1.1565	1.25	0.3459
28	1303771938621	0.5	1.1565	1.25	0.3459
29	1303771938634	0.5	1.1565	1	0.4323
30	1303771938688	0.5	1.1565	1	0.4323
31	1303771938703	0.5	1.1565	1	0.4323
32	1303771938717	0.5	1.1565	1	0.4323
33	1303771938770	0.5	1.1565	1.1667	0.3706
34	1303771938824	0.5	1.1565	1.1667	0.3706
35	1303771938839	0.5	1.1565	1.1667	0.3706
36	1303771938892	0.5	1.1565	1.3333	0.3242
37	1303771938905	0.5	1.1565	1.3333	0.3242
38	1303771938918	0.5	1.1565	1.3333	0.3242
39	1303771938932	0.5	1.1565	1.25	0.3459
40	1303771938987	0.5	1.1565	1.25	0.3459
41	1303771939000	0.5	1.1565	1.1667	0.3706
42	1303771939013	0.5	1.1565	1.125	0.3843
43	1303771939026	0.5	1.1565	1.25	0.3459
44	1303771939039	0.5	1.1565	1.125	0.3843
45	1303771939053	0.5	1.1565	1.125	0.3843
46	1303771939087	0.5	1.1565	1.125	0.3843
47	1303771939101	0.5	1.1565	1.25	0.3459
48	1303771939114	0.5	1.1565	1.25	0.3459
49	1303771939128	0.5	1.1565	1.25	0.3459
50	1303771939141	0.5	1.1565	1.25	0.3459
51	1303771939156	0.5	1.1565	1.25	0.3459
52	1303771939171	0.5	1.1565	1.25	0.3459
53	1303771939185	0.5	1.1565	1.25	0.3459
54	1303771939199	0.5	1.1565	1.3	0.3326
55	1303771939255	0.5	1.1565	1.2	0.3603
56	1303771939269	0.5	1.1565	1.1	0.393
57	1303771939284	0.5	1.1565	1.1	0.393
58	1303771939299	0.5	1.1565	1.1	0.393
59	1303771939313	0.5	1.1565	1.1	0.393
60	1303771939329	0.5	1.1565	1.1	0.393
61	1303771939344	0.5	1.1565	1.2	0.3603
62	1303771939358	0.5	1.1565	1.2	0.3603
63	1303771939372	0.5	1.1565	1.2	0.3603
64	1303771939386	0.5	1.1565	1.2	0.3603
65	1303771939402	0.5	1.1565	1.2	0.3603
66	1303771939416	0.5	1.1565	1.2	0.3603
67	1303771939429	0.5	1.1565	1.2	0.3603
68	1303771939483	0.5	1.1565	1.2	0.3603
69	1303771939497	0.5	1.1565	1.2	0.3603
70	1303771939512	0.5	1.1565	1.2	0.3603
71	1303771939567	0.5	1.1565	1.2	0.3603
72	1303771939622	0.5	1.1565	1.2	0.3603
73	1303771939636	0.5	1.1565	1.2	0.3603
74	1303771939652	0.5	1.1565	1.2	0.3603
75	1303771939666	0.5	1.1565	1.1667	0.3706
76	1303771939680	0.5	1.1565	1.1667	0.3706
77	1303771939693	0.5	1.1565	1.1667	0.3706
78	1303771939707	0.5	1.1565	1.1667	0.3706
79	1303771939723	0.5	1.1565	1.1667	0.3706
80	1303771939737	0.5	1.235	1.1667	0.347
81	1303771939753	0.5	1.235	1.1667	0.347
82	1303771939771	0.5	1.235	1.1667	0.347
83	1303771939787	0.5	1.235	1.1667	0.347
84	1303771939803	0.5	1.235	1.1667	0.347
85	1303771939819	0.5	1.235	1.1667	0.347
86	1303771939837	0.5	1.235	1.1667	0.347
87	1303771939852	0.5	1.235	1.1667	0.347
88	1303771939868	0.5	1.235	1.1667	0.347
89	1303771939886	0.5	1.235	1.1667	0.347
90	1303771939901	0.5	1.235	1.1667	0.347
91	1303771939957	0.5	1.235	1.1667	0.347
92	1303771939975	0.5	1.235	1.1667	0.347
93	1303771939992	0.5	1.235	1.1667	0.347
94	1303771940008	0.5	1.235	1.1667	0.347
95	1303771940023	0.5	1.235	1.1429	0.3543
96	1303771940041	0.5	1.235	1.1667	0.347
97	1303771940056	0.5	1.235	1.0833	0.3737
98	1303771940073	0.5	1.235	1.1667	0.347
99	1303771940131	0.5	1.235	1.1667	0.347
100	1303771940147	0.5	1.235	1.2143	0.3334
101	1303771940162	0.5	1.235	1.2143	0.3334
102	1303771940218	0.5	1.235	1.1429	0.3543
103	1303771940235	0.5	1.235	1.0714	0.3779
104	1303771940251	0.5	1.235	1.0714	0.3779
105	1303771940266	0.5	1.235	1.0714	0.3779
106	1303771940283	0.5	1.235	1.0714	0.3779
107	1303771940298	0.5	1.235	1.1429	0.3543
108	1303771940313	0.5	1.235	1.1429	0.3543
109	1303771940329	0.5	1.235	1.1429	0.3543
110	1303771940346	0.5	1.235	1.1429	0.3543
111	1303771940362	0.5	1.235	1.1429	0.3543
112	1303771940377	0.5	1.235	1.1429	0.3543
113	1303771940392	0.5	1.235	1.1429	0.3543
114	1303771940409	0.5	1.235	1.1429	0.3543
115	1303771940465	0.5	1.235	1.1429	0.3543
116	1303771940481	0.5	1.235	1.1429	0.3543
117	1303771940500	0.5	1.235	1.1429	0.3543
118	1303771940515	0.5	1.235	1.1429	0.3543
119	1303771940531	0.5	1.235	1.1429	0.3543
120	1303771940547	0.5	1.235	1.1429	0.3543
121	1303771940566	0.5	1.235	1.1429	0.3543
122	1303771940581	0.5	1.235	1.1429	0.3543
123	1303771940642	0.5	1.235	1.1429	0.3543
124	1303771940700	0.5	1.235	1.1429	0.3543
125	1303771940715	0.5	1.235	1.1429	0.3543
126	1303771940731	0.5	1.235	1.1429	0.3543
127	1303771940747	0.5	1.235	1.1429	0.3543
128	1303771940764	0.5	1.235	1.1429	0.3543
129	1303771940820	0.5	1.235	1.1429	0.3543
130	1303771940836	0.5	1.235	1.1429	0.3543
131	1303771940853	0.5	1.235	1.1429	0.3543
132	1303771940869	0.5	1.235	1.1429	0.3543
133	1303771940885	0.5	1.235	1.1429	0.3543
134	1303771940901	0.5	1.235	1.1429	0.3543
135	1303771940919	0.5	1.235	1.1429	0.3543
136	1303771940934	0.5	1.235	1.1429	0.3543
137	1303771940995	0.5	1.235	1.1429	0.3543
138	1303771941013	0.5	1.235	1.1429	0.3543
139	1303771941071	0.5	1.235	1.1429	0.3543
140	1303771941086	0.5	1.235	1.1429	0.3543
141	1303771941102	0.5	1.1751	1.1429	0.3723
142	1303771941120	0.5	1.1751	1.1429	0.3723
143	1303771941135	0.5	1.1751	1.1429	0.3723
144	1303771941150	0.5	1.1751	1.1429	0.3723
145	1303771941165	0.5	1.1751	1.1429	0.3723
146	1303771941182	0.5	1.1751	1.1429	0.3723
147	1303771941197	0.5	1.1751	1.1429	0.3723
148	1303771941213	0.5	1.1751	1.1429	0.3723
149	1303771941228	0.5	1.1751	1.1429	0.3723
150	1303771941246	0.5	1.1751	1.1429	0.3723
151	1303771941261	0.5	1.1751	1.1429	0.3723
152	1303771941317	0.5	1.1751	1.1429	0.3723
153	1303771941332	0.5	1.1751	1.1429	0.3723
154	1303771941390	0.5	1.1751	1.1429	0.3723
155	1303771941405	0.5	1.1751	1.1429	0.3723
156	1303771941420	0.5	1.1751	1.1429	0.3723
157	1303771941438	0.5	1.1751	1.1429	0.3723
158	1303771941453	0.5	1.1751	1.1429	0.3723
159	1303771941468	0.5	1.1751	1.1429	0.3723
160	1303771941483	0.5	1.1751	1.1429	0.3723
161	1303771941500	0.5	1.1751	1.1429	0.3723
162	1303771941555	0.5	1.1751	1.1429	0.3723
163	1303771941611	0.5	1.1751	1.1429	0.3723
164	1303771941667	0.5	1.0316	1.1429	0.4241
165	1303771941724	0.5	1.0316	1.1429	0.4241
166	1303771941739	0.5	1.0316	1.1429	0.4241
167	1303771941754	0.5	1.0316	1.1429	0.4241
168	1303771941769	0.5	1.0316	1.1429	0.4241
169	1303771941786	0.5	1.0316	1.1429	0.4241
170	1303771941801	0.5	1.0316	1.1429	0.4241
171	1303771941817	0.5	1.0316	1.1429	0.4241
172	1303771941833	0.5	1.0316	1.1429	0.4241
173	1303771941850	0.5	1.0316	1.1429	0.4241
174	1303771941865	0.5	1.0316	1.1429	0.4241
175	1303771941880	0.5	1.0316	1.1429	0.4241
176	1303771941896	0.5	1.0316	1.1429	0.4241
177	1303771941914	0.5	1.0316	1.1429	0.4241
178	1303771941929	0.5	1.0316	1.1429	0.4241
179	1303771941945	0.5	1.0316	1.1429	0.4241
180	1303771941961	0.5	1.0316	1.1429	0.4241
181	1303771941978	0.5	1.0316	1.1429	0.4241
182	1303771941994	0.5	1.0316	1.1429	0.4241
183	1303771942010	0.5	1.0316	1.1429	0.4241
184	1303771942026	0.5	1.0316	1.1429	0.4241
185	1303771942043	0.5	1.0316	1.1429	0.4241
186	1303771942059	0.5	1.0316	1.1429	0.4241
187	1303771942074	0.5	1.0316	1.1429	0.4241
188	1303771942090	0.5	1.0316	1.1429	0.4241
189	1303771942107	0.5	1.0316	1.1429	0.4241
190	1303771942122	0.5	1.0316	1.1429	0.4241
191	1303771942137	0.5	1.0316	1.1429	0.4241
192	1303771942152	0.5	1.0316	1.1429	0.4241
193	1303771942169	0.5	1.0316	1.1429	0.4241
194	1303771942185	0.5	1.0316	1.1429	0.4241
195	1303771942201	0.5	1.0316	1.1429	0.4241
196	1303771942216	0.5	1.0316	1.1429	0.4241
197	1303771942233	0.5	1.0316	1.1429	0.4241
198	1303771942249	0.5	1.0316	1.1429	0.4241
199	1303771942368	0.5	1.0316	1.1429	0.4241
200	1303771942384	0.5	1.0316	1.1429	0.4241
201	1303771942402	0.5	1.0316	1.1429	0.4241
202	1303771942511	0.5	1.0316	1.1429	0.4241
203	1303771942527	0.5	1.0314	1.1429	0.4242
204	1303771942543	0.5	1.0314	1.1429	0.4242
205	1303771942560	0.5	1.0314	1.1429	0.4242
206	1303771942575	0.5	1.0314	1.1429	0.4242
207	1303771942590	0.5	1.0314	1.1429	0.4242
208	1303771942606	0.5	1.0314	1.1429	0.4242
209	1303771942622	0.5	1.0314	1.1429	0.4242
210	1303771942637	0.5	1.0314	1.1429	0.4242
211	1303771942652	0.5	1.0314	1.1429	0.4242
212	1303771942667	0.5	1.0314	1.1429	0.4242
213	1303771942682	0.5	1.0314	1.1429	0.4242
214	1303771942700	0.5	1.0314	1.1429	0.4242
215	1303771942715	0.5	1.0314	1.1429	0.4242
216	1303771942730	0.5	1.0314	1.1429	0.4242
217	1303771942785	0.5	1.0314	1.1429	0.4242
218	1303771942802	0.5	1.0314	1.1429	0.4242
219	1303771942817	0.5	1.0314	1.1429	0.4242
220	1303771942832	0.5	1.0314	1.1429	0.4242
221	1303771942847	0.5	1.0314	1.1429	0.4242
222	1303771942865	0.5	1.0314	1.1429	0.4242
223	1303771942879	0.5	1.0314	1.1429	0.4242
224	1303771942894	0.5	1.0314	1.1429	0.4242
225	1303771942910	0.5	1.0314	1.1429	0.4242
226	1303771942926	0.5	1.0314	1.1429	0.4242
227	1303771942940	0.5	1.0314	1.1429	0.4242
228	1303771942996	0.5	1.0314	1.1429	0.4242
229	1303771943011	0.5	1.0314	1.1429	0.4242
230	1303771943026	0.5	1.0314	1.1429	0.4242
231	1303771943043	0.5	1.0314	1.1429	0.4242
232	1303771943058	0.5	1.0314	1.1429	0.4242
233	1303771943074	0.5	1.0314	1.1429	0.4242
234	1303771943089	0.5	1.0314	1.1429	0.4242
235	1303771943106	0.5	1.0314	1.1429	0.4242
236	1303771943121	0.5	1.0314	1.1429	0.4242
237	1303771943136	0.5	1.0314	1.1429	0.4242
238	1303771943151	0.5	1.0314	1.1429	0.4242
239	1303771943168	0.5	1.0314	1.1429	0.4242
240	1303771943183	0.5	1.0314	1.1429	0.4242
241	1303771943198	0.5	1.0314	1.1429	0.4242
242	1303771943213	0.5	1.0314	1.1429	0.4242
243	1303771943230	0.5	1.0314	1.1429	0.4242
244	1303771943245	0.5	1.0314	1.1429	0.4242
245	1303771943260	0.5	1.0314	1.1429	0.4242
246	1303771943275	0.5	1.0314	1.1429	0.4242
247	1303771943290	0.5	1.0314	1.1429	0.4242
248	1303771943307	0.5	1.0314	1.1429	0.4242
249	1303771943329	0.5	1.0314	1.1429	0.4242
250	1303771943344	0.5	1.0314	1.1429	0.4242
251	1303771943359	0.5	1.0314	1.1429	0.4242
252	1303771943376	0.5	1.0314	1.1429	0.4242
253	1303771943435	0.5	1.0314	1.1429	0.4242
254	1303771943451	0.5	1.0314	1.1429	0.4242
255	1303771943467	0.5	1.0314	1.1429	0.4242
256	1303771943487	0.5	1.0314	1.1429	0.4242
257	1303771943502	0.5	1.0314	1.1429	0.4242
258	1303771943517	0.5	1.0314	1.1429	0.4242
259	1303771943532	0.5	1.0314	1.1429	0.4242
260	1303771943547	0.5	1.0314	1.1429	0.4242
261	1303771943564	0.5	1.0314	1.1429	0.4242
262	1303771943579	0.5	1.0314	1.1429	0.4242
263	1303771943594	0.5	1.0314	1.1429	0.4242
264	1303771943611	0.5	1.0314	1.1429	0.4242
265	1303771943628	0.5	1.0314	1.1429	0.4242
266	1303771943683	0.5	1.0315	1.1429	0.4241
267	1303771943738	0.5	1.0315	1.1429	0.4241
268	1303771943793	0.5	1.0315	1.1429	0.4241
269	1303771943810	0.5	1.0315	1.1429	0.4241
270	1303771943826	0.5	1.0315	1.1429	0.4241
271	1303771943841	0.5	1.0315	1.1429	0.4241
272	1303771943856	0.5	1.0315	1.1429	0.4241
273	1303771943873	0.5	1.0315	1.1429	0.4241
274	1303771943888	0.5	1.0315	1.1429	0.4241
275	1303771943903	0.5	1.0315	1.1429	0.4241
276	1303771943918	0.5	1.0315	1.1429	0.4241
277	1303771943935	0.5	1.0315	1.1429	0.4241
278	1303771943951	0.5	1.0315	1.1429	0.4241
279	1303771943966	0.5	1.0315	1.1429	0.4241
280	1303771944022	0.5	1.0315	1.1429	0.4241
281	1303771944040	0.5	1.0315	1.1429	0.4241
282	1303771944055	0.5	1.0315	1.1429	0.4241
283	1303771944070	0.5	1.0315	1.1429	0.4241
284	1303771944099	0.5	1.0315	1.1429	0.4241
285	1303771944127	0.5	1.0315	1.1429	0.4241
286	1303771944146	0.5	1.0315	1.1429	0.4241
287	1303771944163	0.5	1.0315	1.1429	0.4241
288	1303771944178	0.5	1.0315	1.1429	0.4241
289	1303771944221	0.5	1.0315	1.1429	0.4241
290	1303771944250	0.5	1.0315	1.1429	0.4241
291	1303771944264	0.5	1.0315	1.1429	0.4241
292	1303771944280	0.5	1.0315	1.1429	0.4241
293	1303771944295	0.5	1.0315	1.1429	0.4241
294	1303771944361	0.5	1.0315	1.1429	0.4241
295	1303771944376	0.5	1.0315	1.1429	0.4241
296	1303771944390	0.5	1.0315	1.1429	0.4241
297	1303771944406	0.5	1.0315	1.1429	0.4241
298	1303771944422	0.5	1.0315	1.1429	0.4241
299	1303771944439	0.5	1.0315	1.1429	0.4241
300	1303771944455	0.5	1.0315	1.1429	0.4241
301	1303771944511	0.5	1.0315	1.1429	0.4241
302	1303771944526	0.5	1.0315	1.1429	0.4241
303	1303771944543	0.5	1.0315	1.1429	0.4241
304	1303771944557	0.5	1.0315	1.1429	0.4241
305	1303771944572	0.5	1.0315	1.1429	0.4241
306	1303771944587	0.5	1.0315	1.1429	0.4241
307	1303771944604	0.5	1.0315	1.1429	0.4241
308	1303771944619	0.5	1.0315	1.1429	0.4241
309	1303771944634	0.5	1.0315	1.1429	0.4241
310	1303771944650	0.5	1.0315	1.1429	0.4241
311	1303771944666	0.5	1.0315	1.1429	0.4241
312	1303771944684	0.5	1.0315	1.1429	0.4241
313	1303771944698	0.5	1.0315	1.1429	0.4241
314	1303771944713	0.5	1.0315	1.1429	0.4241
315	1303771944728	0.5	1.0315	1.1429	0.4241
316	1303771944745	0.5	1.0315	1.1429	0.4241
317	1303771944761	0.5	1.0315	1.1429	0.4241
318	1303771944776	0.5	1.0315	1.1429	0.4241
319	1303771944791	0.5	1.0315	1.1429	0.4241
320	1303771944852	0.5	1.0315	1.1429	0.4241
321	1303771944867	0.5	1.0315	1.1429	0.4241
322	1303771944882	0.5	1.0315	1.1429	0.4241
323	1303771944897	0.5	1.0315	1.1429	0.4241
324	1303771944914	0.5	1.0315	1.1429	0.4241
325	1303771944930	0.5	1.0315	1.1429	0.4241
326	1303771944946	0.5	1.0315	1.1429	0.4241
327	1303771944961	0.5	1.0315	1.1429	0.4241
328	1303771944976	0.5	1.0315	1.1429	0.4241
329	1303771944993	0.5	1.0315	1.1429	0.4241
330	1303771945051	0.5	1.0315	1.1429	0.4241
331	1303771945066	0.5	1.0315	1.1429	0.4241
332	1303771945081	0.5	1.0315	1.1429	0.4241
333	1303771945098	0.5	1.0315	1.1429	0.4241
334	1303771945113	0.5	1.0315	1.1429	0.4241
335	1303771945127	0.5	1.0315	1.1429	0.4241
336	1303771945142	0.5	1.0315	1.1429	0.4241
337	1303771945159	0.5	1.0315	1.1429	0.4241
338	1303771945174	0.5	1.0315	1.1429	0.4241
339	1303771945189	0.5	1.0315	1.1429	0.4241
340	1303771945244	0.5	1.0269	1.1429	0.4261
341	1303771945261	0.5	1.0269	1.1429	0.4261
342	1303771945276	0.5	1.0269	1.1429	0.4261
343	1303771945292	0.5	1.0269	1.1429	0.4261
344	1303771945307	0.5	1.0269	1.1429	0.4261
345	1303771945323	0.5	1.0269	1.1429	0.4261
346	1303771945340	0.5	1.0269	1.1429	0.4261
347	1303771945355	0.5	1.0269	1.1429	0.4261
348	1303771945370	0.5	1.0269	1.1429	0.4261
349	1303771945385	0.5	1.0269	1.1429	0.4261
350	1303771945402	0.5	1.0269	1.1429	0.4261
351	1303771945457	0.5	1.0269	1.1429	0.4261
352	1303771945472	0.5	1.0269	1.1429	0.4261
353	1303771945487	0.5	1.0269	1.1429	0.4261
354	1303771945502	0.5	1.0269	1.1429	0.4261
355	1303771945520	0.5	1.0269	1.1429	0.4261
356	1303771945535	0.5	1.0269	1.1429	0.4261
357	1303771945550	0.5	1.0269	1.1429	0.4261
358	1303771945565	0.5	1.0269	1.1429	0.4261
359	1303771945581	0.5	1.0269	1.1429	0.4261
360	1303771945597	0.5	1.0269	1.1429	0.4261
361	1303771945613	0.5	1.0269	1.1429	0.4261
362	1303771945628	0.5	1.0269	1.1429	0.4261
363	1303771945645	0.5	1.0269	1.1429	0.4261
364	1303771945660	0.5	1.0269	1.1429	0.4261
365	1303771945675	0.5	1.0269	1.1429	0.4261
366	1303771945690	0.5	1.0269	1.1429	0.4261
367	1303771945705	0.5	1.0269	1.1429	0.4261
368	1303771945721	0.5	1.0269	1.1429	0.4261
369	1303771945737	0.5	1.0269	1.1429	0.4261
370	1303771945752	0.5	1.0269	1.1429	0.4261
371	1303771945768	0.5	1.0269	1.1429	0.4261
372	1303771945785	0.5	1.0269	1.1429	0.4261
373	1303771945800	0.5	1.0269	1.1429	0.4261
374	1303771945815	0.5	1.0269	1.1429	0.4261
375	1303771945830	0.5	1.0269	1.1429	0.4261
376	1303771945887	0.5	1.0269	1.1429	0.4261
377	1303771945901	0.5	1.0269	1.1429	0.4261
378	1303771945916	0.5	1.0269	1.1429	0.4261
379	1303771945931	0.5	1.0269	1.1429	0.4261
380	1303771945946	0.5	1.0269	1.1429	0.4261
381	1303771945963	0.5	1.0269	1.1429	0.4261
382	1303771946019	0.5	1.0269	1.1429	0.4261
383	1303771946034	0.5	1.0269	1.1429	0.4261
384	1303771946049	0.5	1.0269	1.1429	0.4261
385	1303771946066	0.5	1.0267	1.1429	0.4261
386	1303771946082	0.5	1.0267	1.1429	0.4261
387	1303771946097	0.5	1.0267	1.1429	0.4261
388	1303771946112	0.5	1.0267	1.1429	0.4261
389	1303771946129	0.5	1.0267	1.1429	0.4261
390	1303771946144	0.5	1.0267	1.1429	0.4261
391	1303771946159	0.5	1.0267	1.1429	0.4261
392	1303771946174	0.5	1.0267	1.1429	0.4261
393	1303771946231	0.5	1.0267	1.1429	0.4261
394	1303771946246	0.5	1.0267	1.1429	0.4261
395	1303771946261	0.5	1.0267	1.1429	0.4261
396	1303771946277	0.5	1.0267	1.1429	0.4261
397	1303771946292	0.5	1.0267	1.1429	0.4261
398	1303771946309	0.5	1.0267	1.1429	0.4261
399	1303771946324	0.5	1.0267	1.1429	0.4261
400	1303771946339	0.5	1.0267	1.1429	0.4261
401	1303771946354	0.5	1.0267	1.1429	0.4261
402	1303771946370	0.5	1.0267	1.1429	0.4261
403	1303771946386	0.5	1.0267	1.1429	0.4261
404	1303771946401	0.5	1.0267	1.1429	0.4261
405	1303771946416	0.5	1.0267	1.1429	0.4261
406	1303771946433	0.5	1.0267	1.1429	0.4261
407	1303771946448	0.5	1.0267	1.1429	0.4261
408	1303771946462	0.5	1.0267	1.1429	0.4261
409	1303771946478	0.5	1.0267	1.1429	0.4261
410	1303771946494	0.5	1.0267	1.1429	0.4261
411	1303771946510	0.5	1.0267	1.1429	0.4261
412	1303771946526	0.5	1.0267	1.1429	0.4261
413	1303771946541	0.5	1.0267	1.1429	0.4261
414	1303771946597	0.5	1.0267	1.1429	0.4261
415	1303771946654	0.5	1.0267	1.1429	0.4261
416	1303771946669	0.5	1.0267	1.1429	0.4261
417	1303771946684	0.5	1.0267	1.1429	0.4261
418	1303771946741	0.5	1.0267	1.1429	0.4261
419	1303771946758	0.5	1.0267	1.1429	0.4261
420	1303771946773	0.5	1.0267	1.1429	0.4261
421	1303771946788	0.5	1.0267	1.1429	0.4261
422	1303771946802	0.5	1.0267	1.1429	0.4261
423	1303771946819	0.5	1.0267	1.1429	0.4261
424	1303771946835	0.5	1.0267	1.1429	0.4261
425	1303771946850	0.5	1.0267	1.1429	0.4261
426	1303771946865	0.5	1.0267	1.1429	0.4261
427	1303771946880	0.5	1.0267	1.1429	0.4261
428	1303771946897	0.5	1.0267	1.1429	0.4261
429	1303771946912	0.5	1.0267	1.1429	0.4261
430	1303771946926	0.5	1.0267	1.1429	0.4261
431	1303771946941	0.5	1.0267	1.1429	0.4261
432	1303771946957	0.5	1.0267	1.1429	0.4261
433	1303771946972	0.5	1.0267	1.1429	0.4261
434	1303771946987	0.5	1.0267	1.1429	0.4261
435	1303771947002	0.5	1.0267	1.1429	0.4261
436	1303771947017	0.5	1.0267	1.1429	0.4261
437	1303771947034	0.5	1.0267	1.1429	0.4261
438	1303771947049	0.5	1.0267	1.1429	0.4261
439	1303771947064	0.5	1.0267	1.1429	0.4261
440	1303771947079	0.5	1.0267	1.1429	0.4261
441	1303771947095	0.5	1.0267	1.1429	0.4261
442	1303771947110	0.5	1.0267	1.1429	0.4261
443	1303771947125	0.5	1.0267	1.1429	0.4261
444	1303771947140	0.5	1.0267	1.1429	0.4261
445	1303771947157	0.5	1.0267	1.1429	0.4261
446	1303771947172	0.5	1.0267	1.1429	0.4261
447	1303771947187	0.5	1.0267	1.1429	0.4261
448	1303771947203	0.5	1.0267	1.1429	0.4261
449	1303771947220	0.5	1.0267	1.1429	0.4261
450	1303771947275	0.5	1.0267	1.1429	0.4261
451	1303771947290	0.5	1.0267	1.1429	0.4261
452	1303771947306	0.5	1.0267	1.1429	0.4261
453	1303771947320	0.5	1.0267	1.1429	0.4261
454	1303771947337	0.5	1.0267	1.1429	0.4261
455	1303771947352	0.5	1.0267	1.1429	0.4261
456	1303771947367	0.5	1.0267	1.1429	0.4261
457	1303771947382	0.5	1.0267	1.1429	0.4261
458	1303771947441	0.5	1.0267	1.1429	0.4261
459	1303771947456	0.5	1.0267	1.1429	0.4261
460	1303771947471	0.5	1.0267	1.1429	0.4261
461	1303771947486	0.5	1.0267	1.1429	0.4261
462	1303771947503	0.5	1.0267	1.1429	0.4261
463	1303771947518	0.5	1.0267	1.1429	0.4261
464	1303771947534	0.5	1.0267	1.1429	0.4261
465	1303771947549	0.5	1.0267	1.1429	0.4261
466	1303771947564	0.5	1.0267	1.1429	0.4261
467	1303771947581	0.5	1.0267	1.1429	0.4261
468	1303771947637	0.5	1.0267	1.1429	0.4261
469	1303771947652	0.5	1.0267	1.1429	0.4261
470	1303771947708	0.5	1.0267	1.1429	0.4261
471	1303771947726	0.5	1.0267	1.1429	0.4261
472	1303771947742	0.5	1.0267	1.1429	0.4261
473	1303771947756	0.5	1.0267	1.1429	0.4261
474	1303771947771	0.5	1.0267	1.1429	0.4261
475	1303771947789	0.5	1.0267	1.1429	0.4261
476	1303771947804	0.5	1.0267	1.1429	0.4261
477	1303771947820	0.5	1.0267	1.1429	0.4261
478	1303771947835	0.5	1.0267	1.1429	0.4261
479	1303771947852	0.5	1.0267	1.1429	0.4261
480	1303771947867	0.5	1.0267	1.1429	0.4261
481	1303771947881	0.5	1.0267	1.1429	0.4261
482	1303771947896	0.5	1.0267	1.1429	0.4261
483	1303771947911	0.5	1.0267	1.1429	0.4261
484	1303771947928	0.5	1.0267	1.1429	0.4261
485	1303771947944	0.5	1.0267	1.1429	0.4261
486	1303771947960	0.5	1.0267	1.1429	0.4261
487	1303771947975	0.5	1.0267	1.1429	0.4261
488	1303771947992	0.5	1.0267	1.1429	0.4261
489	1303771948009	0.5	1.0267	1.1429	0.4261
490	1303771948093	0.5	1.0267	1.1429	0.4261
491	1303771948149	0.5	1.0267	1.1429	0.4261
492	1303771948196	0.5	1.0267	1.1429	0.4261
493	1303771948210	0.5	1.0267	1.1429	0.4261
494	1303771948225	0.5	1.0267	1.1429	0.4261
495	1303771948241	0.5	1.0267	1.1429	0.4261
496	1303771948256	0.5	1.0267	1.1429	0.4261
497	1303771948273	0.5	1.0267	1.1429	0.4261
498	1303771948288	0.5	1.0267	1.1429	0.4261
499	1303771948304	0.5	1.0267	1.1429	0.4261
500	1303771948320	0.5	1.0267	1.1429	0.4261
501	1303771948336	0.5	1.0267	1.1429	0.4261
502	1303771948351	0.5	1.0267	1.1429	0.4261
503	1303771948367	0.5	1.0267	1.1429	0.4261
504	1303771948382	0.5	1.0267	1.1429	0.4261
505	1303771948397	0.5	1.0267	1.1429	0.4261
506	1303771948413	0.5	1.0267	1.1429	0.4261
507	1303771948469	0.5	1.0267	1.1429	0.4261
508	1303771948485	0.5	1.0267	1.1429	0.4261
509	1303771948500	0.5	1.0267	1.1429	0.4261
510	1303771948517	0.5	1.0267	1.1429	0.4261
511	1303771948573	0.5	1.0267	1.1429	0.4261
512	1303771948588	0.5	1.0267	1.1429	0.4261
513	1303771948602	0.5	1.0267	1.1429	0.4261
514	1303771948619	0.5	1.0267	1.1429	0.4261
515	1303771948634	0.5	1.0267	1.1429	0.4261
516	1303771948649	0.5	1.0267	1.1429	0.4261
517	1303771948664	0.5	1.0267	1.1429	0.4261
518	1303771948681	0.5	1.0267	1.1429	0.4261
519	1303771948697	0.5	1.0267	1.1429	0.4261
520	1303771948712	0.5	1.0267	1.1429	0.4261
521	1303771948727	0.5	1.0267	1.1429	0.4261
522	1303771948744	0.5	1.0267	1.1429	0.4261
523	1303771948759	0.5	1.0267	1.1429	0.4261
524	1303771948778	0.5	1.0267	1.1429	0.4261
525	1303771948793	0.5	1.0267	1.1429	0.4261
526	1303771948808	0.5	1.0267	1.1429	0.4261
527	1303771948824	0.5	1.0267	1.1429	0.4261
528	1303771948839	0.5	1.0267	1.1429	0.4261
529	1303771948861	0.5	1.0267	1.1429	0.4261
530	1303771948875	0.5	1.0267	1.1429	0.4261
531	1303771948893	0.5	1.0267	1.1429	0.4261
532	1303771948908	0.5	1.0267	1.1429	0.4261
533	1303771948922	0.5	1.0267	1.1429	0.4261
534	1303771948937	0.5	1.0267	1.1429	0.4261
535	1303771948952	0.5	1.0267	1.1429	0.4261
536	1303771948969	0.5	1.0267	1.1429	0.4261
537	1303771948984	0.5	1.0267	1.1429	0.4261
538	1303771948998	0.5	1.0267	1.1429	0.4261
539	1303771949014	0.5	1.0267	1.1429	0.4261
540	1303771949030	0.5	1.0267	1.1429	0.4261
541	1303771949046	0.5	1.0267	1.1429	0.4261
542	1303771949062	0.5	1.0267	1.1429	0.4261
543	1303771949077	0.5	1.0267	1.1429	0.4261
544	1303771949093	0.5	1.0267	1.1429	0.4261
545	1303771949148	0.5	1.0267	1.1429	0.4261
546	1303771949164	0.5	1.0267	1.1429	0.4261
547	1303771949179	0.5	1.0267	1.1429	0.4261
548	1303771949194	0.5	1.0267	1.1429	0.4261
549	1303771949210	0.5	1.0267	1.1429	0.4261
550	1303771949294	0.5	1.0267	1.1429	0.4261
551	1303771949309	0.5	1.0267	1.1429	0.4261
552	1303771949324	0.5	1.0267	1.1429	0.4261
553	1303771949341	0.5	1.0267	1.1429	0.4261
554	1303771949356	0.5	1.0267	1.1429	0.4261
555	1303771949372	0.5	1.0267	1.1429	0.4261
556	1303771949387	0.5	1.0267	1.1429	0.4261
557	1303771949449	0.5	1.0267	1.1429	0.4261
558	1303771949465	0.5	1.0267	1.1429	0.4261
559	1303771949480	0.5	1.0267	1.1429	0.4261
560	1303771949495	0.5	1.0267	1.1429	0.4261
561	1303771949510	0.5	1.0267	1.1429	0.4261
562	1303771949566	0.5	1.0267	1.1429	0.4261
563	1303771949581	0.5	1.0267	1.1429	0.4261
564	1303771949637	0.5	1.0267	1.1429	0.4261
565	1303771949652	0.5	1.0267	1.1429	0.4261
566	1303771949669	0.5	1.0267	1.1429	0.4261
567	1303771949684	0.5	1.0267	1.1429	0.4261
568	1303771949699	0.5	1.0267	1.1429	0.4261
569	1303771949715	0.5	1.0267	1.1429	0.4261
570	1303771949733	0.5	1.0267	1.1429	0.4261
571	1303771949749	0.5	1.0267	1.1429	0.4261
572	1303771949764	0.5	1.027	1.1429	0.426
573	1303771949779	0.5	1.027	1.1429	0.426
574	1303771949796	0.5	1.027	1.1429	0.426
575	1303771949811	0.5	1.027	1.1429	0.426
576	1303771949827	0.5	1.027	1.1429	0.426
577	1303771949841	0.5	1.027	1.1429	0.426
578	1303771949856	0.5	1.027	1.1429	0.426
579	1303771949873	0.5	1.027	1.1429	0.426
580	1303771949929	0.5	1.027	1.1429	0.426
581	1303771949943	0.5	1.027	1.1429	0.426
582	1303771949958	0.5	1.027	1.1429	0.426
583	1303771949975	0.5	1.027	1.1429	0.426
584	1303771949990	0.5	1.027	1.1429	0.426
585	1303771950005	0.5	1.027	1.1429	0.426
586	1303771950020	0.5	1.027	1.1429	0.426
587	1303771950036	0.5	1.027	1.1429	0.426
588	1303771950051	0.5	1.027	1.1429	0.426
589	1303771950107	0.5	1.027	1.1429	0.426
590	1303771950122	0.5	1.027	1.1429	0.426
591	1303771950138	0.5	1.027	1.1429	0.426
592	1303771950155	0.5	1.027	1.1429	0.426
593	1303771950170	0.5	1.027	1.1429	0.426
594	1303771950227	0.5	1.027	1.1429	0.426
595	1303771950242	0.5	1.027	1.1429	0.426
596	1303771950258	0.5	1.027	1.1429	0.426
597	1303771950273	0.5	1.027	1.1429	0.426
598	1303771950288	0.5	1.027	1.1429	0.426
599	1303771950303	0.5	1.027	1.1429	0.426
600	1303771950321	0.5	1.027	1.1429	0.426
601	1303771950337	0.5	1.027	1.1429	0.426
602	1303771950352	0.5	1.027	1.1429	0.426
603	1303771950407	0.5	1.027	1.1429	0.426
604	1303771950423	0.5	1.027	1.1429	0.426
605	1303771950440	0.5	1.027	1.1429	0.426
606	1303771950496	0.5	1.027	1.1429	0.426
607	1303771950511	0.5	1.027	1.1429	0.426
608	1303771950527	0.5	1.027	1.1429	0.426
609	1303771950544	0.5	1.027	1.1429	0.426
610	1303771950559	0.5	1.027	1.1429	0.426
611	1303771950575	0.5	1.027	1.1429	0.426
612	1303771950589	0.5	1.027	1.1429	0.426
613	1303771950607	0.5	1.027	1.1429	0.426
614	1303771950622	0.5	1.027	1.1429	0.426
615	1303771950636	0.5	1.027	1.1429	0.426
616	1303771950651	0.5	1.027	1.1429	0.426
617	1303771950668	0.5	1.027	1.1429	0.426
618	1303771950682	0.5	1.027	1.1429	0.426
619	1303771950697	0.5	1.027	1.1429	0.426
620	1303771950712	0.5	1.027	1.1429	0.426
621	1303771950726	0.5	1.027	1.1429	0.426
622	1303771950743	0.5	1.027	1.1429	0.426
623	1303771950758	0.5	1.027	1.1429	0.426
624	1303771950773	0.5	1.027	1.1429	0.426
625	1303771950789	0.5	1.027	1.1429	0.426
626	1303771950806	0.5	1.027	1.1429	0.426
627	1303771950860	0.5	1.027	1.1429	0.426
628	1303771950875	0.5	1.027	1.1429	0.426
629	1303771950891	0.5	1.027	1.1429	0.426
630	1303771950949	0.5	1.027	1.1429	0.426
631	1303771950965	0.5	1.027	1.1429	0.426
632	1303771950980	0.5	1.027	1.1429	0.426
633	1303771950994	0.5	1.027	1.1429	0.426
634	1303771951009	0.5	1.027	1.1429	0.426
635	1303771951026	0.5	1.027	1.1429	0.426
636	1303771951040	0.5	1.027	1.1429	0.426
637	1303771951055	0.5	1.027	1.1429	0.426
638	1303771951070	0.5	1.027	1.1429	0.426
639	1303771951087	0.5	1.027	1.1429	0.426
640	1303771951103	0.5	1.027	1.1429	0.426
641	1303771951118	0.5	1.027	1.1429	0.426
642	1303771951172	0.5	1.027	1.1429	0.426
643	1303771951234	0.5	1.027	1.1429	0.426
644	1303771951250	0.5	1.027	1.1429	0.426
645	1303771951265	0.5	1.027	1.1429	0.426
646	1303771951280	0.5	1.027	1.1429	0.426
647	1303771951297	0.5	1.027	1.1429	0.426
648	1303771951312	0.5	1.027	1.1429	0.426
649	1303771951327	0.5	1.027	1.1429	0.426
650	1303771951342	0.5	1.027	1.1429	0.426
651	1303771951356	0.5	1.027	1.1429	0.426
652	1303771951373	0.5	1.027	1.1429	0.426
653	1303771951428	0.5	1.027	1.1429	0.426
654	1303771951443	0.5	1.027	1.1429	0.426
655	1303771951498	0.5	1.027	1.1429	0.426
656	1303771951514	0.5	1.027	1.1429	0.426
657	1303771951529	0.5	1.027	1.1429	0.426
658	1303771951544	0.5	1.027	1.1429	0.426
659	1303771951558	0.5	1.027	1.1429	0.426
660	1303771951575	0.5	1.027	1.1429	0.426
661	1303771951590	0.5	1.027	1.1429	0.426
662	1303771951605	0.5	1.027	1.1429	0.426
663	1303771951620	0.5	1.027	1.1429	0.426
664	1303771951636	0.5	1.027	1.1429	0.426
665	1303771951653	0.5	1.027	1.1429	0.426
666	1303771951669	0.5	1.027	1.1429	0.426
667	1303771951684	0.5	1.027	1.1429	0.426
668	1303771951700	0.5	1.027	1.1429	0.426
669	1303771951717	0.5	1.027	1.1429	0.426
670	1303771951733	0.5	1.027	1.1429	0.426
671	1303771951748	0.5	1.027	1.1429	0.426
672	1303771951763	0.5	1.027	1.1429	0.426
673	1303771951779	0.5	1.027	1.1429	0.426
674	1303771951794	0.5	1.027	1.1429	0.426
675	1303771951809	0.5	1.027	1.1429	0.426
676	1303771951825	0.5	1.027	1.1429	0.426
677	1303771951840	0.5	1.027	1.1429	0.426
678	1303771951898	0.5	1.027	1.1429	0.426
679	1303771951912	0.5	1.027	1.1429	0.426
680	1303771951927	0.5	1.027	1.1429	0.426
681	1303771951942	0.5	1.027	1.1429	0.426
682	1303771951959	0.5	1.027	1.1429	0.426
683	1303771951974	0.5	1.027	1.1429	0.426
684	1303771951990	0.5	1.027	1.1429	0.426
685	1303771952005	0.5	1.027	1.1429	0.426
686	1303771952022	0.5	1.027	1.1429	0.426
687	1303771952037	0.5	1.027	1.1429	0.426
688	1303771952051	0.5	1.027	1.1429	0.426
689	1303771952066	0.5	1.027	1.1429	0.426
690	1303771952081	0.5	1.027	1.1429	0.426
691	1303771952098	0.5	1.027	1.1429	0.426
692	1303771952114	0.5	1.027	1.1429	0.426
693	1303771952130	0.5	1.0271	1.1429	0.426
694	1303771952145	0.5	1.0271	1.1429	0.426
695	1303771952161	0.5	1.0271	1.1429	0.426
696	1303771952176	0.5	1.0271	1.1429	0.426
697	1303771952191	0.5	1.0271	1.1429	0.426
698	1303771952206	0.5	1.0271	1.1429	0.426
699	1303771952223	0.5	1.0271	1.1429	0.426
700	1303771952238	0.5	1.0271	1.1429	0.426
701	1303771952253	0.5	1.0271	1.1429	0.426
702	1303771952268	0.5	1.0271	1.1429	0.426
703	1303771952282	0.5	1.0271	1.1429	0.426
704	1303771952340	0.5	1.0271	1.1429	0.426
705	1303771952355	0.5	1.0271	1.1429	0.426
706	1303771952370	0.5	1.0271	1.1429	0.426
707	1303771952385	0.5	1.0271	1.1429	0.426
708	1303771952402	0.5	1.0271	1.1429	0.426
709	1303771952417	0.5	1.0271	1.1429	0.426
710	1303771952431	0.5	1.0271	1.1429	0.426
711	1303771952446	0.5	1.0271	1.1429	0.426
712	1303771952503	0.5	1.0271	1.1429	0.426
713	1303771952518	0.5	1.0271	1.1429	0.426
714	1303771952533	0.5	1.0271	1.1429	0.426
715	1303771952548	0.5	1.0271	1.1429	0.426
716	1303771952562	0.5	1.0271	1.1429	0.426
717	1303771952579	0.5	1.0271	1.1429	0.426
718	1303771952593	0.5	1.0271	1.1429	0.426
719	1303771952608	0.5	1.0271	1.1429	0.426
720	1303771952623	0.5	1.0271	1.1429	0.426
721	1303771952639	0.5	1.0271	1.1429	0.426
722	1303771952655	0.5	1.0271	1.1429	0.426
723	1303771952710	0.5	1.0271	1.1429	0.426
724	1303771952725	0.5	1.0271	1.1429	0.426
725	1303771952784	0.5	1.0271	1.1429	0.426
726	1303771952798	0.5	1.0271	1.1429	0.426
727	1303771952813	0.5	1.0271	1.1429	0.426
728	1303771952828	0.5	1.0271	1.1429	0.426
729	1303771952843	0.5	1.0271	1.1429	0.426
730	1303771952859	0.5	1.0271	1.1429	0.426
731	1303771952874	0.5	1.0271	1.1429	0.426
732	1303771952889	0.5	1.0271	1.1429	0.426
733	1303771952904	0.5	1.0271	1.1429	0.426
734	1303771952921	0.5	1.0271	1.1429	0.426
735	1303771952936	0.5	1.0271	1.1429	0.426
736	1303771952951	0.5	1.0271	1.1429	0.426
737	1303771952966	0.5	1.0271	1.1429	0.426
738	1303771952983	0.5	1.0271	1.1429	0.426
739	1303771952997	0.5	1.0271	1.1429	0.426
740	1303771953013	0.5	1.0271	1.1429	0.426
741	1303771953029	0.5	1.0271	1.1429	0.426
742	1303771953044	0.5	1.0271	1.1429	0.426
743	1303771953061	0.5	1.0271	1.1429	0.426
744	1303771953120	0.5	1.0271	1.1429	0.426
745	1303771953135	0.5	1.0271	1.1429	0.426
746	1303771953150	0.5	1.0271	1.1429	0.426
747	1303771953168	0.5	1.0271	1.1429	0.426
748	1303771953184	0.5	1.0271	1.1429	0.426
749	1303771953199	0.5	1.0271	1.1429	0.426
750	1303771953256	0.5	1.0271	1.1429	0.426
751	1303771953273	0.5	1.0271	1.1429	0.426
752	1303771953288	0.5	1.0271	1.1429	0.426
753	1303771953305	0.5	1.0271	1.1429	0.426
754	1303771953321	0.5	1.0271	1.1429	0.426
755	1303771953338	0.5	1.0271	1.1429	0.426
756	1303771953353	0.5	1.0271	1.1429	0.426
757	1303771953368	0.5	1.0271	1.1429	0.426
758	1303771953425	0.5	1.0271	1.1429	0.426
759	1303771953440	0.5	1.0271	1.1429	0.426
760	1303771953457	0.5	1.0271	1.1429	0.426
761	1303771953472	0.5	1.0271	1.1429	0.426
762	1303771953528	0.5	1.0271	1.1429	0.426
763	1303771953543	0.5	1.0271	1.1429	0.426
764	1303771953560	0.5	1.0271	1.1429	0.426
765	1303771953575	0.5	1.0271	1.1429	0.426
766	1303771953591	0.5	1.0271	1.1429	0.426
767	1303771953607	0.5	1.0271	1.1429	0.426
768	1303771953624	0.5	1.0271	1.1429	0.426
769	1303771953679	0.5	1.0271	1.1429	0.426
770	1303771953695	0.5	1.0271	1.1429	0.426
771	1303771953711	0.5	1.0271	1.1429	0.426
772	1303771953729	0.5	1.0271	1.1429	0.426
773	1303771953744	0.5	1.0271	1.1429	0.426
774	1303771953759	0.5	1.0271	1.1429	0.426
775	1303771953775	0.5	1.0271	1.1429	0.426
776	1303771953790	0.5	1.0271	1.1429	0.426
777	1303771953808	0.5	1.0271	1.1429	0.426
778	1303771953823	0.5	1.0271	1.1429	0.426
779	1303771953838	0.5	1.0271	1.1429	0.426
780	1303771953853	0.5	1.0271	1.1429	0.426
781	1303771953870	0.5	1.0271	1.1429	0.426
782	1303771953886	0.5	1.0271	1.1429	0.426
783	1303771953901	0.5	1.0271	1.1429	0.426
784	1303771953916	0.5	1.0271	1.1429	0.426
785	1303771953931	0.5	1.0271	1.1429	0.426
786	1303771953948	0.5	1.0271	1.1429	0.426
787	1303771953963	0.5	1.0271	1.1429	0.426
788	1303771953978	0.5	1.0271	1.1429	0.426
789	1303771953992	0.5	1.0271	1.1429	0.426
790	1303771954009	0.5	1.0271	1.1429	0.426
791	1303771954024	0.5	1.0271	1.1429	0.426
792	1303771954040	0.5	1.0271	1.1429	0.426
793	1303771954056	0.5	1.0271	1.1429	0.426
794	1303771954073	0.5	1.0271	1.1429	0.426
795	1303771954088	0.5	1.0271	1.1429	0.426
796	1303771954103	0.5	1.0271	1.1429	0.426
797	1303771954118	0.5	1.0271	1.1429	0.426
798	1303771954133	0.5	1.0271	1.1429	0.426
799	1303771954149	0.5	1.0271	1.1429	0.426
800	1303771954164	0.5	1.0271	1.1429	0.426
801	1303771954179	0.5	1.0271	1.1429	0.426
802	1303771954194	0.5	1.0271	1.1429	0.426
803	1303771954211	0.5	1.0271	1.1429	0.426
804	1303771954226	0.5	1.0271	1.1429	0.426
805	1303771954240	0.5	1.0271	1.1429	0.426
806	1303771954256	0.5	1.0271	1.1429	0.426
807	1303771954270	0.5	1.0271	1.1429	0.426
808	1303771954287	0.5	1.0271	1.1429	0.426
809	1303771954301	0.5	1.0271	1.1429	0.426
810	1303771954316	0.5	1.0271	1.1429	0.426
811	1303771954331	0.5	1.0271	1.1429	0.426
812	1303771954348	0.5	1.0271	1.1429	0.426
813	1303771954363	0.5	1.0267	1.1429	0.4261
814	1303771954378	0.5	1.0267	1.1429	0.4261
815	1303771954394	0.5	1.0267	1.1429	0.4261
816	1303771954453	0.5	1.0267	1.1429	0.4261
817	1303771954513	0.5	1.0267	1.1429	0.4261
818	1303771954528	0.5	1.0267	1.1429	0.4261
819	1303771954544	0.5	1.0267	1.1429	0.4261
820	1303771954561	0.5	1.0267	1.1429	0.4261
821	1303771954616	0.5	1.0267	1.1429	0.4261
822	1303771954632	0.5	1.0267	1.1429	0.4261
823	1303771954647	0.5	1.0267	1.1429	0.4261
824	1303771954704	0.5	1.0267	1.1429	0.4261
825	1303771954720	0.5	1.0267	1.1429	0.4261
826	1303771954736	0.5	1.0267	1.1429	0.4261
827	1303771954751	0.5	1.0267	1.1429	0.4261
828	1303771954766	0.5	1.0267	1.1429	0.4261
829	1303771954784	0.5	1.0267	1.1429	0.4261
830	1303771954800	0.5	1.0267	1.1429	0.4261
831	1303771954815	0.5	1.0267	1.1429	0.4261
832	1303771954831	0.5	1.0267	1.1429	0.4261
833	1303771954848	0.5	1.0267	1.1429	0.4261
834	1303771954863	0.5	1.0267	1.1429	0.4261
835	1303771954879	0.5	1.0267	1.1429	0.4261
836	1303771954894	0.5	1.0267	1.1429	0.4261
837	1303771954909	0.5	1.0267	1.1429	0.4261
838	1303771954927	0.5	1.0267	1.1429	0.4261
839	1303771954943	0.5	1.0267	1.1429	0.4261
840	1303771954958	0.5	1.0267	1.1429	0.4261
841	1303771955014	0.5	1.1742	1.1429	0.3726
842	1303771955031	0.5	1.1742	1.1429	0.3726
843	1303771955046	0.5	1.1742	1.1429	0.3726
844	1303771955060	0.5	1.1742	1.1429	0.3726
845	1303771955075	0.5	1.1742	1.1429	0.3726
846	1303771955092	0.5	1.1742	1.1429	0.3726
847	1303771955107	0.5	1.1742	1.1429	0.3726
848	1303771955122	0.5	1.1742	1.1429	0.3726
849	1303771955136	0.5	1.1742	1.1429	0.3726
850	1303771955196	0.5	1.1742	1.1429	0.3726
851	1303771955211	0.5	1.1742	1.1429	0.3726
852	1303771955226	0.5	1.1742	1.1429	0.3726
853	1303771955242	0.5	1.1742	1.1429	0.3726
854	1303771955299	0.5	1.1742	1.1429	0.3726
855	1303771955316	0.5	1.1742	1.1429	0.3726
856	1303771955331	0.5	1.1742	1.1429	0.3726
857	1303771955347	0.5	1.1742	1.1429	0.3726
858	1303771955362	0.5	1.1742	1.1429	0.3726
859	1303771955379	0.5	1.1742	1.1429	0.3726
860	1303771955394	0.5	1.1742	1.1429	0.3726
861	1303771955409	0.5	1.1742	1.1429	0.3726
862	1303771955423	0.5	1.1742	1.1429	0.3726
863	1303771955438	0.5	1.1742	1.1429	0.3726
864	1303771955455	0.5	1.1742	1.1429	0.3726
865	1303771955470	0.5	1.1742	1.1429	0.3726
866	1303771955486	0.5	1.1742	1.1429	0.3726
867	1303771955502	0.5	1.1742	1.1429	0.3726
868	1303771955519	0.5	1.1742	1.1429	0.3726
869	1303771955534	0.5	1.1742	1.1429	0.3726
870	1303771955550	0.5	1.1742	1.1429	0.3726
871	1303771955565	0.5	1.1742	1.1429	0.3726
872	1303771955581	0.5	1.1742	1.1429	0.3726
873	1303771955596	0.5	1.1742	1.1429	0.3726
874	1303771955612	0.5	1.1742	1.1429	0.3726
875	1303771955627	0.5	1.1742	1.1429	0.3726
876	1303771955641	0.5	1.1742	1.1429	0.3726
877	1303771955658	0.5	1.1751	1.1429	0.3723
878	1303771955673	0.5	1.1751	1.1429	0.3723
879	1303771955688	0.5	1.1751	1.1429	0.3723
880	1303771955702	0.5	1.1751	1.1429	0.3723
881	1303771955719	0.5	1.1751	1.1429	0.3723
882	1303771955734	0.5	1.1751	1.1429	0.3723
883	1303771955749	0.5	1.1751	1.1429	0.3723
884	1303771955764	0.5	1.1751	1.1429	0.3723
885	1303771955781	0.5	1.1751	1.1429	0.3723
886	1303771955796	0.5	1.1751	1.1429	0.3723
887	1303771955812	0.5	1.1751	1.1429	0.3723
888	1303771955867	0.5	1.1751	1.1429	0.3723
889	1303771955881	0.5	1.1751	1.1429	0.3723
890	1303771955899	0.5	1.1751	1.1429	0.3723
891	1303771955915	0.5	1.1751	1.1429	0.3723
892	1303771955930	0.5	1.1751	1.1429	0.3723
893	1303771955945	0.5	1.1751	1.1429	0.3723
894	1303771955963	0.5	1.1751	1.1429	0.3723
895	1303771955978	0.5	1.1751	1.1429	0.3723
896	1303771955992	0.5	1.1751	1.1429	0.3723
897	1303771956007	0.5	1.1751	1.1429	0.3723
898	1303771956024	0.5	1.1751	1.1429	0.3723
899	1303771956039	0.5	1.1751	1.1429	0.3723
900	1303771956054	0.5	1.1751	1.1429	0.3723
901	1303771956069	0.5	1.1751	1.1429	0.3723
902	1303771956085	0.5	1.1751	1.1429	0.3723
903	1303771956102	0.5	1.1751	1.1429	0.3723
904	1303771956116	0.5	1.1751	1.1429	0.3723
905	1303771956131	0.5	1.1751	1.1429	0.3723
906	1303771956146	0.5	1.1751	1.1429	0.3723
907	1303771956162	0.5	1.1751	1.1429	0.3723
908	1303771956178	0.5	1.1751	1.1429	0.3723
909	1303771956194	0.5	1.1751	1.1429	0.3723
910	1303771956208	0.5	1.1751	1.1429	0.3723
911	1303771956223	0.5	1.1751	1.1429	0.3723
912	1303771956240	0.5	1.1751	1.1429	0.3723
913	1303771956256	0.5	1.1751	1.1429	0.3723
914	1303771956271	0.5	1.1751	1.1429	0.3723
915	1303771956286	0.5	1.1751	1.1429	0.3723
916	1303771956303	0.5	1.1751	1.1429	0.3723
917	1303771956359	0.5	1.1751	1.1429	0.3723
918	1303771956374	0.5	1.1751	1.1429	0.3723
919	1303771956389	0.5	1.1751	1.1429	0.3723
920	1303771956446	0.5	1.1751	1.1429	0.3723
921	1303771956503	0.5	1.1751	1.1429	0.3723
922	1303771956517	0.5	1.1751	1.1429	0.3723
923	1303771956572	0.5	1.1751	1.1429	0.3723
924	1303771956590	0.5	1.1751	1.1429	0.3723
925	1303771956605	0.5	1.1751	1.1429	0.3723
926	1303771956621	0.5	1.1751	1.1429	0.3723
927	1303771956636	0.5	1.1751	1.1429	0.3723
928	1303771956650	0.5	1.1751	1.1429	0.3723
929	1303771956667	0.5	1.1751	1.1429	0.3723
930	1303771956681	0.5	1.1751	1.1429	0.3723
931	1303771956697	0.5	1.1751	1.1429	0.3723
932	1303771956712	0.5	1.1751	1.1429	0.3723
933	1303771956730	0.5	1.1751	1.1429	0.3723
934	1303771956745	0.5	1.1751	1.1429	0.3723
935	1303771956760	0.5	1.1751	1.1429	0.3723
936	1303771956776	0.5	1.1751	1.1429	0.3723
937	1303771956790	0.5	1.1751	1.1429	0.3723
938	1303771956807	0.5	1.1751	1.1429	0.3723
939	1303771956823	0.5	1.1751	1.1429	0.3723
940	1303771956838	0.5	1.1751	1.1429	0.3723
941	1303771956853	0.5	1.1751	1.1429	0.3723
942	1303771956870	0.5	1.1751	1.1429	0.3723
943	1303771956885	0.5	1.1751	1.1429	0.3723
944	1303771956900	0.5	1.1751	1.1429	0.3723
945	1303771956915	0.5	1.1751	1.1429	0.3723
946	1303771956930	0.5	1.1751	1.1429	0.3723
947	1303771956946	0.5	1.1751	1.1429	0.3723
948	1303771956961	0.5	1.1751	1.1429	0.3723
949	1303771956976	0.5	1.1751	1.1429	0.3723
950	1303771956991	0.5	1.1751	1.1429	0.3723
951	1303771957007	0.5	1.1751	1.1429	0.3723
952	1303771957022	0.5	1.1751	1.1429	0.3723
953	1303771957036	0.5	1.1751	1.1429	0.3723
954	1303771957051	0.5	1.1751	1.1429	0.3723
955	1303771957066	0.5	1.1751	1.1429	0.3723
956	1303771957082	0.5	1.1751	1.1429	0.3723
957	1303771957097	0.5	1.1751	1.1429	0.3723
958	1303771957112	0.5	1.1751	1.1429	0.3723
959	1303771957127	0.5	1.1751	1.1429	0.3723
960	1303771957144	0.5	1.1751	1.1429	0.3723
961	1303771957159	0.5	1.1751	1.1429	0.3723
962	1303771957215	0.5	1.1751	1.1429	0.3723
963	1303771957230	0.5	1.1751	1.1429	0.3723
964	1303771957246	0.5	1.1751	1.1429	0.3723
965	1303771957261	0.5	1.1751	1.1429	0.3723
966	1303771957276	0.5	1.1751	1.1429	0.3723
967	1303771957291	0.5	1.1751	1.1429	0.3723
968	1303771957306	0.5	1.1751	1.1429	0.3723
969	1303771957323	0.5	1.1751	1.1429	0.3723
970	1303771957338	0.5	1.1751	1.1429	0.3723
971	1303771957352	0.5	1.1751	1.1429	0.3723
972	1303771957368	0.5	1.1751	1.1429	0.3723
973	1303771957384	0.5	1.1751	1.1429	0.3723
974	1303771957399	0.5	1.1751	1.1429	0.3723
975	1303771957413	0.5	1.1751	1.1429	0.3723
976	1303771957428	0.5	1.1751	1.1429	0.3723
977	1303771957443	0.5	1.1751	1.1429	0.3723
978	1303771957460	0.5	1.1751	1.1429	0.3723
979	1303771957474	0.5	1.1751	1.1429	0.3723
980	1303771957490	0.5	1.1751	1.1429	0.3723
981	1303771957505	0.5	1.1751	1.1429	0.3723
982	1303771957522	0.5	1.1751	1.1429	0.3723
983	1303771957537	0.5	1.1751	1.1429	0.3723
984	1303771957553	0.5	1.1751	1.1429	0.3723
985	1303771957567	0.5	1.1751	1.1429	0.3723
986	1303771957582	0.5	1.1751	1.1429	0.3723
987	1303771957598	0.5	1.1751	1.1429	0.3723
988	1303771957658	0.5	1.1751	1.1429	0.3723
989	1303771957673	0.5	1.1751	1.1429	0.3723
990	1303771957688	0.5	1.1751	1.1429	0.3723
991	1303771957705	0.5	1.1751	1.1429	0.3723
992	1303771957720	0.5	1.1751	1.1429	0.3723
993	1303771957735	0.5	1.1751	1.1429	0.3723
994	1303771957749	0.5	1.1751	1.1429	0.3723
995	1303771957766	0.5	1.1751	1.1429	0.3723
996	1303771957781	0.5	1.1751	1.1429	0.3723
997	1303771957796	0.5	1.1751	1.1429	0.3723
998	1303771957811	0.5	1.1751	1.1429	0.3723
999	1303771957826	0.5	1.1754	1.1429	0.3722
1000	1303771957843	0.5	1.1754	1.1429	0.3722
1001	1303771957899	0.5	1.1754	1.1429	0.3722
1002	1303771957914	0.5	1.1754	1.1429	0.3722
1003	1303771957970	0.5	1.1754	1.1429	0.3722
1004	1303771958027	0.5	1.1754	1.1429	0.3722
1005	1303771958042	0.5	1.1754	1.1429	0.3722
1006	1303771958098	0.5	1.1754	1.1429	0.3722
1007	1303771958113	0.5	1.1754	1.1429	0.3722
1008	1303771958129	0.5	1.1754	1.1429	0.3722
1009	1303771958144	0.5	1.1754	1.1429	0.3722
1010	1303771958159	0.5	1.1754	1.1429	0.3722
1011	1303771958174	0.5	1.1754	1.1429	0.3722
1012	1303771958190	0.5	1.1754	1.1429	0.3722
1013	1303771958205	0.5	1.1754	1.1429	0.3722
1014	1303771958219	0.5	1.1754	1.1429	0.3722
1015	1303771958233	0.5	1.1754	1.1429	0.3722
1016	1303771958248	0.5	1.1754	1.1429	0.3722
1017	1303771958265	0.5	1.1754	1.1429	0.3722
1018	1303771958279	0.5	1.1754	1.1429	0.3722
1019	1303771958294	0.5	1.1754	1.1429	0.3722
1020	1303771958309	0.5	1.1754	1.1429	0.3722
1021	1303771958325	0.5	1.1754	1.1429	0.3722
1022	1303771958340	0.5	1.1754	1.1429	0.3722
1023	1303771958354	0.5	1.1754	1.1429	0.3722
1024	1303771958369	0.5	1.1754	1.1429	0.3722
1025	1303771958383	0.5	1.1754	1.1429	0.3722
1026	1303771958400	0.5	1.1754	1.1429	0.3722
1027	1303771958415	0.5	1.1754	1.1429	0.3722
1028	1303771958472	0.5	1.1754	1.1429	0.3722
1029	1303771958487	0.5	1.1754	1.1429	0.3722
1030	1303771958503	0.5	1.1754	1.1429	0.3722
1031	1303771958518	0.5	1.1754	1.1429	0.3722
1032	1303771958533	0.5	1.1754	1.1429	0.3722
1033	1303771958587	0.5	1.1754	1.1429	0.3722
1034	1303771958602	0.5	1.1754	1.1429	0.3722
1035	1303771958618	0.5	1.1754	1.1429	0.3722
1036	1303771958633	0.5	1.1754	1.1429	0.3722
1037	1303771958651	0.5	1.1754	1.1429	0.3722
1038	1303771958666	0.5	1.1754	1.1429	0.3722
1039	1303771958683	0.5	1.1754	1.1429	0.3722
1040	1303771958699	0.5	1.1754	1.1429	0.3722
1041	1303771958714	0.5	1.1754	1.1429	0.3722
1042	1303771958730	0.5	1.1754	1.1429	0.3722
1043	1303771958745	0.5	1.1754	1.1429	0.3722
1044	1303771958762	0.5	1.1754	1.1429	0.3722
1045	1303771958778	0.5	1.1754	1.1429	0.3722
1046	1303771958793	0.5	1.1754	1.1429	0.3722
1047	1303771958808	0.5	1.1754	1.1429	0.3722
1048	1303771958825	0.5	1.1754	1.1429	0.3722
1049	1303771958840	0.5	1.1754	1.1429	0.3722
1050	1303771958856	0.5	1.1754	1.1429	0.3722
1051	1303771958871	0.5	1.1754	1.1429	0.3722
1052	1303771958886	0.5	1.1754	1.1429	0.3722
1053	1303771958903	0.5	1.1754	1.1429	0.3722
1054	1303771958917	0.5	1.1754	1.1429	0.3722
1055	1303771958932	0.5	1.1754	1.1429	0.3722
1056	1303771958948	0.5	1.1754	1.1429	0.3722
1057	1303771958965	0.5	1.1754	1.1429	0.3722
1058	1303771958981	0.5	1.1754	1.1429	0.3722
1059	1303771958997	0.5	1.1754	1.1429	0.3722
1060	1303771959012	0.5	1.1754	1.1429	0.3722
1061	1303771959029	0.5	1.1754	1.1429	0.3722
1062	1303771959044	0.5	1.1754	1.1429	0.3722
1063	1303771959060	0.5	1.1754	1.1429	0.3722
1064	1303771959075	0.5	1.1754	1.1429	0.3722
1065	1303771959130	0.5	1.1754	1.1429	0.3722
1066	1303771959146	0.5	1.1754	1.1429	0.3722
1067	1303771959161	0.5	1.1754	1.1429	0.3722
1068	1303771959177	0.5	1.1754	1.1429	0.3722
1069	1303771959192	0.5	1.1754	1.1429	0.3722
1070	1303771959209	0.5	1.1754	1.1429	0.3722
1071	1303771959223	0.5	1.1754	1.1429	0.3722
1072	1303771959238	0.5	1.1754	1.1429	0.3722
1073	1303771959253	0.5	1.1754	1.1429	0.3722
1074	1303771959267	0.5	1.1754	1.1429	0.3722
1075	1303771959284	0.5	1.1754	1.1429	0.3722
1076	1303771959299	0.5	1.1754	1.1429	0.3722
1077	1303771959314	0.5	1.1754	1.1429	0.3722
1078	1303771959371	0.5	1.1754	1.1429	0.3722
1079	1303771959388	0.5	1.1754	1.1429	0.3722
1080	1303771959403	0.5	1.1754	1.1429	0.3722
1081	1303771959418	0.5	1.1754	1.1429	0.3722
1082	1303771959433	0.5	1.1754	1.1429	0.3722
1083	1303771959451	0.5	1.1754	1.1429	0.3722
1084	1303771959466	0.5	1.1754	1.1429	0.3722
1085	1303771959480	0.5	1.1754	1.1429	0.3722
1086	1303771959495	0.5	1.1754	1.1429	0.3722
1087	1303771959511	0.5	1.1754	1.1429	0.3722
1088	1303771959528	0.5	1.1754	1.1429	0.3722
1089	1303771959543	0.5	1.1754	1.1429	0.3722
1090	1303771959558	0.5	1.1754	1.1429	0.3722
1091	1303771959572	0.5	1.1754	1.1429	0.3722
1092	1303771959589	0.5	1.1754	1.1429	0.3722
1093	1303771959603	0.5	1.1754	1.1429	0.3722
1094	1303771959618	0.5	1.1754	1.1429	0.3722
1095	1303771959633	0.5	1.1754	1.1429	0.3722
1096	1303771959648	0.5	1.1754	1.1429	0.3722
1097	1303771959665	0.5	1.1754	1.1429	0.3722
1098	1303771959680	0.5	1.1754	1.1429	0.3722
1099	1303771959694	0.5	1.1754	1.1429	0.3722
1100	1303771959709	0.5	1.1754	1.1429	0.3722
1101	1303771959725	0.5	1.1754	1.1429	0.3722
1102	1303771959740	0.5	1.1754	1.1429	0.3722
1103	1303771959755	0.5	1.1754	1.1429	0.3722
1104	1303771959770	0.5	1.1754	1.1429	0.3722
1105	1303771959784	0.5	1.1754	1.1429	0.3722
1106	1303771959801	0.5	1.1754	1.1429	0.3722
1107	1303771959816	0.5	1.1754	1.1429	0.3722
1108	1303771959831	0.5	1.1754	1.1429	0.3722
1109	1303771959846	0.5	1.1754	1.1429	0.3722
1110	1303771959863	0.5	1.1754	1.1429	0.3722
1111	1303771959878	0.5	1.1754	1.1429	0.3722
1112	1303771959892	0.5	1.1754	1.1429	0.3722
1113	1303771959907	0.5	1.1754	1.1429	0.3722
1114	1303771959921	0.5	1.1754	1.1429	0.3722
1115	1303771959978	0.5	1.1754	1.1429	0.3722
1116	1303771959993	0.5	1.1754	1.1429	0.3722
1117	1303771960009	0.5	1.1754	1.1429	0.3722
1118	1303771960024	0.5	1.1741	1.1429	0.3726
1119	1303771960042	0.5	1.1741	1.1429	0.3726
1120	1303771960057	0.5	1.1741	1.1429	0.3726
1121	1303771960071	0.5	1.1741	1.1429	0.3726
1122	1303771960131	0.5	1.1741	1.1429	0.3726
1123	1303771960189	0.5	1.1741	1.1429	0.3726
1124	1303771960204	0.5	1.1741	1.1429	0.3726
1125	1303771960220	0.5	1.1741	1.1429	0.3726
1126	1303771960234	0.5	1.1741	1.1429	0.3726
1127	1303771960249	0.5	1.1741	1.1429	0.3726
1128	1303771960266	0.5	1.1741	1.1429	0.3726
1129	1303771960281	0.5	1.1741	1.1429	0.3726
1130	1303771960296	0.5	1.1741	1.1429	0.3726
1131	1303771960311	0.5	1.1741	1.1429	0.3726
1132	1303771960328	0.5	1.1741	1.1429	0.3726
1133	1303771960343	0.5	1.1741	1.1429	0.3726
1134	1303771960358	0.5	1.1741	1.1429	0.3726
1135	1303771960373	0.5	1.1741	1.1429	0.3726
1136	1303771960388	0.5	1.1741	1.1429	0.3726
1137	1303771960406	0.5	1.1741	1.1429	0.3726
1138	1303771960422	0.5	1.1741	1.1429	0.3726
1139	1303771960436	0.5	1.1741	1.1429	0.3726
1140	1303771960451	0.5	1.1741	1.1429	0.3726
1141	1303771960469	0.5	1.1741	1.1429	0.3726
1142	1303771960484	0.5	1.1741	1.1429	0.3726
1143	1303771960499	0.5	1.1741	1.1429	0.3726
1144	1303771960514	0.5	1.1741	1.1429	0.3726
1145	1303771960530	0.5	1.1741	1.1429	0.3726
1146	1303771960546	0.5	1.1741	1.1429	0.3726
1147	1303771960561	0.5	1.1741	1.1429	0.3726
1148	1303771960617	0.5	1.1741	1.1429	0.3726
1149	1303771960632	0.5	1.1741	1.1429	0.3726
1150	1303771960649	0.5	1.1741	1.1429	0.3726
1151	1303771960664	0.5	1.1741	1.1429	0.3726
1152	1303771960680	0.5	1.1741	1.1429	0.3726
1153	1303771960695	0.5	1.1741	1.1429	0.3726
1154	1303771960755	0.5	1.1741	1.1429	0.3726
1155	1303771960771	0.5	1.1741	1.1429	0.3726
1156	1303771960787	0.5	1.1741	1.1429	0.3726
1157	1303771960801	0.5	1.1741	1.1429	0.3726
1158	1303771960816	0.5	1.1741	1.1429	0.3726
1159	1303771960832	0.5	1.1741	1.1429	0.3726
1160	1303771960888	0.5	1.1741	1.1429	0.3726
1161	1303771960902	0.5	1.1741	1.1429	0.3726
1162	1303771960917	0.5	1.1741	1.1429	0.3726
1163	1303771960933	0.5	1.1741	1.1429	0.3726
1164	1303771960948	0.5	1.1741	1.1429	0.3726
1165	1303771960963	0.5	1.1741	1.1429	0.3726
1166	1303771960977	0.5	1.1741	1.1429	0.3726
1167	1303771960994	0.5	1.1741	1.1429	0.3726
1168	1303771961009	0.5	1.1741	1.1429	0.3726
1169	1303771961023	0.5	1.1741	1.1429	0.3726
1170	1303771961038	0.5	1.1741	1.1429	0.3726
1171	1303771961053	0.5	1.1741	1.1429	0.3726
1172	1303771961070	0.5	1.1741	1.1429	0.3726
1173	1303771961125	0.5	1.1741	1.1429	0.3726
1174	1303771961141	0.5	1.1741	1.1429	0.3726
1175	1303771961156	0.5	1.1741	1.1429	0.3726
1176	1303771961216	0.5	1.1741	1.1429	0.3726
1177	1303771961231	0.5	1.1741	1.1429	0.3726
1178	1303771961247	0.5	1.1741	1.1429	0.3726
1179	1303771961262	0.5	1.1741	1.1429	0.3726
1180	1303771961279	0.5	1.1741	1.1429	0.3726
1181	1303771961295	0.5	1.1741	1.1429	0.3726
1182	1303771961310	0.5	1.1754	1.1429	0.3722
1183	1303771961325	0.5	1.1754	1.1429	0.3722
1184	1303771961340	0.5	1.1754	1.1429	0.3722
1185	1303771961356	0.5	1.1754	1.1429	0.3722
1186	1303771961371	0.5	1.1754	1.1429	0.3722
1187	1303771961386	0.5	1.1754	1.1429	0.3722
1188	1303771961402	0.5	1.1754	1.1429	0.3722
1189	1303771961419	0.5	1.1754	1.1429	0.3722
1190	1303771961434	0.5	1.1754	1.1429	0.3722
1191	1303771961449	0.5	1.1754	1.1429	0.3722
1192	1303771961465	0.5	1.1754	1.1429	0.3722
1193	1303771961480	0.5	1.1754	1.1429	0.3722
1194	1303771961497	0.5	1.1754	1.1429	0.3722
1195	1303771961513	0.5	1.1754	1.1429	0.3722
1196	1303771961528	0.5	1.1754	1.1429	0.3722
1197	1303771961543	0.5	1.1754	1.1429	0.3722
1198	1303771961560	0.5	1.1754	1.1429	0.3722
1199	1303771961620	0.5	1.1754	1.1429	0.3722
1200	1303771961635	0.5	1.1754	1.1429	0.3722
1201	1303771961650	0.5	1.1754	1.1429	0.3722
1202	1303771961707	0.5	1.1754	1.1429	0.3722
1203	1303771961723	0.5	1.1754	1.1429	0.3722
1204	1303771961738	0.5	1.1754	1.1429	0.3722
1205	1303771961754	0.5	1.1754	1.1429	0.3722
1206	1303771961770	0.5	1.1754	1.1429	0.3722
1207	1303771961827	0.5	1.1754	1.1429	0.3722
1208	1303771961842	0.5	1.1754	1.1429	0.3722
1209	1303771961857	0.5	1.1754	1.1429	0.3722
1210	1303771961872	0.5	1.1754	1.1429	0.3722
1211	1303771961889	0.5	1.1754	1.1429	0.3722
1212	1303771961945	0.5	1.1754	1.1429	0.3722
1213	1303771961959	0.5	1.1754	1.1429	0.3722
1214	1303771961975	0.5	1.1754	1.1429	0.3722
1215	1303771961992	0.5	1.1754	1.1429	0.3722
1216	1303771962008	0.5	1.1754	1.1429	0.3722
1217	1303771962023	0.5	1.1754	1.1429	0.3722
1218	1303771962037	0.5	1.1754	1.1429	0.3722
1219	1303771962095	0.5	1.1754	1.1429	0.3722
1220	1303771962151	0.5	1.1754	1.1429	0.3722
1221	1303771962166	0.5	1.1754	1.1429	0.3722
1222	1303771962181	0.5	1.1754	1.1429	0.3722
1223	1303771962196	0.5	1.1754	1.1429	0.3722
1224	1303771962213	0.5	1.1754	1.1429	0.3722
1225	1303771962228	0.5	1.1754	1.1429	0.3722
1226	1303771962288	0.5	1.1754	1.1429	0.3722
1227	1303771962303	0.5	1.1754	1.1429	0.3722
1228	1303771962320	0.5	1.1754	1.1429	0.3722
1229	1303771962335	0.5	1.1754	1.1429	0.3722
1230	1303771962350	0.5	1.1754	1.1429	0.3722
1231	1303771962365	0.5	1.1754	1.1429	0.3722
1232	1303771962381	0.5	1.1754	1.1429	0.3722
1233	1303771962396	0.5	1.1754	1.1429	0.3722
1234	1303771962411	0.5	1.1754	1.1429	0.3722
1235	1303771962426	0.5	1.1754	1.1429	0.3722
1236	1303771962441	0.5	1.1754	1.1429	0.3722
1237	1303771962457	0.5	1.1754	1.1429	0.3722
1238	1303771962472	0.5	1.1754	1.1429	0.3722
1239	1303771962488	0.5	1.1754	1.1429	0.3722
1240	1303771962503	0.5	1.1754	1.1429	0.3722
1241	1303771962520	0.5	1.1754	1.1429	0.3722
1242	1303771962535	0.5	1.1754	1.1429	0.3722
1243	1303771962551	0.5	1.1754	1.1429	0.3722
1244	1303771962566	0.5	1.1754	1.1429	0.3722
1245	1303771962584	0.5	1.1754	1.1429	0.3722
1246	1303771962599	0.5	1.1754	1.1429	0.3722
1247	1303771962615	0.5	1.1754	1.1429	0.3722
1248	1303771962631	0.5	1.1754	1.1429	0.3722
1249	1303771962648	0.5	1.1754	1.1429	0.3722
1250	1303771962664	0.5	1.1754	1.1429	0.3722
1251	1303771962680	0.5	1.1754	1.1429	0.3722
1252	1303771962696	0.5	1.1754	1.1429	0.3722
1253	1303771962714	0.5	1.1754	1.1429	0.3722
1254	1303771962730	0.5	1.1754	1.1429	0.3722
1255	1303771962745	0.5	1.1754	1.1429	0.3722
1256	1303771962801	0.5	1.1754	1.1429	0.3722
1257	1303771962818	0.5	1.1754	1.1429	0.3722
1258	1303771962834	0.5	1.1754	1.1429	0.3722
1259	1303771962890	0.5	1.1754	1.1429	0.3722
1260	1303771962908	0.5	1.1754	1.1429	0.3722
1261	1303771962924	0.5	1.1754	1.1429	0.3722
1262	1303771962940	0.5	1.1754	1.1429	0.3722
1263	1303771962996	0.5	1.1754	1.1429	0.3722
1264	1303771963014	0.5	1.1754	1.1429	0.3722
1265	1303771963030	0.5	1.1754	1.1429	0.3722
1266	1303771963046	0.5	1.1754	1.1429	0.3722
1267	1303771963061	0.5	1.1754	1.1429	0.3722
1268	1303771963078	0.5	1.1754	1.1429	0.3722
1269	1303771963094	0.5	1.1754	1.1429	0.3722
1270	1303771963111	0.5	1.1754	1.1429	0.3722
1271	1303771963127	0.5	1.1754	1.1429	0.3722
1272	1303771963144	0.5	1.1754	1.1429	0.3722
1273	1303771963159	0.5	1.1754	1.1429	0.3722
1274	1303771963176	0.5	1.1754	1.1429	0.3722
1275	1303771963192	0.5	1.1754	1.1429	0.3722
1276	1303771963209	0.5	1.1754	1.1429	0.3722
1277	1303771963225	0.5	1.1754	1.1429	0.3722
1278	1303771963281	0.5	1.1754	1.1429	0.3722
1279	1303771963297	0.5	1.1754	1.1429	0.3722
1280	1303771963314	0.5	1.1754	1.1429	0.3722
1281	1303771963330	0.5	1.1754	1.1429	0.3722
1282	1303771963353	0.5	1.1754	1.1429	0.3722
1283	1303771963368	0.5	1.1754	1.1429	0.3722
1284	1303771963386	0.5	1.1754	1.1429	0.3722
1285	1303771963401	0.5	1.1754	1.1429	0.3722
1286	1303771963417	0.5	1.1754	1.1429	0.3722
1287	1303771963432	0.5	1.1754	1.1429	0.3722
1288	1303771963450	0.5	1.1754	1.1429	0.3722
1289	1303771963466	0.5	1.1754	1.1429	0.3722
1290	1303771963481	0.5	1.1754	1.1429	0.3722
1291	1303771963496	0.5	1.1754	1.1429	0.3722
1292	1303771963514	0.5	1.1754	1.1429	0.3722
1293	1303771963529	0.5	1.1754	1.1429	0.3722
1294	1303771963586	0.5	1.1754	1.1429	0.3722
1295	1303771963601	0.5	1.1754	1.1429	0.3722
1296	1303771963619	0.5	1.1754	1.1429	0.3722
1297	1303771963635	0.5	1.1754	1.1429	0.3722
1298	1303771963650	0.5	1.1754	1.1429	0.3722
1299	1303771963668	0.5	1.1754	1.1429	0.3722
1300	1303771963683	0.5	1.1754	1.1429	0.3722
1301	1303771963699	0.5	1.1754	1.1429	0.3722
1302	1303771963714	0.5	1.1754	1.1429	0.3722
1303	1303771963732	0.5	1.1754	1.1429	0.3722
1304	1303771963748	0.5	1.1754	1.1429	0.3722
1305	1303771963763	0.5	1.1754	1.1429	0.3722
1306	1303771963779	0.5	1.1754	1.1429	0.3722
1307	1303771963796	0.5	1.1754	1.1429	0.3722
1308	1303771963812	0.5	1.1754	1.1429	0.3722
1309	1303771963828	0.5	1.1754	1.1429	0.3722
1310	1303771963843	0.5	1.1754	1.1429	0.3722
1311	1303771963929	0.5	1.1754	1.1429	0.3722
1312	1303771963945	0.5	1.1754	1.1429	0.3722
1313	1303771963960	0.5	1.1754	1.1429	0.3722
1314	1303771963975	0.5	1.1754	1.1429	0.3722
1315	1303771963992	0.5	1.1754	1.1429	0.3722
1316	1303771964008	0.5	1.1754	1.1429	0.3722
1317	1303771964065	0.5	1.1754	1.1429	0.3722
1318	1303771964121	0.5	1.1754	1.1429	0.3722
1319	1303771964139	0.5	1.1754	1.1429	0.3722
1320	1303771964155	0.5	1.1754	1.1429	0.3722
1321	1303771964171	0.5	1.1754	1.1429	0.3722
1322	1303771964187	0.5	1.1754	1.1429	0.3722
1323	1303771964205	0.5	1.1754	1.1429	0.3722
1324	1303771964222	0.5	1.1754	1.1429	0.3722
1325	1303771964238	0.5	1.1754	1.1429	0.3722
1326	1303771964254	0.5	1.1754	1.1429	0.3722
1327	1303771964271	0.5	1.1754	1.1429	0.3722
1328	1303771964287	0.5	1.1754	1.1429	0.3722
1329	1303771964303	0.5	1.1754	1.1429	0.3722
1330	1303771964319	0.5	1.1754	1.1429	0.3722
1331	1303771964337	0.5	1.1754	1.1429	0.3722
1332	1303771964354	0.5	1.1754	1.1429	0.3722
1333	1303771964370	0.5	1.1754	1.1429	0.3722
1334	1303771964387	0.5	1.1754	1.1429	0.3722
1335	1303771964405	0.5	1.1754	1.1429	0.3722
1336	1303771964421	0.5	1.1754	1.1429	0.3722
1337	1303771964437	0.5	1.1754	1.1429	0.3722
1338	1303771964454	0.5	1.1754	1.1429	0.3722
1339	1303771964471	0.5	1.1754	1.1429	0.3722
1340	1303771964528	0.5	1.1754	1.1429	0.3722
1341	1303771964544	0.5	1.1754	1.1429	0.3722
1342	1303771964562	0.5	1.1754	1.1429	0.3722
1343	1303771964578	0.5	1.1754	1.1429	0.3722
1344	1303771964594	0.5	1.1754	1.1429	0.3722
1345	1303771964610	0.5	1.1754	1.1429	0.3722
1346	1303771964628	0.5	1.1754	1.1429	0.3722
1347	1303771964644	0.5	1.1754	1.1429	0.3722
1348	1303771964660	0.5	1.1754	1.1429	0.3722
1349	1303771964677	0.5	1.1754	1.1429	0.3722
1350	1303771964695	0.5	1.1754	1.1429	0.3722
1351	1303771964710	0.5	1.1754	1.1429	0.3722
1352	1303771964726	0.5	1.1754	1.1429	0.3722
1353	1303771964782	0.5	1.1754	1.1429	0.3722
1354	1303771964799	0.5	1.1754	1.1429	0.3722
1355	1303771964816	0.5	1.1754	1.1429	0.3722
1356	1303771964832	0.5	1.1754	1.1429	0.3722
1357	1303771964847	0.5	1.1754	1.1429	0.3722
1358	1303771964864	0.5	1.1754	1.1429	0.3722
1359	1303771964880	0.5	1.1754	1.1429	0.3722
1360	1303771964895	0.5	1.1754	1.1429	0.3722
1361	1303771964911	0.5	1.1754	1.1429	0.3722
1362	1303771964928	0.5	1.1754	1.1429	0.3722
1363	1303771964944	0.5	1.1754	1.1429	0.3722
1364	1303771964959	0.5	1.1754	1.1429	0.3722
1365	1303771964975	0.5	1.1754	1.1429	0.3722
1366	1303771964993	0.5	1.1754	1.1429	0.3722
1367	1303771965008	0.5	1.1754	1.1429	0.3722
1368	1303771965024	0.5	1.1754	1.1429	0.3722
1369	1303771965040	0.5	1.1754	1.1429	0.3722
1370	1303771965058	0.5	1.1754	1.1429	0.3722
1371	1303771965074	0.5	1.1754	1.1429	0.3722
1372	1303771965090	0.5	1.1754	1.1429	0.3722
1373	1303771965106	0.5	1.1754	1.1429	0.3722
1374	1303771965125	0.5	1.1754	1.1429	0.3722
1375	1303771965141	0.5	1.1754	1.1429	0.3722
1376	1303771965158	0.5	1.1754	1.1429	0.3722
1377	1303771965174	0.5	1.1754	1.1429	0.3722
1378	1303771965193	0.5	1.1754	1.1429	0.3722
1379	1303771965210	0.5	1.1754	1.1429	0.3722
1380	1303771965226	0.5	1.1754	1.1429	0.3722
1381	1303771965244	0.5	1.1754	1.1429	0.3722
1382	1303771965260	0.5	1.1754	1.1429	0.3722
1383	1303771965275	0.5	1.1754	1.1429	0.3722
1384	1303771965291	0.5	1.1754	1.1429	0.3722
1385	1303771965309	0.5	1.1754	1.1429	0.3722
1386	1303771965325	0.5	1.1754	1.1429	0.3722
1387	1303771965383	0.5	1.1754	1.1429	0.3722
1388	1303771965400	0.5	1.1754	1.1429	0.3722
1389	1303771965418	0.5	1.1754	1.1429	0.3722
1390	1303771965433	0.5	1.1754	1.1429	0.3722
1391	1303771965449	0.5	1.1754	1.1429	0.3722
1392	1303771965465	0.5	1.1754	1.1429	0.3722
1393	1303771965483	0.5	1.1754	1.1429	0.3722
1394	1303771965500	0.5	1.1754	1.1429	0.3722
1395	1303771965516	0.5	1.1754	1.1429	0.3722
1396	1303771965532	0.5	1.1754	1.1429	0.3722
1397	1303771965549	0.5	1.1754	1.1429	0.3722
1398	1303771965565	0.5	1.1754	1.1429	0.3722
1399	1303771965621	0.5	1.1754	1.1429	0.3722
1400	1303771965636	0.5	1.1754	1.1429	0.3722
1401	1303771965654	0.5	1.1754	1.1429	0.3722
1402	1303771965670	0.5	1.1754	1.1429	0.3722
1403	1303771965686	0.5	1.1754	1.1429	0.3722
1404	1303771965703	0.5	1.1754	1.1429	0.3722
1405	1303771965721	0.5	1.1754	1.1429	0.3722
1406	1303771965737	0.5	1.1754	1.1429	0.3722
1407	1303771965753	0.5	1.1754	1.1429	0.3722
1408	1303771965770	0.5	1.1754	1.1429	0.3722
1409	1303771965788	0.5	1.1754	1.1429	0.3722
1410	1303771965845	0.5	1.1754	1.1429	0.3722
1411	1303771965860	0.5	1.1754	1.1429	0.3722
1412	1303771965878	0.5	1.1754	1.1429	0.3722
1413	1303771965894	0.5	1.1754	1.1429	0.3722
1414	1303771965910	0.5	1.1754	1.1429	0.3722
1415	1303771965925	0.5	1.1754	1.1429	0.3722
1416	1303771965943	0.5	1.1754	1.1429	0.3722
1417	1303771965958	0.5	1.1754	1.1429	0.3722
1418	1303771965974	0.5	1.1754	1.1429	0.3722
1419	1303771965994	0.5	1.1754	1.1429	0.3722
1420	1303771966012	0.5	1.1754	1.1429	0.3722
1421	1303771966027	0.5	1.1754	1.1429	0.3722
1422	1303771966043	0.5	1.1745	1.1429	0.3725
1423	1303771966059	0.5	1.1739	1.1429	0.3727
1424	1303771966076	0.5	1.1739	1.1429	0.3727
1425	1303771966133	0.5	1.1739	1.1429	0.3727
1426	1303771966149	0.5	1.1739	1.1429	0.3727
1427	1303771966164	0.5	1.1739	1.1429	0.3727
1428	1303771966182	0.5	1.1739	1.1429	0.3727
1429	1303771966197	0.5	1.1739	1.1429	0.3727
1430	1303771966212	0.5	1.1739	1.1429	0.3727
1431	1303771966268	0.5	1.1739	1.1429	0.3727
1432	1303771966283	0.5	1.1739	1.1429	0.3727
1433	1303771966300	0.5	1.1739	1.1429	0.3727
1434	1303771966315	0.5	1.1739	1.1429	0.3727
1435	1303771966330	0.5	1.1739	1.1429	0.3727
1436	1303771966345	0.5	1.1739	1.1429	0.3727
1437	1303771966362	0.5	1.1739	1.1429	0.3727
1438	1303771966376	0.5	1.1739	1.1429	0.3727
1439	1303771966392	0.5	1.1739	1.1429	0.3727
1440	1303771966406	0.5	1.1739	1.1429	0.3727
1441	1303771966423	0.5	1.1739	1.1429	0.3727
1442	1303771966438	0.5	1.1739	1.1429	0.3727
1443	1303771966453	0.5	1.1739	1.1429	0.3727
1444	1303771966468	0.5	1.1739	1.1429	0.3727
1445	1303771966524	0.5	1.1739	1.1429	0.3727
1446	1303771966541	0.5	1.1739	1.1429	0.3727
1447	1303771966556	0.5	1.1739	1.1429	0.3727
1448	1303771966571	0.5	1.1739	1.1429	0.3727
1449	1303771966586	0.5	1.1739	1.1429	0.3727
1450	1303771966603	0.5	1.1739	1.1429	0.3727
1451	1303771966618	0.5	1.1739	1.1429	0.3727
1452	1303771966633	0.5	1.1739	1.1429	0.3727
1453	1303771966648	0.5	1.1739	1.1429	0.3727
1454	1303771966663	0.5	1.1739	1.1429	0.3727
1455	1303771966680	0.5	1.1739	1.1429	0.3727
1456	1303771966694	0.5	1.1739	1.1429	0.3727
1457	1303771966709	0.5	1.1739	1.1429	0.3727
1458	1303771966724	0.5	1.1739	1.1429	0.3727
1459	1303771966741	0.5	1.1739	1.1429	0.3727
1460	1303771966756	0.5	1.1739	1.1429	0.3727
1461	1303771966813	0.5	1.1739	1.1429	0.3727
1462	1303771966828	0.5	1.1739	1.1429	0.3727
1463	1303771966845	0.5	1.1739	1.1429	0.3727
1464	1303771966861	0.5	1.1739	1.1429	0.3727
1465	1303771966877	0.5	1.1739	1.1429	0.3727
1466	1303771966892	0.5	1.1739	1.1429	0.3727
1467	1303771966908	0.5	1.1739	1.1429	0.3727
1468	1303771966925	0.5	1.1739	1.1429	0.3727
1469	1303771966940	0.5	1.1739	1.1429	0.3727
1470	1303771966956	0.5	1.1739	1.1429	0.3727
1471	1303771967012	0.5	1.1739	1.1429	0.3727
1472	1303771967029	0.5	1.1739	1.1429	0.3727
1473	1303771967044	0.5	1.1739	1.1429	0.3727
1474	1303771967060	0.5	1.1739	1.1429	0.3727
1475	1303771967076	0.5	1.1739	1.1429	0.3727
1476	1303771967091	0.5	1.1739	1.1429	0.3727
1477	1303771967107	0.5	1.1739	1.1429	0.3727
1478	1303771967122	0.5	1.1739	1.1429	0.3727
1479	1303771967137	0.5	1.1739	1.1429	0.3727
1480	1303771967152	0.5	1.1739	1.1429	0.3727
1481	1303771967170	0.5	1.1739	1.1429	0.3727
1482	1303771967185	0.5	1.1739	1.1429	0.3727
1483	1303771967201	0.5	1.174	1.1429	0.3727
1484	1303771967257	0.5	1.174	1.1429	0.3727
1485	1303771967275	0.5	1.174	1.1429	0.3727
1486	1303771967290	0.5	1.174	1.1429	0.3727
1487	1303771967305	0.5	1.174	1.1429	0.3727
1488	1303771967321	0.5	1.174	1.1429	0.3727
1489	1303771967337	0.5	1.174	1.1429	0.3727
1490	1303771967353	0.5	1.174	1.1429	0.3727
1491	1303771967368	0.5	1.174	1.1429	0.3727
1492	1303771967383	0.5	1.174	1.1429	0.3727
1493	1303771967398	0.5	1.174	1.1429	0.3727
1494	1303771967415	0.5	1.174	1.1429	0.3727
1495	1303771967430	0.5	1.174	1.1429	0.3727
1496	1303771967445	0.5	1.174	1.1429	0.3727
1497	1303771967461	0.5	1.174	1.1429	0.3727
1498	1303771967520	0.5	1.174	1.1429	0.3727
1499	1303771967534	0.5	1.174	1.1429	0.3727
1500	1303771967550	0.5	1.174	1.1429	0.3727
1501	1303771967566	0.5	1.174	1.1429	0.3727
1502	1303771967581	0.5	1.174	1.1429	0.3727
1503	1303771967598	0.5	1.174	1.1429	0.3727
1504	1303771967613	0.5	1.174	1.1429	0.3727
1505	1303771967628	0.5	1.174	1.1429	0.3727
1506	1303771967643	0.5	1.174	1.1429	0.3727
1507	1303771967660	0.5	1.174	1.1429	0.3727
1508	1303771967675	0.5	1.174	1.1429	0.3727
1509	1303771967690	0.5	1.174	1.1429	0.3727
1510	1303771967705	0.5	1.174	1.1429	0.3727
1511	1303771967720	0.5	1.174	1.1429	0.3727
1512	1303771967736	0.5	1.174	1.1429	0.3727
1513	1303771967751	0.5	1.174	1.1429	0.3727
1514	1303771967766	0.5	1.174	1.1429	0.3727
1515	1303771967822	0.5	1.174	1.1429	0.3727
1516	1303771967879	0.5	1.174	1.1429	0.3727
1517	1303771967895	0.5	1.174	1.1429	0.3727
1518	1303771967910	0.5	1.174	1.1429	0.3727
1519	1303771967925	0.5	1.174	1.1429	0.3727
1520	1303771967943	0.5	1.174	1.1429	0.3727
1521	1303771967958	0.5	1.174	1.1429	0.3727
1522	1303771967972	0.5	1.174	1.1429	0.3727
1523	1303771967987	0.5	1.174	1.1429	0.3727
1524	1303771968003	0.5	1.174	1.1429	0.3727
1525	1303771968021	0.5	1.174	1.1429	0.3727
1526	1303771968036	0.5	1.174	1.1429	0.3727
1527	1303771968052	0.5	1.174	1.1429	0.3727
1528	1303771968067	0.5	1.174	1.1429	0.3727
1529	1303771968084	0.5	1.174	1.1429	0.3727
1530	1303771968099	0.5	1.174	1.1429	0.3727
1531	1303771968115	0.5	1.174	1.1429	0.3727
1532	1303771968130	0.5	1.174	1.1429	0.3727
1533	1303771968145	0.5	1.174	1.1429	0.3727
1534	1303771968162	0.5	1.174	1.1429	0.3727
1535	1303771968217	0.5	1.174	1.1429	0.3727
1536	1303771968232	0.5	1.174	1.1429	0.3727
1537	1303771968247	0.5	1.174	1.1429	0.3727
1538	1303771968263	0.5	1.174	1.1429	0.3727
1539	1303771968278	0.5	1.174	1.1429	0.3727
1540	1303771968293	0.5	1.174	1.1429	0.3727
1541	1303771968309	0.5	1.174	1.1429	0.3727
1542	1303771968326	0.5	1.174	1.1429	0.3727
1543	1303771968342	0.5	1.174	1.1429	0.3727
1544	1303771968357	0.5	1.174	1.1429	0.3727
1545	1303771968417	0.5	1.174	1.1429	0.3727
1546	1303771968435	0.5	1.174	1.1429	0.3727
1547	1303771968450	0.5	1.174	1.1429	0.3727
1548	1303771968505	0.5	1.174	1.1429	0.3727
1549	1303771968520	0.5	1.174	1.1429	0.3727
1550	1303771968535	0.5	1.174	1.1429	0.3727
1551	1303771968552	0.5	1.174	1.1429	0.3727
1552	1303771968567	0.5	1.174	1.1429	0.3727
1553	1303771968583	0.5	1.174	1.1429	0.3727
1554	1303771968598	0.5	1.174	1.1429	0.3727
1555	1303771968614	0.5	1.174	1.1429	0.3727
1556	1303771968629	0.5	1.174	1.1429	0.3727
1557	1303771968644	0.5	1.174	1.1429	0.3727
1558	1303771968659	0.5	1.174	1.1429	0.3727
1559	1303771968674	0.5	1.174	1.1429	0.3727
1560	1303771968691	0.5	1.174	1.1429	0.3727
1561	1303771968707	0.5	1.174	1.1429	0.3727
1562	1303771968722	0.5	1.174	1.1429	0.3727
1563	1303771968737	0.5	1.174	1.1429	0.3727
1564	1303771968754	0.5	1.174	1.1429	0.3727
1565	1303771968769	0.5	1.174	1.1429	0.3727
1566	1303771968825	0.5	1.174	1.1429	0.3727
1567	1303771968839	0.5	1.174	1.1429	0.3727
1568	1303771968856	0.5	1.174	1.1429	0.3727
1569	1303771968871	0.5	1.174	1.1429	0.3727
1570	1303771968886	0.5	1.174	1.1429	0.3727
1571	1303771968901	0.5	1.174	1.1429	0.3727
1572	1303771968916	0.5	1.174	1.1429	0.3727
1573	1303771968933	0.5	1.174	1.1429	0.3727
1574	1303771968988	0.5	1.174	1.1429	0.3727
1575	1303771969003	0.5	1.174	1.1429	0.3727
1576	1303771969018	0.5	1.174	1.1429	0.3727
1577	1303771969035	0.5	1.174	1.1429	0.3727
1578	1303771969090	0.5	1.174	1.1429	0.3727
1579	1303771969105	0.5	1.174	1.1429	0.3727
1580	1303771969120	0.5	1.174	1.1429	0.3727
1581	1303771969137	0.5	1.174	1.1429	0.3727
1582	1303771969152	0.5	1.174	1.1429	0.3727
1583	1303771969167	0.5	1.174	1.1429	0.3727
1584	1303771969182	0.5	1.174	1.1429	0.3727
1585	1303771969197	0.5	1.174	1.1429	0.3727
1586	1303771969214	0.5	1.174	1.1429	0.3727
1587	1303771969229	0.5	1.174	1.1429	0.3727
1588	1303771969244	0.5	1.174	1.1429	0.3727
1589	1303771969260	0.5	1.174	1.1429	0.3727
1590	1303771969277	0.5	1.174	1.1429	0.3727
1591	1303771969292	0.5	1.174	1.1429	0.3727
1592	1303771969307	0.5	1.174	1.1429	0.3727
1593	1303771969323	0.5	1.174	1.1429	0.3727
1594	1303771969338	0.5	1.174	1.1429	0.3727
1595	1303771969355	0.5	1.174	1.1429	0.3727
1596	1303771969371	0.5	1.174	1.1429	0.3727
1597	1303771969387	0.5	1.174	1.1429	0.3727
1598	1303771969402	0.5	1.174	1.1429	0.3727
1599	1303771969419	0.5	1.174	1.1429	0.3727
1600	1303771969434	0.5	1.174	1.1429	0.3727
1601	1303771969449	0.5	1.174	1.1429	0.3727
1602	1303771969464	0.5	1.174	1.1429	0.3727
1603	1303771969479	0.5	1.174	1.1429	0.3727
1604	1303771969497	0.5	1.174	1.1429	0.3727
1605	1303771969512	0.5	1.174	1.1429	0.3727
1606	1303771969527	0.5	1.174	1.1429	0.3727
1607	1303771969543	0.5	1.174	1.1429	0.3727
1608	1303771969601	0.5	1.174	1.1429	0.3727
1609	1303771969616	0.5	1.174	1.1429	0.3727
1610	1303771969631	0.5	1.174	1.1429	0.3727
1611	1303771969647	0.5	1.174	1.1429	0.3727
1612	1303771969664	0.5	1.174	1.1429	0.3727
1613	1303771969682	0.5	1.174	1.1429	0.3727
1614	1303771969696	0.5	1.174	1.1429	0.3727
1615	1303771969712	0.5	1.174	1.1429	0.3727
1616	1303771969768	0.5	1.174	1.1429	0.3727
1617	1303771969786	0.5	1.174	1.1429	0.3727
1618	1303771969801	0.5	1.174	1.1429	0.3727
1619	1303771969817	0.5	1.174	1.1429	0.3727
1620	1303771969832	0.5	1.174	1.1429	0.3727
1621	1303771969850	0.5	1.174	1.1429	0.3727
1622	1303771969865	0.5	1.174	1.1429	0.3727
1623	1303771969881	0.5	1.174	1.1429	0.3727
1624	1303771969897	0.5	1.174	1.1429	0.3727
1625	1303771969912	0.5	1.174	1.1429	0.3727
1626	1303771969930	0.5	1.174	1.1429	0.3727
1627	1303771969945	0.5	1.174	1.1429	0.3727
1628	1303771969960	0.5	1.174	1.1429	0.3727
1629	1303771969975	0.5	1.174	1.1429	0.3727
1630	1303771970032	0.5	1.174	1.1429	0.3727
1631	1303771970048	0.5	1.174	1.1429	0.3727
1632	1303771970063	0.5	1.174	1.1429	0.3727
1633	1303771970079	0.5	1.174	1.1429	0.3727
1634	1303771970096	0.5	1.174	1.1429	0.3727
1635	1303771970111	0.5	1.174	1.1429	0.3727
1636	1303771970126	0.5	1.174	1.1429	0.3727
1637	1303771970142	0.5	1.174	1.1429	0.3727
1638	1303771970156	0.5	1.174	1.1429	0.3727
1639	1303771970173	0.5	1.174	1.1429	0.3727
1640	1303771970188	0.5	1.174	1.1429	0.3727
1641	1303771970244	0.5	1.174	1.1429	0.3727
1642	1303771970259	0.5	1.174	1.1429	0.3727
1643	1303771970276	0.5	1.174	1.1429	0.3727
1644	1303771970291	0.5	1.174	1.1429	0.3727
1645	1303771970306	0.5	1.174	1.1429	0.3727
1646	1303771970321	0.5	1.174	1.1429	0.3727
1647	1303771970336	0.5	1.174	1.1429	0.3727
1648	1303771970353	0.5	1.174	1.1429	0.3727
1649	1303771970367	0.5	1.174	1.1429	0.3727
1650	1303771970423	0.5	1.174	1.1429	0.3727
1651	1303771970479	0.5	1.174	1.1429	0.3727
1652	1303771970496	0.5	1.174	1.1429	0.3727
1653	1303771970511	0.5	1.174	1.1429	0.3727
1654	1303771970526	0.5	1.174	1.1429	0.3727
1655	1303771970581	0.5	1.174	1.1429	0.3727
1656	1303771970598	0.5	1.174	1.1429	0.3727
1657	1303771970614	0.5	1.174	1.1429	0.3727
1658	1303771970630	0.5	1.174	1.1429	0.3727
1659	1303771970645	0.5	1.174	1.1429	0.3727
1660	1303771970659	0.5	1.174	1.1429	0.3727
1661	1303771970676	0.5	1.174	1.1429	0.3727
1662	1303771970691	0.5	1.174	1.1429	0.3727
1663	1303771970706	0.5	1.174	1.1429	0.3727
1664	1303771970722	0.5	1.174	1.1429	0.3727
1665	1303771970739	0.5	1.174	1.1429	0.3727
1666	1303771970755	0.5	1.174	1.1429	0.3727
1667	1303771970770	0.5	1.1739	1.1429	0.3727
1668	1303771970785	0.5	1.1739	1.1429	0.3727
1669	1303771970802	0.5	1.1739	1.1429	0.3727
1670	1303771970817	0.5	1.1739	1.1429	0.3727
1671	1303771970833	0.5	1.1739	1.1429	0.3727
1672	1303771970848	0.5	1.1739	1.1429	0.3727
1673	1303771970863	0.5	1.1739	1.1429	0.3727
1674	1303771970881	0.5	1.1739	1.1429	0.3727
1675	1303771970896	0.5	1.1739	1.1429	0.3727
1676	1303771970912	0.5	1.1739	1.1429	0.3727
1677	1303771970928	0.5	1.1739	1.1429	0.3727
1678	1303771970945	0.5	1.1739	1.1429	0.3727
1679	1303771970959	0.5	1.1739	1.1429	0.3727
1680	1303771970975	0.5	1.1739	1.1429	0.3727
1681	1303771970991	0.5	1.1739	1.1429	0.3727
1682	1303771971006	0.5	1.1739	1.1429	0.3727
1683	1303771971024	0.5	1.1739	1.1429	0.3727
1684	1303771971039	0.5	1.1739	1.1429	0.3727
1685	1303771971055	0.5	1.1739	1.1429	0.3727
1686	1303771971111	0.5	1.1739	1.1429	0.3727
1687	1303771971128	0.5	1.1739	1.1429	0.3727
1688	1303771971143	0.5	1.1739	1.1429	0.3727
1689	1303771971158	0.5	1.1739	1.1429	0.3727
1690	1303771971173	0.5	1.1739	1.1429	0.3727
1691	1303771971190	0.5	1.1739	1.1429	0.3727
1692	1303771971206	0.5	1.1739	1.1429	0.3727
1693	1303771971220	0.5	1.1739	1.1429	0.3727
1694	1303771971235	0.5	1.1739	1.1429	0.3727
1695	1303771971290	0.5	1.1739	1.1429	0.3727
1696	1303771971308	0.5	1.1739	1.1429	0.3727
1697	1303771971323	0.5	1.1739	1.1429	0.3727
1698	1303771971338	0.5	1.1739	1.1429	0.3727
1699	1303771971352	0.5	1.1739	1.1429	0.3727
1700	1303771971370	0.5	1.1739	1.1429	0.3727
1701	1303771971385	0.5	1.1739	1.1429	0.3727
1702	1303771971400	0.5	1.1739	1.1429	0.3727
1703	1303771971456	0.5	1.1739	1.1429	0.3727
1704	1303771971473	0.5	1.1739	1.1429	0.3727
1705	1303771971488	0.5	1.1739	1.1429	0.3727
1706	1303771971545	0.5	1.1739	1.1429	0.3727
1707	1303771971560	0.5	1.1739	1.1429	0.3727
1708	1303771971575	0.5	1.1739	1.1429	0.3727
1709	1303771971593	0.5	1.1739	1.1429	0.3727
1710	1303771971650	0.5	1.1739	1.1429	0.3727
1711	1303771971705	0.5	1.1739	1.1429	0.3727
1712	1303771971720	0.5	1.1739	1.1429	0.3727
1713	1303771971737	0.5	1.1739	1.1429	0.3727
1714	1303771971793	0.5	1.1739	1.1429	0.3727
1715	1303771971808	0.5	1.1739	1.1429	0.3727
1716	1303771971823	0.5	1.1739	1.1429	0.3727
1717	1303771971841	0.5	1.1739	1.1429	0.3727
1718	1303771971856	0.5	1.1739	1.1429	0.3727
1719	1303771971871	0.5	1.1739	1.1429	0.3727
1720	1303771971886	0.5	1.1739	1.1429	0.3727
1721	1303771971903	0.5	1.1739	1.1429	0.3727
1722	1303771971918	0.5	1.1739	1.1429	0.3727
1723	1303771971933	0.5	1.1739	1.1429	0.3727
1724	1303771971948	0.5	1.1739	1.1429	0.3727
1725	1303771971963	0.5	1.1739	1.1429	0.3727
1726	1303771971980	0.5	1.1739	1.1429	0.3727
1727	1303771971995	0.5	1.1739	1.1429	0.3727
1728	1303771972010	0.5	1.1739	1.1429	0.3727
1729	1303771972026	0.5	1.1739	1.1429	0.3727
1730	1303771972044	0.5	1.1739	1.1429	0.3727
1731	1303771972059	0.5	1.1739	1.1429	0.3727
1732	1303771972075	0.5	1.1739	1.1429	0.3727
1733	1303771972090	0.5	1.1739	1.1429	0.3727
1734	1303771972108	0.5	1.1739	1.1429	0.3727
1735	1303771972123	0.5	1.1739	1.1429	0.3727
1736	1303771972138	0.5	1.1739	1.1429	0.3727
1737	1303771972154	0.5	1.1739	1.1429	0.3727
1738	1303771972170	0.5	1.1739	1.1429	0.3727
1739	1303771972187	0.5	1.1739	1.1429	0.3727
1740	1303771972202	0.5	1.1739	1.1429	0.3727
1741	1303771972217	0.5	1.1739	1.1429	0.3727
1742	1303771972233	0.5	1.1739	1.1429	0.3727
1743	1303771972295	0.5	1.1739	1.1429	0.3727
1744	1303771972310	0.5	1.1739	1.1429	0.3727
1745	1303771972325	0.5	1.1739	1.1429	0.3727
1746	1303771972340	0.5	1.1739	1.1429	0.3727
1747	1303771972357	0.5	1.1739	1.1429	0.3727
1748	1303771972372	0.5	1.1739	1.1429	0.3727
1749	1303771972432	0.5	1.1739	1.1429	0.3727
1750	1303771972448	0.5	1.1739	1.1429	0.3727
1751	1303771972465	0.5	1.1739	1.1429	0.3727
1752	1303771972480	0.5	1.1739	1.1429	0.3727
1753	1303771972496	0.5	1.1739	1.1429	0.3727
1754	1303771972511	0.5	1.1739	1.1429	0.3727
1755	1303771972526	0.5	1.1739	1.1429	0.3727
1756	1303771972543	0.5	1.1739	1.1429	0.3727
1757	1303771972559	0.5	1.1739	1.1429	0.3727
1758	1303771972573	0.5	1.1739	1.1429	0.3727
1759	1303771972588	0.5	1.1739	1.1429	0.3727
1760	1303771972605	0.5	1.1739	1.1429	0.3727
1761	1303771972620	0.5	1.1739	1.1429	0.3727
1762	1303771972635	0.5	1.1739	1.1429	0.3727
1763	1303771972651	0.5	1.1739	1.1429	0.3727
1764	1303771972666	0.5	1.1739	1.1429	0.3727
1765	1303771972684	0.5	1.1739	1.1429	0.3727
1766	1303771972699	0.5	1.1739	1.1429	0.3727
1767	1303771972714	0.5	1.1739	1.1429	0.3727
1768	1303771972836	0.5	1.1739	1.1429	0.3727
1769	1303771973143	0.5	1.1739	1.1429	0.3727
1770	1303771973200	0.5	1.1739	1.1429	0.3727
1771	1303771973256	0.5	1.1739	1.1429	0.3727
1772	1303771973272	0.5	1.1739	1.1429	0.3727
1773	1303771973290	0.5	1.1739	1.1429	0.3727
1774	1303771973346	0.5	1.1739	1.1429	0.3727
1775	1303771973361	0.5	1.1739	1.1429	0.3727
1776	1303771973376	0.5	1.1739	1.1429	0.3727
1777	1303771973394	0.5	1.1739	1.1429	0.3727
1778	1303771973410	0.5	1.1739	1.1429	0.3727
1779	1303771973425	0.5	1.1739	1.1429	0.3727
1780	1303771973484	0.5	1.1739	1.1429	0.3727
1781	1303771973502	0.5	1.1739	1.1429	0.3727
1782	1303771973517	0.5	1.1739	1.1429	0.3727
1783	1303771973531	0.5	1.1739	1.1429	0.3727
1784	1303771973546	0.5	1.1739	1.1429	0.3727
1785	1303771973561	0.5	1.1739	1.1429	0.3727
1786	1303771973578	0.5	1.1739	1.1429	0.3727
1787	1303771973594	0.5	1.1739	1.1429	0.3727
1788	1303771973609	0.5	1.1739	1.1429	0.3727
1789	1303771973666	0.5	1.1739	1.1429	0.3727
1790	1303771973683	0.5	1.1739	1.1429	0.3727
1791	1303771973699	0.5	1.1738	1.1429	0.3727
1792	1303771973715	0.5	1.1738	1.1429	0.3727
1793	1303771973731	0.5	1.1738	1.1429	0.3727
1794	1303771973749	0.5	1.1738	1.1429	0.3727
1795	1303771973765	0.5	1.1738	1.1429	0.3727
1796	1303771973781	0.5	1.1738	1.1429	0.3727
1797	1303771973796	0.5	1.1738	1.1429	0.3727
1798	1303771973814	0.5	1.1738	1.1429	0.3727
1799	1303771973870	0.5	1.1738	1.1429	0.3727
1800	1303771973885	0.5	1.1738	1.1429	0.3727
