0	1303770709229	0	0	0	0
1	1303770709238	0	0	0	0
2	1303770709247	0	0	0	0
3	1303770709256	0	0	0	0
4	1303770709265	0	0	0	0
5	1303770709274	0	0	0	0
6	1303770709327	0	0	0	0
7	1303770709337	0	0	0	0
8	1303770709347	0	0	0	0
9	1303770709359	0	0	0	0
10	1303770709370	0	0	0	0
11	1303770709382	0	0	0	0
12	1303770709393	0	0	0	0
13	1303770709405	0	0	0	0
14	1303770709457	0	0	0	0
15	1303770709468	0	0	0	0
16	1303770709481	0	0	0	0
17	1303770709492	0	0	0	0
18	1303770709503	0	0	0	0
19	1303770709516	0	0	0	0
20	1303770709527	0	0	0	0
21	1303770709580	0	0	0	0
22	1303770709592	0	0	0	0
23	1303770709605	0	0	0	0
24	1303770709657	0	0	0	0
25	1303770709669	0	0	0	0
26	1303770709682	0	0	0	0
27	1303770709694	0	0	0	0
28	1303770709708	0	0	0	0
29	1303770709720	0	0	0	0
30	1303770709734	0	0	0	0
31	1303770709746	0	0	0	0
32	1303770709758	0	0	0	0
33	1303770709772	0	0	0	0
34	1303770709784	0	0	0	0
35	1303770709797	0	0	0	0
36	1303770709809	0	0	0	0
37	1303770709864	0	0	0	0
38	1303770709876	0	0	0	0
39	1303770709888	0	0	0	0
40	1303770709943	0	0	0	0
41	1303770709955	0	0	0	0
42	1303770709969	0	0	0	0
43	1303770709982	0	0	0	0
44	1303770709996	0	0	0	0
45	1303770710009	0	0	0	0
46	1303770710023	0	0	0	0
47	1303770710035	0	0	0	0
48	1303770710048	0	0	0	0
49	1303770710062	0	0	0	0
50	1303770710075	0	0	0	0
51	1303770710089	0	0	0	0
52	1303770710103	0	0	0	0
53	1303770710117	0	0	0	0
54	1303770710130	0	0	0	0
55	1303770710145	0	0	0	0
56	1303770710159	0	0	0	0
57	1303770710173	0	0	0	0
58	1303770710187	0	0	0	0
59	1303770710202	0	0	0	0
60	1303770710216	0	0	0	0
61	1303770710231	0	0	0	0
62	1303770710245	0	0	0	0
63	1303770710300	0	0	0	0
64	1303770710314	0	0	0	0
65	1303770710330	0	0	0	0
66	1303770710345	0	0	0	0
67	1303770710359	0	0	0	0
68	1303770710373	0	0	0	0
69	1303770710388	0	0	0	0
70	1303770710402	0	0	0	0
71	1303770710417	0	0	0	0
72	1303770710430	0	0	0	0
73	1303770710445	0	0	0	0
74	1303770710500	0	0	0	0
75	1303770710515	0	0	0	0
76	1303770710570	0	0	0	0
77	1303770710585	0	0	0	0
78	1303770710600	0	0	0	0
79	1303770710616	0	0	0	0
80	1303770710630	0	0	0	0
81	1303770710686	0	0	0	0
82	1303770710702	0	0	0	0
83	1303770710716	0	0	0	0
84	1303770710732	0	0	0	0
85	1303770710747	0	0	0	0
86	1303770710763	0	0	0	0
87	1303770710778	0	0	0	0
88	1303770710794	0	0	0	0
89	1303770710809	0	0	0	0
90	1303770710825	0	0	0	0
91	1303770710840	0	0	0	0
92	1303770710856	0	0	0	0
93	1303770710872	0	0	0	0
94	1303770710887	0	0	0	0
95	1303770710903	0	0	0	0
96	1303770710918	0	0	0	0
97	1303770710934	0	0	0	0
98	1303770710949	0	0	0	0
99	1303770710965	0	0	0	0
100	1303770710980	0	0	0	0
101	1303770710996	0	0	0	0
102	1303770711052	0	0	0	0
103	1303770711068	0	0	0	0
104	1303770711084	0	0	0	0
105	1303770711139	0	0	0	0
106	1303770711195	0	0	0	0
107	1303770711210	0	0	0	0
108	1303770711227	0	0	0	0
109	1303770711243	0	0	0	0
110	1303770711258	0	0	0	0
111	1303770711275	0	0	0	0
112	1303770711290	0	0	0	0
113	1303770711346	0	0	0	0
114	1303770711361	0	0	0	0
115	1303770711378	0	0	0	0
116	1303770711393	0	0	0	0
117	1303770711409	0	0	0	0
118	1303770711425	0	0	0	0
119	1303770711440	0	0	0	0
120	1303770711457	0	0	0	0
121	1303770711472	0	0	0	0
122	1303770711488	0	0	0	0
123	1303770711504	0	0	0	0
124	1303770711520	0	0	0	0
125	1303770711536	0	0	0	0
126	1303770711552	0	0	0	0
127	1303770711569	0	0	0	0
128	1303770711584	0	0	0	0
129	1303770711601	0	0	0	0
130	1303770711617	0	0	0	0
131	1303770711634	0	0	0	0
132	1303770711650	0	0	0	0
133	1303770711666	0	0	0	0
134	1303770711683	0	0	0	0
135	1303770711698	0	0	0	0
136	1303770711714	0	0	0	0
137	1303770711771	0	0	0	0
138	1303770711787	0	0	0	0
139	1303770711804	1	0	0	0
140	1303770711827	1	0	0	0
141	1303770711860	1	1.1941	0	0
142	1303770711928	1	1.1723	0	0
143	1303770711951	1	1.1723	0	0
144	1303770711970	1	1.1723	0	0
145	1303770711988	1	1.1723	0	0
146	1303770712004	1	1.1723	1.5	0.5687
147	1303770712021	1	1.1723	1.5	0.5687
148	1303770712037	1	1.1723	1.5	0.5687
149	1303770712054	1	1.1723	1.5	0.5687
150	1303770712070	1	1.1723	1.5	0.5687
151	1303770712086	1	1.1723	1.5	0.5687
152	1303770712103	1	1.1723	1.5	0.5687
153	1303770712119	1	1.1723	1.5	0.5687
154	1303770712136	1	1.1723	1.5	0.5687
155	1303770712153	1	1.1723	1.5	0.5687
156	1303770712169	1	1.1723	1.5	0.5687
157	1303770712186	1	1.1723	1.5	0.5687
158	1303770712202	1	1.1723	1.5	0.5687
159	1303770712219	1	1.1723	1.5	0.5687
160	1303770712235	1	1.1723	1.5	0.5687
161	1303770712252	1	1.1723	1.5	0.5687
162	1303770712268	1	1.1723	1.5	0.5687
163	1303770712284	1	1.1723	1.5	0.5687
164	1303770712301	1	1.1723	1.4	0.6093
165	1303770712359	1	1.1723	1.5	0.5687
166	1303770712375	1	1.1723	1.3333	0.6397
167	1303770712431	1	1.1723	1.3333	0.6397
168	1303770712449	1	1.1723	1.2857	0.6634
169	1303770712465	1	1.1723	1.3571	0.6285
170	1303770712482	1	1.1723	1.2143	0.7025
171	1303770712499	1	1.1723	1.2143	0.7025
172	1303770712516	1	1.1723	1.25	0.6824
173	1303770712533	1	1.1723	1.2143	0.7025
174	1303770712589	1	1.1723	1.2857	0.6634
175	1303770712646	1	1.1723	1.25	0.6824
176	1303770712664	1	1.1723	1.2143	0.7025
177	1303770712680	1	1.1723	1.1875	0.7183
178	1303770712697	1	1.1723	1.1875	0.7183
179	1303770712714	1	1.1723	1.1429	0.7464
180	1303770712730	1	1.1723	1.1429	0.7464
181	1303770712747	1	1.1723	1.1875	0.7183
182	1303770712763	1	1.1723	1.2222	0.6979
183	1303770712820	1	1.1723	1.1111	0.7677
184	1303770712837	1	1.1723	1.125	0.7582
185	1303770712894	1	1.1723	1.1111	0.7677
186	1303770712910	1	1.1723	1.0556	0.8081
187	1303770712927	1	1.1723	1.1111	0.7677
188	1303770712943	1	1.1723	1.1111	0.7677
189	1303770712960	1	1.1723	1.1111	0.7677
190	1303770712977	1	1.1723	1.1111	0.7677
191	1303770712993	1	1.1723	1.1111	0.7677
192	1303770713009	1	1.1723	1.1111	0.7677
193	1303770713065	1	1.1723	1.1111	0.7677
194	1303770713083	1	1.1723	1.1111	0.7677
195	1303770713100	1	1.1723	1.1111	0.7677
196	1303770713116	1	1.1723	1.1111	0.7677
197	1303770713133	1	1.1723	1.1111	0.7677
198	1303770713150	1	1.1723	1.1111	0.7677
199	1303770713165	1	1.1723	1.1111	0.7677
200	1303770713182	1	1.1723	1.1111	0.7677
201	1303770713198	1	1.1723	1.1111	0.7677
202	1303770713215	1	1.0935	1.1111	0.823
203	1303770713235	1	1.1746	1.1111	0.7662
204	1303770713253	1	1.1746	1.1111	0.7662
205	1303770713271	1	1.1746	1.1111	0.7662
206	1303770713288	1	1.1746	1.1111	0.7662
207	1303770713304	1	1.1746	1.1	0.7739
208	1303770713321	1	1.1746	1.1	0.7739
209	1303770713338	1	1.1746	1.0556	0.8065
210	1303770713393	1	1.1746	1.1	0.7739
211	1303770713410	1	1.1746	1.1	0.7739
212	1303770713426	1	1.1746	1.1	0.7739
213	1303770713443	1	1.1746	1.1	0.7739
214	1303770713459	1	1.1746	1.1	0.7739
215	1303770713474	1	1.1746	1.1	0.7739
216	1303770713491	1	1.1746	1.1	0.7739
217	1303770713507	1	1.1746	1.1	0.7739
218	1303770713523	1	1.1746	1.1	0.7739
219	1303770713540	1	1.1746	1.1	0.7739
220	1303770713555	1	1.1746	1.1	0.7739
221	1303770713572	1	1.1746	1.1	0.7739
222	1303770713587	1	1.1746	1.1	0.7739
223	1303770713604	1	1.1746	1.1	0.7739
224	1303770713620	1	1.1746	1.1	0.7739
225	1303770713636	1	1.1746	1.1	0.7739
226	1303770713653	1	1.1746	1.1	0.7739
227	1303770713709	1	1.1746	1.1	0.7739
228	1303770713725	1	1.1746	1.1	0.7739
229	1303770713742	1	1.1746	1.1	0.7739
230	1303770713758	1	1.1746	1.1	0.7739
231	1303770713775	1	1.1746	1.1	0.7739
232	1303770713792	1	1.1746	1.1	0.7739
233	1303770713807	1	1.1746	1.1	0.7739
234	1303770713824	1	1.1746	1.1	0.7739
235	1303770713840	1	1.1746	1.1	0.7739
236	1303770713857	1	1.1746	1.1	0.7739
237	1303770713874	1	1.1746	1.1	0.7739
238	1303770713889	1	1.1746	1.1	0.7739
239	1303770713906	1	1.1746	1.1364	0.7492
240	1303770713922	1	1.1746	1.1	0.7739
241	1303770713938	1	1.1746	1.0909	0.7804
242	1303770713955	1	1.1746	1.1	0.7739
243	1303770713970	1	1.1746	1.0909	0.7804
244	1303770713987	1	1.1746	1.0909	0.7804
245	1303770714003	1	1.1746	1.0909	0.7804
246	1303770714020	1	1.1746	1.0455	0.8143
247	1303770714036	1	1.1746	1.0909	0.7804
248	1303770714052	1	1.1746	1.0909	0.7804
249	1303770714068	1	1.1746	1.0909	0.7804
250	1303770714084	1	1.1746	1.0909	0.7804
251	1303770714101	1	1.1746	1.0909	0.7804
252	1303770714158	1	1.1746	1.0909	0.7804
253	1303770714173	1	1.1746	1.0833	0.7858
254	1303770714190	1	1.1746	1.0909	0.7804
255	1303770714248	1	1.1746	1.0833	0.7858
256	1303770714264	1	1.1746	1.0909	0.7804
257	1303770714320	1	1.1746	1.0833	0.7858
258	1303770714337	1	1.1746	1.0833	0.7858
259	1303770714353	1	1.1746	1.0833	0.7858
260	1303770714369	1	1.1746	1.0833	0.7858
261	1303770714385	1	1.1746	1.0833	0.7858
262	1303770714402	1	1.1746	1.0833	0.7858
263	1303770714459	1	1.1746	1.0833	0.7858
264	1303770714494	1	1.1272	1.0833	0.8189
265	1303770714563	1	1.183	1.0833	0.7803
266	1303770714595	1	1.183	1.0833	0.7803
267	1303770714611	1	1.183	1.0833	0.7803
268	1303770714628	1	1.183	1.0833	0.7803
269	1303770714645	1	1.183	1.0833	0.7803
270	1303770714661	1	1.183	1.0833	0.7803
271	1303770714678	1	1.183	1.0833	0.7803
272	1303770714693	1	1.183	1.0833	0.7803
273	1303770714710	1	1.183	1.0833	0.7803
274	1303770714727	1	1.183	1.0833	0.7803
275	1303770714742	1	1.183	1.0833	0.7803
276	1303770714759	1	1.183	1.0833	0.7803
277	1303770714774	1	1.183	1.0833	0.7803
278	1303770714790	1	1.183	1.0833	0.7803
279	1303770714807	1	1.183	1.0833	0.7803
280	1303770714822	1	1.183	1.0833	0.7803
281	1303770714839	1	1.183	1.0833	0.7803
282	1303770714855	1	1.183	1.0833	0.7803
283	1303770714871	1	1.183	1.0833	0.7803
284	1303770714888	1	1.183	1.0833	0.7803
285	1303770714903	1	1.183	1.0833	0.7803
286	1303770714920	1	1.183	1.0833	0.7803
287	1303770714935	1	1.183	1.0833	0.7803
288	1303770714952	1	1.183	1.0833	0.7803
289	1303770715009	1	1.183	1.0833	0.7803
290	1303770715065	1	1.183	1.0833	0.7803
291	1303770715082	1	1.183	1.0833	0.7803
292	1303770715099	1	1.183	1.0833	0.7803
293	1303770715156	1	1.183	1.0833	0.7803
294	1303770715173	1	1.183	1.0833	0.7803
295	1303770715189	1	1.183	1.0833	0.7803
296	1303770715206	1	1.183	1.1154	0.7579
297	1303770715223	1	1.183	1.0833	0.7803
298	1303770715239	1	1.183	1.0833	0.7803
299	1303770715255	1	1.183	1.0769	0.7849
300	1303770715272	1	1.183	1.0769	0.7849
301	1303770715288	1	1.183	1.0769	0.7849
302	1303770715305	1	1.183	1.0769	0.7849
303	1303770715361	1	1.183	1.0833	0.7803
304	1303770715378	1	1.183	1.0833	0.7803
305	1303770715395	1	1.183	1.0769	0.7849
306	1303770715411	1	1.183	1.0769	0.7849
307	1303770715427	1	1.183	1.0769	0.7849
308	1303770715443	1	1.183	1.0769	0.7849
309	1303770715460	1	1.183	1.0769	0.7849
310	1303770715476	1	1.183	1.0769	0.7849
311	1303770715492	1	1.183	1.0769	0.7849
312	1303770715509	1	1.183	1.0769	0.7849
313	1303770715524	1	1.183	1.0769	0.7849
314	1303770715541	1	1.183	1.0769	0.7849
315	1303770715558	1	1.183	1.0769	0.7849
316	1303770715573	1	1.183	1.0769	0.7849
317	1303770715590	1	1.183	1.0769	0.7849
318	1303770715605	1	1.183	1.0769	0.7849
319	1303770715621	1	1.183	1.0769	0.7849
320	1303770715638	1	1.183	1.0769	0.7849
321	1303770715654	1	1.183	1.0769	0.7849
322	1303770715670	1	1.183	1.0769	0.7849
323	1303770715686	1	1.183	1.0769	0.7849
324	1303770715703	1	1.183	1.0769	0.7849
325	1303770715739	1	1.1807	1.0769	0.7864
326	1303770715795	1	1.1762	1.0769	0.7895
327	1303770715816	1	1.1762	1.0769	0.7895
328	1303770715875	1	1.1762	1.0769	0.7895
329	1303770715892	1	1.1762	1.0769	0.7895
330	1303770715908	1	1.1762	1.0769	0.7895
331	1303770715925	1	1.1762	1.0769	0.7895
332	1303770715942	1	1.1762	1.0769	0.7895
333	1303770715958	1	1.1762	1.0769	0.7895
334	1303770715975	1	1.1762	1.0769	0.7895
335	1303770715992	1	1.1762	1.0769	0.7895
336	1303770716007	1	1.1762	1.0769	0.7895
337	1303770716024	1	1.1762	1.0769	0.7895
338	1303770716040	1	1.1762	1.0769	0.7895
339	1303770716057	1	1.1762	1.0769	0.7895
340	1303770716073	1	1.1762	1.0769	0.7895
341	1303770716089	1	1.1762	1.0769	0.7895
342	1303770716146	1	1.5056	1.0769	0.6167
343	1303770716163	1	1.5056	1.0769	0.6167
344	1303770716179	1	1.5056	1.0769	0.6167
345	1303770716196	1	1.5056	1.0769	0.6167
346	1303770716212	1	1.5056	1.0769	0.6167
347	1303770716228	1	1.5056	1.0769	0.6167
348	1303770716245	1	1.5056	1.0769	0.6167
349	1303770716261	1	1.5056	1.0769	0.6167
350	1303770716277	1	1.5056	1.0769	0.6167
351	1303770716293	1	1.5056	1.0769	0.6167
352	1303770716310	1	1.5056	1.0769	0.6167
353	1303770716326	1	1.5056	1.0769	0.6167
354	1303770716342	1	1.5056	1.0769	0.6167
355	1303770716359	1	1.5056	1.0769	0.6167
356	1303770716375	1	1.5056	1.0769	0.6167
357	1303770716392	1	1.5056	1.0769	0.6167
358	1303770716408	1	1.5056	1.0769	0.6167
359	1303770716424	1	1.5056	1.0769	0.6167
360	1303770716440	1	1.5056	1.0769	0.6167
361	1303770716456	1	1.5056	1.0769	0.6167
362	1303770716472	1	1.5056	1.0769	0.6167
363	1303770716489	1	1.5056	1.0769	0.6167
364	1303770716505	1	1.5056	1.0769	0.6167
365	1303770716522	1	1.5056	1.0769	0.6167
366	1303770716538	1	1.5056	1.0769	0.6167
367	1303770716554	1	1.5056	1.0769	0.6167
368	1303770716611	1	1.5056	1.0769	0.6167
369	1303770716669	1	1.5056	1.0769	0.6167
370	1303770716685	1	1.5056	1.0769	0.6167
371	1303770716702	1	1.5056	1.0769	0.6167
372	1303770716717	1	1.5056	1.0769	0.6167
373	1303770716734	1	1.5056	1.0769	0.6167
374	1303770716751	1	1.5056	1.0769	0.6167
375	1303770716767	1	1.5056	1.0769	0.6167
376	1303770716784	1	1.5056	1.0769	0.6167
377	1303770716799	1	1.5056	1.0769	0.6167
378	1303770716816	1	1.5056	1.0769	0.6167
379	1303770716833	1	1.5056	1.0769	0.6167
380	1303770716848	1	1.5056	1.0769	0.6167
381	1303770716865	1	1.5056	1.0769	0.6167
382	1303770716922	1	1.5056	1.0769	0.6167
383	1303770716938	1	1.5056	1.0769	0.6167
384	1303770716955	1	1.5056	1.0769	0.6167
385	1303770716971	1	1.5056	1.0769	0.6167
386	1303770717017	1	1.5439	1.0769	0.6014
387	1303770717088	1	1.5439	1.0769	0.6014
388	1303770717107	1	1.5439	1.0769	0.6014
389	1303770717165	1	1.5439	1.0769	0.6014
390	1303770717182	1	1.5439	1.0769	0.6014
391	1303770717198	1	1.5439	1.0769	0.6014
392	1303770717215	1	1.5439	1.0769	0.6014
393	1303770717230	1	1.5439	1.0769	0.6014
394	1303770717247	1	1.5439	1.0769	0.6014
395	1303770717304	1	1.5439	1.0769	0.6014
396	1303770717319	1	1.5439	1.0769	0.6014
397	1303770717336	1	1.5439	1.0769	0.6014
398	1303770717352	1	1.5439	1.0769	0.6014
399	1303770717369	1	1.5439	1.0769	0.6014
400	1303770717386	1	1.5439	1.0769	0.6014
401	1303770717401	1	1.5439	1.0769	0.6014
402	1303770717418	1	1.5439	1.0769	0.6014
403	1303770717435	1	1.5439	1.0769	0.6014
404	1303770717491	1	1.5439	1.0769	0.6014
405	1303770717508	1	1.5439	1.0769	0.6014
406	1303770717523	1	1.5439	1.0769	0.6014
407	1303770717540	1	1.5439	1.0769	0.6014
408	1303770717557	1	1.5439	1.0769	0.6014
409	1303770717573	1	1.5439	1.0769	0.6014
410	1303770717589	1	1.5439	1.0769	0.6014
411	1303770717605	1	1.5439	1.0769	0.6014
412	1303770717622	1	1.5439	1.0769	0.6014
413	1303770717638	1	1.5439	1.0769	0.6014
414	1303770717694	1	1.5439	1.0769	0.6014
415	1303770717751	1	1.5439	1.0769	0.6014
416	1303770717768	1	1.5439	1.0769	0.6014
417	1303770717783	1	1.5439	1.0769	0.6014
418	1303770717800	1	1.5439	1.0769	0.6014
419	1303770717817	1	1.5439	1.0769	0.6014
420	1303770717833	1	1.5439	1.0769	0.6014
421	1303770717850	1	1.5439	1.0769	0.6014
422	1303770717866	1	1.5439	1.0769	0.6014
423	1303770717882	1	1.5439	1.0769	0.6014
424	1303770717899	1	1.5439	1.0769	0.6014
425	1303770717915	1	1.5439	1.0769	0.6014
426	1303770717932	1	1.5439	1.0769	0.6014
427	1303770717947	1	1.5439	1.0769	0.6014
428	1303770717964	1	1.5439	1.0769	0.6014
429	1303770717980	1	1.5439	1.0769	0.6014
430	1303770717996	1	1.5439	1.0769	0.6014
431	1303770718013	1	1.5439	1.0769	0.6014
432	1303770718029	1	1.5439	1.0769	0.6014
433	1303770718045	1	1.5439	1.0769	0.6014
434	1303770718062	1	1.5439	1.0769	0.6014
435	1303770718078	1	1.5439	1.0769	0.6014
436	1303770718095	1	1.5439	1.0769	0.6014
437	1303770718112	1	1.5439	1.0769	0.6014
438	1303770718127	1	1.5439	1.0769	0.6014
439	1303770718144	1	1.5439	1.0769	0.6014
440	1303770718160	1	1.5439	1.0769	0.6014
441	1303770718177	1	1.5439	1.0769	0.6014
442	1303770718234	1	1.3155	1.0769	0.7059
443	1303770718250	1	1.3155	1.0769	0.7059
444	1303770718267	1	1.3155	1.0769	0.7059
445	1303770718283	1	1.3155	1.0769	0.7059
446	1303770718301	1	1.3155	1.0769	0.7059
447	1303770718334	1	1.3155	1.0769	0.7059
448	1303770718362	1	1.3155	1.0769	0.7059
449	1303770718380	1	1.3155	1.0769	0.7059
450	1303770718398	1	1.3174	1.0769	0.7048
451	1303770718414	1	1.3174	1.0769	0.7048
452	1303770718432	1	1.3174	1.0769	0.7048
453	1303770718450	1	1.3174	1.0769	0.7048
454	1303770718507	1	1.3174	1.0769	0.7048
455	1303770718566	1	1.3174	1.0769	0.7048
456	1303770718584	1	1.3174	1.0769	0.7048
457	1303770718603	1	1.3174	1.0769	0.7048
458	1303770718620	1	1.3174	1.0769	0.7048
459	1303770718680	1	1.3174	1.0769	0.7048
460	1303770718698	1	1.3174	1.0769	0.7048
461	1303770718715	1	1.3174	1.0769	0.7048
462	1303770718774	1	1.3174	1.0769	0.7048
463	1303770718792	1	1.3174	1.0769	0.7048
464	1303770718811	1	1.3174	1.0769	0.7048
465	1303770718868	1	1.3174	1.0769	0.7048
466	1303770718886	1	1.3174	1.0769	0.7048
467	1303770718904	1	1.3174	1.0769	0.7048
468	1303770718963	1	1.3174	1.0769	0.7048
469	1303770718980	1	1.3174	1.0769	0.7048
470	1303770718998	1	1.3174	1.0769	0.7048
471	1303770719207	1	1.3174	1.0769	0.7048
472	1303770719224	1	1.3174	1.0769	0.7048
473	1303770719242	1	1.3174	1.0769	0.7048
474	1303770719260	1	1.3174	1.0769	0.7048
475	1303770719278	1	1.3174	1.0769	0.7048
476	1303770719295	1	1.3174	1.0769	0.7048
477	1303770719313	1	1.3174	1.0769	0.7048
478	1303770719371	1	1.3174	1.0769	0.7048
479	1303770719389	1	1.3174	1.0769	0.7048
480	1303770719406	1	1.3174	1.0769	0.7048
481	1303770719424	1	1.3174	1.0769	0.7048
482	1303770719443	1	1.3174	1.0769	0.7048
483	1303770719459	1	1.3174	1.0769	0.7048
484	1303770719477	1	1.3174	1.0769	0.7048
485	1303770719495	1	1.3174	1.0769	0.7048
486	1303770719512	1	1.3174	1.0769	0.7048
487	1303770719529	1	1.3174	1.0769	0.7048
488	1303770719547	1	1.3174	1.0769	0.7048
489	1303770719565	1	1.3174	1.0769	0.7048
490	1303770719622	1	1.3174	1.0769	0.7048
491	1303770719641	1	1.3174	1.0769	0.7048
492	1303770719659	1	1.3174	1.0769	0.7048
493	1303770719676	1	1.3174	1.0769	0.7048
494	1303770719693	1	1.3174	1.0769	0.7048
495	1303770719711	1	1.3174	1.0769	0.7048
496	1303770719728	1	1.3174	1.0769	0.7048
497	1303770719746	1	1.3174	1.0769	0.7048
498	1303770719804	1	1.3174	1.0769	0.7048
499	1303770719822	1	1.3174	1.0769	0.7048
500	1303770719839	1	1.3174	1.0769	0.7048
501	1303770719856	1	1.3174	1.0769	0.7048
502	1303770719874	1	1.3174	1.0769	0.7048
503	1303770719891	1	1.3174	1.0769	0.7048
504	1303770719909	1	1.3174	1.0769	0.7048
505	1303770719927	1	1.3174	1.0769	0.7048
506	1303770719945	1	1.3174	1.0769	0.7048
507	1303770719962	1	1.3174	1.0769	0.7048
508	1303770719990	1	1.3174	1.0769	0.7048
509	1303770720015	1	1.3174	1.0769	0.7048
510	1303770720035	1	1.3174	1.0769	0.7048
511	1303770720053	1	1.3174	1.0769	0.7048
512	1303770720070	1	1.3182	1.0769	0.7044
513	1303770720087	1	1.3182	1.0769	0.7044
514	1303770720105	1	1.3182	1.0769	0.7044
515	1303770720122	1	1.3182	1.0769	0.7044
516	1303770720140	1	1.3182	1.0769	0.7044
517	1303770720157	1	1.3182	1.0769	0.7044
518	1303770720215	1	1.3182	1.0769	0.7044
519	1303770720232	1	1.3182	1.0769	0.7044
520	1303770720250	1	1.3182	1.0769	0.7044
521	1303770720268	1	1.3182	1.0769	0.7044
522	1303770720285	1	1.3182	1.0769	0.7044
523	1303770720303	1	1.3182	1.0769	0.7044
524	1303770720321	1	1.3182	1.0769	0.7044
525	1303770720380	1	1.5181	1.0769	0.6117
526	1303770720396	1	1.5181	1.0769	0.6117
527	1303770720414	1	1.5181	1.0769	0.6117
528	1303770720471	1	1.5181	1.0769	0.6117
529	1303770720488	1	1.5181	1.0769	0.6117
530	1303770720506	1	1.5181	1.0769	0.6117
531	1303770720524	1	1.5181	1.0769	0.6117
532	1303770720582	1	1.5181	1.0769	0.6117
533	1303770720599	1	1.5181	1.0769	0.6117
534	1303770720617	1	1.5181	1.0769	0.6117
535	1303770720635	1	1.5181	1.0769	0.6117
536	1303770720691	1	1.5181	1.0769	0.6117
537	1303770720709	1	1.5181	1.0769	0.6117
538	1303770720727	1	1.5181	1.0769	0.6117
539	1303770720785	1	1.5181	1.0769	0.6117
540	1303770720842	1	1.5181	1.0769	0.6117
541	1303770720860	1	1.5181	1.0769	0.6117
542	1303770720877	1	1.5181	1.0769	0.6117
543	1303770720894	1	1.5181	1.0769	0.6117
544	1303770720951	1	1.5181	1.0769	0.6117
545	1303770720970	1	1.5181	1.0769	0.6117
546	1303770720987	1	1.5181	1.0769	0.6117
547	1303770721004	1	1.5181	1.0769	0.6117
548	1303770721022	1	1.5181	1.0769	0.6117
549	1303770721040	1	1.5181	1.0769	0.6117
550	1303770721096	1	1.5181	1.0769	0.6117
551	1303770721115	1	1.5181	1.0769	0.6117
552	1303770721132	1	1.5181	1.0769	0.6117
553	1303770721150	1	1.5181	1.0769	0.6117
554	1303770721167	1	1.5181	1.0769	0.6117
555	1303770721185	1	1.5181	1.0769	0.6117
556	1303770721203	1	1.5181	1.0769	0.6117
557	1303770721219	1	1.5181	1.0769	0.6117
558	1303770721237	1	1.5181	1.0769	0.6117
559	1303770721255	1	1.5181	1.0769	0.6117
560	1303770721271	1	1.5181	1.0769	0.6117
561	1303770721289	1	1.5181	1.0769	0.6117
562	1303770721307	1	1.5181	1.0769	0.6117
563	1303770721324	1	1.5181	1.0769	0.6117
564	1303770721341	1	1.5181	1.0769	0.6117
565	1303770721359	1	1.5181	1.0769	0.6117
566	1303770721417	1	1.5181	1.0769	0.6117
567	1303770721434	1	1.5181	1.0769	0.6117
568	1303770721453	1	1.5181	1.0769	0.6117
569	1303770721523	1	1.5181	1.0769	0.6117
570	1303770721547	1	1.5181	1.0769	0.6117
571	1303770721566	1	1.5181	1.0769	0.6117
572	1303770721583	1	1.5194	1.0769	0.6111
573	1303770721601	1	1.5194	1.0769	0.6111
574	1303770721619	1	1.5194	1.0769	0.6111
575	1303770721637	1	1.5194	1.0769	0.6111
576	1303770721653	1	1.5194	1.0769	0.6111
577	1303770721711	1	1.5194	1.0769	0.6111
578	1303770721730	1	1.5194	1.0769	0.6111
579	1303770721788	1	1.5194	1.0769	0.6111
580	1303770721805	1	1.5194	1.0769	0.6111
581	1303770721823	1	1.5194	1.0769	0.6111
582	1303770721881	1	1.4706	1.0769	0.6314
583	1303770721898	1	1.4706	1.0769	0.6314
584	1303770721916	1	1.4706	1.0769	0.6314
585	1303770721934	1	1.4706	1.0769	0.6314
586	1303770721952	1	1.4706	1.0769	0.6314
587	1303770721969	1	1.4706	1.0769	0.6314
588	1303770721987	1	1.4706	1.0769	0.6314
589	1303770722046	1	1.4706	1.0769	0.6314
590	1303770722064	1	1.4706	1.0769	0.6314
591	1303770722080	1	1.4706	1.0769	0.6314
592	1303770722098	1	1.4706	1.0769	0.6314
593	1303770722116	1	1.4706	1.0769	0.6314
594	1303770722133	1	1.4706	1.0769	0.6314
595	1303770722151	1	1.4706	1.0769	0.6314
596	1303770722168	1	1.4706	1.0769	0.6314
597	1303770722185	1	1.4706	1.0769	0.6314
598	1303770722203	1	1.4706	1.0769	0.6314
599	1303770722234	1	1.4706	1.0769	0.6314
600	1303770722303	1	1.4706	1.0769	0.6314
601	1303770722360	1	1.4706	1.0769	0.6314
602	1303770722379	1	1.4706	1.0769	0.6314
603	1303770722397	1	1.4706	1.0769	0.6314
604	1303770722414	1	1.4706	1.0769	0.6314
605	1303770722432	1	1.4706	1.0769	0.6314
606	1303770722458	1	1.4706	1.0769	0.6314
607	1303770722517	1	1.4706	1.0769	0.6314
608	1303770722534	1	1.4706	1.0769	0.6314
609	1303770722552	1	1.4706	1.0769	0.6314
610	1303770722570	1	1.4706	1.0769	0.6314
611	1303770722587	1	1.4706	1.0769	0.6314
612	1303770722605	1	1.4706	1.0769	0.6314
613	1303770722630	1	1.4706	1.0769	0.6314
614	1303770722648	1	1.4706	1.0769	0.6314
615	1303770722665	1	1.4706	1.0769	0.6314
616	1303770722691	1	1.4706	1.0769	0.6314
617	1303770722709	1	1.4706	1.0769	0.6314
618	1303770722726	1	1.4706	1.0769	0.6314
619	1303770722744	1	1.4706	1.0769	0.6314
620	1303770722762	1	1.4706	1.0769	0.6314
621	1303770722821	1	1.4706	1.0769	0.6314
622	1303770722837	1	1.4706	1.0769	0.6314
623	1303770722855	1	1.4706	1.0769	0.6314
624	1303770722874	1	1.4706	1.0769	0.6314
625	1303770722891	1	1.4706	1.0769	0.6314
626	1303770722909	1	1.4706	1.0769	0.6314
627	1303770722927	1	1.4706	1.0769	0.6314
628	1303770722944	1	1.4706	1.0769	0.6314
629	1303770722962	1	1.4706	1.0769	0.6314
630	1303770722990	1	1.4706	1.0769	0.6314
631	1303770723011	1	1.4706	1.0769	0.6314
632	1303770723070	1	1.4706	1.0769	0.6314
633	1303770723087	1	1.4718	1.0769	0.6309
634	1303770723105	1	1.4718	1.0769	0.6309
635	1303770723123	1	1.4718	1.0769	0.6309
636	1303770723141	1	1.4718	1.0769	0.6309
637	1303770723158	1	1.4718	1.0769	0.6309
638	1303770723176	1	1.4718	1.0769	0.6309
639	1303770723194	1	1.4718	1.0769	0.6309
640	1303770723211	1	1.4718	1.0769	0.6309
641	1303770723270	1	1.4718	1.0769	0.6309
642	1303770723289	1	1.4718	1.0769	0.6309
643	1303770723305	1	1.4718	1.0769	0.6309
644	1303770723324	1	1.4718	1.0769	0.6309
645	1303770723342	1	1.4718	1.0769	0.6309
646	1303770723400	1	1.4718	1.0769	0.6309
647	1303770723417	1	1.4718	1.0769	0.6309
648	1303770723475	1	1.4718	1.0769	0.6309
649	1303770723493	1	1.4718	1.0769	0.6309
650	1303770723511	1	1.4718	1.0769	0.6309
651	1303770723528	1	1.4718	1.0769	0.6309
652	1303770723547	1	1.4718	1.0769	0.6309
653	1303770723565	1	1.4718	1.0769	0.6309
654	1303770723582	1	1.4718	1.0769	0.6309
655	1303770723600	1	1.4718	1.0769	0.6309
656	1303770723618	1	1.4718	1.0769	0.6309
657	1303770723635	1	1.4718	1.0769	0.6309
658	1303770723653	1	1.4718	1.0769	0.6309
659	1303770723671	1	1.4718	1.0769	0.6309
660	1303770723689	1	1.4718	1.0769	0.6309
661	1303770723706	1	1.4718	1.0769	0.6309
662	1303770723724	1	1.4718	1.0769	0.6309
663	1303770723741	1	1.4718	1.0769	0.6309
664	1303770723758	1	1.4718	1.0769	0.6309
665	1303770723776	1	1.4718	1.0769	0.6309
666	1303770723795	1	1.4718	1.0769	0.6309
667	1303770723811	1	1.4718	1.0769	0.6309
668	1303770723829	1	1.4718	1.0769	0.6309
669	1303770723847	1	1.4718	1.0769	0.6309
670	1303770723865	1	1.4718	1.0769	0.6309
671	1303770723882	1	1.4718	1.0769	0.6309
672	1303770723900	1	1.4718	1.0769	0.6309
673	1303770723918	1	1.4718	1.0769	0.6309
674	1303770723935	1	1.4718	1.0769	0.6309
675	1303770723952	1	1.4718	1.0769	0.6309
676	1303770723970	1	1.4718	1.0769	0.6309
677	1303770723987	1	1.4718	1.0769	0.6309
678	1303770724005	1	1.4718	1.0769	0.6309
679	1303770724023	1	1.4718	1.0769	0.6309
680	1303770724041	1	1.4718	1.0769	0.6309
681	1303770724058	1	1.4718	1.0769	0.6309
682	1303770724076	1	1.4718	1.0769	0.6309
683	1303770724095	1	1.4718	1.0769	0.6309
684	1303770724112	1	1.4718	1.0769	0.6309
685	1303770724130	1	1.4718	1.0769	0.6309
686	1303770724189	1	1.4718	1.0769	0.6309
687	1303770724206	1	1.4718	1.0769	0.6309
688	1303770724263	1	1.4718	1.0769	0.6309
689	1303770724282	1	1.4718	1.0769	0.6309
690	1303770724302	1	1.4718	1.0769	0.6309
691	1303770724351	1	1.4718	1.0769	0.6309
692	1303770724392	1	1.4718	1.0769	0.6309
693	1303770724453	1	1.4718	1.0769	0.6309
694	1303770724573	1	1.4718	1.0769	0.6309
695	1303770724592	1	1.4725	1.0769	0.6306
696	1303770724611	1	1.4725	1.0769	0.6306
697	1303770724628	1	1.4725	1.0769	0.6306
698	1303770724646	1	1.4725	1.0769	0.6306
699	1303770724665	1	1.4725	1.0769	0.6306
700	1303770724683	1	1.4725	1.0769	0.6306
701	1303770724700	1	1.4725	1.0769	0.6306
702	1303770724719	1	1.4725	1.0769	0.6306
703	1303770724737	1	1.4725	1.0769	0.6306
704	1303770724754	1	1.4725	1.0769	0.6306
705	1303770724772	1	1.4725	1.0769	0.6306
706	1303770724791	1	1.4725	1.0769	0.6306
707	1303770724808	1	1.4725	1.0769	0.6306
708	1303770724826	1	1.4725	1.0769	0.6306
709	1303770724844	1	1.4725	1.0769	0.6306
710	1303770724863	1	1.4725	1.0769	0.6306
711	1303770724879	1	1.4725	1.0769	0.6306
712	1303770724898	1	1.4725	1.0769	0.6306
713	1303770724916	1	1.4725	1.0769	0.6306
714	1303770724973	1	1.4725	1.0769	0.6306
715	1303770724992	1	1.4725	1.0769	0.6306
716	1303770725010	1	1.4725	1.0769	0.6306
717	1303770725027	1	1.4725	1.0769	0.6306
718	1303770725045	1	1.4725	1.0769	0.6306
719	1303770725064	1	1.4725	1.0769	0.6306
720	1303770725081	1	1.4725	1.0769	0.6306
721	1303770725098	1	1.4725	1.0769	0.6306
722	1303770725116	1	1.4725	1.0769	0.6306
723	1303770725135	1	1.4725	1.0769	0.6306
724	1303770725152	1	1.4725	1.0769	0.6306
725	1303770725170	1	1.4725	1.0769	0.6306
726	1303770725188	1	1.4725	1.0769	0.6306
727	1303770725205	1	1.4725	1.0769	0.6306
728	1303770725223	1	1.4725	1.0769	0.6306
729	1303770725241	1	1.4725	1.0769	0.6306
730	1303770725259	1	1.4725	1.0769	0.6306
731	1303770725276	1	1.4725	1.0769	0.6306
732	1303770725295	1	1.4725	1.0769	0.6306
733	1303770725313	1	1.4725	1.0769	0.6306
734	1303770725330	1	1.4725	1.0769	0.6306
735	1303770725348	1	1.4725	1.0769	0.6306
736	1303770725406	1	1.4725	1.0769	0.6306
737	1303770725423	1	1.4725	1.0769	0.6306
738	1303770725482	1	1.4725	1.0769	0.6306
739	1303770725501	1	1.4725	1.0769	0.6306
740	1303770725519	1	1.4725	1.0769	0.6306
741	1303770725576	1	1.4725	1.0769	0.6306
742	1303770725595	1	1.4725	1.0769	0.6306
743	1303770725613	1	1.4725	1.0769	0.6306
744	1303770725632	1	1.4725	1.0769	0.6306
745	1303770725648	1	1.4725	1.0769	0.6306
746	1303770725667	1	1.4725	1.0769	0.6306
747	1303770725685	1	1.4725	1.0769	0.6306
748	1303770725702	1	1.4725	1.0769	0.6306
749	1303770725720	1	1.4725	1.0769	0.6306
750	1303770725738	1	1.4725	1.0769	0.6306
751	1303770725758	1	1.4725	1.0769	0.6306
752	1303770726043	1	1.4725	1.0769	0.6306
753	1303770726509	1	1.6455	1.0769	0.5643
754	1303770726771	1	1.6455	1.0769	0.5643
755	1303770727212	1	1.6455	1.0769	0.5643
756	1303770727234	1	1.6455	1.0769	0.5643
757	1303770727253	1	1.6461	1.0769	0.5641
758	1303770727273	1	1.6461	1.0769	0.5641
759	1303770727291	1	1.6461	1.0769	0.5641
760	1303770727309	1	1.6461	1.0769	0.5641
761	1303770727328	1	1.6461	1.0769	0.5641
762	1303770727345	1	1.6461	1.0769	0.5641
763	1303770727363	1	1.6461	1.0769	0.5641
764	1303770727382	1	1.6461	1.0769	0.5641
765	1303770727399	1	1.6461	1.0769	0.5641
766	1303770727417	1	1.6461	1.0769	0.5641
767	1303770727436	1	1.6461	1.0769	0.5641
768	1303770727454	1	1.6461	1.0769	0.5641
769	1303770727472	1	1.6461	1.0769	0.5641
770	1303770727490	1	1.6461	1.0769	0.5641
771	1303770727508	1	1.6461	1.0769	0.5641
772	1303770727526	1	1.6461	1.0769	0.5641
773	1303770727543	1	1.6461	1.0769	0.5641
774	1303770727561	1	1.6461	1.0769	0.5641
775	1303770727578	1	1.6461	1.0769	0.5641
776	1303770727596	1	1.6461	1.0769	0.5641
777	1303770727615	1	1.6461	1.0769	0.5641
778	1303770727632	1	1.6461	1.0769	0.5641
779	1303770727650	1	1.6461	1.0769	0.5641
780	1303770727668	1	1.6461	1.0769	0.5641
781	1303770727686	1	1.6461	1.0769	0.5641
782	1303770727704	1	1.6461	1.0769	0.5641
783	1303770727763	1	1.6461	1.0769	0.5641
784	1303770727782	1	1.6461	1.0769	0.5641
785	1303770727799	1	1.6461	1.0769	0.5641
786	1303770727817	1	1.6461	1.0769	0.5641
787	1303770727836	1	1.6461	1.0769	0.5641
788	1303770727854	1	1.6461	1.0769	0.5641
789	1303770727871	1	1.6461	1.0769	0.5641
790	1303770727889	1	1.6461	1.0769	0.5641
791	1303770727907	1	1.6461	1.0769	0.5641
792	1303770727972	1	1.6461	1.0769	0.5641
793	1303770727990	1	1.6461	1.0769	0.5641
794	1303770728008	1	1.6461	1.0769	0.5641
795	1303770728026	1	1.6461	1.0769	0.5641
796	1303770728084	1	1.6461	1.0769	0.5641
797	1303770728103	1	1.6461	1.0769	0.5641
798	1303770728121	1	1.6461	1.0769	0.5641
799	1303770728139	1	1.6461	1.0769	0.5641
800	1303770728157	1	1.6461	1.0769	0.5641
801	1303770728176	1	1.6461	1.0769	0.5641
802	1303770728193	1	1.6461	1.0769	0.5641
803	1303770728211	1	1.6461	1.0769	0.5641
804	1303770728229	1	1.6461	1.0769	0.5641
805	1303770728246	1	1.6461	1.0769	0.5641
806	1303770728264	1	1.6461	1.0769	0.5641
807	1303770728283	1	1.6461	1.0769	0.5641
808	1303770728301	1	1.6461	1.0769	0.5641
809	1303770728318	1	1.6461	1.0769	0.5641
810	1303770728336	1	1.6461	1.0769	0.5641
811	1303770728355	1	1.6461	1.0769	0.5641
812	1303770728373	1	1.6461	1.0769	0.5641
813	1303770728552	1	1.6461	1.0769	0.5641
814	1303770728808	1	1.6461	1.0769	0.5641
815	1303770728918	1	1.6461	1.0769	0.5641
816	1303770729114	1	1.6461	1.0769	0.5641
817	1303770729133	1	1.6466	1.0769	0.5639
818	1303770729150	1	1.6466	1.0769	0.5639
819	1303770729169	1	1.6466	1.0769	0.5639
820	1303770729187	1	1.6466	1.0769	0.5639
821	1303770729205	1	1.6466	1.0769	0.5639
822	1303770729223	1	1.6466	1.0769	0.5639
823	1303770729284	1	1.6466	1.0769	0.5639
824	1303770729304	1	1.6466	1.0769	0.5639
825	1303770729437	1	1.6466	1.0769	0.5639
826	1303770729455	1	1.6466	1.0769	0.5639
827	1303770729474	1	1.6466	1.0769	0.5639
828	1303770729491	1	1.6466	1.0769	0.5639
829	1303770729550	1	1.6466	1.0769	0.5639
830	1303770729569	1	1.6466	1.0769	0.5639
831	1303770729587	1	1.6466	1.0769	0.5639
832	1303770729604	1	1.6466	1.0769	0.5639
833	1303770729623	1	1.6466	1.0769	0.5639
834	1303770729642	1	1.6466	1.0769	0.5639
835	1303770729660	1	1.6466	1.0769	0.5639
836	1303770729679	1	1.6466	1.0769	0.5639
837	1303770729697	1	1.6466	1.0769	0.5639
838	1303770729716	1	1.6466	1.0769	0.5639
839	1303770729737	1	1.6466	1.0769	0.5639
840	1303770729755	1	1.6466	1.0769	0.5639
841	1303770729774	1	1.6466	1.0769	0.5639
842	1303770729791	1	1.6466	1.0769	0.5639
843	1303770729810	1	1.6466	1.0769	0.5639
844	1303770729828	1	1.6466	1.0769	0.5639
845	1303770729845	1	1.6466	1.0769	0.5639
846	1303770729864	1	1.6466	1.0769	0.5639
847	1303770729883	1	1.6466	1.0769	0.5639
848	1303770729901	1	1.6466	1.0769	0.5639
849	1303770729918	1	1.6466	1.0769	0.5639
850	1303770729937	1	1.6466	1.0769	0.5639
851	1303770729955	1	1.6466	1.0769	0.5639
852	1303770729973	1	1.6466	1.0769	0.5639
853	1303770729991	1	1.6466	1.0769	0.5639
854	1303770730010	1	1.6466	1.0769	0.5639
855	1303770730027	1	1.6466	1.0769	0.5639
856	1303770730045	1	1.6466	1.0769	0.5639
857	1303770730105	1	1.573	1.0769	0.5903
858	1303770730123	1	1.573	1.0769	0.5903
859	1303770730140	1	1.573	1.0769	0.5903
860	1303770730159	1	1.573	1.0769	0.5903
861	1303770730178	1	1.573	1.0769	0.5903
862	1303770730195	1	1.573	1.0769	0.5903
863	1303770730214	1	1.573	1.0769	0.5903
864	1303770730232	1	1.573	1.0769	0.5903
865	1303770730249	1	1.573	1.0769	0.5903
866	1303770730268	1	1.573	1.0769	0.5903
867	1303770730286	1	1.573	1.0769	0.5903
868	1303770730305	1	1.573	1.0769	0.5903
869	1303770730322	1	1.573	1.0769	0.5903
870	1303770730340	1	1.573	1.0769	0.5903
871	1303770730359	1	1.573	1.0769	0.5903
872	1303770730376	1	1.573	1.0769	0.5903
873	1303770730395	1	1.573	1.0769	0.5903
874	1303770730556	1	1.5387	1.0769	0.6035
875	1303770730753	1	1.5366	1.0769	0.6043
876	1303770730784	1	1.5366	1.0769	0.6043
877	1303770730826	1	1.5366	1.0769	0.6043
878	1303770730843	1	1.5366	1.0769	0.6043
879	1303770730860	1	1.5366	1.0769	0.6043
880	1303770730876	1	1.5366	1.0769	0.6043
881	1303770730893	1	1.5366	1.0769	0.6043
882	1303770730908	1	1.5366	1.0769	0.6043
883	1303770730925	1	1.5366	1.0769	0.6043
884	1303770730942	1	1.5366	1.0769	0.6043
885	1303770730958	1	1.5366	1.0769	0.6043
886	1303770730975	1	1.5366	1.0769	0.6043
887	1303770730990	1	1.5366	1.0769	0.6043
888	1303770731007	1	1.5366	1.0769	0.6043
889	1303770731024	1	1.5366	1.0769	0.6043
890	1303770731040	1	1.5366	1.0769	0.6043
891	1303770731056	1	1.5366	1.0769	0.6043
892	1303770731072	1	1.5366	1.0769	0.6043
893	1303770731130	1	1.5366	1.0769	0.6043
894	1303770731147	1	1.5366	1.0769	0.6043
895	1303770731164	1	1.5366	1.0769	0.6043
896	1303770731180	1	1.5366	1.0769	0.6043
897	1303770731196	1	1.5366	1.0769	0.6043
898	1303770731213	1	1.5366	1.0769	0.6043
899	1303770731230	1	1.5366	1.0769	0.6043
900	1303770731286	1	1.5366	1.0769	0.6043
901	1303770731303	1	1.5366	1.0769	0.6043
902	1303770731320	1	1.5366	1.0769	0.6043
903	1303770731336	1	1.5366	1.0769	0.6043
904	1303770731353	1	1.5366	1.0769	0.6043
905	1303770731368	1	1.5366	1.0769	0.6043
906	1303770731385	1	1.5366	1.0769	0.6043
907	1303770731401	1	1.5366	1.0769	0.6043
908	1303770731418	1	1.5366	1.0769	0.6043
909	1303770731435	1	1.5366	1.0769	0.6043
910	1303770731451	1	1.5366	1.0769	0.6043
911	1303770731508	1	1.5366	1.0769	0.6043
912	1303770731525	1	1.5366	1.0769	0.6043
913	1303770731582	1	1.5366	1.0769	0.6043
914	1303770731599	1	1.5366	1.0769	0.6043
915	1303770731615	1	1.5366	1.0769	0.6043
916	1303770731633	1	1.5366	1.0769	0.6043
917	1303770731649	1	1.5366	1.0769	0.6043
918	1303770731665	1	1.5366	1.0769	0.6043
919	1303770731682	1	1.5366	1.0769	0.6043
920	1303770731698	1	1.5366	1.0769	0.6043
921	1303770731714	1	1.5366	1.0769	0.6043
922	1303770731731	1	1.5366	1.0769	0.6043
923	1303770731747	1	1.5366	1.0769	0.6043
924	1303770731764	1	1.5366	1.0769	0.6043
925	1303770731780	1	1.5366	1.0769	0.6043
926	1303770731797	1	1.5366	1.0769	0.6043
927	1303770731855	1	1.5366	1.0769	0.6043
928	1303770731871	1	1.5366	1.0769	0.6043
929	1303770731888	1	1.5366	1.0769	0.6043
930	1303770731906	1	1.5366	1.0769	0.6043
931	1303770731925	1	1.5366	1.0769	0.6043
932	1303770731945	1	1.5366	1.0769	0.6043
933	1303770731961	1	1.5366	1.0769	0.6043
934	1303770731979	1	1.5366	1.0769	0.6043
935	1303770732098	1	1.5301	1.0769	0.6069
936	1303770732363	1	1.5302	1.0769	0.6068
937	1303770732392	1	1.5302	1.0769	0.6068
938	1303770732435	1	1.5302	1.0769	0.6068
939	1303770732451	1	1.5302	1.0769	0.6068
940	1303770732468	1	1.5302	1.0769	0.6068
941	1303770732484	1	1.5302	1.0769	0.6068
942	1303770732502	1	1.5302	1.0769	0.6068
943	1303770732519	1	1.5302	1.0769	0.6068
944	1303770732535	1	1.5302	1.0769	0.6068
945	1303770732551	1	1.5302	1.0769	0.6068
946	1303770732608	1	1.5302	1.0769	0.6068
947	1303770732625	1	1.5302	1.0769	0.6068
948	1303770732643	1	1.5302	1.0769	0.6068
949	1303770732658	1	1.5302	1.0769	0.6068
950	1303770732675	1	1.5302	1.0769	0.6068
951	1303770732731	1	1.357	1.0769	0.6843
952	1303770732748	1	1.357	1.0769	0.6843
953	1303770732766	1	1.357	1.0769	0.6843
954	1303770732781	1	1.357	1.0769	0.6843
955	1303770732798	1	1.357	1.0769	0.6843
956	1303770732814	1	1.357	1.0769	0.6843
957	1303770732831	1	1.357	1.0769	0.6843
958	1303770732848	1	1.357	1.0769	0.6843
959	1303770732904	1	1.357	1.0769	0.6843
960	1303770732921	1	1.357	1.0769	0.6843
961	1303770732939	1	1.357	1.0769	0.6843
962	1303770732954	1	1.357	1.0769	0.6843
963	1303770732971	1	1.357	1.0769	0.6843
964	1303770732987	1	1.357	1.0769	0.6843
965	1303770733004	1	1.357	1.0769	0.6843
966	1303770733021	1	1.357	1.0769	0.6843
967	1303770733037	1	1.357	1.0769	0.6843
968	1303770733054	1	1.357	1.0769	0.6843
969	1303770733070	1	1.357	1.0769	0.6843
970	1303770733087	1	1.357	1.0769	0.6843
971	1303770733104	1	1.357	1.0769	0.6843
972	1303770733119	1	1.357	1.0769	0.6843
973	1303770733136	1	1.357	1.0769	0.6843
974	1303770733152	1	1.357	1.0769	0.6843
975	1303770733168	1	1.357	1.0769	0.6843
976	1303770733186	1	1.357	1.0769	0.6843
977	1303770733243	1	1.357	1.0769	0.6843
978	1303770733260	1	1.357	1.0769	0.6843
979	1303770733276	1	1.357	1.0769	0.6843
980	1303770733335	1	1.357	1.0769	0.6843
981	1303770733352	1	1.357	1.0769	0.6843
982	1303770733368	1	1.357	1.0769	0.6843
983	1303770733385	1	1.357	1.0769	0.6843
984	1303770733402	1	1.357	1.0769	0.6843
985	1303770733418	1	1.357	1.0769	0.6843
986	1303770733437	1	1.357	1.0769	0.6843
987	1303770733493	1	1.357	1.0769	0.6843
988	1303770733510	1	1.357	1.0769	0.6843
989	1303770733527	1	1.357	1.0769	0.6843
990	1303770733543	1	1.357	1.0769	0.6843
991	1303770733560	1	1.357	1.0769	0.6843
992	1303770733576	1	1.357	1.0769	0.6843
993	1303770733633	1	1.357	1.0769	0.6843
994	1303770733651	1	1.357	1.0769	0.6843
995	1303770733667	1	1.357	1.0769	0.6843
996	1303770733828	1	1.3692	1.0769	0.6782
997	1303770733979	1	1.3692	1.0769	0.6782
998	1303770734007	1	1.3692	1.0769	0.6782
999	1303770734048	1	1.3692	1.0769	0.6782
1000	1303770734065	1	1.3692	1.0769	0.6782
1001	1303770734081	1	1.3692	1.0769	0.6782
1002	1303770734098	1	1.3692	1.0769	0.6782
1003	1303770734115	1	1.3692	1.0769	0.6782
1004	1303770734131	1	1.3692	1.0769	0.6782
1005	1303770734148	1	1.3692	1.0769	0.6782
1006	1303770734164	1	1.3692	1.0769	0.6782
1007	1303770734181	1	1.3692	1.0769	0.6782
1008	1303770734198	1	1.3692	1.0769	0.6782
1009	1303770734213	1	1.3692	1.0769	0.6782
1010	1303770734230	1	1.3692	1.0769	0.6782
1011	1303770734246	1	1.3692	1.0769	0.6782
1012	1303770734263	1	1.3692	1.0769	0.6782
1013	1303770734280	1	1.3692	1.0769	0.6782
1014	1303770734296	1	1.3692	1.0769	0.6782
1015	1303770734313	1	1.3692	1.0769	0.6782
1016	1303770734329	1	1.3692	1.0769	0.6782
1017	1303770734346	1	1.3692	1.0769	0.6782
1018	1303770734363	1	1.3692	1.0769	0.6782
1019	1303770734378	1	1.3692	1.0769	0.6782
1020	1303770734395	1	1.3692	1.0769	0.6782
1021	1303770734411	1	1.3692	1.0769	0.6782
1022	1303770734428	1	1.3692	1.0769	0.6782
1023	1303770734445	1	1.3692	1.0769	0.6782
1024	1303770734460	1	1.3692	1.0769	0.6782
1025	1303770734477	1	1.3692	1.0769	0.6782
1026	1303770734533	1	1.3692	1.0769	0.6782
1027	1303770734550	1	1.3692	1.0769	0.6782
1028	1303770734567	1	1.3692	1.0769	0.6782
1029	1303770734583	1	1.3692	1.0769	0.6782
1030	1303770734641	1	1.3692	1.0769	0.6782
1031	1303770734658	1	1.3692	1.0769	0.6782
1032	1303770734674	1	1.3692	1.0769	0.6782
1033	1303770734691	1	1.3692	1.0769	0.6782
1034	1303770734707	1	1.3692	1.0769	0.6782
1035	1303770734724	1	1.3692	1.0769	0.6782
1036	1303770734740	1	1.3692	1.0769	0.6782
1037	1303770734756	1	1.3692	1.0769	0.6782
1038	1303770734773	1	1.3692	1.0769	0.6782
1039	1303770734789	1	1.3692	1.0769	0.6782
1040	1303770734806	1	1.3692	1.0769	0.6782
1041	1303770734823	1	1.3692	1.0769	0.6782
1042	1303770734838	1	1.3692	1.0769	0.6782
1043	1303770734855	1	1.3692	1.0769	0.6782
1044	1303770734870	1	1.3692	1.0769	0.6782
1045	1303770734887	1	1.3692	1.0769	0.6782
1046	1303770734904	1	1.3692	1.0769	0.6782
1047	1303770734920	1	1.3692	1.0769	0.6782
1048	1303770734937	1	1.3692	1.0769	0.6782
1049	1303770734953	1	1.3692	1.0769	0.6782
1050	1303770734969	1	1.3692	1.0769	0.6782
1051	1303770734986	1	1.3692	1.0769	0.6782
1052	1303770735002	1	1.3692	1.0769	0.6782
1053	1303770735019	1	1.3692	1.0769	0.6782
1054	1303770735034	1	1.3692	1.0769	0.6782
1055	1303770735051	1	1.3692	1.0769	0.6782
1056	1303770735070	1	1.3692	1.0769	0.6782
1057	1303770735255	1	1.3692	1.0769	0.6782
1058	1303770735475	1	1.3692	1.0769	0.6782
1059	1303770735511	1	1.3692	1.0769	0.6782
1060	1303770735574	1	1.3692	1.0769	0.6782
1061	1303770735590	1	1.3697	1.0769	0.6779
1062	1303770735607	1	1.3697	1.0769	0.6779
1063	1303770735624	1	1.3697	1.0769	0.6779
1064	1303770735639	1	1.3697	1.0769	0.6779
1065	1303770735656	1	1.3697	1.0769	0.6779
1066	1303770735672	1	1.3697	1.0769	0.6779
1067	1303770735689	1	1.3697	1.0769	0.6779
1068	1303770735705	1	1.3697	1.0769	0.6779
1069	1303770735721	1	1.3697	1.0769	0.6779
1070	1303770735738	1	1.3697	1.0769	0.6779
1071	1303770735777	1	1.3697	1.0769	0.6779
1072	1303770735794	1	1.3697	1.0769	0.6779
1073	1303770735811	1	1.3697	1.0769	0.6779
1074	1303770735867	1	1.3697	1.0769	0.6779
1075	1303770735884	1	1.3697	1.0769	0.6779
1076	1303770735902	1	1.3697	1.0769	0.6779
1077	1303770735918	1	1.3697	1.0769	0.6779
1078	1303770735935	1	1.3697	1.0769	0.6779
1079	1303770735992	1	1.3697	1.0769	0.6779
1080	1303770736009	1	1.3697	1.0769	0.6779
1081	1303770736026	1	1.3697	1.0769	0.6779
1082	1303770736042	1	1.3697	1.0769	0.6779
1083	1303770736059	1	1.3697	1.0769	0.6779
1084	1303770736077	1	1.3697	1.0769	0.6779
1085	1303770736094	1	1.3697	1.0769	0.6779
1086	1303770736111	1	1.3697	1.0769	0.6779
1087	1303770736126	1	1.3697	1.0769	0.6779
1088	1303770736184	1	1.3697	1.0769	0.6779
1089	1303770736201	1	1.3697	1.0769	0.6779
1090	1303770736217	1	1.3697	1.0769	0.6779
1091	1303770736234	1	1.3697	1.0769	0.6779
1092	1303770736250	1	1.3697	1.0769	0.6779
1093	1303770736267	1	1.3697	1.0769	0.6779
1094	1303770736325	1	1.3697	1.0769	0.6779
1095	1303770736341	1	1.3697	1.0769	0.6779
1096	1303770736358	1	1.3697	1.0769	0.6779
1097	1303770736416	1	1.3697	1.0769	0.6779
1098	1303770736432	1	1.3697	1.0769	0.6779
1099	1303770736449	1	1.3697	1.0769	0.6779
1100	1303770736505	1	1.3697	1.0769	0.6779
1101	1303770736522	1	1.3697	1.0769	0.6779
1102	1303770736539	1	1.3697	1.0769	0.6779
1103	1303770736555	1	1.3697	1.0769	0.6779
1104	1303770736572	1	1.3697	1.0769	0.6779
1105	1303770736588	1	1.3697	1.0769	0.6779
1106	1303770736605	1	1.3697	1.0769	0.6779
1107	1303770736624	1	1.3697	1.0769	0.6779
1108	1303770736640	1	1.3697	1.0769	0.6779
1109	1303770736656	1	1.3697	1.0769	0.6779
1110	1303770736672	1	1.3697	1.0769	0.6779
1111	1303770736689	1	1.3697	1.0769	0.6779
1112	1303770736707	1	1.3697	1.0769	0.6779
1113	1303770736723	1	1.3697	1.0769	0.6779
1114	1303770736740	1	1.3697	1.0769	0.6779
1115	1303770736798	1	1.3697	1.0769	0.6779
1116	1303770736814	1	1.3697	1.0769	0.6779
1117	1303770736832	1	1.3697	1.0769	0.6779
1118	1303770736904	1	1.3697	1.0769	0.6779
1119	1303770737031	1	1.3697	1.0769	0.6779
1120	1303770737100	1	1.3698	1.0769	0.6779
1121	1303770737134	1	1.3698	1.0769	0.6779
1122	1303770737152	1	1.3698	1.0769	0.6779
1123	1303770737169	1	1.3698	1.0769	0.6779
1124	1303770737190	1	1.3698	1.0769	0.6779
1125	1303770737210	1	1.3698	1.0769	0.6779
1126	1303770737226	1	1.3698	1.0769	0.6779
1127	1303770737243	1	1.3698	1.0769	0.6779
1128	1303770737259	1	1.3698	1.0769	0.6779
1129	1303770737276	1	1.3698	1.0769	0.6779
1130	1303770737293	1	1.3698	1.0769	0.6779
1131	1303770737349	1	1.3698	1.0769	0.6779
1132	1303770737367	1	1.3698	1.0769	0.6779
1133	1303770737384	1	1.3698	1.0769	0.6779
1134	1303770737400	1	1.3698	1.0769	0.6779
1135	1303770737458	1	1.3698	1.0769	0.6779
1136	1303770737474	1	1.3698	1.0769	0.6779
1137	1303770737491	1	1.3698	1.0769	0.6779
1138	1303770737548	1	1.3698	1.0769	0.6779
1139	1303770737564	1	1.3698	1.0769	0.6779
1140	1303770737582	1	1.3698	1.0769	0.6779
1141	1303770737599	1	1.3698	1.0769	0.6779
1142	1303770737615	1	1.3698	1.0769	0.6779
1143	1303770737632	1	1.3698	1.0769	0.6779
1144	1303770737648	1	1.3698	1.0769	0.6779
1145	1303770737665	1	1.3698	1.0769	0.6779
1146	1303770737681	1	1.3698	1.0769	0.6779
1147	1303770737697	1	1.3698	1.0769	0.6779
1148	1303770737714	1	1.3698	1.0769	0.6779
1149	1303770737772	1	1.3698	1.0769	0.6779
1150	1303770737788	1	1.3698	1.0769	0.6779
1151	1303770737846	1	1.3698	1.0769	0.6779
1152	1303770737863	1	1.3698	1.0769	0.6779
1153	1303770737878	1	1.3698	1.0769	0.6779
1154	1303770737895	1	1.3698	1.0769	0.6779
1155	1303770737911	1	1.3698	1.0769	0.6779
1156	1303770737928	1	1.3698	1.0769	0.6779
1157	1303770737944	1	1.3698	1.0769	0.6779
1158	1303770737960	1	1.3698	1.0769	0.6779
1159	1303770737977	1	1.3698	1.0769	0.6779
1160	1303770737993	1	1.3698	1.0769	0.6779
1161	1303770738010	1	1.3698	1.0769	0.6779
1162	1303770738026	1	1.3698	1.0769	0.6779
1163	1303770738042	1	1.3698	1.0769	0.6779
1164	1303770738059	1	1.3698	1.0769	0.6779
1165	1303770738075	1	1.3698	1.0769	0.6779
1166	1303770738091	1	1.3698	1.0769	0.6779
1167	1303770738109	1	1.3698	1.0769	0.6779
1168	1303770738125	1	1.3698	1.0769	0.6779
1169	1303770738141	1	1.3698	1.0769	0.6779
1170	1303770738157	1	1.3698	1.0769	0.6779
1171	1303770738174	1	1.3698	1.0769	0.6779
1172	1303770738191	1	1.3698	1.0769	0.6779
1173	1303770738207	1	1.3698	1.0769	0.6779
1174	1303770738224	1	1.3698	1.0769	0.6779
1175	1303770738239	1	1.3698	1.0769	0.6779
1176	1303770738256	1	1.3698	1.0769	0.6779
1177	1303770738273	1	1.3698	1.0769	0.6779
1178	1303770738290	1	1.3698	1.0769	0.6779
1179	1303770738412	1	1.3698	1.0769	0.6779
1180	1303770738602	1	1.3698	1.0769	0.6779
1181	1303770738622	1	1.3698	1.0769	0.6779
1182	1303770738697	1	1.3698	1.0769	0.6779
1183	1303770738715	1	1.3698	1.0769	0.6779
1184	1303770738731	1	1.3698	1.0769	0.6779
1185	1303770738750	1	1.3698	1.0769	0.6779
1186	1303770738771	1	1.3698	1.0769	0.6779
1187	1303770738792	1	1.3698	1.0769	0.6779
1188	1303770738809	1	1.3698	1.0769	0.6779
1189	1303770738826	1	1.3698	1.0769	0.6779
1190	1303770738844	1	1.3698	1.0769	0.6779
1191	1303770738861	1	1.3698	1.0769	0.6779
1192	1303770738878	1	1.3698	1.0769	0.6779
1193	1303770738896	1	1.3698	1.0769	0.6779
1194	1303770738912	1	1.3698	1.0769	0.6779
1195	1303770738930	1	1.3698	1.0769	0.6779
1196	1303770738948	1	1.3698	1.0769	0.6779
1197	1303770738965	1	1.3698	1.0769	0.6779
1198	1303770738982	1	1.3698	1.0769	0.6779
1199	1303770739000	1	1.3698	1.0769	0.6779
1200	1303770739031	1	1.3698	1.0769	0.6779
1201	1303770739049	1	1.3698	1.0769	0.6779
1202	1303770739067	1	1.3698	1.0769	0.6779
1203	1303770739083	1	1.3698	1.0769	0.6779
1204	1303770739101	1	1.3698	1.0769	0.6779
1205	1303770739119	1	1.3698	1.0769	0.6779
1206	1303770739137	1	1.3698	1.0769	0.6779
1207	1303770739153	1	1.3698	1.0769	0.6779
1208	1303770739171	1	1.3698	1.0769	0.6779
1209	1303770739189	1	1.3698	1.0769	0.6779
1210	1303770739206	1	1.3698	1.0769	0.6779
1211	1303770739223	1	1.3698	1.0769	0.6779
1212	1303770739241	1	1.3698	1.0769	0.6779
1213	1303770739258	1	1.3698	1.0769	0.6779
1214	1303770739276	1	1.3698	1.0769	0.6779
1215	1303770739293	1	1.3698	1.0769	0.6779
1216	1303770739310	1	1.3698	1.0769	0.6779
1217	1303770739328	1	1.3698	1.0769	0.6779
1218	1303770739346	1	1.3698	1.0769	0.6779
1219	1303770739362	1	1.3698	1.0769	0.6779
1220	1303770739380	1	1.3698	1.0769	0.6779
1221	1303770739398	1	1.3698	1.0769	0.6779
1222	1303770739414	1	1.3698	1.0769	0.6779
1223	1303770739432	1	1.3698	1.0769	0.6779
1224	1303770739450	1	1.3698	1.0769	0.6779
1225	1303770739468	1	1.3698	1.0769	0.6779
1226	1303770739484	1	1.3698	1.0769	0.6779
1227	1303770739502	1	1.3698	1.0769	0.6779
1228	1303770739519	1	1.3698	1.0769	0.6779
1229	1303770739536	1	1.3698	1.0769	0.6779
1230	1303770739554	1	1.3698	1.0769	0.6779
1231	1303770739572	1	1.3698	1.0769	0.6779
1232	1303770739629	1	1.3698	1.0769	0.6779
1233	1303770739648	1	1.3698	1.0769	0.6779
1234	1303770739666	1	1.3698	1.0769	0.6779
1235	1303770739725	1	1.3698	1.0769	0.6779
1236	1303770739742	1	1.3698	1.0769	0.6779
1237	1303770739760	1	1.3698	1.0769	0.6779
1238	1303770739778	1	1.3698	1.0769	0.6779
1239	1303770739796	1	1.3698	1.0769	0.6779
1240	1303770739946	1	1.3698	1.0769	0.6779
1241	1303770740252	1	1.3698	1.0769	0.6779
1242	1303770740285	1	1.3693	1.0769	0.6781
1243	1303770740328	1	1.3693	1.0769	0.6781
1244	1303770740347	1	1.3693	1.0769	0.6781
1245	1303770740364	1	1.3693	1.0769	0.6781
1246	1303770740382	1	1.3693	1.0769	0.6781
1247	1303770740400	1	1.3693	1.0769	0.6781
1248	1303770740416	1	1.3693	1.0769	0.6781
1249	1303770740434	1	1.3693	1.0769	0.6781
1250	1303770740452	1	1.3693	1.0769	0.6781
1251	1303770740469	1	1.3693	1.0769	0.6781
1252	1303770740487	1	1.3693	1.0769	0.6781
1253	1303770740505	1	1.3693	1.0769	0.6781
1254	1303770740522	1	1.3693	1.0769	0.6781
1255	1303770740540	1	1.3693	1.0769	0.6781
1256	1303770740558	1	1.3693	1.0769	0.6781
1257	1303770740617	1	1.3693	1.0769	0.6781
1258	1303770740633	1	1.3693	1.0769	0.6781
1259	1303770740652	1	1.3693	1.0769	0.6781
1260	1303770740670	1	1.3693	1.0769	0.6781
1261	1303770740687	1	1.3693	1.0769	0.6781
1262	1303770740705	1	1.3693	1.0769	0.6781
1263	1303770740723	1	1.3693	1.0769	0.6781
1264	1303770740739	1	1.3693	1.0769	0.6781
1265	1303770740757	1	1.3693	1.0769	0.6781
1266	1303770740775	1	1.3693	1.0769	0.6781
1267	1303770740833	1	1.3693	1.0769	0.6781
1268	1303770740850	1	1.3693	1.0769	0.6781
1269	1303770740868	1	1.3693	1.0769	0.6781
1270	1303770740887	1	1.3693	1.0769	0.6781
1271	1303770740903	1	1.3693	1.0769	0.6781
1272	1303770740921	1	1.3693	1.0769	0.6781
1273	1303770740939	1	1.3693	1.0769	0.6781
1274	1303770740956	1	1.3693	1.0769	0.6781
1275	1303770740974	1	1.3693	1.0769	0.6781
1276	1303770740992	1	1.3693	1.0769	0.6781
1277	1303770741010	1	1.3693	1.0769	0.6781
1278	1303770741028	1	1.3693	1.0769	0.6781
1279	1303770741086	1	1.3693	1.0769	0.6781
1280	1303770741145	1	1.3693	1.0769	0.6781
1281	1303770741162	1	1.3693	1.0769	0.6781
1282	1303770741181	1	1.3693	1.0769	0.6781
1283	1303770741199	1	1.3693	1.0769	0.6781
1284	1303770741216	1	1.3693	1.0769	0.6781
1285	1303770741235	1	1.3693	1.0769	0.6781
1286	1303770741254	1	1.3693	1.0769	0.6781
1287	1303770741271	1	1.3693	1.0769	0.6781
1288	1303770741289	1	1.3693	1.0769	0.6781
1289	1303770741308	1	1.3693	1.0769	0.6781
1290	1303770741325	1	1.3693	1.0769	0.6781
1291	1303770741382	1	1.3693	1.0769	0.6781
1292	1303770741401	1	1.3693	1.0769	0.6781
1293	1303770741419	1	1.3693	1.0769	0.6781
1294	1303770741435	1	1.3693	1.0769	0.6781
1295	1303770741454	1	1.3693	1.0769	0.6781
1296	1303770741471	1	1.3693	1.0769	0.6781
1297	1303770741488	1	1.3693	1.0769	0.6781
1298	1303770741507	1	1.3693	1.0769	0.6781
1299	1303770741525	1	1.3693	1.0769	0.6781
1300	1303770741544	1	1.3693	1.0769	0.6781
1301	1303770741624	1	1.3693	1.0769	0.6781
1302	1303770741748	1	1.3693	1.0769	0.6781
1303	1303770741777	1	1.3689	1.0769	0.6783
1304	1303770741813	1	1.3689	1.0769	0.6783
1305	1303770741871	1	1.3689	1.0769	0.6783
1306	1303770741888	1	1.3689	1.0769	0.6783
1307	1303770741904	1	1.3689	1.0769	0.6783
1308	1303770741922	1	1.3689	1.0769	0.6783
1309	1303770741938	1	1.3689	1.0769	0.6783
1310	1303770741955	1	1.3689	1.0769	0.6783
1311	1303770741973	1	1.3689	1.0769	0.6783
1312	1303770741989	1	1.3689	1.0769	0.6783
1313	1303770742006	1	1.3689	1.0769	0.6783
1314	1303770742021	1	1.3689	1.0769	0.6783
1315	1303770742038	1	1.3689	1.0769	0.6783
1316	1303770742096	1	1.3689	1.0769	0.6783
1317	1303770742112	1	1.3689	1.0769	0.6783
1318	1303770742129	1	1.3689	1.0769	0.6783
1319	1303770742145	1	1.3689	1.0769	0.6783
1320	1303770742163	1	1.3689	1.0769	0.6783
1321	1303770742180	1	1.3689	1.0769	0.6783
1322	1303770742195	1	1.3689	1.0769	0.6783
1323	1303770742212	1	1.3689	1.0769	0.6783
1324	1303770742268	1	1.3689	1.0769	0.6783
1325	1303770742326	1	1.3689	1.0769	0.6783
1326	1303770742344	1	1.3689	1.0769	0.6783
1327	1303770742360	1	1.3689	1.0769	0.6783
1328	1303770742377	1	1.3689	1.0769	0.6783
1329	1303770742395	1	1.3689	1.0769	0.6783
1330	1303770742411	1	1.3689	1.0769	0.6783
1331	1303770742428	1	1.3689	1.0769	0.6783
1332	1303770742444	1	1.3689	1.0769	0.6783
1333	1303770742461	1	1.3689	1.0769	0.6783
1334	1303770742478	1	1.3689	1.0769	0.6783
1335	1303770742494	1	1.3689	1.0769	0.6783
1336	1303770742552	1	1.3689	1.0769	0.6783
1337	1303770742568	1	1.3689	1.0769	0.6783
1338	1303770742585	1	1.3689	1.0769	0.6783
1339	1303770742603	1	1.3689	1.0769	0.6783
1340	1303770742619	1	1.3689	1.0769	0.6783
1341	1303770742636	1	1.3689	1.0769	0.6783
1342	1303770742652	1	1.3689	1.0769	0.6783
1343	1303770742669	1	1.3689	1.0769	0.6783
1344	1303770742686	1	1.3689	1.0769	0.6783
1345	1303770742702	1	1.3689	1.0769	0.6783
1346	1303770742719	1	1.3689	1.0769	0.6783
1347	1303770742735	1	1.3689	1.0769	0.6783
1348	1303770742752	1	1.3689	1.0769	0.6783
1349	1303770742769	1	1.3689	1.0769	0.6783
1350	1303770742785	1	1.3689	1.0769	0.6783
1351	1303770742802	1	1.3689	1.0769	0.6783
1352	1303770742819	1	1.3689	1.0769	0.6783
1353	1303770742876	1	1.3689	1.0769	0.6783
1354	1303770742893	1	1.3689	1.0769	0.6783
1355	1303770742909	1	1.3689	1.0769	0.6783
1356	1303770742926	1	1.3689	1.0769	0.6783
1357	1303770742943	1	1.3689	1.0769	0.6783
1358	1303770742959	1	1.3689	1.0769	0.6783
1359	1303770742976	1	1.3689	1.0769	0.6783
1360	1303770742992	1	1.3689	1.0769	0.6783
1361	1303770743011	1	1.3689	1.0769	0.6783
1362	1303770743032	1	1.3689	1.1071	0.6598
1363	1303770743050	1	1.3689	1.1071	0.6598
1364	1303770743067	1	1.3689	1.0769	0.6783
1365	1303770743085	1	1.3688	1.0769	0.6784
1366	1303770743101	1	1.3688	1.0357	0.7054
1367	1303770743118	1	1.3688	1.1333	0.6446
1368	1303770743135	1	1.3688	1.1	0.6642
1369	1303770743151	1	1.3688	1.1	0.6642
1370	1303770743209	1	1.3688	1.1	0.6642
1371	1303770743225	1	1.3688	1.125	0.6494
1372	1303770743242	1	1.3688	1.1	0.6642
1373	1303770743300	1	1.3688	1.0938	0.668
1374	1303770743316	1	1.3688	1.0938	0.668
1375	1303770743333	1	1.3688	1.0938	0.668
1376	1303770743350	1	1.3688	1.0588	0.69
1377	1303770743366	1	1.3688	1.0938	0.668
1378	1303770743382	1	1.3688	1.0625	0.6876
1379	1303770743398	1	1.3688	1.0882	0.6714
1380	1303770743415	1	1.3688	1.0588	0.69
1381	1303770743432	1	1.3688	1.0882	0.6714
1382	1303770743448	1	1.3688	1.0294	0.7097
1383	1303770743505	1	1.5389	1.0588	0.6137
1384	1303770743520	1	1.5389	1.0294	0.6313
1385	1303770743538	1	1.5389	1.0588	0.6137
1386	1303770743561	1	1.5389	1.0294	0.6313
1387	1303770743576	1	1.5389	1.0588	0.6137
1388	1303770743593	1	1.5389	1.0294	0.6313
1389	1303770743608	1	1.5389	1.0588	0.6137
1390	1303770743625	1	1.5389	1.0294	0.6313
1391	1303770743641	1	1.5389	1.0588	0.6137
1392	1303770743657	1	1.5389	1.0294	0.6313
1393	1303770743673	1	1.5389	1.0588	0.6137
1394	1303770743689	1	1.5389	1.0294	0.6313
1395	1303770743705	1	1.5389	1.0294	0.6313
1396	1303770743722	1	1.5389	1.0294	0.6313
1397	1303770743738	1	1.5389	1.0294	0.6313
1398	1303770743754	1	1.5389	1.0294	0.6313
1399	1303770743770	1	1.5389	1.0294	0.6313
1400	1303770743787	1	1.5389	1.0294	0.6313
1401	1303770743803	1	1.5389	1.0294	0.6313
1402	1303770743819	1	1.5389	1.0294	0.6313
1403	1303770743836	1	1.5389	1	0.6498
1404	1303770743851	1	1.5389	1.0294	0.6313
1405	1303770743868	1	1.5389	1.0294	0.6313
1406	1303770743885	1	1.5389	1	0.6498
1407	1303770743900	1	1.5389	1.0294	0.6313
1408	1303770743917	1	1.5389	1.0294	0.6313
1409	1303770743972	1	1.344	1	0.7441
1410	1303770743990	1	1.344	1.0294	0.7228
1411	1303770744007	1	1.344	1.0294	0.7228
1412	1303770744022	1	1.344	1	0.7441
1413	1303770744080	1	1.344	1.0294	0.7228
1414	1303770744097	1	1.344	1	0.7441
1415	1303770744113	1	1.344	1	0.7441
1416	1303770744130	1	1.344	1.0294	0.7228
1417	1303770744185	1	1.344	1	0.7441
1418	1303770744202	1	1.344	1	0.7441
1419	1303770744260	1	1.344	1.0294	0.7228
1420	1303770744275	1	1.344	1	0.7441
1421	1303770744293	1	1.344	1	0.7441
1422	1303770744312	1	1.344	1	0.7441
1423	1303770744343	1	1.344	1	0.7441
1424	1303770744363	1	1.344	1	0.7441
1425	1303770744381	1	1.344	1	0.7441
1426	1303770744399	1	1.4541	1	0.6877
1427	1303770744416	1	1.4541	1	0.6877
1428	1303770744433	1	1.4541	1	0.6877
1429	1303770744449	1	1.4541	1	0.6877
1430	1303770744465	1	1.4541	1	0.6877
1431	1303770744485	1	1.4541	1	0.6877
1432	1303770744502	1	1.4541	1	0.6877
1433	1303770744518	1	1.4541	1	0.6877
1434	1303770744534	1	1.4541	1	0.6877
1435	1303770744550	1	1.4541	1	0.6877
1436	1303770744567	1	1.4541	1	0.6877
1437	1303770744584	1	1.4541	1	0.6877
1438	1303770744600	1	1.4541	1	0.6877
1439	1303770744616	1	1.4541	1	0.6877
1440	1303770744672	1	1.5501	1	0.6451
1441	1303770744689	1	1.5501	1	0.6451
1442	1303770744707	1	1.5501	1	0.6451
1443	1303770744722	1	1.5501	1	0.6451
1444	1303770744739	1	1.5501	1	0.6451
1445	1303770744755	1	1.5501	1	0.6451
1446	1303770744772	1	1.5501	1	0.6451
1447	1303770744789	1	1.5501	1	0.6451
1448	1303770744804	1	1.5501	1	0.6451
1449	1303770744821	1	1.5501	1	0.6451
1450	1303770744837	1	1.5501	1	0.6451
1451	1303770744854	1	1.5501	1	0.6451
1452	1303770744870	1	1.5501	1	0.6451
1453	1303770744886	1	1.5501	1	0.6451
1454	1303770744903	1	1.5501	1	0.6451
1455	1303770744960	1	1.5018	1	0.6659
1456	1303770744976	1	1.5018	1	0.6659
1457	1303770744995	1	1.5018	1	0.6659
1458	1303770745011	1	1.5018	1	0.6659
1459	1303770745031	1	1.5018	1	0.6659
1460	1303770745051	1	1.5018	1	0.6659
1461	1303770745068	1	1.5018	1	0.6659
1462	1303770745085	1	1.5018	1	0.6659
1463	1303770745101	1	1.5018	1	0.6659
1464	1303770745158	1	1.5018	1	0.6659
1465	1303770745175	1	1.5018	1	0.6659
1466	1303770745231	1	1.5018	1	0.6659
1467	1303770745249	1	1.5018	1	0.6659
1468	1303770745267	1	1.5018	1	0.6659
1469	1303770745283	1	1.5018	1	0.6659
1470	1303770745299	1	1.5018	1	0.6659
1471	1303770745315	1	1.5018	1	0.6659
1472	1303770745332	1	1.5018	1	0.6659
1473	1303770745349	1	1.5018	1	0.6659
1474	1303770745365	1	1.5018	1	0.6659
1475	1303770745382	1	1.5018	1	0.6659
1476	1303770745397	1	1.5018	1	0.6659
1477	1303770745414	1	1.5018	1	0.6659
1478	1303770745431	1	1.5018	1	0.6659
1479	1303770745447	1	1.5018	1	0.6659
1480	1303770745464	1	1.5018	1	0.6659
1481	1303770745481	1	1.5018	1	0.6659
1482	1303770745496	1	1.5018	1	0.6659
1483	1303770745557	1	1.5018	1	0.6659
1484	1303770745591	1	1.5018	1	0.6659
1485	1303770745613	1	1.5018	1	0.6659
1486	1303770745633	1	1.5018	1	0.6659
1487	1303770745651	1	1.4896	1	0.6713
1488	1303770745668	1	1.4896	1	0.6713
1489	1303770745727	1	1.4896	1	0.6713
1490	1303770745742	1	1.4896	1	0.6713
1491	1303770745800	1	1.4896	1	0.6713
1492	1303770745817	1	1.4896	1	0.6713
1493	1303770745833	1	1.4896	1	0.6713
1494	1303770745850	1	1.4896	1	0.6713
1495	1303770745865	1	1.4896	1	0.6713
1496	1303770745882	1	1.4896	1	0.6713
1497	1303770745899	1	1.4896	1	0.6713
1498	1303770745955	1	1.4896	1	0.6713
1499	1303770746012	1	1.4896	1	0.6713
1500	1303770746029	1	1.4896	1	0.6713
1501	1303770746085	1	1.4896	1	0.6713
1502	1303770746102	1	1.4896	1	0.6713
1503	1303770746160	1	1.4896	1	0.6713
1504	1303770746216	1	1.4896	1	0.6713
1505	1303770746234	1	1.4896	1	0.6713
1506	1303770746251	1	1.4896	1	0.6713
1507	1303770746266	1	1.4896	1	0.6713
1508	1303770746283	1	1.4896	1	0.6713
1509	1303770746299	1	1.4896	1	0.6713
1510	1303770746317	1	1.4896	1	0.6713
1511	1303770746374	1	1.4896	1	0.6713
1512	1303770746391	1	1.4896	1	0.6713
1513	1303770746408	1	1.4896	1	0.6713
1514	1303770746425	1	1.4896	1	0.6713
1515	1303770746441	1	1.4896	1	0.6713
1516	1303770746458	1	1.4896	1	0.6713
1517	1303770746474	1	1.4896	1	0.6713
1518	1303770746491	1	1.4896	1	0.6713
1519	1303770746508	1	1.4896	1	0.6713
1520	1303770746523	1	1.4896	1	0.6713
1521	1303770746540	1	1.4896	1	0.6713
1522	1303770746556	1	1.4896	1	0.6713
1523	1303770746573	1	1.4896	1	0.6713
1524	1303770746590	1	1.4896	1	0.6713
1525	1303770746647	1	1.4896	1	0.6713
1526	1303770746664	1	1.4896	1	0.6713
1527	1303770746682	1	1.4896	1	0.6713
1528	1303770746698	1	1.4896	1	0.6713
1529	1303770746714	1	1.4896	1	0.6713
1530	1303770746730	1	1.4896	1	0.6713
1531	1303770746747	1	1.4896	1	0.6713
1532	1303770746764	1	1.4896	1	0.6713
1533	1303770746780	1	1.4896	1	0.6713
1534	1303770746797	1	1.4896	1	0.6713
1535	1303770746813	1	1.4896	1	0.6713
1536	1303770746831	1	1.4896	1	0.6713
1537	1303770746847	1	1.4896	1	0.6713
1538	1303770746928	1	1.4896	1	0.6713
1539	1303770746945	1	1.4896	1	0.6713
1540	1303770746961	1	1.4896	1	0.6713
1541	1303770746978	1	1.4896	1	0.6713
1542	1303770746995	1	1.4896	1	0.6713
1543	1303770747011	1	1.4896	1	0.6713
1544	1303770747031	1	1.4896	1	0.6713
1545	1303770747069	1	1.4896	1	0.6713
1546	1303770747092	1	1.4896	1	0.6713
1547	1303770747111	1	1.4896	1	0.6713
1548	1303770747128	1	1.4896	1	0.6713
1549	1303770747146	1	1.49	1	0.6711
1550	1303770747163	1	1.49	1	0.6711
1551	1303770747179	1	1.49	1	0.6711
1552	1303770747196	1	1.49	1	0.6711
1553	1303770747211	1	1.49	1	0.6711
1554	1303770747228	1	1.49	1	0.6711
1555	1303770747245	1	1.49	1	0.6711
1556	1303770747261	1	1.49	1	0.6711
1557	1303770747278	1	1.49	1	0.6711
1558	1303770747294	1	1.49	1	0.6711
1559	1303770747311	1	1.49	1	0.6711
1560	1303770747328	1	1.49	1	0.6711
1561	1303770747344	1	1.49	1	0.6711
1562	1303770747401	1	1.49	1	0.6711
1563	1303770747416	1	1.49	1	0.6711
1564	1303770747433	1	1.49	1	0.6711
1565	1303770747450	1	1.49	1	0.6711
1566	1303770747466	1	1.49	1	0.6711
1567	1303770747483	1	1.49	1	0.6711
1568	1303770747499	1	1.49	1	0.6711
1569	1303770747515	1	1.49	1	0.6711
1570	1303770747532	1	1.49	1	0.6711
1571	1303770747548	1	1.49	1	0.6711
1572	1303770747565	1	1.49	1	0.6711
1573	1303770747581	1	1.49	1	0.6711
1574	1303770747598	1	1.49	1	0.6711
1575	1303770747614	1	1.49	1	0.6711
1576	1303770747629	1	1.49	1	0.6711
1577	1303770747646	1	1.49	1	0.6711
1578	1303770747703	1	1.49	1	0.6711
1579	1303770747718	1	1.49	1	0.6711
1580	1303770747735	1	1.49	1	0.6711
1581	1303770747751	1	1.49	1	0.6711
1582	1303770747768	1	1.49	1	0.6711
1583	1303770747826	1	1.49	1	0.6711
1584	1303770747841	1	1.49	1	0.6711
1585	1303770747858	1	1.49	1	0.6711
1586	1303770747874	1	1.49	1	0.6711
1587	1303770747891	1	1.49	1	0.6711
1588	1303770747908	1	1.49	1	0.6711
1589	1303770747924	1	1.49	1	0.6711
1590	1303770747941	1	1.49	1	0.6711
1591	1303770747957	1	1.49	1	0.6711
1592	1303770747973	1	1.49	1	0.6711
1593	1303770748031	1	1.49	1	0.6711
1594	1303770748046	1	1.49	1	0.6711
1595	1303770748063	1	1.49	1	0.6711
1596	1303770748080	1	1.49	1	0.6711
1597	1303770748096	1	1.49	1	0.6711
1598	1303770748113	1	1.49	1	0.6711
1599	1303770748129	1	1.49	1	0.6711
1600	1303770748145	1	1.49	1	0.6711
1601	1303770748162	1	1.49	1	0.6711
1602	1303770748178	1	1.49	1	0.6711
1603	1303770748194	1	1.49	1	0.6711
1604	1303770748210	1	1.49	1	0.6711
1605	1303770748230	1	1.49	1	0.6711
1606	1303770748252	1	1.4457	1	0.6917
1607	1303770748270	1	1.4491	1	0.6901
1608	1303770748288	1	1.4491	1	0.6901
1609	1303770748306	1	1.4491	1.0294	0.6704
1610	1303770748323	1	1.4491	1	0.6901
1611	1303770748339	1	1.4491	1	0.6901
1612	1303770748356	1	1.4491	1	0.6901
1613	1303770748372	1	1.4491	1	0.6901
1614	1303770748388	1	1.4491	1.0294	0.6704
1615	1303770748446	1	1.4491	1.0294	0.6704
1616	1303770748461	1	1.4491	1.0294	0.6704
1617	1303770748518	1	1.4491	1.0294	0.6704
1618	1303770748575	1	1.4491	1.0294	0.6704
1619	1303770748591	1	1.4491	1.0294	0.6704
1620	1303770748608	1	1.4491	1.0588	0.6517
1621	1303770748624	1	1.4491	1.0588	0.6517
1622	1303770748641	1	1.4491	1.0588	0.6517
1623	1303770748658	1	1.4491	1.0588	0.6517
1624	1303770748714	1	1.4491	1.0294	0.6704
1625	1303770748731	1	1.4491	1	0.6901
1626	1303770748748	1	1.4491	1	0.6901
1627	1303770748764	1	1.4491	1.0294	0.6704
1628	1303770748821	1	1.4491	1	0.6901
1629	1303770748836	1	1.4491	1	0.6901
1630	1303770748853	1	1.4491	1.0294	0.6704
1631	1303770748870	1	1.4491	1	0.6901
1632	1303770748926	1	1.4491	1.0294	0.6704
1633	1303770748943	1	1.4491	1.0294	0.6704
1634	1303770748959	1	1.4491	1.0294	0.6704
1635	1303770748976	1	1.4491	1	0.6901
1636	1303770748993	1	1.4491	1.0294	0.6704
1637	1303770749049	1	1.4491	1.0294	0.6704
1638	1303770749066	1	1.4491	1.0294	0.6704
1639	1303770749083	1	1.4491	1.0294	0.6704
1640	1303770749099	1	1.4491	1.0294	0.6704
1641	1303770749116	1	1.4491	1.0294	0.6704
1642	1303770749132	1	1.4491	1.0294	0.6704
1643	1303770749149	1	1.4491	1.0294	0.6704
1644	1303770749166	1	1.4491	1.0294	0.6704
1645	1303770749182	1	1.4491	1.0294	0.6704
1646	1303770749198	1	1.4491	1.0294	0.6704
1647	1303770749214	1	1.4491	1.0294	0.6704
1648	1303770749231	1	1.4491	1.0294	0.6704
1649	1303770749249	1	1.4491	1.0294	0.6704
1650	1303770749265	1	1.4491	1.0294	0.6704
1651	1303770749282	1	1.4491	1.0294	0.6704
1652	1303770749297	1	1.4491	1.0294	0.6704
1653	1303770749314	1	1.4491	1.0294	0.6704
1654	1303770749331	1	1.4491	1.0294	0.6704
1655	1303770749347	1	1.4491	1.0294	0.6704
1656	1303770749364	1	1.4491	1.0294	0.6704
1657	1303770749380	1	1.4491	1.0294	0.6704
1658	1303770749396	1	1.4491	1.0294	0.6704
1659	1303770749413	1	1.4491	1.0294	0.6704
1660	1303770749429	1	1.4491	1.0294	0.6704
1661	1303770749446	1	1.4491	1.0294	0.6704
1662	1303770749461	1	1.4491	1.0294	0.6704
1663	1303770749478	1	1.4491	1.0294	0.6704
1664	1303770749495	1	1.4491	1.0294	0.6704
1665	1303770749511	1	1.4491	1.0294	0.6704
1666	1303770749530	1	1.4491	1.0294	0.6704
1667	1303770749566	1	1.4569	1.0294	0.6668
1668	1303770749594	1	1.4491	1.0294	0.6704
1669	1303770749613	1	1.4491	1.0294	0.6704
1670	1303770749629	1	1.4491	1.0294	0.6704
1671	1303770749646	1	1.4491	1.0294	0.6704
1672	1303770749663	1	1.4491	1.0294	0.6704
1673	1303770749678	1	1.4491	1.0294	0.6704
1674	1303770749695	1	1.4491	1.0294	0.6704
1675	1303770749710	1	1.4491	1.0294	0.6704
1676	1303770749726	1	1.4491	1.0294	0.6704
1677	1303770749743	1	1.4491	1.0294	0.6704
1678	1303770749758	1	1.4491	1.0294	0.6704
1679	1303770749775	1	1.4491	1.0294	0.6704
1680	1303770749790	1	1.4491	1.0294	0.6704
1681	1303770749810	1	1.4491	1.0294	0.6704
1682	1303770749827	1	1.4491	1.0294	0.6704
1683	1303770749842	1	1.4491	1.0294	0.6704
1684	1303770749858	1	1.4491	1.0294	0.6704
1685	1303770749874	1	1.4491	1.0294	0.6704
1686	1303770749890	1	1.4491	1.0294	0.6704
1687	1303770749906	1	1.4491	1.0294	0.6704
1688	1303770749923	1	1.4491	1.0294	0.6704
1689	1303770749940	1	1.4491	1.0294	0.6704
1690	1303770749955	1	1.4491	1.0294	0.6704
1691	1303770749972	1	1.4491	1.0294	0.6704
1692	1303770749988	1	1.4491	1.0294	0.6704
1693	1303770750005	1	1.4491	1.0294	0.6704
1694	1303770750021	1	1.4491	1.0294	0.6704
1695	1303770750037	1	1.4491	1.0294	0.6704
1696	1303770750053	1	1.4491	1.0294	0.6704
1697	1303770750069	1	1.4491	1.0294	0.6704
1698	1303770750086	1	1.4491	1.0294	0.6704
1699	1303770750103	1	1.4491	1.0294	0.6704
1700	1303770750119	1	1.4491	1.0294	0.6704
1701	1303770750135	1	1.4491	1.0294	0.6704
1702	1303770750150	1	1.4491	1.0294	0.6704
1703	1303770750167	1	1.4491	1.0294	0.6704
1704	1303770750184	1	1.4491	1.0294	0.6704
1705	1303770750199	1	1.4491	1.0294	0.6704
1706	1303770750216	1	1.4491	1.0294	0.6704
1707	1303770750233	1	1.4491	1.0294	0.6704
1708	1303770750248	1	1.4491	1.0294	0.6704
1709	1303770750265	1	1.4491	1.0294	0.6704
1710	1303770750281	1	1.4491	1.0294	0.6704
1711	1303770750298	1	1.4491	1.0294	0.6704
1712	1303770750315	1	1.4491	1.0294	0.6704
1713	1303770750331	1	1.4491	1.0294	0.6704
1714	1303770750348	1	1.4491	1.0294	0.6704
1715	1303770750363	1	1.4491	1.0294	0.6704
1716	1303770750380	1	1.4491	1.0294	0.6704
1717	1303770750397	1	1.4491	1.0294	0.6704
1718	1303770750413	1	1.4491	1.0294	0.6704
1719	1303770750430	1	1.4491	1.0294	0.6704
1720	1303770750446	1	1.4491	1.0294	0.6704
1721	1303770750463	1	1.4491	1.0294	0.6704
1722	1303770750480	1	1.4491	1.0294	0.6704
1723	1303770750495	1	1.4491	1.0294	0.6704
1724	1303770750512	1	1.4491	1.0294	0.6704
1725	1303770750528	1	1.4491	1.0294	0.6704
1726	1303770750545	1	1.4491	1.0294	0.6704
1727	1303770750565	1	1.4491	1.0294	0.6704
1728	1303770750656	1	1.4334	1.0294	0.6777
1729	1303770750692	1	1.4238	1.0294	0.6823
1730	1303770750712	1	1.4238	1.0294	0.6823
1731	1303770750729	1	1.4238	1.0294	0.6823
1732	1303770750745	1	1.4238	1.0294	0.6823
1733	1303770750762	1	1.4238	1.0294	0.6823
1734	1303770750779	1	1.4238	1.0294	0.6823
1735	1303770750835	1	1.4238	1.0294	0.6823
1736	1303770750852	1	1.4238	1.0294	0.6823
1737	1303770750868	1	1.4238	1.0294	0.6823
1738	1303770750885	1	1.4238	1.0294	0.6823
1739	1303770750942	1	2.1206	1.0294	0.4581
1740	1303770750958	1	2.1206	1.0294	0.4581
1741	1303770750975	1	2.1206	1.0294	0.4581
1742	1303770750991	1	2.1206	1.0294	0.4581
1743	1303770751007	1	2.1206	1.0294	0.4581
1744	1303770751024	1	2.1206	1.0294	0.4581
1745	1303770751039	1	2.1206	1.0294	0.4581
1746	1303770751056	1	2.1206	1.0294	0.4581
1747	1303770751073	1	2.1206	1.0294	0.4581
1748	1303770751089	1	2.1206	1.0294	0.4581
1749	1303770751106	1	2.1206	1.0294	0.4581
1750	1303770751122	1	2.1206	1.0294	0.4581
1751	1303770751139	1	2.1206	1.0294	0.4581
1752	1303770751156	1	2.1206	1.0294	0.4581
1753	1303770751172	1	2.1206	1.0294	0.4581
1754	1303770751189	1	2.1206	1.0294	0.4581
1755	1303770751204	1	2.1206	1.0294	0.4581
1756	1303770751263	1	2.1206	1.0294	0.4581
1757	1303770751280	1	2.1206	1.0294	0.4581
1758	1303770751296	1	2.1206	1.0588	0.4454
1759	1303770751312	1	2.1206	1.0294	0.4581
1760	1303770751330	1	2.1206	1.0294	0.4581
1761	1303770751345	1	2.1206	1.0588	0.4454
1762	1303770751402	1	2.1206	1.0294	0.4581
1763	1303770751418	1	2.1206	1.0294	0.4581
1764	1303770751436	1	2.1206	1.0588	0.4454
1765	1303770751453	1	2.1206	1.0294	0.4581
1766	1303770751469	1	2.1206	1.0294	0.4581
1767	1303770751485	1	2.1206	1.0588	0.4454
1768	1303770751543	1	2.1206	1.0294	0.4581
1769	1303770751559	1	2.1206	1.0294	0.4581
1770	1303770751576	1	2.1206	1.0588	0.4454
1771	1303770751633	1	2.1206	1.0294	0.4581
1772	1303770751648	1	2.1206	1.0294	0.4581
1773	1303770751665	1	2.1206	1.0588	0.4454
1774	1303770751681	1	2.1206	1.0294	0.4581
1775	1303770751699	1	2.1206	1.0294	0.4581
1776	1303770751716	1	2.1206	1.0588	0.4454
1777	1303770751731	1	2.1206	1.0294	0.4581
1778	1303770751748	1	2.1206	1.0294	0.4581
1779	1303770751764	1	2.1206	1.0588	0.4454
1780	1303770751781	1	2.1206	1.0294	0.4581
1781	1303770751798	1	2.1206	1.0294	0.4581
1782	1303770751814	1	2.1206	1.0588	0.4454
1783	1303770751831	1	2.1206	1.0294	0.4581
1784	1303770751847	1	2.1206	1.0294	0.4581
1785	1303770751864	1	2.1206	1.0588	0.4454
1786	1303770751881	1	2.1206	1.0294	0.4581
1787	1303770751897	1	2.1206	1.0294	0.4581
1788	1303770751915	1	2.1206	1.0588	0.4454
1789	1303770751949	1	2.1206	1.0294	0.4581
1790	1303770751972	1	2.1206	1.0294	0.4581
1791	1303770751990	1	2.1206	1.0294	0.4581
1792	1303770752007	1	2.1206	1.0588	0.4454
1793	1303770752024	1	2.0647	1.0294	0.4705
1794	1303770752080	1	2.0647	1.0294	0.4705
1795	1303770752139	1	2.0647	1.0588	0.4574
1796	1303770752156	1	2.0647	1.0294	0.4705
1797	1303770752172	1	2.0647	1.0294	0.4705
1798	1303770752189	1	2.0647	1.0588	0.4574
1799	1303770752206	1	2.0647	1.0294	0.4705
1800	1303770752222	1	2.0647	1.0294	0.4705
