0	1303773175086	0	0	0	0
1	1303773175095	0	0	0	0
2	1303773175105	0	0	0	0
3	1303773175115	0	0	0	0
4	1303773175167	0	0	0	0
5	1303773175179	0	0	0	0
6	1303773175191	0	0	0	0
7	1303773175203	0	0	0	0
8	1303773175217	0	0	0	0
9	1303773175230	0	0	0	0
10	1303773175243	0	0	0	0
11	1303773175298	0	0	0	0
12	1303773175313	0	0	0	0
13	1303773175331	0	0	0	0
14	1303773175351	0	0	0	0
15	1303773175365	0	0	0	0
16	1303773175379	0	0	0	0
17	1303773175394	0	0	0	0
18	1303773175409	0	0	0	0
19	1303773175424	0	0	0	0
20	1303773175439	0	0	0	0
21	1303773175459	0	0	0	0
22	1303773175475	0	0	0	0
23	1303773175491	0	0	0	0
24	1303773175506	0	0	0	0
25	1303773175522	0	0	0	0
26	1303773175539	0	0	0	0
27	1303773175556	0	0	0	0
28	1303773175572	0	0	0	0
29	1303773175593	0	0	0	0
30	1303773175653	0	0	0	0
31	1303773175669	0	0	0	0
32	1303773175685	0	0	0	0
33	1303773175701	0	0	0	0
34	1303773175717	0	0	0	0
35	1303773175734	0	0	0	0
36	1303773175791	0	0	0	0
37	1303773175811	0	0	0	0
38	1303773175868	0	0	0	0
39	1303773175886	0	0	0	0
40	1303773175903	0	0	0	0
41	1303773175920	0	0	0	0
42	1303773175937	0	0	0	0
43	1303773175954	0	0	0	0
44	1303773175970	0	0	0	0
45	1303773175991	0	0	0	0
46	1303773176009	0	0	0	0
47	1303773176027	0	0	0	0
48	1303773176044	0	0	0	0
49	1303773176061	0	0	0	0
50	1303773176079	0	0	0	0
51	1303773176097	0	0	0	0
52	1303773176114	0	0	0	0
53	1303773176135	0	0	0	0
54	1303773176151	0	0	0	0
55	1303773176169	0	0	0	0
56	1303773176186	0	0	0	0
57	1303773176203	0	0	0	0
58	1303773176220	0	0	0	0
59	1303773176238	0	0	0	0
60	1303773176255	0	0	0	0
61	1303773176273	0	0	0	0
62	1303773176294	0	0	0	0
63	1303773176354	0	0	0	0
64	1303773176371	0	0	0	0
65	1303773176390	0	0	0	0
66	1303773176413	0.5	0	0	0
67	1303773176457	0.5	0	0	0
68	1303773176494	1	0	0	0
69	1303773176519	1	0	0	0
70	1303773176558	1	0	0	0
71	1303773176597	1	0	0	0
72	1303773176666	1	1.3307	0	0
73	1303773176697	1	1.3307	1.5	0.501
74	1303773176719	1	1.3307	1.5	0.501
75	1303773176742	1	1.3307	1.5	0.501
76	1303773176764	1	1.3307	1.5	0.501
77	1303773176787	1	1.3307	1.5	0.501
78	1303773176813	1	1.3307	1.5	0.501
79	1303773176833	1	1.3307	1.5	0.501
80	1303773176854	1	1.3307	1.5	0.501
81	1303773176875	1	1.3307	1.5	0.501
82	1303773176896	1	1.3307	1.4167	0.5305
83	1303773176957	1	1.3307	1.5	0.501
84	1303773176982	1	1.3307	1.4286	0.526
85	1303773177046	1	1.3307	1.4	0.5368
86	1303773177068	1	1.3307	1.375	0.5465
87	1303773177089	1	1.3307	1.375	0.5465
88	1303773177110	1	1.3307	1.4	0.5368
89	1303773177135	1	1.3307	1.3333	0.5636
90	1303773177157	1	1.3307	1.3	0.5781
91	1303773177177	1	1.3307	1.3	0.5781
92	1303773177198	1	1.3307	1.3	0.5781
93	1303773177232	1	1.3307	1.3	0.5781
94	1303773177267	1	1.3307	1.35	0.5567
95	1303773177291	1	1.3307	1.3182	0.5701
96	1303773177312	1	1.3307	1.25	0.6012
97	1303773177334	1	1.3307	1.2727	0.5905
98	1303773177355	1	1.3307	1.2917	0.5818
99	1303773177376	1	1.3307	1.3182	0.5701
100	1303773177401	1	1.3307	1.2273	0.6123
101	1303773177422	1	1.3307	1.2273	0.6123
102	1303773177443	1	1.3307	1.2273	0.6123
103	1303773177464	1	1.3307	1.2273	0.6123
104	1303773177527	1	1.3307	1.2083	0.6219
105	1303773177548	1	1.3307	1.2143	0.6189
106	1303773177573	1	1.3307	1.1538	0.6513
107	1303773177594	1	1.3307	1.1786	0.6376
108	1303773177615	1	1.3307	1.1429	0.6575
109	1303773177636	1	1.3307	1.1667	0.6441
110	1303773177699	1	1.3307	1.1	0.6832
111	1303773177719	1	1.3307	1.1	0.6832
112	1303773177743	1	1.3307	1.0667	0.7045
113	1303773177764	1	1.3307	1.1	0.6832
114	1303773177784	1	1.3307	1.1	0.6832
115	1303773177804	1	1.3307	1.1	0.6832
116	1303773177831	1	1.3307	1.1	0.6832
117	1303773177878	1	1.3307	1.1	0.6832
118	1303773177908	1	1.3307	1.0667	0.7045
119	1303773177970	1	1.3307	1.0667	0.7045
120	1303773177991	1	1.3307	1.0667	0.7045
121	1303773178052	1	1.3307	1.0667	0.7045
122	1303773178073	1	1.3307	1.0667	0.7045
123	1303773178098	1	1.3307	1.0667	0.7045
124	1303773178119	1	1.3307	1.0667	0.7045
125	1303773178141	1	1.3307	1.0667	0.7045
126	1303773178162	1	1.3307	1.0667	0.7045
127	1303773178183	1	1.3307	1.0667	0.7045
128	1303773178204	1	1.3307	1.0667	0.7045
129	1303773178228	1	1.3307	1.0667	0.7045
130	1303773178249	1	1.3307	1.0667	0.7045
131	1303773178270	1	1.3307	1.0667	0.7045
132	1303773178299	1	1.3307	1.0667	0.7045
133	1303773178451	1	1.4335	1.0667	0.654
134	1303773178549	1	1.3086	1.0667	0.7164
135	1303773178623	1	1.3183	1.0667	0.7112
136	1303773178651	1	1.2824	1.0667	0.7311
137	1303773178671	1	1.2824	1.0667	0.7311
138	1303773178692	1	1.2824	1.0667	0.7311
139	1303773178711	1	1.2824	1.0667	0.7311
140	1303773178730	1	1.2824	1.0667	0.7311
141	1303773178749	1	1.2824	1.0667	0.7311
142	1303773178773	1	1.2824	1.0667	0.7311
143	1303773178793	1	1.2824	1.0938	0.713
144	1303773178813	1	1.2824	1.0667	0.7311
145	1303773178833	1	1.2824	1.0625	0.7339
146	1303773178896	1	1.2824	1.0882	0.7166
147	1303773178961	1	1.2824	1.0938	0.713
148	1303773178985	1	1.2824	1.0833	0.7198
149	1303773179004	1	1.2824	1.0625	0.7339
150	1303773179024	1	1.2824	1.0625	0.7339
151	1303773179043	1	1.2824	1.0625	0.7339
152	1303773179063	1	1.2824	1.0833	0.7198
153	1303773179083	1	1.2824	1.1111	0.7018
154	1303773179142	1	1.2824	1.0882	0.7166
155	1303773179170	1	1.2824	1.0833	0.7198
156	1303773179190	1	1.2824	1.0833	0.7198
157	1303773179250	1	1.2824	1.0833	0.7198
158	1303773179271	1	1.2824	1.1053	0.7055
159	1303773179291	1	1.2824	1.0833	0.7198
160	1303773179311	1	1.2824	1.1053	0.7055
161	1303773179335	1	1.2824	1.0833	0.7198
162	1303773179355	1	1.2824	1.0526	0.7408
163	1303773179374	1	1.2824	1.0526	0.7408
164	1303773179393	1	1.2824	1.0526	0.7408
165	1303773179413	1	1.2824	1.0526	0.7408
166	1303773179433	1	1.2824	1.0526	0.7408
167	1303773179494	1	1.2824	1.0789	0.7227
168	1303773179518	1	1.2824	1.0789	0.7227
169	1303773179537	1	1.2824	1.0556	0.7387
170	1303773179556	1	1.2824	1.0556	0.7387
171	1303773179576	1	1.2824	1.0526	0.7408
172	1303773179596	1	1.2824	1.0526	0.7408
173	1303773179616	1	1.2824	1.0526	0.7408
174	1303773179640	1	1.2824	1.0526	0.7408
175	1303773179659	1	1.2824	1.0526	0.7408
176	1303773179723	1	1.2931	1.0526	0.7347
177	1303773179743	1	1.2931	1.0526	0.7347
178	1303773179762	1	1.2931	1.0526	0.7347
179	1303773179826	1	1.2931	1.0526	0.7347
180	1303773179846	1	1.2931	1.0526	0.7347
181	1303773179870	1	1.2931	1.0526	0.7347
182	1303773179890	1	1.2931	1.0526	0.7347
183	1303773179909	1	1.2931	1.0526	0.7347
184	1303773179930	1	1.2931	1.0526	0.7347
185	1303773179950	1	1.2931	1.0526	0.7347
186	1303773179969	1	1.2931	1.0526	0.7347
187	1303773179993	1	1.2931	1.0526	0.7347
188	1303773180058	1	1.2931	1.0526	0.7347
189	1303773180078	1	1.2931	1.0526	0.7347
190	1303773180100	1	1.2883	1.0526	0.7374
191	1303773180123	1	1.2883	1.0526	0.7374
192	1303773180144	1	1.2883	1.0526	0.7374
193	1303773180183	1	1.2883	1.075	0.7221
194	1303773197182	1	1.2883	1.075	0.7221
195	1303773255817	1	1.2883	1.075	0.7221
196	1303773256358	1	1.2883	1.1136	0.697
197	1303773256396	1	1.2883	1.0952	0.7087
198	1303773256419	1	1.2804	1.1136	0.7013
199	1303773256441	1	1.2804	1.1458	0.6816
200	1303773256462	1	1.2804	1.1304	0.6909
201	1303773256488	1	1.2804	1.1087	0.7045
202	1303773256508	1	1.2804	1.1304	0.6909
203	1303773256534	1	1.2804	1.1458	0.6816
204	1303773256554	1	1.2804	1.1458	0.6816
205	1303773256573	1	1.2804	1.1304	0.6909
206	1303773256593	1	1.2804	1.1458	0.6816
207	1303773256614	1	1.2804	1.1731	0.6658
208	1303773256639	1	1.2804	1.12	0.6973
209	1303773256699	1	1.2804	1.1346	0.6884
210	1303773256719	1	1.2804	1.08	0.7232
211	1303773256738	1	1.2804	1.0962	0.7125
212	1303773256759	1	1.2804	1.1154	0.7002
213	1303773256819	1	1.2804	1.0962	0.7125
214	1303773256846	1	1.2804	1.0962	0.7125
215	1303773256867	1	1.2804	1.0769	0.7252
216	1303773256888	1	1.2804	1.0769	0.7252
217	1303773256908	1	1.2804	1.0926	0.7148
218	1303773256927	1	1.2804	1.0769	0.7252
219	1303773256959	1	1.2804	1.0769	0.7252
220	1303773257040	1	1.2804	1.0741	0.7272
221	1303773257060	1	1.2804	1.0741	0.7272
222	1303773257079	1	1.2804	1.0741	0.7272
223	1303773257140	1	1.2804	1.0741	0.7272
224	1303773257159	1	1.2804	1.0741	0.7272
225	1303773257182	1	1.2804	1.0741	0.7272
226	1303773257202	1	1.2804	1.0556	0.7399
227	1303773257226	1	1.2804	1.0556	0.7399
228	1303773257246	1	1.2804	1.0556	0.7399
229	1303773257268	1	1.2804	1.0556	0.7399
230	1303773257288	1	1.2804	1.037	0.7531
231	1303773257308	1	1.2804	1.037	0.7531
232	1303773257327	1	1.2804	1.037	0.7531
233	1303773257351	1	1.2804	1.037	0.7531
234	1303773257372	1	1.2804	1.037	0.7531
235	1303773257392	1	1.2804	1.037	0.7531
236	1303773257411	1	1.2804	1.037	0.7531
237	1303773257431	1	1.2804	1.037	0.7531
238	1303773257464	1	1.2804	1.037	0.7531
239	1303773257495	1	1.2804	1.0185	0.7668
240	1303773257529	1	1.2804	1.037	0.7531
241	1303773257549	1	1.2804	1.0357	0.7541
242	1303773257588	1	1.2804	1.037	0.7531
243	1303773257608	1	1.2804	1.0179	0.7673
244	1303773257627	1	1.2804	1.037	0.7531
245	1303773257647	1	1.2804	1.0357	0.7541
246	1303773257672	1	1.2804	1.0357	0.7541
247	1303773257693	1	1.2804	1.0179	0.7673
248	1303773257713	1	1.2804	1.0357	0.7541
249	1303773257733	1	1.2804	1.0357	0.7541
250	1303773257752	1	1.2804	1.0357	0.7541
251	1303773257781	1	1.2714	1.0179	0.7727
252	1303773257810	1	1.2714	1.0357	0.7594
253	1303773257830	1	1.2714	1.0357	0.7594
254	1303773257893	1	1.2714	1.0357	0.7594
255	1303773259649	1	1.2714	1.0179	0.7727
256	1303773272991	1	1.2714	1.0357	0.7594
257	1303773273776	1	1.2196	1.0357	0.7917
258	1303773273797	1	1.2196	1.0357	0.7917
259	1303773273817	1	1.2196	1.0179	0.8056
260	1303773273837	1	1.2196	1.0179	0.8056
261	1303773273857	1	1.2196	1.0357	0.7917
262	1303773273876	1	1.2196	1.0357	0.7917
263	1303773273900	1	1.2196	1.0357	0.7917
264	1303773273920	1	1.2196	1.0357	0.7917
265	1303773273939	1	1.2196	1.0179	0.8056
266	1303773273959	1	1.2196	1.0357	0.7917
267	1303773274019	1	1.2196	1.0357	0.7917
268	1303773274040	1	1.2196	1.0357	0.7917
269	1303773274064	1	1.2196	1.0357	0.7917
270	1303773274083	1	1.2196	1.0357	0.7917
271	1303773274103	1	1.2196	1.0179	0.8056
272	1303773274124	1	1.2196	1.0357	0.7917
273	1303773274144	1	1.2196	1.0357	0.7917
274	1303773274164	1	1.2196	1.0357	0.7917
275	1303773274184	1	1.2196	1.0357	0.7917
276	1303773274208	1	1.2196	1.0357	0.7917
277	1303773274227	1	1.2196	1.0179	0.8056
278	1303773274246	1	1.2196	1.0357	0.7917
279	1303773274265	1	1.2196	1.0357	0.7917
280	1303773274284	1	1.2196	1.0357	0.7917
281	1303773274304	1	1.2196	1.0357	0.7917
282	1303773274323	1	1.2196	1.0357	0.7917
283	1303773274346	1	1.2196	1.0179	0.8056
284	1303773274366	1	1.2196	1.0357	0.7917
285	1303773274386	1	1.2196	1.0357	0.7917
286	1303773274406	1	1.2196	1.0357	0.7917
287	1303773274425	1	1.2196	1.0357	0.7917
288	1303773274444	1	1.2196	1.0357	0.7917
289	1303773274467	1	1.2196	1.0179	0.8056
290	1303773274487	1	1.2196	1.0345	0.7926
291	1303773274507	1	1.2196	1.0345	0.7926
292	1303773274526	1	1.2196	1.0345	0.7926
293	1303773274546	1	1.2196	1.0345	0.7926
294	1303773274566	1	1.2196	1.0345	0.7926
295	1303773274585	1	1.2196	1.0172	0.806
296	1303773274609	1	1.2196	1.0345	0.7926
297	1303773274629	1	1.2196	1.0345	0.7926
298	1303773274648	1	1.2196	1.0345	0.7926
299	1303773274668	1	1.2196	1.0345	0.7926
300	1303773274687	1	1.2196	1.0345	0.7926
301	1303773274707	1	1.2196	1.0172	0.806
302	1303773274732	1	1.2196	1.0345	0.7926
303	1303773274753	1	1.2196	1.0345	0.7926
304	1303773274772	1	1.2196	1.0345	0.7926
305	1303773274792	1	1.2196	1.0345	0.7926
306	1303773274812	1	1.2196	1.0345	0.7926
307	1303773274831	1	1.2196	1.0172	0.806
308	1303773274891	1	1.2196	1.0345	0.7926
309	1303773274955	1	1.2196	1.0345	0.7926
310	1303773274975	1	1.2196	1.0345	0.7926
311	1303773274995	1	1.2196	1.0345	0.7926
312	1303773275016	1	1.2196	1.0345	0.7926
313	1303773275039	1	1.2196	1.0172	0.806
314	1303773275061	1	1.2186	1.0345	0.7933
315	1303773275095	1	1.2186	1.0345	0.7933
316	1303773275342	1	1.2186	1.0345	0.7933
317	1303773275676	1	1.2564	1.0345	0.7694
318	1303773275730	1	1.2316	1.0345	0.7849
319	1303773275753	1	1.2316	1.0172	0.7982
320	1303773275774	1	1.2316	1.0345	0.7849
321	1303773275794	1	1.2316	1.0345	0.7849
322	1303773275814	1	1.2316	1.0345	0.7849
323	1303773275838	1	1.2316	1.0345	0.7849
324	1303773275858	1	1.2316	1.0345	0.7849
325	1303773275878	1	1.2316	1.0172	0.7982
326	1303773275898	1	1.2316	1.0345	0.7849
327	1303773275959	1	1.2316	1.0345	0.7849
328	1303773275978	1	1.2316	1.0345	0.7849
329	1303773276003	1	1.2316	1.0345	0.7849
330	1303773276023	1	1.2316	1.0345	0.7849
331	1303773276042	1	1.2316	1.0172	0.7982
332	1303773276061	1	1.2316	1.0345	0.7849
333	1303773276081	1	1.2316	1.0345	0.7849
334	1303773276101	1	1.2316	1.0345	0.7849
335	1303773276122	1	1.2316	1.0345	0.7849
336	1303773276146	1	1.2316	1.0345	0.7849
337	1303773276167	1	1.2316	1.0172	0.7982
338	1303773276188	1	1.2316	1.0345	0.7849
339	1303773276207	1	1.2316	1.0345	0.7849
340	1303773276268	1	1.2316	1.0345	0.7849
341	1303773276287	1	1.2316	1.0345	0.7849
342	1303773276311	1	1.2316	1.0345	0.7849
343	1303773276396	1	1.2316	1.0172	0.7982
344	1303773276416	1	1.2316	1.0345	0.7849
345	1303773276436	1	1.2316	1.0345	0.7849
346	1303773276501	1	1.2316	1.0345	0.7849
347	1303773276521	1	1.2316	1.0345	0.7849
348	1303773276544	1	1.2316	1.0345	0.7849
349	1303773276564	1	1.2316	1.0172	0.7982
350	1303773276584	1	1.2316	1.0345	0.7849
351	1303773276644	1	1.2316	1.0345	0.7849
352	1303773276664	1	1.2316	1.0345	0.7849
353	1303773276684	1	1.2316	1.0345	0.7849
354	1303773276704	1	1.2316	1.0345	0.7849
355	1303773276729	1	1.2316	1.0172	0.7982
356	1303773276749	1	1.2316	1.0345	0.7849
357	1303773276770	1	1.2316	1.0345	0.7849
358	1303773276789	1	1.2316	1.0345	0.7849
359	1303773276810	1	1.2316	1.0345	0.7849
360	1303773276829	1	1.2316	1.0345	0.7849
361	1303773276854	1	1.2316	1.0172	0.7982
362	1303773276874	1	1.2316	1.0345	0.7849
363	1303773276894	1	1.2316	1.0345	0.7849
364	1303773276914	1	1.2316	1.0345	0.7849
365	1303773276935	1	1.2316	1.0345	0.7849
366	1303773276978	1	1.2316	1.0345	0.7849
367	1303773277051	1	1.2316	1.0172	0.7982
368	1303773277075	1	1.2316	1.0345	0.7849
369	1303773277139	1	1.2316	1.0345	0.7849
370	1303773277159	1	1.2316	1.0345	0.7849
371	1303773277179	1	1.2316	1.0345	0.7849
372	1303773277203	1	1.2316	1.0345	0.7849
373	1303773277270	1	1.2316	1.0172	0.7982
374	1303773277292	1	1.2316	1.0345	0.7849
375	1303773277315	1	1.2306	1.0345	0.7855
376	1303773277344	1	1.2306	1.0345	0.7855
377	1303773277513	1	1.2306	1.0345	0.7855
378	1303773277694	1	1.2352	1.0345	0.7826
379	1303773277735	1	1.2352	1.0172	0.7958
380	1303773277757	1	1.2352	1.0345	0.7826
381	1303773277819	1	1.2352	1.0345	0.7826
382	1303773277881	1	1.2352	1.0345	0.7826
383	1303773277903	1	1.2352	1.0345	0.7826
384	1303773277925	1	1.2352	1.0345	0.7826
385	1303773277950	1	1.2352	1.0172	0.7958
386	1303773277971	1	1.2352	1.0345	0.7826
387	1303773277992	1	1.2352	1.0345	0.7826
388	1303773278013	1	1.2352	1.0345	0.7826
389	1303773278034	1	1.2352	1.0345	0.7826
390	1303773278060	1	1.2352	1.0345	0.7826
391	1303773278081	1	1.2352	1.0172	0.7958
392	1303773278103	1	1.2352	1.0345	0.7826
393	1303773278125	1	1.2352	1.0345	0.7826
394	1303773278147	1	1.2352	1.0345	0.7826
395	1303773278169	1	1.2352	1.0345	0.7826
396	1303773278194	1	1.2352	1.0333	0.7834
397	1303773278217	1	1.2352	1.0167	0.7963
398	1303773278239	1	1.2352	1.0333	0.7834
399	1303773278300	1	1.2352	1.0333	0.7834
400	1303773278321	1	1.2352	1.0333	0.7834
401	1303773278348	1	1.2352	1.0333	0.7834
402	1303773278369	1	1.2352	1.0333	0.7834
403	1303773278390	1	1.2352	1.0167	0.7963
404	1303773278452	1	1.2352	1.0333	0.7834
405	1303773278473	1	1.2352	1.0333	0.7834
406	1303773278495	1	1.2352	1.0333	0.7834
407	1303773278520	1	1.2352	1.0333	0.7834
408	1303773278541	1	1.2352	1.0333	0.7834
409	1303773278602	1	1.2352	1.0167	0.7963
410	1303773278623	1	1.2352	1.0333	0.7834
411	1303773278644	1	1.2352	1.0333	0.7834
412	1303773278710	1	1.2303	1.0333	0.7866
413	1303773278731	1	1.2303	1.0333	0.7866
414	1303773278753	1	1.2303	1.0333	0.7866
415	1303773278847	1	1.2303	1.0167	0.7995
416	1303773278870	1	1.2303	1.0333	0.7866
417	1303773278897	1	1.2303	1.0333	0.7866
418	1303773278919	1	1.2303	1.0333	0.7866
419	1303773278940	1	1.2303	1.0333	0.7866
420	1303773278961	1	1.2303	1.0333	0.7866
421	1303773278982	1	1.2303	1.0167	0.7995
422	1303773279003	1	1.2303	1.0333	0.7866
423	1303773279028	1	1.2303	1.0333	0.7866
424	1303773279050	1	1.2303	1.0333	0.7866
425	1303773279071	1	1.2303	1.0333	0.7866
426	1303773279092	1	1.2303	1.0333	0.7866
427	1303773279112	1	1.2303	1.0167	0.7995
428	1303773279133	1	1.2303	1.0333	0.7866
429	1303773279159	1	1.2303	1.0333	0.7866
430	1303773279181	1	1.2303	1.0333	0.7866
431	1303773279204	1	1.2303	1.0333	0.7866
432	1303773279225	1	1.2303	1.0333	0.7866
433	1303773279248	1	1.2303	1.0167	0.7995
434	1303773279275	1	1.2303	1.0333	0.7866
435	1303773279298	1	1.2303	1.0333	0.7866
436	1303773279320	1	1.2307	1.0333	0.7863
437	1303773279347	1	1.2307	1.0333	0.7863
438	1303773279483	1	1.2307	1.0333	0.7863
439	1303773279737	1	1.2307	1.0167	0.7992
440	1303773279982	1	1.2886	1.0333	0.751
441	1303773280092	1	1.2825	1.0484	0.7438
442	1303773280124	1	1.2825	1.0484	0.7438
443	1303773280147	1	1.2406	1.05	0.7677
444	1303773280214	1	1.2406	1.0484	0.7689
445	1303773280241	1	1.2406	1.0781	0.7477
446	1303773280264	1	1.2406	1.0938	0.737
447	1303773280286	1	1.2406	1.0938	0.737
448	1303773280308	1	1.2406	1.0806	0.7459
449	1303773280330	1	1.2406	1.0781	0.7477
450	1303773280351	1	1.2406	1.0938	0.737
451	1303773280377	1	1.2406	1.0469	0.77
452	1303773280399	1	1.2406	1.0469	0.77
453	1303773280420	1	1.2406	1.0469	0.77
454	1303773280486	1	1.2406	1.0781	0.7477
455	1303773280508	1	1.2406	1.0469	0.77
456	1303773280534	1	1.2406	1.0625	0.7587
457	1303773280600	1	1.2406	1.0312	0.7816
458	1303773280663	1	1.2406	1.0625	0.7587
459	1303773280684	1	1.2406	1.0469	0.77
460	1303773280750	1	1.2406	1.0469	0.77
461	1303773280776	1	1.2406	1.0312	0.7816
462	1303773280838	1	1.2406	1.0312	0.7816
463	1303773280904	1	1.2209	1.0156	0.8064
464	1303773280926	1	1.2209	1.0312	0.7942
465	1303773280993	1	1.2209	1.0312	0.7942
466	1303773281016	1	1.2209	1.0312	0.7942
467	1303773281043	1	1.2209	1.0312	0.7942
468	1303773281074	1	1.2209	1.0312	0.7942
469	1303773281097	1	1.2209	1.0156	0.8064
470	1303773281119	1	1.2209	1.0312	0.7942
471	1303773281141	1	1.2209	1.0312	0.7942
472	1303773281166	1	1.2209	1.0312	0.7942
473	1303773281188	1	1.2209	1.0312	0.7942
474	1303773281211	1	1.2209	1.0312	0.7942
475	1303773281233	1	1.2209	1.0156	0.8064
476	1303773281254	1	1.2209	1.0312	0.7942
477	1303773281280	1	1.2209	1.0312	0.7942
478	1303773281304	1	1.2209	1.0312	0.7942
479	1303773281326	1	1.2209	1.0312	0.7942
480	1303773281348	1	1.2209	1.0312	0.7942
481	1303773281370	1	1.2209	1.0156	0.8064
482	1303773281391	1	1.2209	1.0156	0.8064
483	1303773281416	1	1.2209	1.0312	0.7942
484	1303773281438	1	1.2209	1.0312	0.7942
485	1303773281460	1	1.2209	1.0312	0.7942
486	1303773281483	1	1.2209	1.0312	0.7942
487	1303773281505	1	1.2209	1.0156	0.8064
488	1303773281531	1	1.2209	1.0156	0.8064
489	1303773281553	1	1.2209	1.0156	0.8064
490	1303773281576	1	1.2209	1.0312	0.7942
491	1303773281597	1	1.2209	1.0312	0.7942
492	1303773281620	1	1.2209	1.0156	0.8064
493	1303773281642	1	1.2209	1.0156	0.8064
494	1303773281672	1	1.2198	1.0156	0.8072
495	1303773281703	1	1.2193	1.0156	0.8075
496	1303773281725	1	1.2186	1.0312	0.7958
497	1303773281747	1	1.2186	1.0156	0.808
498	1303773281781	1	1.2193	1.0156	0.8075
499	1303773282225	1	1.2017	1.0156	0.8194
500	1303773282976	1	1.1987	1.0156	0.8214
501	1303773283121	1	1.1986	1.0156	0.8215
502	1303773283145	1	1.1986	1.0156	0.8215
503	1303773283167	1	1.1986	1.0156	0.8215
504	1303773283192	1	1.1986	1.0156	0.8215
505	1303773283213	1	1.1986	1.0156	0.8215
506	1303773283234	1	1.1986	1.0156	0.8215
507	1303773283256	1	1.1986	1.0156	0.8215
508	1303773283277	1	1.1986	1.0156	0.8215
509	1303773283304	1	1.1986	1.0156	0.8215
510	1303773283324	1	1.1986	1.0156	0.8215
511	1303773283346	1	1.1986	1.0156	0.8215
512	1303773283370	1	1.1986	1.0156	0.8215
513	1303773283392	1	1.1986	1.0156	0.8215
514	1303773283414	1	1.1986	1.0156	0.8215
515	1303773283460	1	1.1986	1.0156	0.8215
516	1303773283501	1	1.1986	1.0156	0.8215
517	1303773283522	1	1.1986	1.0156	0.8215
518	1303773283587	1	1.1986	1.0156	0.8215
519	1303773283609	1	1.1986	1.0156	0.8215
520	1303773283634	1	1.1986	1.0156	0.8215
521	1303773283655	1	1.1986	1.0156	0.8215
522	1303773283676	1	1.1986	1.0156	0.8215
523	1303773283697	1	1.1986	1.0156	0.8215
524	1303773283719	1	1.1986	1.0156	0.8215
525	1303773283741	1	1.1986	1.0156	0.8215
526	1303773283767	1	1.1986	1.0156	0.8215
527	1303773283789	1	1.1986	1.0156	0.8215
528	1303773283811	1	1.1986	1.0156	0.8215
529	1303773283832	1	1.1986	1.0156	0.8215
530	1303773283854	1	1.1986	1.0156	0.8215
531	1303773283880	1	1.1986	1.0156	0.8215
532	1303773283902	1	1.1986	1.0156	0.8215
533	1303773283924	1	1.1986	1.0156	0.8215
534	1303773283945	1	1.1986	1.0156	0.8215
535	1303773283966	1	1.1986	1.0156	0.8215
536	1303773283987	1	1.1986	1.0156	0.8215
537	1303773284012	1	1.1986	1.0156	0.8215
538	1303773284034	1	1.1986	1.0156	0.8215
539	1303773284055	1	1.1986	1.0156	0.8215
540	1303773284077	1	1.1986	1.0156	0.8215
541	1303773284098	1	1.1986	1.0156	0.8215
542	1303773284123	1	1.1986	1.0156	0.8215
543	1303773284144	1	1.1986	1.0156	0.8215
544	1303773284165	1	1.1986	1.0156	0.8215
545	1303773284186	1	1.1986	1.0156	0.8215
546	1303773284208	1	1.1986	1.0156	0.8215
547	1303773284230	1	1.1986	1.0156	0.8215
548	1303773284255	1	1.1986	1.0156	0.8215
549	1303773284276	1	1.1986	1.0156	0.8215
550	1303773284299	1	1.1986	1.0156	0.8215
551	1303773284321	1	1.1986	1.0156	0.8215
552	1303773284342	1	1.1986	1.0156	0.8215
553	1303773284369	1	1.1986	1.0156	0.8215
554	1303773284392	1	1.1986	1.0156	0.8215
555	1303773284417	1	1.197	1.0156	0.8226
556	1303773284439	1	1.197	1.0156	0.8226
557	1303773284461	1	1.197	1.0156	0.8226
558	1303773284482	1	1.197	1.0156	0.8226
559	1303773284561	1	1.2	1.0156	0.8205
560	1303773284829	1	1.2	1.0156	0.8205
561	1303773285237	1	1.1935	1.0156	0.825
562	1303773285300	1	1.1935	1.0156	0.825
563	1303773285324	1	1.1935	1.0156	0.825
564	1303773285345	1	1.1935	1.0156	0.825
565	1303773285371	1	1.1935	1.0156	0.825
566	1303773285391	1	1.1935	1.0156	0.825
567	1303773285412	1	1.1935	1.0156	0.825
568	1303773285434	1	1.1935	1.0156	0.825
569	1303773285456	1	1.1935	1.0156	0.825
570	1303773285553	1	1.1935	1.0156	0.825
571	1303773285579	1	1.1935	1.0156	0.825
572	1303773285600	1	1.1935	1.0156	0.825
573	1303773285621	1	1.1935	1.0156	0.825
574	1303773285642	1	1.1935	1.0156	0.825
575	1303773285664	1	1.1935	1.0156	0.825
576	1303773285689	1	1.1935	1.0156	0.825
577	1303773285710	1	1.1935	1.0156	0.825
578	1303773285732	1	1.1935	1.0156	0.825
579	1303773285754	1	1.1935	1.0156	0.825
580	1303773285815	1	1.1935	1.0156	0.825
581	1303773285836	1	1.1935	1.0156	0.825
582	1303773285861	1	1.1935	1.0156	0.825
583	1303773285923	1	1.1935	1.0156	0.825
584	1303773285943	1	1.1935	1.0156	0.825
585	1303773285964	1	1.1935	1.0156	0.825
586	1303773285985	1	1.1935	1.0156	0.825
587	1303773286010	1	1.1935	1.0156	0.825
588	1303773286032	1	1.1935	1.0156	0.825
589	1303773286053	1	1.1935	1.0156	0.825
590	1303773286075	1	1.1935	1.0156	0.825
591	1303773286096	1	1.1935	1.0156	0.825
592	1303773286117	1	1.1935	1.0156	0.825
593	1303773286142	1	1.1935	1.0156	0.825
594	1303773286163	1	1.1935	1.0156	0.825
595	1303773286184	1	1.1935	1.0156	0.825
596	1303773286206	1	1.1935	1.0156	0.825
597	1303773286228	1	1.1935	1.0156	0.825
598	1303773286294	1	1.1935	1.0156	0.825
599	1303773286316	1	1.1935	1.0156	0.825
600	1303773286337	1	1.1935	1.0156	0.825
601	1303773286357	1	1.1935	1.0156	0.825
602	1303773286418	1	1.1935	1.0156	0.825
603	1303773286440	1	1.1935	1.0156	0.825
604	1303773286465	1	1.1935	1.0156	0.825
605	1303773286487	1	1.1935	1.0156	0.825
606	1303773286508	1	1.1935	1.0156	0.825
607	1303773286528	1	1.1935	1.0156	0.825
608	1303773286550	1	1.1935	1.0156	0.825
609	1303773286575	1	1.1935	1.0156	0.825
610	1303773286596	1	1.1935	1.0156	0.825
611	1303773286617	1	1.1935	1.0156	0.825
612	1303773286638	1	1.1935	1.0156	0.825
613	1303773286659	1	1.1935	1.0156	0.825
614	1303773286680	1	1.1935	1.0156	0.825
615	1303773286704	1	1.1935	1.0156	0.825
616	1303773286728	1	1.1934	1.0156	0.825
617	1303773286751	1	1.1933	1.0156	0.8251
618	1303773286773	1	1.1933	1.0156	0.8251
619	1303773286796	1	1.1933	1.0156	0.8251
620	1303773286832	1	1.1933	1.0156	0.8251
621	1303773287046	1	1.1933	1.0156	0.8251
622	1303773287155	1	1.1933	1.0156	0.8251
623	1303773287231	1	1.1933	1.0156	0.8251
624	1303773287254	1	1.192	1.0156	0.826
625	1303773287317	1	1.192	1.0156	0.826
626	1303773287343	1	1.192	1.0156	0.826
627	1303773287364	1	1.192	1.0156	0.826
628	1303773287387	1	1.192	1.0156	0.826
629	1303773287408	1	1.192	1.0156	0.826
630	1303773287429	1	1.192	1.0156	0.826
631	1303773287495	1	1.192	1.0156	0.826
632	1303773287517	1	1.192	1.0156	0.826
633	1303773287579	1	1.192	1.0156	0.826
634	1303773287600	1	1.192	1.0156	0.826
635	1303773287622	1	1.192	1.0156	0.826
636	1303773287644	1	1.192	1.0156	0.826
637	1303773287670	1	1.192	1.0156	0.826
638	1303773287691	1	1.192	1.0156	0.826
639	1303773287713	1	1.192	1.0156	0.826
640	1303773287736	1	1.192	1.0156	0.826
641	1303773287757	1	1.192	1.0156	0.826
642	1303773287783	1	1.192	1.0156	0.826
643	1303773287805	1	1.192	1.0156	0.826
644	1303773287826	1	1.192	1.0156	0.826
645	1303773287847	1	1.192	1.0156	0.826
646	1303773287869	1	1.192	1.0156	0.826
647	1303773287891	1	1.192	1.0156	0.826
648	1303773287916	1	1.192	1.0156	0.826
649	1303773287937	1	1.192	1.0156	0.826
650	1303773287959	1	1.192	1.0156	0.826
651	1303773288022	1	1.192	1.0156	0.826
652	1303773288044	1	1.192	1.0156	0.826
653	1303773288070	1	1.192	1.0156	0.826
654	1303773288091	1	1.192	1.0156	0.826
655	1303773288113	1	1.192	1.0156	0.826
656	1303773288136	1	1.192	1.0156	0.826
657	1303773288157	1	1.192	1.0156	0.826
658	1303773288178	1	1.192	1.0156	0.826
659	1303773288204	1	1.192	1.0156	0.826
660	1303773288225	1	1.192	1.0156	0.826
661	1303773288247	1	1.192	1.0156	0.826
662	1303773288308	1	1.192	1.0156	0.826
663	1303773288329	1	1.192	1.0156	0.826
664	1303773288354	1	1.192	1.0156	0.826
665	1303773288376	1	1.192	1.0156	0.826
666	1303773288397	1	1.192	1.0156	0.826
667	1303773288419	1	1.192	1.0156	0.826
668	1303773288442	1	1.192	1.0156	0.826
669	1303773288507	1	1.192	1.0156	0.826
670	1303773288533	1	1.192	1.0156	0.826
671	1303773288554	1	1.192	1.0156	0.826
672	1303773288576	1	1.192	1.0156	0.826
673	1303773288597	1	1.192	1.0156	0.826
674	1303773288618	1	1.192	1.0156	0.826
675	1303773288646	1	1.192	1.0156	0.826
676	1303773288669	1	1.192	1.0156	0.826
677	1303773288697	1	1.192	1.0156	0.8261
678	1303773288721	1	1.1918	1.0156	0.8262
679	1303773288743	1	1.1918	1.0156	0.8262
680	1303773288805	1	1.1918	1.0156	0.8262
681	1303773288842	1	1.1918	1.0156	0.8262
682	1303773289066	1	1.1918	1.0156	0.8262
683	1303773289199	1	1.1918	1.0156	0.8262
684	1303773289237	1	1.1918	1.0156	0.8262
685	1303773289261	1	1.1918	1.0156	0.8262
686	1303773289330	1	1.1907	1.0156	0.8269
687	1303773289354	1	1.1907	1.0156	0.8269
688	1303773289377	1	1.1907	1.0156	0.8269
689	1303773289399	1	1.1907	1.0156	0.8269
690	1303773289421	1	1.1907	1.0156	0.8269
691	1303773289444	1	1.1907	1.0156	0.8269
692	1303773289513	1	1.1907	1.0156	0.8269
693	1303773289535	1	1.1907	1.0156	0.8269
694	1303773289557	1	1.1907	1.0156	0.8269
695	1303773289580	1	1.1907	1.0156	0.8269
696	1303773289602	1	1.1907	1.0156	0.8269
697	1303773289628	1	1.1907	1.0156	0.8269
698	1303773289650	1	1.1907	1.0156	0.8269
699	1303773289720	1	1.1907	1.0156	0.8269
700	1303773289743	1	1.1907	1.0156	0.8269
701	1303773289765	1	1.1907	1.0156	0.8269
702	1303773289831	1	1.1907	1.0156	0.8269
703	1303773289857	1	1.1907	1.0156	0.8269
704	1303773289878	1	1.1907	1.0156	0.8269
705	1303773289900	1	1.1907	1.0156	0.8269
706	1303773289966	1	1.1907	1.0156	0.8269
707	1303773289988	1	1.1907	1.0156	0.8269
708	1303773290014	1	1.1907	1.0156	0.8269
709	1303773290036	1	1.1907	1.0156	0.8269
710	1303773290057	1	1.1907	1.0156	0.8269
711	1303773290079	1	1.1907	1.0156	0.8269
712	1303773290142	1	1.1907	1.0156	0.8269
713	1303773290168	1	1.1907	1.0156	0.8269
714	1303773290190	1	1.1907	1.0156	0.8269
715	1303773290344	1	1.1907	1.0156	0.8269
716	1303773290521	1	1.1907	1.0156	0.8269
717	1303773290544	1	1.1907	1.0156	0.8269
718	1303773290610	1	1.1907	1.0156	0.8269
719	1303773290761	1	1.1907	1.0156	0.8269
720	1303773290823	1	1.1907	1.0156	0.8269
721	1303773290877	1	1.1907	1.0156	0.8269
722	1303773290899	1	1.1907	1.0156	0.8269
723	1303773290921	1	1.1907	1.0156	0.8269
724	1303773290991	1	1.1907	1.0156	0.8269
725	1303773291013	1	1.1907	1.0156	0.8269
726	1303773291035	1	1.1907	1.0156	0.8269
727	1303773291086	1	1.1907	1.0156	0.8269
728	1303773291112	1	1.1907	1.0156	0.8269
729	1303773291151	1	1.1907	1.0156	0.8269
730	1303773291194	1	1.1907	1.0312	0.8144
731	1303773291231	1	1.1907	1.0156	0.8269
732	1303773291253	1	1.1907	1.0156	0.8269
733	1303773291316	1	1.1907	1.0156	0.8269
734	1303773291442	1	1.1907	1.0156	0.8269
735	1303773291514	1	1.1907	1.0156	0.8269
736	1303773291547	1	1.1907	1.0312	0.8144
737	1303773291685	1	1.1907	1.0156	0.8269
738	1303773291833	1	1.1908	1.0156	0.8268
739	1303773291857	1	1.1906	1.0156	0.827
740	1303773291883	1	1.1906	1.0156	0.827
741	1303773291905	1	1.1906	1.0312	0.8144
742	1303773291950	1	1.1906	1.0312	0.8144
743	1303773292227	1	1.1906	1.0156	0.827
744	1303773292385	1	1.1906	1.0156	0.827
745	1303773292452	1	1.1904	1.0156	0.8272
746	1303773292505	1	1.1904	1.0156	0.8272
747	1303773292539	1	1.1904	1.0156	0.8272
748	1303773292568	1	1.1904	1.0156	0.8272
749	1303773292632	1	1.1904	1.0156	0.8272
750	1303773292691	1	1.1904	1.0156	0.8272
751	1303773292729	1	1.1904	1.0156	0.8272
752	1303773292757	1	1.1904	1.0156	0.8272
753	1303773292800	1	1.1904	1.0156	0.8272
754	1303773292830	1	1.1904	1.0156	0.8272
755	1303773292858	1	1.1904	1.0156	0.8272
756	1303773292885	1	1.1904	1.0156	0.8272
757	1303773292908	1	1.1904	1.0156	0.8272
758	1303773292957	1	1.1904	1.0156	0.8272
759	1303773292978	1	1.1904	1.0156	0.8272
760	1303773293017	1	1.1904	1.0156	0.8272
761	1303773293066	1	1.1904	1.0156	0.8272
762	1303773293111	1	1.1904	1.0156	0.8272
763	1303773293139	1	1.1904	1.0156	0.8272
764	1303773293161	1	1.1904	1.0156	0.8272
765	1303773293225	1	1.1904	1.0156	0.8272
766	1303773293250	1	1.1904	1.0156	0.8272
767	1303773293284	1	1.1904	1.0156	0.8272
768	1303773293347	1	1.1904	1.0156	0.8272
769	1303773293370	1	1.1904	1.0156	0.8272
770	1303773293398	1	1.1904	1.0156	0.8272
771	1303773293474	1	1.1904	1.0156	0.8272
772	1303773293550	1	1.1904	1.0156	0.8272
773	1303773293649	1	1.1904	1.0156	0.8272
774	1303773293719	1	1.1904	1.0156	0.8272
775	1303773293783	1	1.1904	1.0156	0.8272
776	1303773293874	1	1.1904	1.0156	0.8272
777	1303773293901	1	1.1904	1.0156	0.8272
778	1303773293928	1	1.1904	1.0156	0.8272
779	1303773293950	1	1.1904	1.0156	0.8272
780	1303773293971	1	1.1904	1.0156	0.8272
781	1303773293993	1	1.1904	1.0156	0.8272
782	1303773294013	1	1.1904	1.0156	0.8272
783	1303773294036	1	1.1904	1.0156	0.8272
784	1303773294064	1	1.1904	1.0156	0.8272
785	1303773294086	1	1.1904	1.0156	0.8272
786	1303773294107	1	1.1904	1.0156	0.8272
787	1303773294129	1	1.1904	1.0156	0.8272
788	1303773294151	1	1.1904	1.0156	0.8272
789	1303773294172	1	1.1904	1.0156	0.8272
790	1303773294199	1	1.1904	1.0156	0.8272
791	1303773294221	1	1.1904	1.0156	0.8272
792	1303773294242	1	1.1904	1.0156	0.8272
793	1303773294264	1	1.1904	1.0156	0.8272
794	1303773294285	1	1.1904	1.0156	0.8272
795	1303773294312	1	1.1904	1.0156	0.8272
796	1303773294334	1	1.1904	1.0156	0.8272
797	1303773294356	1	1.1904	1.0156	0.8272
798	1303773294377	1	1.1904	1.0156	0.8272
799	1303773294401	1	1.1905	1.0156	0.8271
800	1303773294423	1	1.1903	1.0156	0.8272
801	1303773294449	1	1.1903	1.0156	0.8272
802	1303773294471	1	1.1903	1.0156	0.8272
803	1303773294503	1	1.1903	1.0156	0.8272
804	1303773294705	1	1.1903	1.0156	0.8272
805	1303773294833	1	1.1903	1.0156	0.8272
806	1303773294863	1	1.1903	1.0156	0.8272
807	1303773294893	1	1.1903	1.0156	0.8272
808	1303773294915	1	1.1894	1.0156	0.8278
809	1303773294936	1	1.1894	1.0156	0.8278
810	1303773294959	1	1.1894	1.0156	0.8278
811	1303773294981	1	1.1894	1.0156	0.8278
812	1303773295051	1	1.1685	1.0156	0.8427
813	1303773295073	1	1.1685	1.0156	0.8427
814	1303773295138	1	1.1685	1.0156	0.8427
815	1303773295160	1	1.1685	1.0156	0.8427
816	1303773295182	1	1.1685	1.0156	0.8427
817	1303773295203	1	1.1685	1.0156	0.8427
818	1303773295229	1	1.1685	1.0156	0.8427
819	1303773295291	1	1.1685	1.0156	0.8427
820	1303773295314	1	1.1685	1.0156	0.8427
821	1303773295336	1	1.1685	1.0156	0.8427
822	1303773295400	1	1.1685	1.0156	0.8427
823	1303773295426	1	1.1685	1.0156	0.8427
824	1303773295488	1	1.2165	1.0156	0.8094
825	1303773295551	1	1.2165	1.0156	0.8094
826	1303773295572	1	1.2165	1.0156	0.8094
827	1303773295594	1	1.2165	1.0156	0.8094
828	1303773295621	1	1.2165	1.0156	0.8094
829	1303773295642	1	1.2165	1.0156	0.8094
830	1303773295664	1	1.2165	1.0156	0.8094
831	1303773295686	1	1.2165	1.0156	0.8094
832	1303773295709	1	1.2165	1.0156	0.8094
833	1303773295731	1	1.2165	1.0156	0.8094
834	1303773295757	1	1.2165	1.0156	0.8094
835	1303773295778	1	1.2165	1.0156	0.8094
836	1303773295800	1	1.2165	1.0156	0.8094
837	1303773295821	1	1.2165	1.0156	0.8094
838	1303773295843	1	1.2165	1.0156	0.8094
839	1303773295864	1	1.2165	1.0156	0.8094
840	1303773295890	1	1.2165	1.0156	0.8094
841	1303773295956	1	1.2165	1.0156	0.8094
842	1303773295976	1	1.2165	1.0156	0.8094
843	1303773295998	1	1.2165	1.0156	0.8094
844	1303773296020	1	1.2165	1.0156	0.8094
845	1303773296046	1	1.2165	1.0156	0.8094
846	1303773296067	1	1.2165	1.0156	0.8094
847	1303773296089	1	1.2165	1.0156	0.8094
848	1303773296111	1	1.2165	1.0156	0.8094
849	1303773296133	1	1.2165	1.0156	0.8094
850	1303773296156	1	1.2165	1.0156	0.8094
851	1303773296183	1	1.2165	1.0156	0.8094
852	1303773296205	1	1.2165	1.0312	0.7971
853	1303773296227	1	1.2165	1.0156	0.8094
854	1303773296293	1	1.2165	1.0156	0.8094
855	1303773296315	1	1.2165	1.0156	0.8094
856	1303773296341	1	1.2165	1.0156	0.8094
857	1303773296363	1	1.2165	1.0156	0.8094
858	1303773296385	1	1.2165	1.0312	0.7971
859	1303773296407	1	1.2165	1.0156	0.8094
860	1303773296431	1	1.2166	1.0156	0.8093
861	1303773296455	1	1.2164	1.0156	0.8094
862	1303773296481	1	1.2164	1.0156	0.8095
863	1303773296503	1	1.2169	1.0312	0.7969
864	1303773296533	1	1.2169	1.0312	0.7969
865	1303773296698	1	1.2169	1.0156	0.8092
866	1303773296832	1	1.2169	1.0156	0.8092
867	1303773296879	1	1.2169	1.0156	0.8092
868	1303773296908	1	1.2169	1.0156	0.8092
869	1303773296970	1	1.2169	1.0156	0.8092
870	1303773297004	1	1.2195	1.0156	0.8074
871	1303773297030	1	1.2195	1.0312	0.7951
872	1303773297095	1	1.2195	1.0156	0.8074
873	1303773297121	1	1.2195	1.0156	0.8074
874	1303773297143	1	1.2195	1.0156	0.8074
875	1303773297165	1	1.2195	1.0156	0.8074
876	1303773297188	1	1.2195	1.0156	0.8074
877	1303773297210	1	1.2195	1.0312	0.7951
878	1303773297232	1	1.2195	1.0312	0.7951
879	1303773297258	1	1.2195	1.0156	0.8074
880	1303773297281	1	1.2195	1.0156	0.8074
881	1303773297303	1	1.2195	1.0156	0.8074
882	1303773297325	1	1.2195	1.0156	0.8074
883	1303773297388	1	1.2195	1.0312	0.7951
884	1303773297433	1	1.2195	1.0312	0.7951
885	1303773297460	1	1.2195	1.0312	0.7951
886	1303773297483	1	1.2195	1.0156	0.8074
887	1303773297506	1	1.2195	1.0156	0.8074
888	1303773297614	1	1.2195	1.0156	0.8074
889	1303773297637	1	1.2195	1.0156	0.8074
890	1303773297704	1	1.2195	1.0312	0.7951
891	1303773297726	1	1.2195	1.0312	0.7951
892	1303773297748	1	1.2195	1.0312	0.7951
893	1303773297770	1	1.2195	1.0156	0.8074
894	1303773297791	1	1.2195	1.0156	0.8074
895	1303773297817	1	1.2195	1.0156	0.8074
896	1303773297839	1	1.2195	1.0312	0.7951
897	1303773297861	1	1.2195	1.0312	0.7951
898	1303773297885	1	1.2195	1.0312	0.7951
899	1303773297908	1	1.2195	1.0312	0.7951
900	1303773297972	1	1.2195	1.0156	0.8074
901	1303773297998	1	1.2195	1.0156	0.8074
902	1303773298060	1	1.2195	1.0312	0.7951
903	1303773298082	1	1.2195	1.0312	0.7951
904	1303773298103	1	1.2195	1.0312	0.7951
905	1303773298126	1	1.2195	1.0312	0.7951
906	1303773298153	1	1.2195	1.0312	0.7951
907	1303773298175	1	1.2195	1.0156	0.8074
908	1303773298238	1	1.2195	1.0156	0.8074
909	1303773298259	1	1.2195	1.0312	0.7951
910	1303773298281	1	1.2195	1.0312	0.7951
911	1303773298304	1	1.2195	1.0312	0.7951
912	1303773298331	1	1.2195	1.0312	0.7951
913	1303773298352	1	1.2195	1.0312	0.7951
914	1303773298375	1	1.2195	1.0156	0.8074
915	1303773298397	1	1.2195	1.0156	0.8074
916	1303773298465	1	1.2195	1.0312	0.7951
917	1303773298493	1	1.2195	1.0312	0.7951
918	1303773298516	1	1.2195	1.0312	0.7951
919	1303773298541	1	1.2195	1.0312	0.7951
920	1303773298565	1	1.2195	1.0312	0.7951
921	1303773298597	1	1.2188	1.0156	0.8079
922	1303773298627	1	1.2188	1.0156	0.8079
923	1303773298649	1	1.2188	1.0156	0.8079
924	1303773298712	1	1.2188	1.0156	0.8079
925	1303773298742	1	1.2188	1.0312	0.7956
926	1303773301532	1	1.2188	1.0312	0.7956
927	1303773321791	1	1.2188	1.0312	0.7956
928	1303773325461	1	1.2188	1.0156	0.8079
929	1303773325486	1	1.2188	1.0156	0.8079
930	1303773325567	1	1.2188	1.0156	0.8079
931	1303773325593	1	1.2197	1.0156	0.8073
932	1303773325615	1	1.2197	1.0156	0.8073
933	1303773325637	1	1.2197	1.0156	0.8073
934	1303773325659	1	1.2197	1.0156	0.8073
935	1303773325681	1	1.2197	1.0156	0.8073
936	1303773325703	1	1.2197	1.0156	0.8073
937	1303773325728	1	1.2197	1.0156	0.8073
938	1303773325749	1	1.2197	1.0156	0.8073
939	1303773325771	1	1.2197	1.0156	0.8073
940	1303773325793	1	1.2197	1.0312	0.795
941	1303773325814	1	1.2197	1.0312	0.795
942	1303773325839	1	1.2197	1.0156	0.8073
943	1303773325860	1	1.2197	1.0156	0.8073
944	1303773325882	1	1.2197	1.0156	0.8073
945	1303773325904	1	1.2197	1.0156	0.8073
946	1303773325925	1	1.2197	1.0312	0.795
947	1303773325947	1	1.2197	1.0312	0.795
948	1303773325973	1	1.2197	1.0312	0.795
949	1303773325995	1	1.2197	1.0156	0.8073
950	1303773326017	1	1.2197	1.0156	0.8073
951	1303773326039	1	1.2197	1.0156	0.8073
952	1303773326061	1	1.2197	1.0312	0.795
953	1303773326083	1	1.2197	1.0312	0.795
954	1303773326109	1	1.2197	1.0312	0.795
955	1303773326131	1	1.2197	1.0312	0.795
956	1303773326153	1	1.2197	1.0156	0.8073
957	1303773326176	1	1.2197	1.0156	0.8073
958	1303773326198	1	1.2197	1.0312	0.795
959	1303773326224	1	1.2197	1.0312	0.795
960	1303773326246	1	1.2197	1.0312	0.795
961	1303773326268	1	1.2197	1.0312	0.795
962	1303773326330	1	1.2197	1.0312	0.795
963	1303773326352	1	1.2197	1.0312	0.795
964	1303773326374	1	1.2197	1.0156	0.8073
965	1303773326401	1	1.2197	1.0312	0.795
966	1303773326423	1	1.2197	1.0312	0.795
967	1303773326445	1	1.2197	1.0312	0.795
968	1303773326467	1	1.2197	1.0312	0.795
969	1303773326489	1	1.2197	1.0312	0.795
970	1303773326515	1	1.2197	1.0312	0.795
971	1303773326536	1	1.2197	1.0312	0.795
972	1303773326558	1	1.2197	1.0156	0.8073
973	1303773326621	1	1.2197	1.0156	0.8073
974	1303773326643	1	1.2197	1.0156	0.8073
975	1303773326665	1	1.2197	1.0312	0.795
976	1303773326692	1	1.2197	1.0312	0.795
977	1303773326714	1	1.2197	1.0312	0.795
978	1303773326735	1	1.2197	1.0312	0.795
979	1303773326797	1	1.2197	1.0312	0.795
980	1303773326819	1	1.2197	1.0156	0.8073
981	1303773326845	1	1.2197	1.0156	0.8073
982	1303773326870	1	1.2196	1.0156	0.8073
983	1303773326893	1	1.2196	1.0156	0.8073
984	1303773326915	1	1.2196	1.0312	0.7951
985	1303773326937	1	1.2196	1.0312	0.7951
986	1303773326966	1	1.2196	1.0312	0.7951
987	1303773328660	1	1.2196	1.0156	0.8073
988	1303773331268	1	1.2196	1.0156	0.8073
989	1303773331548	1	1.2196	1.0156	0.8073
990	1303773331577	1	1.2196	1.0156	0.8073
991	1303773331600	1	1.2202	1.0156	0.8069
992	1303773331622	1	1.2202	1.0156	0.8069
993	1303773331644	1	1.2202	1.0312	0.7947
994	1303773331666	1	1.2202	1.0156	0.8069
995	1303773331695	1	1.2202	1.0156	0.8069
996	1303773331717	1	1.2202	1.0156	0.8069
997	1303773331778	1	1.2202	1.0156	0.8069
998	1303773331800	1	1.2202	1.0312	0.7947
999	1303773331822	1	1.2202	1.0312	0.7947
1000	1303773331844	1	1.2202	1.0312	0.7947
1001	1303773331871	1	1.2202	1.0312	0.7947
1002	1303773331893	1	1.2202	1.0156	0.8069
1003	1303773331915	1	1.2202	1.0156	0.8069
1004	1303773331937	1	1.2202	1.0156	0.8069
1005	1303773331959	1	1.2202	1.0312	0.7947
1006	1303773331985	1	1.2202	1.0312	0.7947
1007	1303773332006	1	1.2202	1.0312	0.7947
1008	1303773332029	1	1.2202	1.0312	0.7947
1009	1303773332051	1	1.2202	1.0312	0.7947
1010	1303773332073	1	1.2202	1.0156	0.8069
1011	1303773332095	1	1.2202	1.0312	0.7947
1012	1303773332122	1	1.2202	1.0312	0.7947
1013	1303773332144	1	1.2202	1.0312	0.7947
1014	1303773332166	1	1.2202	1.0312	0.7947
1015	1303773332229	1	1.2202	1.0312	0.7947
1016	1303773332251	1	1.2202	1.0312	0.7947
1017	1303773332278	1	1.2202	1.0312	0.7947
1018	1303773332300	1	1.2202	1.0156	0.8069
1019	1303773332322	1	1.2202	1.0312	0.7947
1020	1303773332344	1	1.2202	1.0312	0.7947
1021	1303773332406	1	1.2202	1.0312	0.7947
1022	1303773332428	1	1.2202	1.0312	0.7947
1023	1303773332455	1	1.2202	1.0312	0.7947
1024	1303773332477	1	1.2202	1.0312	0.7947
1025	1303773332500	1	1.2202	1.0312	0.7947
1026	1303773332522	1	1.2202	1.0312	0.7947
1027	1303773332544	1	1.2202	1.0156	0.8069
1028	1303773332570	1	1.2202	1.0312	0.7947
1029	1303773332593	1	1.2202	1.0312	0.7947
1030	1303773332615	1	1.2202	1.0312	0.7947
1031	1303773332637	1	1.2202	1.0312	0.7947
1032	1303773332700	1	1.2202	1.0312	0.7947
1033	1303773332722	1	1.2202	1.0312	0.7947
1034	1303773332749	1	1.2202	1.0312	0.7947
1035	1303773332771	1	1.2202	1.0156	0.8069
1036	1303773332793	1	1.2202	1.0156	0.8069
1037	1303773332856	1	1.1665	1.0312	0.8313
1038	1303773332879	1	1.1665	1.0312	0.8313
1039	1303773332905	1	1.1665	1.0312	0.8313
1040	1303773332928	1	1.1665	1.0312	0.8313
1041	1303773332950	1	1.1665	1.0312	0.8313
1042	1303773332973	1	1.1665	1.0312	0.8313
1043	1303773333009	1	1.1664	1.0156	0.8441
1044	1303773333092	1	1.1664	1.0312	0.8314
1045	1303773333115	1	1.1664	1.0312	0.8314
1046	1303773333137	1	1.1664	1.0312	0.8314
1047	1303773333164	1	1.1664	1.0312	0.8314
1048	1303773334793	1	1.1664	1.0312	0.8314
1049	1303773337228	1	1.1664	1.0312	0.8314
1050	1303773337464	1	1.1664	1.0312	0.8314
1051	1303773337491	1	1.1664	1.0156	0.8441
1052	1303773337513	1	1.1667	1.0156	0.8439
1053	1303773337535	1	1.1667	1.0156	0.8439
1054	1303773337557	1	1.1667	1.0312	0.8312
1055	1303773337620	1	1.1667	1.0312	0.8312
1056	1303773337646	1	1.1667	1.0312	0.8312
1057	1303773337668	1	1.1667	1.0312	0.8312
1058	1303773337731	1	1.1667	1.0312	0.8312
1059	1303773337793	1	1.1667	1.0312	0.8312
1060	1303773337814	1	1.1667	1.0156	0.8439
1061	1303773337837	1	1.1667	1.0312	0.8312
1062	1303773337863	1	1.1667	1.0312	0.8312
1063	1303773337886	1	1.1667	1.0312	0.8312
1064	1303773337908	1	1.1667	1.0312	0.8312
1065	1303773337930	1	1.1667	1.0312	0.8312
1066	1303773337953	1	1.1667	1.0312	0.8312
1067	1303773337979	1	1.1667	1.0312	0.8312
1068	1303773338001	1	1.1667	1.0312	0.8312
1069	1303773338024	1	1.1667	1.0312	0.8312
1070	1303773338046	1	1.1667	1.0156	0.8439
1071	1303773338069	1	1.1667	1.0312	0.8312
1072	1303773338091	1	1.1667	1.0312	0.8312
1073	1303773338117	1	1.1667	1.0312	0.8312
1074	1303773338139	1	1.1667	1.0312	0.8312
1075	1303773338161	1	1.1667	1.0312	0.8312
1076	1303773338184	1	1.1667	1.0312	0.8312
1077	1303773338206	1	1.1667	1.0312	0.8312
1078	1303773338232	1	1.1667	1.0312	0.8312
1079	1303773338254	1	1.1667	1.0312	0.8312
1080	1303773338275	1	1.1667	1.0156	0.8439
1081	1303773338298	1	1.1667	1.0312	0.8312
1082	1303773338320	1	1.1667	1.0312	0.8312
1083	1303773338342	1	1.1667	1.0312	0.8312
1084	1303773338368	1	1.1667	1.0312	0.8312
1085	1303773338390	1	1.1667	1.0312	0.8312
1086	1303773338412	1	1.1667	1.0312	0.8312
1087	1303773338475	1	1.1667	1.0312	0.8312
1088	1303773338497	1	1.1667	1.0312	0.8312
1089	1303773338523	1	1.1667	1.0312	0.8312
1090	1303773338545	1	1.1667	1.0156	0.8439
1091	1303773338608	1	1.1667	1.0312	0.8312
1092	1303773338630	1	1.1667	1.0312	0.8312
1093	1303773338652	1	1.1667	1.0312	0.8312
1094	1303773338674	1	1.1667	1.0312	0.8312
1095	1303773338700	1	1.1667	1.0312	0.8312
1096	1303773338723	1	1.1667	1.0312	0.8312
1097	1303773338745	1	1.1667	1.0312	0.8312
1098	1303773338767	1	1.1667	1.0312	0.8312
1099	1303773338789	1	1.1667	1.0312	0.8312
1100	1303773338811	1	1.1667	1.0156	0.8439
1101	1303773338838	1	1.1667	1.0312	0.8312
1102	1303773338901	1	1.1667	1.0312	0.8312
1103	1303773338923	1	1.1667	1.0312	0.8312
1104	1303773338951	1	1.1667	1.0312	0.8312
1105	1303773339016	1	1.1666	1.0312	0.8312
1106	1303773339044	1	1.1666	1.0312	0.8312
1107	1303773339067	1	1.1666	1.0312	0.8312
1108	1303773339096	1	1.1666	1.0312	0.8312
1109	1303773340580	1	1.1619	1.0312	0.8346
1110	1303773342821	1	1.1619	1.0156	0.8474
1111	1303773343044	1	1.1619	1.0312	0.8346
1112	1303773343064	1	1.1619	1.0312	0.8346
1113	1303773343084	1	1.1619	1.0312	0.8346
1114	1303773343104	1	1.1619	1.0312	0.8346
1115	1303773343123	1	1.1619	1.0312	0.8346
1116	1303773343143	1	1.1619	1.0312	0.8346
1117	1303773343162	1	1.1619	1.0312	0.8346
1118	1303773343187	1	1.1619	1.0312	0.8346
1119	1303773343206	1	1.1619	1.0156	0.8474
1120	1303773343226	1	1.1619	1.0156	0.8474
1121	1303773343245	1	1.1619	1.0156	0.8474
1122	1303773343265	1	1.1619	1.0312	0.8346
1123	1303773343284	1	1.1619	1.0312	0.8346
1124	1303773343311	1	1.1619	1.0312	0.8346
1125	1303773343331	1	1.1619	1.0312	0.8346
1126	1303773343350	1	1.1619	1.0312	0.8346
1127	1303773343370	1	1.1619	1.0156	0.8474
1128	1303773343389	1	1.1619	1.0156	0.8474
1129	1303773343409	1	1.1619	1.0156	0.8474
1130	1303773343428	1	1.1619	1.0312	0.8346
1131	1303773343452	1	1.1619	1.0312	0.8346
1132	1303773343472	1	1.1619	1.0312	0.8346
1133	1303773343492	1	1.1619	1.0312	0.8346
1134	1303773343511	1	1.1619	1.0312	0.8346
1135	1303773343571	1	1.1619	1.0156	0.8474
1136	1303773343590	1	1.1619	1.0156	0.8474
1137	1303773343614	1	1.1619	1.0312	0.8346
1138	1303773343634	1	1.1619	1.0312	0.8346
1139	1303773343654	1	1.1619	1.0312	0.8346
1140	1303773343673	1	1.1619	1.0312	0.8346
1141	1303773343693	1	1.1619	1.0312	0.8346
1142	1303773343712	1	1.1619	1.0312	0.8346
1143	1303773343772	1	1.1619	1.0156	0.8474
1144	1303773343836	1	1.0856	1.0156	0.907
1145	1303773343855	1	1.0856	1.0312	0.8932
1146	1303773343875	1	1.0856	1.0312	0.8932
1147	1303773343894	1	1.0856	1.0312	0.8932
1148	1303773343914	1	1.0856	1.0312	0.8932
1149	1303773343934	1	1.0856	1.0312	0.8932
1150	1303773343958	1	1.0856	1.0312	0.8932
1151	1303773343977	1	1.0856	1.0156	0.907
1152	1303773343997	1	1.0856	1.0312	0.8932
1153	1303773344056	1	1.0856	1.0312	0.8932
1154	1303773344076	1	1.0856	1.0312	0.8932
1155	1303773344095	1	1.0856	1.0312	0.8932
1156	1303773344155	1	1.0856	1.0312	0.8932
1157	1303773344179	1	1.0856	1.0312	0.8932
1158	1303773344199	1	1.0856	1.0312	0.8932
1159	1303773344218	1	1.0856	1.0156	0.907
1160	1303773344238	1	1.0856	1.0312	0.8932
1161	1303773344257	1	1.0856	1.0312	0.8932
1162	1303773344317	1	1.0856	1.0312	0.8932
1163	1303773344341	1	1.0856	1.0312	0.8932
1164	1303773344361	1	1.0856	1.0312	0.8932
1165	1303773344430	1	1.0856	1.0312	0.8932
1166	1303773344457	1	1.0856	1.0312	0.8932
1167	1303773344478	1	1.0856	1.0156	0.907
1168	1303773344499	1	1.0856	1.0312	0.8932
1169	1303773344530	1	1.0856	1.0312	0.8932
1170	1303773346473	1	1.086	1.0312	0.8929
1171	1303773349257	1	1.086	1.0312	0.8929
1172	1303773349483	1	1.086	1.0312	0.8929
1173	1303773349505	1	1.086	1.0312	0.8929
1174	1303773349525	1	1.086	1.0312	0.8929
1175	1303773349544	1	1.086	1.0156	0.9067
1176	1303773349564	1	1.086	1.0312	0.8929
1177	1303773349583	1	1.086	1.0312	0.8929
1178	1303773349609	1	1.086	1.0312	0.8929
1179	1303773349629	1	1.086	1.0312	0.8929
1180	1303773349648	1	1.086	1.0312	0.8929
1181	1303773349668	1	1.086	1.0312	0.8929
1182	1303773349687	1	1.086	1.0312	0.8929
1183	1303773349707	1	1.086	1.0156	0.9067
1184	1303773349734	1	1.086	1.0312	0.8929
1185	1303773349754	1	1.086	1.0312	0.8929
1186	1303773349774	1	1.086	1.0312	0.8929
1187	1303773349793	1	1.086	1.0312	0.8929
1188	1303773349813	1	1.086	1.0312	0.8929
1189	1303773349833	1	1.086	1.0312	0.8929
1190	1303773349852	1	1.086	1.0312	0.8929
1191	1303773349876	1	1.086	1.0156	0.9067
1192	1303773349895	1	1.086	1.0312	0.8929
1193	1303773349955	1	1.086	1.0312	0.8929
1194	1303773349975	1	1.086	1.0312	0.8929
1195	1303773350035	1	1.086	1.0312	0.8929
1196	1303773350054	1	1.086	1.0312	0.8929
1197	1303773350078	1	1.086	1.0312	0.8929
1198	1303773350097	1	1.086	1.0312	0.8929
1199	1303773350117	1	1.086	1.0312	0.8929
1200	1303773350136	1	1.086	1.0156	0.9067
1201	1303773350156	1	1.086	1.0312	0.8929
1202	1303773350175	1	1.086	1.0312	0.8929
1203	1303773350195	1	1.086	1.0312	0.8929
1204	1303773350219	1	1.086	1.0312	0.8929
1205	1303773350278	1	1.086	1.0312	0.8929
1206	1303773350298	1	1.086	1.0312	0.8929
1207	1303773350318	1	1.086	1.0312	0.8929
1208	1303773350337	1	1.086	1.0312	0.8929
1209	1303773350357	1	1.086	1.0156	0.9067
1210	1303773350381	1	1.086	1.0312	0.8929
1211	1303773350400	1	1.086	1.0312	0.8929
1212	1303773350420	1	1.086	1.0312	0.8929
1213	1303773350440	1	1.086	1.0312	0.8929
1214	1303773350459	1	1.086	1.0312	0.8929
1215	1303773350519	1	1.086	1.0312	0.8929
1216	1303773350538	1	1.086	1.0312	0.8929
1217	1303773350562	1	1.086	1.0312	0.8929
1218	1303773350582	1	1.086	1.0156	0.9067
1219	1303773350601	1	1.086	1.0312	0.8929
1220	1303773350661	1	1.086	1.0312	0.8929
1221	1303773350681	1	1.086	1.0312	0.8929
1222	1303773350700	1	1.086	1.0312	0.8929
1223	1303773350724	1	1.086	1.0312	0.8929
1224	1303773350744	1	1.086	1.0312	0.8929
1225	1303773350764	1	1.086	1.0312	0.8929
1226	1303773350791	1	1.086	1.0312	0.8929
1227	1303773350814	1	1.0859	1.0156	0.9067
1228	1303773350835	1	1.0859	1.0312	0.893
1229	1303773350859	1	1.0859	1.0312	0.893
1230	1303773350885	1	1.0859	1.0312	0.893
1231	1303773352386	1	1.0859	1.0312	0.893
1232	1303773354531	1	1.0859	1.0312	0.893
1233	1303773354717	1	1.0859	1.0312	0.893
1234	1303773354741	1	1.0859	1.0312	0.893
1235	1303773354769	1	1.0855	1.0312	0.8933
1236	1303773354790	1	1.0856	1.0156	0.907
1237	1303773354851	1	1.0856	1.0312	0.8933
1238	1303773354873	1	1.0856	1.0312	0.8933
1239	1303773354894	1	1.0856	1.0312	0.8933
1240	1303773354914	1	1.0856	1.0312	0.8933
1241	1303773354942	1	1.0856	1.0312	0.8933
1242	1303773354964	1	1.0856	1.0312	0.8933
1243	1303773354985	1	1.0856	1.0312	0.8933
1244	1303773355006	1	1.0856	1.0312	0.8933
1245	1303773355027	1	1.0856	1.0312	0.8933
1246	1303773355056	1	1.0856	1.0156	0.907
1247	1303773355077	1	1.0856	1.0312	0.8933
1248	1303773355098	1	1.0856	1.0312	0.8933
1249	1303773355120	1	1.0856	1.0312	0.8933
1250	1303773355140	1	1.0856	1.0312	0.8933
1251	1303773355161	1	1.0856	1.0312	0.8933
1252	1303773355227	1	1.0856	1.0312	0.8933
1253	1303773355248	1	1.0856	1.0312	0.8933
1254	1303773355269	1	1.0856	1.0312	0.8933
1255	1303773355331	1	1.0856	1.0312	0.8933
1256	1303773355352	1	1.0856	1.0156	0.907
1257	1303773355378	1	1.0856	1.0312	0.8933
1258	1303773355399	1	1.0856	1.0312	0.8933
1259	1303773355420	1	1.0856	1.0312	0.8933
1260	1303773355441	1	1.0856	1.0312	0.8933
1261	1303773355462	1	1.0856	1.0312	0.8933
1262	1303773355523	1	1.0856	1.0312	0.8933
1263	1303773355549	1	1.0856	1.0312	0.8933
1264	1303773355570	1	1.0856	1.0312	0.8933
1265	1303773355591	1	1.0856	1.0312	0.8933
1266	1303773355612	1	1.0856	1.0156	0.907
1267	1303773355633	1	1.0856	1.0312	0.8933
1268	1303773355658	1	1.0856	1.0312	0.8933
1269	1303773355679	1	1.0856	1.0312	0.8933
1270	1303773355699	1	1.0856	1.0312	0.8933
1271	1303773355720	1	1.0856	1.0312	0.8933
1272	1303773355741	1	1.0856	1.0312	0.8933
1273	1303773355762	1	1.0856	1.0312	0.8933
1274	1303773355787	1	1.0856	1.0312	0.8933
1275	1303773355808	1	1.0856	1.0312	0.8933
1276	1303773355869	1	1.0856	1.0312	0.8933
1277	1303773355931	1	1.0856	1.0156	0.907
1278	1303773355952	1	1.0856	1.0312	0.8933
1279	1303773355977	1	1.0856	1.0312	0.8933
1280	1303773355997	1	1.0856	1.0312	0.8933
1281	1303773356018	1	1.0856	1.0312	0.8933
1282	1303773356039	1	1.0856	1.0312	0.8933
1283	1303773356060	1	1.0856	1.0312	0.8933
1284	1303773356080	1	1.0856	1.0312	0.8933
1285	1303773356105	1	1.0856	1.0312	0.8933
1286	1303773356166	1	1.0856	1.0312	0.8933
1287	1303773356191	1	1.0856	1.0312	0.8933
1288	1303773356214	1	1.0856	1.0156	0.907
1289	1303773356236	1	1.0856	1.0312	0.8933
1290	1303773356262	1	1.0856	1.0312	0.8933
1291	1303773356290	1	1.0856	1.0312	0.8933
1292	1303773358067	1	1.0854	1.0312	0.8934
1293	1303773360687	1	1.0854	1.0312	0.8934
1294	1303773360905	1	1.0854	1.0312	0.8934
1295	1303773360929	1	1.0854	1.0312	0.8934
1296	1303773360950	1	1.0855	1.0312	0.8933
1297	1303773360971	1	1.0855	1.0312	0.8933
1298	1303773360992	1	1.0855	1.0312	0.8933
1299	1303773361017	1	1.0855	1.0312	0.8933
1300	1303773361037	1	1.0855	1.0156	0.9071
1301	1303773361099	1	1.0855	1.0312	0.8933
1302	1303773361120	1	1.0855	1.0312	0.8933
1303	1303773361141	1	1.0855	1.0312	0.8933
1304	1303773361166	1	1.0855	1.0312	0.8933
1305	1303773361188	1	1.0855	1.0312	0.8933
1306	1303773361209	1	1.0855	1.0312	0.8933
1307	1303773361230	1	1.0855	1.0312	0.8933
1308	1303773361250	1	1.0855	1.0312	0.8933
1309	1303773361311	1	1.0926	1.0312	0.8875
1310	1303773361337	1	1.0926	1.0312	0.8875
1311	1303773361358	1	1.0926	1.0312	0.8875
1312	1303773361379	1	1.0926	1.0312	0.8875
1313	1303773361400	1	1.0926	1.0312	0.8875
1314	1303773361421	1	1.0926	1.0312	0.8875
1315	1303773361443	1	1.0926	1.0312	0.8875
1316	1303773361468	1	1.0926	1.0312	0.8875
1317	1303773361488	1	1.0926	1.0312	0.8875
1318	1303773361509	1	1.0926	1.0312	0.8875
1319	1303773361530	1	1.0926	1.0312	0.8875
1320	1303773361551	1	1.0926	1.0312	0.8875
1321	1303773361576	1	1.0926	1.0312	0.8875
1322	1303773361597	1	1.0926	1.0312	0.8875
1323	1303773361618	1	1.0926	1.0312	0.8875
1324	1303773361679	1	1.0926	1.0312	0.8875
1325	1303773361700	1	1.0926	1.0312	0.8875
1326	1303773361721	1	1.0926	1.0312	0.8875
1327	1303773361747	1	1.0926	1.0156	0.9012
1328	1303773361767	1	1.0926	1.0312	0.8875
1329	1303773361788	1	1.0926	1.0312	0.8875
1330	1303773361809	1	1.0926	1.0312	0.8875
1331	1303773361830	1	1.0926	1.0312	0.8875
1332	1303773361855	1	1.0926	1.0312	0.8875
1333	1303773361876	1	1.0926	1.0312	0.8875
1334	1303773361896	1	1.0926	1.0312	0.8875
1335	1303773361917	1	1.0926	1.0312	0.8875
1336	1303773361938	1	1.0926	1.0312	0.8875
1337	1303773361999	1	1.0644	1.0312	0.911
1338	1303773362024	1	1.0644	1.0312	0.911
1339	1303773362086	1	1.0644	1.0312	0.911
1340	1303773362106	1	1.0644	1.0312	0.911
1341	1303773362127	1	1.0644	1.0312	0.911
1342	1303773362148	1	1.0644	1.0312	0.911
1343	1303773362173	1	1.0644	1.0312	0.911
1344	1303773362234	1	1.0644	1.0312	0.911
1345	1303773362256	1	1.0644	1.0312	0.911
1346	1303773362276	1	1.0644	1.0312	0.911
1347	1303773362298	1	1.0644	1.0312	0.911
1348	1303773362323	1	1.0644	1.0312	0.911
1349	1303773362350	1	1.0644	1.0312	0.911
1350	1303773362372	1	1.0644	1.0312	0.911
1351	1303773362434	1	1.0644	1.0312	0.911
1352	1303773362462	1	1.0644	1.0312	0.911
1353	1303773364123	1	1.0644	1.0312	0.911
1354	1303773366405	1	1.0644	1.0312	0.911
1355	1303773366611	1	1.0644	1.0312	0.911
1356	1303773366637	1	1.0644	1.0312	0.911
1357	1303773366658	1	1.0595	1.0312	0.9153
1358	1303773366679	1	1.0595	1.0312	0.9153
1359	1303773366741	1	1.0595	1.0312	0.9153
1360	1303773366762	1	1.0595	1.0312	0.9153
1361	1303773366787	1	1.0595	1.0156	0.9293
1362	1303773366808	1	1.0595	1.0156	0.9293
1363	1303773366829	1	1.0595	1.0312	0.9153
1364	1303773366850	1	1.0595	1.0312	0.9153
1365	1303773366871	1	1.0595	1.0312	0.9153
1366	1303773366892	1	1.0595	1.0312	0.9153
1367	1303773366917	1	1.0595	1.0156	0.9293
1368	1303773366938	1	1.0595	1.0156	0.9293
1369	1303773366959	1	1.0595	1.0312	0.9153
1370	1303773366980	1	1.0595	1.0312	0.9153
1371	1303773367001	1	1.0595	1.0312	0.9153
1372	1303773367022	1	1.0595	1.0312	0.9153
1373	1303773367047	1	1.0595	1.0156	0.9293
1374	1303773367108	1	1.0595	1.0156	0.9293
1375	1303773367129	1	1.0595	1.0312	0.9153
1376	1303773367150	1	1.0595	1.0312	0.9153
1377	1303773367172	1	1.0595	1.0312	0.9153
1378	1303773367197	1	1.0595	1.0312	0.9153
1379	1303773367218	1	1.0595	1.0156	0.9293
1380	1303773367239	1	1.0595	1.0156	0.9293
1381	1303773367261	1	1.0595	1.0312	0.9153
1382	1303773367323	1	1.0595	1.0312	0.9153
1383	1303773367344	1	1.0595	1.0312	0.9153
1384	1303773367370	1	1.0595	1.0312	0.9153
1385	1303773367432	1	1.0595	1.0156	0.9293
1386	1303773367494	1	1.3243	1.0156	0.7435
1387	1303773367515	1	1.3243	1.0312	0.7322
1388	1303773367537	1	1.3243	1.0312	0.7322
1389	1303773367562	1	1.3243	1.0312	0.7322
1390	1303773367624	1	1.3243	1.0312	0.7322
1391	1303773367645	1	1.3243	1.0156	0.7435
1392	1303773367707	1	1.2859	1.0156	0.7657
1393	1303773367728	1	1.2859	1.0312	0.7541
1394	1303773367754	1	1.2859	1.0312	0.7541
1395	1303773367775	1	1.2859	1.0312	0.7541
1396	1303773367796	1	1.2859	1.0312	0.7541
1397	1303773367818	1	1.2859	1.0156	0.7657
1398	1303773367839	1	1.2859	1.0156	0.7657
1399	1303773367860	1	1.2859	1.0312	0.7541
1400	1303773367926	1	1.2859	1.0312	0.7541
1401	1303773367948	1	1.2859	1.0312	0.7541
1402	1303773367969	1	1.2859	1.0312	0.7541
1403	1303773367991	1	1.2859	1.0156	0.7657
1404	1303773368012	1	1.2859	1.0156	0.7657
1405	1303773368037	1	1.2859	1.0312	0.7541
1406	1303773368058	1	1.2859	1.0312	0.7541
1407	1303773368120	1	1.2859	1.0312	0.7541
1408	1303773368142	1	1.2859	1.0312	0.7541
1409	1303773368169	1	1.2859	1.0156	0.7657
1410	1303773368237	1	1.2859	1.0156	0.7657
1411	1303773368259	1	1.2859	1.0312	0.7541
1412	1303773368281	1	1.2905	1.0312	0.7514
1413	1303773368310	1	1.2905	1.0312	0.7514
1414	1303773370057	1	1.2895	1.0312	0.752
1415	1303773372667	1	1.2895	1.0156	0.7636
1416	1303773372855	1	1.2895	1.0156	0.7636
1417	1303773372879	1	1.2895	1.0312	0.752
1418	1303773372899	1	1.2895	1.0312	0.752
1419	1303773372959	1	1.2895	1.0312	0.752
1420	1303773372978	1	1.2895	1.0312	0.752
1421	1303773372997	1	1.2895	1.0156	0.7636
1422	1303773373016	1	1.2895	1.0156	0.7636
1423	1303773373040	1	1.2895	1.0312	0.752
1424	1303773373059	1	1.2895	1.0312	0.752
1425	1303773373078	1	1.2895	1.0312	0.752
1426	1303773373098	1	1.2895	1.0312	0.752
1427	1303773373117	1	1.2895	1.0156	0.7636
1428	1303773373136	1	1.2895	1.0156	0.7636
1429	1303773373156	1	1.2895	1.0312	0.752
1430	1303773373179	1	1.2895	1.0312	0.752
1431	1303773373199	1	1.2895	1.0312	0.752
1432	1303773373218	1	1.2895	1.0312	0.752
1433	1303773373237	1	1.2895	1.0156	0.7636
1434	1303773373256	1	1.2895	1.0156	0.7636
1435	1303773373275	1	1.2895	1.0312	0.752
1436	1303773373298	1	1.2895	1.0312	0.752
1437	1303773373318	1	1.2895	1.0312	0.752
1438	1303773373337	1	1.2895	1.0312	0.752
1439	1303773373357	1	1.2895	1.0156	0.7636
1440	1303773373376	1	1.2895	1.0156	0.7636
1441	1303773373396	1	1.2895	1.0312	0.752
1442	1303773373415	1	1.2895	1.0312	0.752
1443	1303773373439	1	1.2895	1.0312	0.752
1444	1303773373499	1	1.274	1.0312	0.7612
1445	1303773373559	1	1.274	1.0156	0.7729
1446	1303773373578	1	1.274	1.0156	0.7729
1447	1303773373597	1	1.274	1.0312	0.7612
1448	1303773373616	1	1.274	1.0312	0.7612
1449	1303773373639	1	1.274	1.0312	0.7612
1450	1303773373659	1	1.274	1.0312	0.7612
1451	1303773373719	1	1.274	1.0156	0.7729
1452	1303773373778	1	1.2837	1.0156	0.767
1453	1303773373797	1	1.2837	1.0312	0.7554
1454	1303773373817	1	1.2837	1.0312	0.7554
1455	1303773373840	1	1.2837	1.0312	0.7554
1456	1303773373860	1	1.2837	1.0312	0.7554
1457	1303773373879	1	1.2837	1.0156	0.767
1458	1303773373938	1	1.2837	1.0156	0.767
1459	1303773373957	1	1.2837	1.0312	0.7554
1460	1303773373976	1	1.2837	1.0312	0.7554
1461	1303773374035	1	1.2837	1.0312	0.7554
1462	1303773374099	1	1.2837	1.0312	0.7554
1463	1303773374119	1	1.2837	1.0156	0.767
1464	1303773374178	1	1.2837	1.0156	0.767
1465	1303773374197	1	1.2837	1.0312	0.7554
1466	1303773374217	1	1.2837	1.0312	0.7554
1467	1303773374276	1	1.2837	1.0312	0.7554
1468	1303773374299	1	1.2837	1.0312	0.7554
1469	1303773374319	1	1.2837	1.0156	0.767
1470	1303773374360	1	1.2837	1.0156	0.767
1471	1303773374438	1	1.2837	1.0312	0.7554
1472	1303773374481	1	1.2837	1.0312	0.7554
1473	1303773374501	1	1.2837	1.0312	0.7554
1474	1303773374529	1	1.2837	1.0312	0.7554
1475	1303773378300	1	1.2837	1.0156	0.767
1476	1303773401525	1	1.2837	1.0156	0.767
1477	1303773402695	1	1.2837	1.0312	0.7554
1478	1303773402717	1	1.2837	1.0312	0.7554
1479	1303773402754	1	1.2837	1.0312	0.7554
1480	1303773402774	1	1.2837	1.0312	0.7554
1481	1303773402793	1	1.2837	1.0156	0.767
1482	1303773402813	1	1.2837	1.0156	0.767
1483	1303773402832	1	1.2837	1.0312	0.7554
1484	1303773402851	1	1.2837	1.0312	0.7554
1485	1303773402871	1	1.2837	1.0312	0.7554
1486	1303773402898	1	1.2837	1.0312	0.7554
1487	1303773402917	1	1.2837	1.0156	0.767
1488	1303773402937	1	1.2837	1.0156	0.767
1489	1303773402956	1	1.2837	1.0312	0.7554
1490	1303773402976	1	1.2837	1.0312	0.7554
1491	1303773402995	1	1.2837	1.0312	0.7554
1492	1303773403022	1	1.2837	1.0312	0.7554
1493	1303773403041	1	1.2837	1.0156	0.767
1494	1303773403061	1	1.2837	1.0312	0.7554
1495	1303773403080	1	1.2837	1.0312	0.7554
1496	1303773403099	1	1.2837	1.0312	0.7554
1497	1303773403119	1	1.2837	1.0312	0.7554
1498	1303773403146	1	1.2837	1.0312	0.7554
1499	1303773403166	1	1.2837	1.0156	0.767
1500	1303773403185	1	1.2837	1.0312	0.7554
1501	1303773403204	1	1.2837	1.0312	0.7554
1502	1303773403224	1	1.2837	1.0312	0.7554
1503	1303773403244	1	1.2837	1.0312	0.7554
1504	1303773403264	1	1.2837	1.0312	0.7554
1505	1303773403334	1	1.2837	1.0156	0.767
1506	1303773403353	1	1.2837	1.0156	0.767
1507	1303773403414	1	1.2837	1.0312	0.7554
1508	1303773403433	1	1.2837	1.0312	0.7554
1509	1303773403452	1	1.2837	1.0312	0.7554
1510	1303773403511	1	1.2837	1.0312	0.7554
1511	1303773403534	1	1.2837	1.0156	0.767
1512	1303773403554	1	1.2837	1.0312	0.7554
1513	1303773403574	1	1.2837	1.0312	0.7554
1514	1303773403593	1	1.2837	1.0312	0.7554
1515	1303773403613	1	1.2837	1.0312	0.7554
1516	1303773403632	1	1.2837	1.0312	0.7554
1517	1303773403655	1	1.2837	1.0156	0.767
1518	1303773403714	1	1.2837	1.0156	0.767
1519	1303773403733	1	1.2837	1.0312	0.7554
1520	1303773403752	1	1.2837	1.0312	0.7554
1521	1303773403772	1	1.2837	1.0312	0.7554
1522	1303773403791	1	1.2837	1.0312	0.7554
1523	1303773403810	1	1.2837	1.0156	0.767
1524	1303773403834	1	1.2837	1.0312	0.7554
1525	1303773403853	1	1.2837	1.0312	0.7554
1526	1303773403873	1	1.2837	1.0312	0.7554
1527	1303773403893	1	1.2837	1.0312	0.7554
1528	1303773403912	1	1.2837	1.0312	0.7554
1529	1303773403931	1	1.2837	1.0156	0.767
1530	1303773403955	1	1.2837	1.0156	0.767
1531	1303773403984	1	1.2837	1.0312	0.7554
1532	1303773404026	1	1.2837	1.0312	0.7554
1533	1303773404051	1	1.2837	1.0312	0.7554
1534	1303773404071	1	1.2837	1.0312	0.7554
1535	1303773404100	1	1.2837	1.0156	0.767
1536	1303773406353	1	1.2837	1.0312	0.7554
1537	1303773410720	1	1.2837	1.0312	0.7554
1538	1303773410866	1	1.2837	1.0312	0.7554
1539	1303773410888	1	1.2837	1.0312	0.7554
1540	1303773410909	1	1.2837	1.0312	0.7554
1541	1303773410930	1	1.2837	1.0156	0.767
1542	1303773410950	1	1.2837	1.0312	0.7554
1543	1303773411014	1	1.2837	1.0312	0.7554
1544	1303773411035	1	1.2837	1.0312	0.7554
1545	1303773411056	1	1.2837	1.0312	0.7554
1546	1303773411077	1	1.2837	1.0312	0.7554
1547	1303773411098	1	1.2837	1.0156	0.767
1548	1303773411124	1	1.2837	1.0312	0.7554
1549	1303773411144	1	1.2837	1.0312	0.7554
1550	1303773411205	1	1.2837	1.0312	0.7554
1551	1303773411225	1	1.2837	1.0312	0.7554
1552	1303773411247	1	1.2837	1.0312	0.7554
1553	1303773411268	1	1.2837	1.0156	0.767
1554	1303773411333	1	1.2837	1.0312	0.7554
1555	1303773411354	1	1.2837	1.0312	0.7554
1556	1303773411375	1	1.2837	1.0312	0.7554
1557	1303773411396	1	1.2837	1.0312	0.7554
1558	1303773411417	1	1.2837	1.0312	0.7554
1559	1303773411438	1	1.2837	1.0156	0.767
1560	1303773411463	1	1.2837	1.0312	0.7554
1561	1303773411484	1	1.2837	1.0312	0.7554
1562	1303773411504	1	1.2837	1.0312	0.7554
1563	1303773411525	1	1.2837	1.0312	0.7554
1564	1303773411545	1	1.2837	1.0312	0.7554
1565	1303773411570	1	1.2837	1.0156	0.767
1566	1303773411591	1	1.2837	1.0312	0.7554
1567	1303773411612	1	1.2837	1.0312	0.7554
1568	1303773411633	1	1.2837	1.0312	0.7554
1569	1303773411654	1	1.2837	1.0312	0.7554
1570	1303773411675	1	1.2837	1.0312	0.7554
1571	1303773411740	1	1.2837	1.0156	0.767
1572	1303773411761	1	1.2837	1.0312	0.7554
1573	1303773411782	1	1.2837	1.0312	0.7554
1574	1303773411803	1	1.2837	1.0312	0.7554
1575	1303773411824	1	1.2837	1.0312	0.7554
1576	1303773411849	1	1.2837	1.0312	0.7554
1577	1303773411870	1	1.2837	1.0156	0.767
1578	1303773411890	1	1.2837	1.0312	0.7554
1579	1303773411911	1	1.2837	1.0312	0.7554
1580	1303773411932	1	1.2837	1.0312	0.7554
1581	1303773411993	1	1.2837	1.0312	0.7554
1582	1303773412018	1	1.2837	1.0312	0.7554
1583	1303773412039	1	1.2837	1.0156	0.767
1584	1303773412060	1	1.2837	1.0312	0.7554
1585	1303773412081	1	1.2837	1.0312	0.7554
1586	1303773412101	1	1.2837	1.0312	0.7554
1587	1303773412122	1	1.2837	1.0312	0.7554
1588	1303773412187	1	1.2837	1.0312	0.7554
1589	1303773412207	1	1.2837	1.0156	0.767
1590	1303773412228	1	1.2837	1.0312	0.7554
1591	1303773412249	1	1.2837	1.0312	0.7554
1592	1303773412279	1	1.2837	1.0312	0.7554
1593	1303773412322	1	1.2837	1.0312	0.7554
1594	1303773412346	1	1.2837	1.0312	0.7554
1595	1303773412367	1	1.2837	1.0156	0.767
1596	1303773412394	1	1.2837	1.0312	0.7554
1597	1303773414576	1	1.2837	1.0312	0.7554
1598	1303773418710	1	1.2837	1.0312	0.7554
1599	1303773418830	1	1.2837	1.0312	0.7554
1600	1303773418853	1	1.2837	1.0312	0.7554
1601	1303773418875	1	1.2837	1.0156	0.767
1602	1303773418940	1	1.2837	1.0312	0.7554
1603	1303773418961	1	1.2837	1.0312	0.7554
1604	1303773418983	1	1.2837	1.0312	0.7554
1605	1303773419004	1	1.2837	1.0312	0.7554
1606	1303773419025	1	1.2837	1.0312	0.7554
1607	1303773419046	1	1.2837	1.0156	0.767
1608	1303773419071	1	1.2837	1.0312	0.7554
1609	1303773419132	1	1.2837	1.0312	0.7554
1610	1303773419153	1	1.2837	1.0312	0.7554
1611	1303773419174	1	1.2837	1.0312	0.7554
1612	1303773419236	1	1.2837	1.0312	0.7554
1613	1303773419302	1	1.2837	1.0156	0.767
1614	1303773419323	1	1.2837	1.0312	0.7554
1615	1303773419344	1	1.2837	1.0312	0.7554
1616	1303773419365	1	1.2837	1.0312	0.7554
1617	1303773419386	1	1.2837	1.0312	0.7554
1618	1303773419407	1	1.2837	1.0312	0.7554
1619	1303773419432	1	1.2837	1.0156	0.767
1620	1303773419453	1	1.2837	1.0312	0.7554
1621	1303773419474	1	1.2837	1.0312	0.7554
1622	1303773419495	1	1.2837	1.0312	0.7554
1623	1303773419516	1	1.2837	1.0312	0.7554
1624	1303773419541	1	1.2837	1.0312	0.7554
1625	1303773419563	1	1.2837	1.0156	0.767
1626	1303773419584	1	1.2837	1.0312	0.7554
1627	1303773419604	1	1.2837	1.0312	0.7554
1628	1303773419666	1	1.2837	1.0312	0.7554
1629	1303773419687	1	1.2837	1.0312	0.7554
1630	1303773419712	1	1.2837	1.0312	0.7554
1631	1303773419733	1	1.2837	1.0156	0.767
1632	1303773419754	1	1.2837	1.0312	0.7554
1633	1303773419776	1	1.2837	1.0312	0.7554
1634	1303773419797	1	1.2837	1.0312	0.7554
1635	1303773419822	1	1.2837	1.0312	0.7554
1636	1303773419843	1	1.2837	1.0312	0.7554
1637	1303773419864	1	1.2837	1.0156	0.767
1638	1303773419885	1	1.2837	1.0312	0.7554
1639	1303773419906	1	1.2837	1.0312	0.7554
1640	1303773419926	1	1.2837	1.0312	0.7554
1641	1303773419951	1	1.2837	1.0312	0.7554
1642	1303773419972	1	1.2837	1.0312	0.7554
1643	1303773419993	1	1.2837	1.0156	0.767
1644	1303773420014	1	1.2837	1.0312	0.7554
1645	1303773420036	1	1.2837	1.0312	0.7554
1646	1303773420056	1	1.2837	1.0312	0.7554
1647	1303773420081	1	1.2837	1.0312	0.7554
1648	1303773420103	1	1.2837	1.0312	0.7554
1649	1303773420164	1	1.2837	1.0156	0.767
1650	1303773420225	1	1.2837	1.0312	0.7554
1651	1303773420246	1	1.2837	1.0312	0.7554
1652	1303773420272	1	1.2837	1.0312	0.7554
1653	1303773420302	1	1.2837	1.0312	0.7554
1654	1303773420344	1	1.2837	1.0312	0.7554
1655	1303773420370	1	1.2837	1.0156	0.767
1656	1303773420392	1	1.2837	1.0312	0.7554
1657	1303773420423	1	1.2837	1.0312	0.7554
1658	1303773423644	1	1.2837	1.0312	0.7554
1659	1303773446719	1	1.2837	1.0312	0.7554
1660	1303773450162	1	1.2837	1.0312	0.7554
1661	1303773452165	1	1.2837	1.0156	0.767
1662	1303773452531	1	1.2837	1.0312	0.7554
1663	1303773452553	1	1.2837	1.0312	0.7554
1664	1303773452592	1	1.2837	1.0312	0.7554
1665	1303773452614	1	1.2837	1.0312	0.7554
1666	1303773452690	1	1.2837	1.0312	0.7554
1667	1303773452711	1	1.2837	1.0312	0.7554
1668	1303773452733	1	1.2837	1.0156	0.767
1669	1303773452769	1	1.2837	1.0312	0.7554
1670	1303773452791	1	1.2837	1.0312	0.7554
1671	1303773452812	1	1.2837	1.0312	0.7554
1672	1303773452838	1	1.2837	1.0312	0.7554
1673	1303773452859	1	1.2837	1.0312	0.7554
1674	1303773452881	1	1.2837	1.0312	0.7554
1675	1303773452902	1	1.2837	1.0156	0.767
1676	1303773452923	1	1.2837	1.0312	0.7554
1677	1303773452949	1	1.2837	1.0312	0.7554
1678	1303773452971	1	1.2837	1.0312	0.7554
1679	1303773452992	1	1.2837	1.0312	0.7554
1680	1303773453014	1	1.2837	1.0312	0.7554
1681	1303773453035	1	1.2837	1.0312	0.7554
1682	1303773453056	1	1.2837	1.0156	0.767
1683	1303773453083	1	1.2837	1.0312	0.7554
1684	1303773453104	1	1.2837	1.0312	0.7554
1685	1303773453125	1	1.2837	1.0312	0.7554
1686	1303773453146	1	1.2837	1.0312	0.7554
1687	1303773453167	1	1.2837	1.0312	0.7554
1688	1303773453194	1	1.2837	1.0312	0.7554
1689	1303773453215	1	1.2837	1.0156	0.767
1690	1303773453237	1	1.2837	1.0312	0.7554
1691	1303773453258	1	1.2837	1.0312	0.7554
1692	1303773453280	1	1.2837	1.0312	0.7554
1693	1303773453302	1	1.2837	1.0312	0.7554
1694	1303773453327	1	1.2837	1.0312	0.7554
1695	1303773453349	1	1.2837	1.0312	0.7554
1696	1303773453370	1	1.2837	1.0156	0.767
1697	1303773453392	1	1.2837	1.0312	0.7554
1698	1303773453413	1	1.2837	1.0312	0.7554
1699	1303773453439	1	1.2837	1.0312	0.7554
1700	1303773453460	1	1.2837	1.0312	0.7554
1701	1303773453482	1	1.2837	1.0312	0.7554
1702	1303773453503	1	1.2837	1.0312	0.7554
1703	1303773453525	1	1.2837	1.0156	0.767
1704	1303773453546	1	1.2837	1.0312	0.7554
1705	1303773453571	1	1.2837	1.0312	0.7554
1706	1303773453593	1	1.2837	1.0312	0.7554
1707	1303773453614	1	1.2837	1.0312	0.7554
1708	1303773453676	1	1.2837	1.0312	0.7554
1709	1303773453738	1	1.2837	1.0312	0.7554
1710	1303773453804	1	1.2837	1.0156	0.767
1711	1303773453826	1	1.2837	1.0312	0.7554
1712	1303773453850	1	1.2837	1.0312	0.7554
1713	1303773453876	1	1.2837	1.0312	0.7554
1714	1303773453906	1	1.2837	1.0312	0.7554
1715	1303773453955	1	1.2837	1.0312	0.7554
1716	1303773453980	1	1.2837	1.0312	0.7554
1717	1303773454041	1	1.2837	1.0156	0.767
1718	1303773454073	1	1.2837	1.0312	0.7554
1719	1303773460172	1	1.2837	1.0312	0.7554
1720	1303773496918	1	1.2837	1.0312	0.7554
1721	1303773500706	1	1.2837	1.0312	0.7554
1722	1303773500734	1	1.2837	1.0312	0.7554
1723	1303773500761	1	1.2837	1.0312	0.7554
1724	1303773500783	1	1.2837	1.0156	0.767
1725	1303773500804	1	1.2837	1.0312	0.7554
1726	1303773500826	1	1.2837	1.0312	0.7554
1727	1303773500848	1	1.2837	1.0312	0.7554
1728	1303773500869	1	1.2837	1.0312	0.7554
1729	1303773500897	1	1.2837	1.0312	0.7554
1730	1303773500918	1	1.2837	1.0312	0.7554
1731	1303773500940	1	1.2837	1.0156	0.767
1732	1303773500961	1	1.2837	1.0312	0.7554
1733	1303773500983	1	1.2837	1.0312	0.7554
1734	1303773501010	1	1.2837	1.0312	0.7554
1735	1303773501032	1	1.2837	1.0312	0.7554
1736	1303773501054	1	1.2837	1.0312	0.7554
1737	1303773501075	1	1.2837	1.0312	0.7554
1738	1303773501097	1	1.2837	1.0156	0.767
1739	1303773501118	1	1.2837	1.0312	0.7554
1740	1303773501147	1	1.2837	1.0312	0.7554
1741	1303773501168	1	1.2837	1.0312	0.7554
1742	1303773501190	1	1.2837	1.0312	0.7554
1743	1303773501211	1	1.2837	1.0312	0.7554
1744	1303773501232	1	1.2837	1.0312	0.7554
1745	1303773501299	1	1.2837	1.0156	0.767
1746	1303773501362	1	1.2837	1.0312	0.7554
1747	1303773501383	1	1.2837	1.0312	0.7554
1748	1303773501405	1	1.2837	1.0312	0.7554
1749	1303773501427	1	1.2837	1.0312	0.7554
1750	1303773501493	1	1.2837	1.0312	0.7554
1751	1303773501515	1	1.2837	1.0312	0.7554
1752	1303773501537	1	1.2837	1.0156	0.767
1753	1303773501598	1	1.2837	1.0312	0.7554
1754	1303773501620	1	1.2837	1.0312	0.7554
1755	1303773501641	1	1.2837	1.0312	0.7554
1756	1303773501667	1	1.2837	1.0312	0.7554
1757	1303773501689	1	1.2837	1.0312	0.7554
1758	1303773501751	1	1.2837	1.0312	0.7554
1759	1303773501772	1	1.2837	1.0156	0.767
1760	1303773501794	1	1.2837	1.0312	0.7554
1761	1303773501820	1	1.2837	1.0312	0.7554
1762	1303773501842	1	1.2837	1.0312	0.7554
1763	1303773501864	1	1.2837	1.0312	0.7554
1764	1303773501885	1	1.2837	1.0312	0.7554
1765	1303773501907	1	1.2837	1.0312	0.7554
1766	1303773501929	1	1.2837	1.0156	0.767
1767	1303773501955	1	1.2837	1.0312	0.7554
1768	1303773502017	1	1.2837	1.0312	0.7554
1769	1303773502039	1	1.2837	1.0312	0.7554
1770	1303773502060	1	1.2837	1.0312	0.7554
1771	1303773502082	1	1.2837	1.0312	0.7554
1772	1303773502108	1	1.2837	1.0312	0.7554
1773	1303773502129	1	1.2837	1.0156	0.767
1774	1303773502151	1	1.2837	1.0312	0.7554
1775	1303773502183	1	1.2837	1.0312	0.7554
1776	1303773502227	1	1.2837	1.0312	0.7554
1777	1303773502258	1	1.2837	1.0312	0.7554
1778	1303773502280	1	1.2837	1.0312	0.7554
1779	1303773502312	1	1.2837	1.0312	0.7554
1780	1303773508484	1	1.2837	1.0156	0.767
1781	1303773542279	1	1.2837	1.0312	0.7554
1782	1303773543487	1	1.2837	1.0312	0.7554
1783	1303773543526	1	1.2837	1.0312	0.7554
1784	1303773543548	1	1.2837	1.0312	0.7554
1785	1303773543569	1	1.2837	1.0312	0.7554
1786	1303773543591	1	1.2837	1.0312	0.7554
1787	1303773543612	1	1.2837	1.0312	0.7554
1788	1303773543638	1	1.2837	1.0156	0.767
1789	1303773543660	1	1.2837	1.0312	0.7554
1790	1303773543682	1	1.2837	1.0312	0.7554
1791	1303773543704	1	1.2837	1.0312	0.7554
1792	1303773543726	1	1.2837	1.0312	0.7554
1793	1303773543748	1	1.2837	1.0312	0.7554
1794	1303773543773	1	1.2837	1.0312	0.7554
1795	1303773543795	1	1.2837	1.0312	0.7554
1796	1303773543817	1	1.2837	1.0312	0.7554
1797	1303773543839	1	1.2837	1.0156	0.767
1798	1303773543861	1	1.2837	1.0312	0.7554
1799	1303773543887	1	1.2837	1.0312	0.7554
1800	1303773543949	1	1.2837	1.0312	0.7554
