0	1303771261763	0	0	0	0
1	1303771261772	0	0	0	0
2	1303771261781	0	0	0	0
3	1303771261791	0	0	0	0
4	1303771261801	0	0	0	0
5	1303771261812	0	0	0	0
6	1303771261825	0	0	0	0
7	1303771261837	0	0	0	0
8	1303771261849	0	0	0	0
9	1303771261902	0	0	0	0
10	1303771261957	0	0	0	0
11	1303771261971	0	0	0	0
12	1303771262026	0	0	0	0
13	1303771262080	0	0	0	0
14	1303771262093	0	0	0	0
15	1303771262109	0	0	0	0
16	1303771262123	0	0	0	0
17	1303771262139	0	0	0	0
18	1303771262153	0	0	0	0
19	1303771262168	0	0	0	0
20	1303771262184	0	0	0	0
21	1303771262200	0	0	0	0
22	1303771262217	0	0	0	0
23	1303771262233	0	0	0	0
24	1303771262249	1	0	0	0
25	1303771262290	1	0	0	0
26	1303771262331	1	0	0	0
27	1303771262353	1	0	0	0
28	1303771262371	1	1.0113	0	0
29	1303771262398	1	1.0076	1.5	0.6616
30	1303771262425	1	1.0076	1.5	0.6616
31	1303771262444	1	1.0076	1.375	0.7218
32	1303771262501	1	1.0076	1.25	0.794
33	1303771262559	1	1.0076	1.25	0.794
34	1303771262574	1	1.0076	1.3333	0.7444
35	1303771262591	1	1.0076	1.125	0.8822
36	1303771262610	1	1.0076	1.1667	0.8507
37	1303771262627	1	1.0076	1.25	0.794
38	1303771262645	1	1.0076	1.125	0.8822
39	1303771262702	1	1.0076	1.1	0.9022
40	1303771262718	1	1.0076	1.1	0.9022
41	1303771262735	1	1.0076	1.125	0.8822
42	1303771262753	1	1.0076	1.25	0.794
43	1303771262771	1	1.0076	1.2	0.8271
44	1303771262788	1	1.0076	1.0833	0.9161
45	1303771262805	1	1.0076	1.0714	0.9263
46	1303771262824	1	1.0076	1.2	0.8271
47	1303771262841	1	1.0076	1.0714	0.9263
48	1303771262859	1	1.0076	1.0833	0.9161
49	1303771262876	1	1.0076	1.0833	0.9161
50	1303771262934	1	1.0076	1.0714	0.9263
51	1303771262953	1	1.0076	1.0833	0.9161
52	1303771262970	1	1.0076	1.0833	0.9161
53	1303771262988	1	1.0076	1.1429	0.8684
54	1303771263004	1	1.0076	1.1429	0.8684
55	1303771263022	1	1.0076	1.1429	0.8684
56	1303771263040	1	1.0076	1.1429	0.8684
57	1303771263057	1	1.0076	1.1429	0.8684
58	1303771263076	1	1.0076	1.1429	0.8684
59	1303771263093	1	1.0076	1.1429	0.8684
60	1303771263111	1	1.0076	1.1429	0.8684
61	1303771263130	1	1.0076	1.1429	0.8684
62	1303771263147	1	1.0076	1.1429	0.8684
63	1303771263165	1	1.0076	1.1429	0.8684
64	1303771263181	1	1.0076	1.1429	0.8684
65	1303771263198	1	1.0076	1.1429	0.8684
66	1303771263217	1	1.0076	1.1429	0.8684
67	1303771263275	1	1.0076	1.1429	0.8684
68	1303771263293	1	1.0076	1.1429	0.8684
69	1303771263310	1	1.0076	1.1429	0.8684
70	1303771263327	1	1.0076	1.1429	0.8684
71	1303771263345	1	1.0076	1.1429	0.8684
72	1303771263407	1	1.0076	1.1429	0.8684
73	1303771263426	1	1.0076	1.1429	0.8684
74	1303771263443	1	1.0076	1.1429	0.8684
75	1303771263462	1	1.0076	1.1429	0.8684
76	1303771263479	1	1.0076	1.1429	0.8684
77	1303771263496	1	1.0076	1.1429	0.8684
78	1303771263515	1	1.0076	1.1429	0.8684
79	1303771263532	1	1.0076	1.1429	0.8684
80	1303771263553	1	1.0076	1.1429	0.8684
81	1303771263613	1	1.0076	1.1429	0.8684
82	1303771263632	1	1.0076	1.1429	0.8684
83	1303771263649	1	1.0076	1.1429	0.8684
84	1303771263667	1	1.0076	1.1429	0.8684
85	1303771263727	1	1.0076	1.1429	0.8684
86	1303771263744	1	1.0076	1.1429	0.8684
87	1303771263762	1	1.0076	1.1111	0.8932
88	1303771263779	1	1.0069	1.1111	0.8938
89	1303771263841	1	1.0034	1.1111	0.897
90	1303771263861	1	1.0034	1.1111	0.897
91	1303771263881	1	1.0034	1.1111	0.897
92	1303771263899	1	1.0034	1.1111	0.897
93	1303771263918	1	1.0034	1.1111	0.897
94	1303771263936	1	1.0034	1.1111	0.897
95	1303771263955	1	1.0034	1.1111	0.897
96	1303771263972	1	1.0034	1.0556	0.9442
97	1303771263989	1	1.0034	1.1111	0.897
98	1303771264008	1	1.0034	1.1111	0.897
99	1303771264026	1	1.0034	1.1111	0.897
100	1303771264086	1	1.0034	1.0556	0.9442
101	1303771264104	1	1.0034	1.0556	0.9442
102	1303771264124	1	1.0034	1.1111	0.897
103	1303771264182	1	1.0034	1.1111	0.897
104	1303771264201	1	1.0034	1.0556	0.9442
105	1303771264222	1	1.0034	1.0556	0.9442
106	1303771264280	1	1.0034	1.1111	0.897
107	1303771264344	1	1.0034	1.0556	0.9442
108	1303771264361	1	1.0034	1.0556	0.9442
109	1303771264381	1	1.0034	1.1111	0.897
110	1303771264398	1	1.0034	1.0556	0.9442
111	1303771264417	1	1.0034	1.0556	0.9442
112	1303771264435	1	1.0034	1.1111	0.897
113	1303771264453	1	1.0034	1.0556	0.9442
114	1303771264472	1	1.0034	1.0556	0.9442
115	1303771264489	1	1.0034	1.1111	0.897
116	1303771264509	1	1.0034	1.0556	0.9442
117	1303771264526	1	1.0034	1.0556	0.9442
118	1303771264586	1	1.0034	1.1111	0.897
119	1303771264603	1	1.0034	1.1111	0.897
120	1303771264621	1	1.0034	1.0556	0.9442
121	1303771264640	1	1.0034	1.0556	0.9442
122	1303771264658	1	1.0034	1.1111	0.897
123	1303771264678	1	1.0034	1.0556	0.9442
124	1303771264695	1	1.0034	1.0556	0.9442
125	1303771264714	1	1.0034	1.1111	0.897
126	1303771264732	1	1.0034	1.1111	0.897
127	1303771264749	1	1.0034	1.0556	0.9442
128	1303771264768	1	1.0034	1.0556	0.9442
129	1303771264787	1	1.0034	1.1111	0.897
130	1303771264806	1	1.0034	1.1111	0.897
131	1303771264824	1	1.0034	1.0556	0.9442
132	1303771264843	1	1.0034	1.0556	0.9442
133	1303771264862	1	1.0034	1.1111	0.897
134	1303771264880	1	1.0034	1.1111	0.897
135	1303771264899	1	1.0034	1.0556	0.9442
136	1303771264917	1	1.0034	1.1111	0.897
137	1303771264936	1	1.0034	1.1111	0.897
138	1303771264953	1	1.0034	1.1111	0.897
139	1303771264973	1	1.0034	1.0556	0.9442
140	1303771264990	1	1.0034	1.1111	0.897
141	1303771265008	1	1.0034	1.1111	0.897
142	1303771265027	1	1.0034	1.1111	0.897
143	1303771265044	1	1.0034	1.0556	0.9442
144	1303771265063	1	1.0034	1.1111	0.897
145	1303771265122	1	1.0034	1.1111	0.897
146	1303771265141	1	1.0034	1.1111	0.897
147	1303771265159	1	1.0034	1.0556	0.9442
148	1303771265176	1	1.0034	1.1111	0.897
149	1303771265196	1	1.0031	1.1111	0.8972
150	1303771265215	1	1.0031	1.1111	0.8972
151	1303771265236	1	1.0031	1.0556	0.9445
152	1303771265255	1	1.0031	1.1111	0.8973
153	1303771265276	1	1.0031	1.1111	0.8973
154	1303771265295	1	1.0031	1.1111	0.8973
155	1303771265314	1	1.0031	1.0556	0.9445
156	1303771265333	1	1.0031	1.1111	0.8973
157	1303771265352	1	1.0031	1.1111	0.8973
158	1303771265370	1	1.0031	1.1111	0.8973
159	1303771265390	1	1.0031	1.0556	0.9445
160	1303771265410	1	1.0031	1.1111	0.8973
161	1303771265470	1	1.0031	1.1111	0.8973
162	1303771265528	1	1.0031	1.1111	0.8973
163	1303771265545	1	1.0031	1.0556	0.9445
164	1303771265565	1	1.0031	1.1111	0.8973
165	1303771265583	1	1.0031	1.1111	0.8973
166	1303771265603	1	1.0031	1.1111	0.8973
167	1303771265661	1	1.0031	1.0556	0.9445
168	1303771265681	1	1.0031	1.1111	0.8973
169	1303771265741	1	1.0031	1.1111	0.8973
170	1303771265761	1	1.0031	1.1111	0.8973
171	1303771265779	1	1.0031	1.0556	0.9445
172	1303771265796	1	1.0031	1.1111	0.8973
173	1303771265816	1	1.0031	1.1111	0.8973
174	1303771265833	1	1.0031	1.1111	0.8973
175	1303771265893	1	1.0031	1.0556	0.9445
176	1303771265911	1	1.0031	1.1111	0.8973
177	1303771265931	1	1.0031	1.1111	0.8973
178	1303771265949	1	1.0031	1.1111	0.8973
179	1303771265969	1	1.0031	1.0556	0.9445
180	1303771265987	1	1.0031	1.1111	0.8973
181	1303771266007	1	1.0031	1.1111	0.8973
182	1303771266024	1	1.0031	1.1111	0.8973
183	1303771266042	1	1.0031	1.0556	0.9445
184	1303771266062	1	1.0031	1.1111	0.8973
185	1303771266080	1	1.0031	1.1111	0.8973
186	1303771266099	1	1.0031	1.1111	0.8973
187	1303771266117	1	1.0031	1.0556	0.9445
188	1303771266137	1	1.0031	1.1111	0.8973
189	1303771266155	1	1.0031	1.1111	0.8973
190	1303771266173	1	1.0031	1.1111	0.8973
191	1303771266193	1	1.0031	1.0556	0.9445
192	1303771266211	1	1.0031	1.1111	0.8973
193	1303771266231	1	1.0031	1.1111	0.8973
194	1303771266249	1	1.0031	1.1111	0.8973
195	1303771266270	1	1.0031	1.1111	0.8973
196	1303771266288	1	1.0031	1.1111	0.8973
197	1303771266308	1	1.0031	1.1111	0.8973
198	1303771266326	1	1.0031	1.1111	0.8973
199	1303771266344	1	1.0031	1.1111	0.8973
200	1303771266363	1	1.0031	1.1111	0.8973
201	1303771266381	1	1.0031	1.1111	0.8973
202	1303771266400	1	1.0031	1.1111	0.8973
203	1303771266418	1	1.0031	1.1111	0.8973
204	1303771266438	1	1.0031	1.1111	0.8973
205	1303771266457	1	1.0031	1.1111	0.8973
206	1303771266477	1	1.0031	1.1111	0.8973
207	1303771266495	1	1.0031	1.1111	0.8973
208	1303771266513	1	1.0031	1.1111	0.8973
209	1303771266573	1	1.0031	1.1111	0.8973
210	1303771266592	1	1.0031	1.1111	0.8973
211	1303771266618	1	1.0013	1.1111	0.8988
212	1303771266641	1	1.0013	1.1111	0.8988
213	1303771266661	1	1.0013	1.1111	0.8988
214	1303771266679	1	1.0013	1.1111	0.8988
215	1303771266740	1	1.0013	1.1111	0.8988
216	1303771266758	1	1.0013	1.1111	0.8988
217	1303771266778	1	1.0013	1.1111	0.8988
218	1303771266796	1	1.0013	1.1111	0.8988
219	1303771266815	1	1.0013	1.1111	0.8988
220	1303771266833	1	1.0013	1.1111	0.8988
221	1303771266853	1	1.0013	1.1111	0.8988
222	1303771266871	1	1.0013	1.1111	0.8988
223	1303771266890	1	1.0013	1.1111	0.8988
224	1303771266910	1	1.0013	1.1111	0.8988
225	1303771266928	1	1.0013	1.1111	0.8988
226	1303771266948	1	1.0013	1.1111	0.8988
227	1303771266966	1	1.0013	1.1111	0.8988
228	1303771266985	1	1.0013	1.1111	0.8988
229	1303771267003	1	1.0013	1.1111	0.8988
230	1303771267024	1	1.0013	1.1111	0.8988
231	1303771267043	1	1.0013	1.1111	0.8988
232	1303771267062	1	1.0013	1.1111	0.8988
233	1303771267081	1	1.0013	1.1111	0.8988
234	1303771267099	1	1.0013	1.1111	0.8988
235	1303771267119	1	1.0013	1.1111	0.8988
236	1303771267136	1	1.0013	1.1111	0.8988
237	1303771267156	1	1.0013	1.1111	0.8988
238	1303771267174	1	1.0013	1.1111	0.8988
239	1303771267194	1	1.0013	1.1111	0.8988
240	1303771267212	1	1.0013	1.1111	0.8988
241	1303771267230	1	1.0013	1.1111	0.8988
242	1303771267251	1	1.0013	1.1111	0.8988
243	1303771267270	1	1.0013	1.1111	0.8988
244	1303771267331	1	1.0013	1.1111	0.8988
245	1303771267349	1	1.0013	1.1111	0.8988
246	1303771267369	1	1.0013	1.1111	0.8988
247	1303771267387	1	1.0013	1.1111	0.8988
248	1303771267407	1	1.0013	1.1111	0.8988
249	1303771267425	1	1.0013	1.1111	0.8988
250	1303771267443	1	1.0013	1.1111	0.8988
251	1303771267464	1	1.0013	1.1111	0.8988
252	1303771267483	1	1.0013	1.1111	0.8988
253	1303771267503	1	1.0013	1.1111	0.8988
254	1303771267521	1	1.0013	1.1111	0.8988
255	1303771267541	1	1.0013	1.1111	0.8988
256	1303771267559	1	1.0013	1.1111	0.8988
257	1303771267578	1	1.0013	1.1111	0.8988
258	1303771267597	1	1.0013	1.1111	0.8988
259	1303771267615	1	1.0013	1.1111	0.8988
260	1303771267634	1	1.0013	1.1111	0.8988
261	1303771267652	1	1.0013	1.1111	0.8988
262	1303771267672	1	1.0013	1.1111	0.8988
263	1303771267691	1	1.0013	1.1111	0.8988
264	1303771267710	1	1.0013	1.1111	0.8988
265	1303771267744	1	1.0013	1.1111	0.8988
266	1303771267764	1	1.0013	1.1111	0.8988
267	1303771267823	1	1.0013	1.1111	0.8988
268	1303771267842	1	1.0013	1.1111	0.8988
269	1303771267862	1	1.0013	1.1111	0.8988
270	1303771267880	1	1.0013	1.1111	0.8988
271	1303771267900	1	1.0013	1.1111	0.8988
272	1303771267920	1	1.001	1.1111	0.8991
273	1303771267941	1	1.001	1.1111	0.8991
274	1303771267960	1	1.0004	1.1111	0.8996
275	1303771267981	1	1.0004	1.1111	0.8996
276	1303771268000	1	1.0004	1.1111	0.8996
277	1303771268020	1	1.0004	1.1111	0.8996
278	1303771268098	1	1.0004	1.1111	0.8996
279	1303771268118	1	1.0004	1.1111	0.8996
280	1303771268137	1	1.0004	1.1111	0.8996
281	1303771268158	1	1.0004	1.1111	0.8996
282	1303771268176	1	1.0004	1.1111	0.8996
283	1303771268194	1	1.0004	1.1111	0.8996
284	1303771268214	1	1.0004	1.1111	0.8996
285	1303771268273	1	1.0004	1.1111	0.8996
286	1303771268293	1	1.0004	1.1111	0.8996
287	1303771268312	1	1.0004	1.1111	0.8996
288	1303771268332	1	1.0004	1.1111	0.8996
289	1303771268350	1	1.0004	1.1111	0.8996
290	1303771268414	1	1.0004	1.1111	0.8996
291	1303771268433	1	1.0004	1.1111	0.8996
292	1303771268455	1	1.0004	1.1111	0.8996
293	1303771268473	1	1.0004	1.1111	0.8996
294	1303771268492	1	1.0004	1.1111	0.8996
295	1303771268511	1	1.0004	1.1111	0.8996
296	1303771268530	1	1.0004	1.1111	0.8996
297	1303771268549	1	1.0004	1.1111	0.8996
298	1303771268567	1	1.0004	1.1111	0.8996
299	1303771268587	1	1.0004	1.1111	0.8996
300	1303771268605	1	1.0004	1.1111	0.8996
301	1303771268625	1	1.0004	1.1111	0.8996
302	1303771268643	1	1.0004	1.1111	0.8996
303	1303771268661	1	1.0004	1.1111	0.8996
304	1303771268680	1	1.0004	1.1111	0.8996
305	1303771268698	1	1.0004	1.1111	0.8996
306	1303771268718	1	1.0004	1.1111	0.8996
307	1303771268736	1	1.0004	1.1111	0.8996
308	1303771268755	1	1.0004	1.1111	0.8996
309	1303771268773	1	1.0004	1.1111	0.8996
310	1303771268793	1	1.0004	1.1111	0.8996
311	1303771268811	1	1.0004	1.1111	0.8996
312	1303771268830	1	1.0004	1.1111	0.8996
313	1303771268849	1	1.0004	1.1111	0.8996
314	1303771268868	1	1.0004	1.1111	0.8996
315	1303771268888	1	1.0004	1.1111	0.8996
316	1303771268906	1	1.0004	1.1111	0.8996
317	1303771268926	1	1.0004	1.1111	0.8996
318	1303771268944	1	1.0004	1.1111	0.8996
319	1303771269005	1	1.0004	1.1111	0.8996
320	1303771269065	1	1.0004	1.1111	0.8996
321	1303771269112	1	1.0004	1.1111	0.8996
322	1303771269132	1	1.0004	1.1111	0.8996
323	1303771269150	1	1.0004	1.1111	0.8996
324	1303771269171	1	1.0004	1.1111	0.8996
325	1303771269189	1	1.0004	1.1111	0.8996
326	1303771269209	1	1.0004	1.1111	0.8996
327	1303771269228	1	1.0004	1.1111	0.8996
328	1303771269248	1	1.0004	1.1111	0.8996
329	1303771269267	1	1.0004	1.1111	0.8996
330	1303771269285	1	1.0004	1.1111	0.8996
331	1303771269305	1	1.0004	1.1111	0.8996
332	1303771269325	1	1.0004	1.1111	0.8996
333	1303771269346	1	1.0004	1.1111	0.8996
334	1303771269366	1	1.0004	1.1111	0.8996
335	1303771269387	1	1.0004	1.0556	0.947
336	1303771269405	1	1.0004	1.1111	0.8996
337	1303771269425	1	1.0004	1.1111	0.8996
338	1303771269444	1	1.0004	1.1111	0.8996
339	1303771269464	1	1.0004	1.0556	0.947
340	1303771269481	1	1.0004	1.1111	0.8996
341	1303771269546	1	1.0004	1.0556	0.947
342	1303771269565	1	1.0004	1.1111	0.8996
343	1303771269625	1	1.0004	1.1111	0.8996
344	1303771269644	1	1.0004	1.1111	0.8996
345	1303771269662	1	1.0004	1.0556	0.947
346	1303771269682	1	1.0004	1.1111	0.8996
347	1303771269700	1	1.0004	1.1111	0.8996
348	1303771269719	1	1.0004	1.1111	0.8996
349	1303771269738	1	1.0004	1.0556	0.947
350	1303771269758	1	1.0004	1.1111	0.8996
351	1303771269776	1	1.0004	1.1111	0.8996
352	1303771269797	1	1.0004	1.1111	0.8996
353	1303771269816	1	1.0004	1.0556	0.947
354	1303771269834	1	1.0004	1.1111	0.8996
355	1303771269853	1	1.0004	1.1111	0.8996
356	1303771269872	1	1.0004	1.1111	0.8996
357	1303771269893	1	1.0004	1.0556	0.947
358	1303771269911	1	1.0004	1.1111	0.8996
359	1303771269931	1	1.0004	1.1111	0.8996
360	1303771269949	1	1.0004	1.1111	0.8996
361	1303771270009	1	1.0004	1.0556	0.947
362	1303771270069	1	1.0004	1.1111	0.8996
363	1303771270087	1	1.0004	1.1111	0.8996
364	1303771270107	1	1.0004	1.1111	0.8996
365	1303771270125	1	1.0004	1.1111	0.8996
366	1303771270145	1	1.0004	1.1111	0.8996
367	1303771270163	1	1.0004	1.1111	0.8996
368	1303771270182	1	1.0004	1.1111	0.8996
369	1303771270201	1	1.0004	1.1111	0.8996
370	1303771270221	1	1.0004	1.1111	0.8996
371	1303771270239	1	1.0004	1.1111	0.8996
372	1303771270257	1	1.0004	1.1111	0.8996
373	1303771270277	1	1.0004	1.1111	0.8996
374	1303771270296	1	1.0004	1.1111	0.8996
375	1303771270315	1	1.0004	1.1111	0.8996
376	1303771270333	1	1.0004	1.1111	0.8996
377	1303771270352	1	1.0004	1.1111	0.8996
378	1303771270370	1	1.0004	1.1111	0.8996
379	1303771270389	1	1.0004	1.1111	0.8996
380	1303771270408	1	1.0004	1.1111	0.8996
381	1303771270426	1	1.0004	1.1111	0.8996
382	1303771270446	1	1.0004	1.1111	0.8996
383	1303771270464	1	1.0004	1.1111	0.8996
384	1303771270484	1	1.0004	1.1111	0.8996
385	1303771270502	1	1.0004	1.1111	0.8996
386	1303771270568	1	1.0004	1.1111	0.8996
387	1303771270587	1	1.0004	1.1111	0.8996
388	1303771270647	1	1.0004	1.1111	0.8996
389	1303771270667	1	1.0004	1.1111	0.8996
390	1303771270687	1	1.0004	1.1111	0.8996
391	1303771270705	1	1.0004	1.1111	0.8996
392	1303771270724	1	1.0004	1.1111	0.8996
393	1303771270744	1	1.0004	1.1111	0.8996
394	1303771270764	1	1.0004	1.1111	0.8996
395	1303771270785	1	1.0004	1.0556	0.947
396	1303771270804	1	1.0004	1.0556	0.947
397	1303771270866	1	1.0005	1.0556	0.9469
398	1303771270885	1	1.0005	1.0556	0.9469
399	1303771270905	1	1.0005	1.1111	0.8995
400	1303771270964	1	1.0005	1.1111	0.8995
401	1303771270984	1	1.0005	1.0556	0.9469
402	1303771271003	1	1.0005	1.0556	0.9469
403	1303771271024	1	1.0005	1.1111	0.8995
404	1303771271043	1	1.0005	1.1111	0.8995
405	1303771271064	1	1.0005	1.0556	0.9469
406	1303771271083	1	1.0005	1.1111	0.8995
407	1303771271102	1	1.0005	1.1111	0.8995
408	1303771271162	1	1.0005	1.1111	0.8995
409	1303771271180	1	1.0005	1.0556	0.9469
410	1303771271200	1	1.0005	1.1111	0.8995
411	1303771271258	1	1.0005	1.1111	0.8995
412	1303771271278	1	1.0005	1.1111	0.8995
413	1303771271296	1	1.0005	1.0556	0.9469
414	1303771271315	1	1.0005	1.1111	0.8995
415	1303771271334	1	1.0005	1.1111	0.8995
416	1303771271352	1	1.0005	1.1111	0.8995
417	1303771271371	1	1.0005	1.0556	0.9469
418	1303771271389	1	1.0005	1.1111	0.8995
419	1303771271449	1	1.0005	1.1111	0.8995
420	1303771271467	1	1.0005	1.1111	0.8995
421	1303771271486	1	1.0005	1.0556	0.9469
422	1303771271503	1	1.0005	1.1111	0.8995
423	1303771271523	1	1.0005	1.1111	0.8995
424	1303771271541	1	1.0005	1.1111	0.8995
425	1303771271560	1	1.0005	1.0556	0.9469
426	1303771271620	1	1.0005	1.1111	0.8995
427	1303771271639	1	1.0005	1.1111	0.8995
428	1303771271659	1	1.0005	1.1111	0.8995
429	1303771271677	1	1.0005	1.0556	0.9469
430	1303771271697	1	1.0005	1.1111	0.8995
431	1303771271715	1	1.0005	1.1111	0.8995
432	1303771271735	1	1.0005	1.1111	0.8995
433	1303771271753	1	1.0005	1.1111	0.8995
434	1303771271772	1	1.0005	1.1111	0.8995
435	1303771271831	1	1.0005	1.1111	0.8995
436	1303771271851	1	1.0005	1.1111	0.8995
437	1303771271871	1	1.0005	1.1111	0.8995
438	1303771271890	1	1.0005	1.1111	0.8995
439	1303771271910	1	1.0005	1.1111	0.8995
440	1303771271928	1	1.0005	1.1111	0.8995
441	1303771271948	1	1.0005	1.1111	0.8995
442	1303771271967	1	1.0005	1.1111	0.8995
443	1303771271988	1	1.0005	1.1111	0.8995
444	1303771272006	1	1.0005	1.1111	0.8995
445	1303771272025	1	1.0005	1.1111	0.8995
446	1303771272046	1	1.0005	1.1111	0.8995
447	1303771272065	1	1.0005	1.1111	0.8995
448	1303771272084	1	1.0005	1.1111	0.8995
449	1303771272103	1	1.0005	1.1111	0.8995
450	1303771272124	1	1.0005	1.1111	0.8995
451	1303771272183	1	1.0005	1.1111	0.8995
452	1303771272204	1	1.0005	1.1111	0.8995
453	1303771272263	1	1.0005	1.1111	0.8995
454	1303771272283	1	1.0005	1.1111	0.8995
455	1303771272348	1	1.0005	1.1111	0.8995
456	1303771272370	1	1.0005	1.1111	0.8995
457	1303771272389	1	1.0005	1.1111	0.8995
458	1303771272450	1	1.0006	1.0556	0.9468
459	1303771272509	1	1.0006	1.1111	0.8994
460	1303771272529	1	1.0006	1.1111	0.8994
461	1303771272548	1	1.0006	1.0556	0.9468
462	1303771272566	1	1.0006	1.1111	0.8994
463	1303771272586	1	1.0006	1.1111	0.8994
464	1303771272604	1	1.0006	1.1111	0.8994
465	1303771272624	1	1.0006	1.0556	0.9468
466	1303771272643	1	1.0006	1.1111	0.8994
467	1303771272663	1	1.0006	1.1111	0.8994
468	1303771272683	1	1.0006	1.1111	0.8994
469	1303771272704	1	1.0006	1.0556	0.9468
470	1303771272721	1	1.0006	1.1111	0.8994
471	1303771272780	1	1.0006	1.1111	0.8994
472	1303771272800	1	1.0006	1.1111	0.8994
473	1303771272819	1	1.0006	1.0556	0.9468
474	1303771272838	1	1.0006	1.1111	0.8994
475	1303771272857	1	1.0006	1.1111	0.8994
476	1303771272876	1	1.0006	1.1111	0.8994
477	1303771272894	1	1.0006	1.0556	0.9468
478	1303771272914	1	1.0006	1.1111	0.8994
479	1303771272932	1	1.0006	1.1111	0.8994
480	1303771272950	1	1.0006	1.1111	0.8994
481	1303771272970	1	1.0006	1.0556	0.9468
482	1303771272989	1	1.0006	1.1111	0.8994
483	1303771273009	1	1.0006	1.1111	0.8994
484	1303771273028	1	1.0006	1.1111	0.8994
485	1303771273049	1	1.0006	1.1111	0.8994
486	1303771273069	1	1.0006	1.1111	0.8994
487	1303771273090	1	1.0006	1.1111	0.8994
488	1303771273109	1	1.0006	1.1111	0.8994
489	1303771273127	1	1.0006	1.1111	0.8994
490	1303771273147	1	1.0006	1.1111	0.8994
491	1303771273165	1	1.0006	1.1111	0.8994
492	1303771273185	1	1.0006	1.1111	0.8994
493	1303771273204	1	1.0006	1.1111	0.8994
494	1303771273265	1	1.0006	1.1111	0.8994
495	1303771273284	1	1.0006	1.1111	0.8994
496	1303771273305	1	1.0006	1.1111	0.8994
497	1303771273323	1	1.0006	1.1111	0.8994
498	1303771273341	1	1.0006	1.1111	0.8994
499	1303771273361	1	1.0006	1.1111	0.8994
500	1303771273379	1	1.0006	1.1111	0.8994
501	1303771273399	1	1.0006	1.1111	0.8994
502	1303771273418	1	1.0006	1.1111	0.8994
503	1303771273439	1	1.0006	1.1111	0.8994
504	1303771273498	1	1.0006	1.1111	0.8994
505	1303771273518	1	1.0006	1.1111	0.8994
506	1303771273536	1	1.0006	1.1111	0.8994
507	1303771273556	1	1.0006	1.1111	0.8994
508	1303771273574	1	1.0006	1.1111	0.8994
509	1303771273593	1	1.0006	1.1111	0.8994
510	1303771273613	1	1.0006	1.1111	0.8994
511	1303771273631	1	1.0006	1.1111	0.8994
512	1303771273651	1	1.0006	1.1111	0.8994
513	1303771273669	1	1.0006	1.1111	0.8994
514	1303771273690	1	1.0006	1.1111	0.8994
515	1303771273708	1	1.0006	1.1111	0.8994
516	1303771273729	1	1.0005	1.1111	0.8996
517	1303771273749	1	1.0005	1.1111	0.8996
518	1303771273771	1	1.0005	1.0556	0.9469
519	1303771273789	1	1.0005	1.1111	0.8996
520	1303771273850	1	1.0005	1.1111	0.8996
521	1303771273869	1	1.0005	1.1111	0.8996
522	1303771273887	1	1.0005	1.1111	0.8996
523	1303771273907	1	1.0005	1.1111	0.8996
524	1303771273925	1	1.0005	1.1111	0.8996
525	1303771273945	1	1.0005	1.1111	0.8996
526	1303771273963	1	1.0005	1.1111	0.8996
527	1303771273983	1	1.0005	1.1111	0.8996
528	1303771274002	1	1.0005	1.1111	0.8996
529	1303771274022	1	1.0005	1.1111	0.8996
530	1303771274040	1	1.0005	1.1111	0.8996
531	1303771274058	1	1.0005	1.1111	0.8996
532	1303771274078	1	1.0005	1.1111	0.8996
533	1303771274096	1	1.0005	1.1111	0.8996
534	1303771274116	1	1.0005	1.1111	0.8996
535	1303771274135	1	1.0005	1.1111	0.8996
536	1303771274155	1	1.0005	1.1111	0.8996
537	1303771274213	1	1.0005	1.1111	0.8996
538	1303771274273	1	1.0005	1.1111	0.8996
539	1303771274292	1	1.0005	1.1111	0.8996
540	1303771274312	1	1.0005	1.1111	0.8996
541	1303771274330	1	1.0005	1.1111	0.8996
542	1303771274348	1	1.0005	1.1111	0.8996
543	1303771274368	1	1.0005	1.1111	0.8996
544	1303771274386	1	1.0005	1.1111	0.8996
545	1303771274407	1	1.0005	1.1111	0.8996
546	1303771274425	1	1.0005	1.1111	0.8996
547	1303771274445	1	1.0005	1.1111	0.8996
548	1303771274463	1	1.0005	1.1111	0.8996
549	1303771274483	1	1.0005	1.1111	0.8996
550	1303771274541	1	1.0005	1.1111	0.8996
551	1303771274559	1	1.0005	1.1111	0.8996
552	1303771274579	1	1.0005	1.1111	0.8996
553	1303771274599	1	1.0005	1.1111	0.8996
554	1303771274620	1	1.0005	1.1111	0.8996
555	1303771274638	1	1.0005	1.1111	0.8996
556	1303771274658	1	1.0005	1.1111	0.8996
557	1303771274677	1	1.0005	1.1111	0.8996
558	1303771274698	1	1.0005	1.1111	0.8996
559	1303771274858	1	1.0005	1.1111	0.8996
560	1303771274879	1	1.0005	1.1111	0.8996
561	1303771274897	1	1.0005	1.1111	0.8996
562	1303771274916	1	1.0005	1.1111	0.8996
563	1303771274936	1	1.0005	1.1111	0.8996
564	1303771274995	1	1.0005	1.1111	0.8996
565	1303771275016	1	1.0005	1.1111	0.8996
566	1303771275034	1	1.0005	1.1111	0.8996
567	1303771275054	1	1.0005	1.1111	0.8996
568	1303771275072	1	1.0005	1.1111	0.8996
569	1303771275092	1	1.0005	1.1111	0.8996
570	1303771275110	1	1.0005	1.1111	0.8996
571	1303771275128	1	1.0005	1.1111	0.8996
572	1303771275148	1	1.0005	1.1111	0.8996
573	1303771275167	1	1.0005	1.1111	0.8996
574	1303771275188	1	1.0005	1.1111	0.8996
575	1303771275206	1	1.0005	1.1111	0.8996
576	1303771275226	1	1.0005	1.1111	0.8996
577	1303771275246	1	1.0004	1.1111	0.8996
578	1303771275267	1	0.9999	1.1111	0.9001
579	1303771275287	1	0.9999	1.1111	0.9001
580	1303771275309	1	0.9999	1.1111	0.9001
581	1303771275368	1	0.9999	1.1111	0.9001
582	1303771275389	1	0.9999	1.1111	0.9001
583	1303771275407	1	0.9999	1.1111	0.9001
584	1303771275468	1	0.9999	1.1111	0.9001
585	1303771275487	1	0.9999	1.1111	0.9001
586	1303771275508	1	0.9999	1.1111	0.9001
587	1303771275526	1	0.9999	1.1111	0.9001
588	1303771275545	1	0.9999	1.1111	0.9001
589	1303771275567	1	0.9999	1.1111	0.9001
590	1303771275586	1	0.9999	1.1111	0.9001
591	1303771275605	1	0.9999	1.1111	0.9001
592	1303771275624	1	0.9999	1.1111	0.9001
593	1303771275644	1	0.9999	1.1111	0.9001
594	1303771275662	1	0.9999	1.1111	0.9001
595	1303771275682	1	0.9999	1.1111	0.9001
596	1303771275700	1	0.9999	1.1111	0.9001
597	1303771275759	1	0.9999	1.1111	0.9001
598	1303771275779	1	0.9999	1.1111	0.9001
599	1303771275838	1	0.9999	1.1111	0.9001
600	1303771275859	1	0.9999	1.1111	0.9001
601	1303771275878	1	0.9999	1.1111	0.9001
602	1303771275897	1	0.9999	1.1111	0.9001
603	1303771275916	1	0.9999	1.1111	0.9001
604	1303771275935	1	0.9999	1.1111	0.9001
605	1303771275954	1	0.9999	1.1111	0.9001
606	1303771275974	1	0.9999	1.1111	0.9001
607	1303771275992	1	0.9999	1.1111	0.9001
608	1303771276055	1	0.9999	1.1111	0.9001
609	1303771276076	1	0.9999	1.1111	0.9001
610	1303771276094	1	0.9999	1.1111	0.9001
611	1303771276114	1	0.9999	1.1111	0.9001
612	1303771276133	1	0.9999	1.1111	0.9001
613	1303771276153	1	0.9999	1.1111	0.9001
614	1303771276172	1	0.9999	1.1111	0.9001
615	1303771276191	1	0.9999	1.1111	0.9001
616	1303771276251	1	0.9999	1.1111	0.9001
617	1303771276269	1	0.9999	1.1111	0.9001
618	1303771276290	1	0.9999	1.1111	0.9001
619	1303771276308	1	0.9999	1.1111	0.9001
620	1303771276328	1	0.9999	1.1111	0.9001
621	1303771276347	1	0.9999	1.1111	0.9001
622	1303771276366	1	0.9999	1.1111	0.9001
623	1303771276384	1	0.9999	1.1111	0.9001
624	1303771276404	1	0.9999	1.1111	0.9001
625	1303771276422	1	0.9999	1.1111	0.9001
626	1303771276441	1	0.9999	1.1111	0.9001
627	1303771276463	1	0.9999	1.1111	0.9001
628	1303771276481	1	0.9999	1.1111	0.9001
629	1303771276501	1	0.9999	1.1111	0.9001
630	1303771276519	1	0.9999	1.1111	0.9001
631	1303771276540	1	0.9999	1.1111	0.9001
632	1303771276559	1	0.9999	1.1111	0.9001
633	1303771276580	1	0.9999	1.1111	0.9001
634	1303771276598	1	0.9999	1.1111	0.9001
635	1303771276616	1	0.9999	1.1111	0.9001
636	1303771276637	1	0.9999	1.1111	0.9001
637	1303771276657	1	0.9999	1.1111	0.9001
638	1303771276678	1	0.9998	1.1111	0.9001
639	1303771276697	1	0.9998	1.1111	0.9001
640	1303771276718	1	0.9998	1.1111	0.9001
641	1303771276737	1	0.9998	1	1.0002
642	1303771276798	1	0.9998	1.1111	0.9001
643	1303771276816	1	0.9998	1.1111	0.9001
644	1303771276877	1	0.9998	1.1111	0.9001
645	1303771276895	1	0.9998	1	1.0002
646	1303771276914	1	0.9998	1.1111	0.9001
647	1303771276932	1	0.9998	1.1111	0.9001
648	1303771276951	1	0.9998	1.1111	0.9001
649	1303771276970	1	0.9998	1.0556	0.9475
650	1303771276989	1	0.9998	1.1111	0.9001
651	1303771277051	1	0.9998	1.1111	0.9001
652	1303771277069	1	0.9998	1.1111	0.9001
653	1303771277089	1	0.9998	1.0556	0.9475
654	1303771277109	1	0.9998	1.1111	0.9001
655	1303771277129	1	0.9998	1.1111	0.9001
656	1303771277189	1	0.9998	1.1111	0.9001
657	1303771277209	1	0.9998	1.0556	0.9475
658	1303771277227	1	0.9998	1.1111	0.9001
659	1303771277245	1	0.9998	1.1111	0.9001
660	1303771277265	1	0.9998	1.1111	0.9001
661	1303771277283	1	0.9998	1.0556	0.9475
662	1303771277302	1	0.9998	1.1111	0.9001
663	1303771277321	1	0.9998	1.1111	0.9001
664	1303771277340	1	0.9998	1.1111	0.9001
665	1303771277359	1	0.9998	1.0556	0.9475
666	1303771277379	1	0.9998	1.1111	0.9001
667	1303771277397	1	0.9998	1.1111	0.9001
668	1303771277416	1	0.9998	1.1111	0.9001
669	1303771277435	1	0.9998	1.0556	0.9475
670	1303771277455	1	0.9998	1.1111	0.9001
671	1303771277475	1	0.9998	1.1111	0.9001
672	1303771277494	1	0.9998	1.1111	0.9001
673	1303771277514	1	0.9998	1.0556	0.9475
674	1303771277534	1	0.9998	1.1111	0.9001
675	1303771277552	1	0.9998	1.1111	0.9001
676	1303771277572	1	0.9998	1.1111	0.9001
677	1303771277590	1	0.9998	1.0556	0.9475
678	1303771277609	1	0.9998	1.1111	0.9001
679	1303771277628	1	0.9998	1.1111	0.9001
680	1303771277647	1	0.9998	1.1111	0.9001
681	1303771277666	1	0.9998	1.0556	0.9475
682	1303771277685	1	0.9998	1.1111	0.9001
683	1303771277704	1	0.9998	1.1111	0.9001
684	1303771277723	1	0.9998	1.1111	0.9001
685	1303771277743	1	0.9998	1.0556	0.9475
686	1303771277763	1	0.9998	1.1111	0.9001
687	1303771277783	1	0.9998	1.1111	0.9001
688	1303771277802	1	0.9998	1.1111	0.9001
689	1303771277823	1	0.9998	1.0556	0.9475
690	1303771277841	1	0.9998	1.1111	0.9001
691	1303771277862	1	0.9998	1.1111	0.9001
692	1303771277880	1	0.9998	1.1111	0.9001
693	1303771277899	1	0.9998	1.0556	0.9475
694	1303771277919	1	0.9998	1.1111	0.9001
695	1303771277938	1	0.9998	1.1111	0.9001
696	1303771277957	1	0.9998	1.1111	0.9001
697	1303771277975	1	0.9998	1.1111	0.9001
698	1303771277996	1	0.9998	1.1111	0.9001
699	1303771278016	1	0.9998	1.1111	0.9001
700	1303771278037	1	0.9998	1.1111	0.9001
701	1303771278057	1	0.9998	1	1.0002
702	1303771278079	1	1.0003	1.0556	0.9471
703	1303771278098	1	1.0003	1.1111	0.8997
704	1303771278116	1	1.0003	1.0556	0.9471
705	1303771278136	1	1.0003	1.0556	0.9471
706	1303771278154	1	1.0003	1.1111	0.8997
707	1303771278173	1	1.0003	1.1111	0.8997
708	1303771278235	1	1.0003	1.0556	0.9471
709	1303771278255	1	1.0003	1.0556	0.9471
710	1303771278274	1	1.0003	1.1111	0.8997
711	1303771278294	1	1.0003	1.1111	0.8997
712	1303771278312	1	1.0003	1.1111	0.8997
713	1303771278332	1	1.0003	1.0556	0.9471
714	1303771278350	1	1.0003	1.1111	0.8997
715	1303771278368	1	1.0003	1.1111	0.8997
716	1303771278388	1	1.0003	1.1111	0.8997
717	1303771278406	1	1.0003	1.0556	0.9471
718	1303771278426	1	1.0003	1.1111	0.8997
719	1303771278445	1	1.0003	1.1111	0.8997
720	1303771278464	1	1.0003	1.1111	0.8997
721	1303771278483	1	1.0003	1.0556	0.9471
722	1303771278500	1	1.0003	1.1111	0.8997
723	1303771278520	1	1.0003	1.1111	0.8997
724	1303771278538	1	1.0003	1.1111	0.8997
725	1303771278558	1	1.0003	1.0556	0.9471
726	1303771278576	1	1.0003	1.1111	0.8997
727	1303771278597	1	1.0003	1.1111	0.8997
728	1303771278615	1	1.0003	1.1111	0.8997
729	1303771278635	1	1.0003	1.0556	0.9471
730	1303771278653	1	1.0003	1.1111	0.8997
731	1303771278671	1	1.0003	1.1111	0.8997
732	1303771278691	1	1.0003	1.1111	0.8997
733	1303771278710	1	1.0003	1.0556	0.9471
734	1303771278730	1	1.0003	1.1111	0.8997
735	1303771278748	1	1.0003	1.1111	0.8997
736	1303771278768	1	1.0003	1.1111	0.8997
737	1303771278832	1	1.0003	1.0556	0.9471
738	1303771278853	1	1.0003	1.1111	0.8997
739	1303771278871	1	1.0003	1.1111	0.8997
740	1303771278889	1	1.0003	1.1111	0.8997
741	1303771278911	1	1.0003	1.0556	0.9471
742	1303771278930	1	1.0003	1.1111	0.8997
743	1303771278990	1	1.0003	1.1111	0.8997
744	1303771279009	1	1.0003	1.1111	0.8997
745	1303771279028	1	1.0003	1.0556	0.9471
746	1303771279046	1	1.0003	1.1111	0.8997
747	1303771279107	1	1.0003	1.1111	0.8997
748	1303771279126	1	1.0003	1.1111	0.8997
749	1303771279145	1	1.0003	1.0556	0.9471
750	1303771279163	1	1.0003	1.1111	0.8997
751	1303771279182	1	1.0003	1.1111	0.8997
752	1303771279201	1	1.0003	1.1111	0.8997
753	1303771279219	1	1.0003	1.0556	0.9471
754	1303771279239	1	1.0003	1.1111	0.8997
755	1303771279257	1	1.0003	1.1111	0.8997
756	1303771279277	1	1.0003	1.1111	0.8997
757	1303771279295	1	1.0003	1.0556	0.9471
758	1303771279313	1	1.0003	1.1111	0.8997
759	1303771279333	1	1.0003	1.1111	0.8997
760	1303771279353	1	1.0003	1.1111	0.8997
761	1303771279374	1	1.0003	1.0556	0.9471
762	1303771279393	1	1.0003	1.1111	0.8997
763	1303771279414	1	1.0003	1.0556	0.9471
764	1303771279433	1	1.0003	1.1111	0.8997
765	1303771279452	1	1.0003	1.0556	0.9471
766	1303771279471	1	1.0003	1.1111	0.8997
767	1303771279491	1	1.0003	1.0556	0.9471
768	1303771279509	1	1.0003	1.1111	0.8997
769	1303771279527	1	1.0003	1.0556	0.9471
770	1303771279548	1	1.0003	1.1111	0.8997
771	1303771279566	1	1.0003	1.1111	0.8997
772	1303771279586	1	1.0003	1.1111	0.8997
773	1303771279604	1	1.0003	1.0556	0.9471
774	1303771279625	1	1.0003	1.1111	0.8997
775	1303771279643	1	1.0003	1.1111	0.8997
776	1303771279663	1	1.0003	1.1111	0.8997
777	1303771279682	1	1.0003	1.0556	0.9471
778	1303771279743	1	1.0003	1.1111	0.8997
779	1303771279761	1	1.0003	1.1111	0.8997
780	1303771279779	1	1.0003	1.1111	0.8997
781	1303771279799	1	1.0003	1.0556	0.9471
782	1303771279818	1	1.0003	1.1111	0.8997
783	1303771279837	1	1.0003	1.1111	0.8997
784	1303771279897	1	1.0003	1.1111	0.8997
785	1303771279917	1	1.0003	1.0556	0.9471
786	1303771279936	1	1.0003	1.1111	0.8997
787	1303771279955	1	1.0003	1.1111	0.8997
788	1303771279974	1	1.0003	1.1111	0.8997
789	1303771279992	1	1.0003	1.0556	0.9471
790	1303771280013	1	1.0003	1.1111	0.8997
791	1303771280032	1	1.0003	1.1111	0.8997
792	1303771280052	1	1.0003	1.1111	0.8997
793	1303771280070	1	1.0003	1.0556	0.9471
794	1303771280090	1	1.0003	1.1111	0.8997
795	1303771280109	1	1.0003	1.1111	0.8997
796	1303771280128	1	1.0003	1.1111	0.8997
797	1303771280147	1	1.0003	1.0556	0.9471
798	1303771280165	1	1.0003	1.1111	0.8997
799	1303771280185	1	1.0003	1.1111	0.8997
800	1303771280204	1	1.0003	1.1111	0.8997
801	1303771280224	1	1.0003	1.0556	0.9471
802	1303771280243	1	1.0003	1.1111	0.8997
803	1303771280263	1	1.0003	1.1111	0.8997
804	1303771280282	1	1.0003	1.1111	0.8997
805	1303771280303	1	1.0003	1.0556	0.9471
806	1303771280322	1	1.0003	1.1111	0.8997
807	1303771280342	1	1.0003	1.1111	0.8997
808	1303771280363	1	1.0003	1.1111	0.8997
809	1303771280381	1	1.0003	1.0556	0.9471
810	1303771280401	1	1.0003	1.1111	0.8997
811	1303771280420	1	1.0003	1.1111	0.8997
812	1303771280440	1	1.0003	1.1111	0.8997
813	1303771280459	1	1.0003	1.0556	0.9471
814	1303771280478	1	1.0003	1.1111	0.8997
815	1303771280497	1	1.0003	1.1111	0.8997
816	1303771280515	1	1.0003	1.1111	0.8997
817	1303771280535	1	1.0003	1.0556	0.9471
818	1303771280555	1	1.0003	1.1111	0.8997
819	1303771280575	1	1.0003	1.1111	0.8997
820	1303771280593	1	1.0003	1.1111	0.8997
821	1303771280614	1	1.0003	1.0556	0.9471
822	1303771280634	1	0.9999	1.1111	0.9
823	1303771280655	1	0.9999	1.0556	0.9474
824	1303771280675	1	0.9999	1.1111	0.9
825	1303771280696	1	0.9999	1.0556	0.9474
826	1303771280714	1	0.9999	1.1111	0.9
827	1303771280734	1	0.9999	1.0556	0.9474
828	1303771280754	1	0.9999	1.1111	0.9
829	1303771280814	1	0.9999	1.0556	0.9474
830	1303771280835	1	0.9999	1.1111	0.9
831	1303771280854	1	0.9999	1.1111	0.9
832	1303771280876	1	0.9999	1.1111	0.9
833	1303771280894	1	0.9999	1.0556	0.9474
834	1303771280915	1	0.9999	1.1111	0.9
835	1303771280933	1	0.9999	1.1111	0.9
836	1303771280953	1	0.9999	1.1111	0.9
837	1303771280971	1	0.9999	1.0556	0.9474
838	1303771280990	1	0.9999	1.1111	0.9
839	1303771281052	1	0.9999	1.1111	0.9
840	1303771281070	1	0.9999	1.1111	0.9
841	1303771281090	1	0.9999	1.0556	0.9474
842	1303771281109	1	0.9999	1.1111	0.9
843	1303771281129	1	0.9999	1.1111	0.9
844	1303771281148	1	0.9999	1.1111	0.9
845	1303771281168	1	0.9999	1.0556	0.9474
846	1303771281186	1	0.9999	1.1111	0.9
847	1303771281206	1	0.9999	1.1111	0.9
848	1303771281225	1	0.9999	1.1111	0.9
849	1303771281243	1	0.9999	1.0556	0.9474
850	1303771281264	1	0.9999	1.1111	0.9
851	1303771281282	1	0.9999	1.1111	0.9
852	1303771281302	1	0.9999	1.1111	0.9
853	1303771281321	1	0.9999	1.0556	0.9474
854	1303771281341	1	0.9999	1.1111	0.9
855	1303771281359	1	0.9999	1.1111	0.9
856	1303771281420	1	0.9999	1.1111	0.9
857	1303771281440	1	0.9999	1.0556	0.9474
858	1303771281458	1	0.9999	1.1111	0.9
859	1303771281478	1	0.9999	1.1111	0.9
860	1303771281497	1	0.9999	1.1111	0.9
861	1303771281518	1	0.9999	1.0556	0.9474
862	1303771281536	1	0.9999	1.1111	0.9
863	1303771281556	1	0.9999	1.1111	0.9
864	1303771281575	1	0.9999	1.1111	0.9
865	1303771281596	1	0.9999	1.0556	0.9474
866	1303771281614	1	0.9999	1.1111	0.9
867	1303771281632	1	0.9999	1.1111	0.9
868	1303771281652	1	0.9999	1.1111	0.9
869	1303771281671	1	0.9999	1.0556	0.9474
870	1303771281691	1	0.9999	1.1111	0.9
871	1303771281710	1	0.9999	1.1111	0.9
872	1303771281730	1	0.9999	1.1111	0.9
873	1303771281748	1	0.9999	1.0556	0.9474
874	1303771281768	1	0.9999	1.1111	0.9
875	1303771281786	1	0.9999	1.1111	0.9
876	1303771281805	1	0.9999	1.1111	0.9
877	1303771281865	1	0.9999	1.0556	0.9474
878	1303771281884	1	0.9999	1.1111	0.9
879	1303771281904	1	0.9999	1.1111	0.9
880	1303771281964	1	0.9999	1.1111	0.9
881	1303771281985	1	0.9999	1.0556	0.9474
882	1303771282005	1	0.9999	1.1111	0.9
883	1303771282027	1	0.9999	1.0556	0.9474
884	1303771282087	1	0.9999	1.1111	0.9
885	1303771282109	1	1	1.0556	0.9474
886	1303771282128	1	1	1.0556	0.9474
887	1303771282150	1	1	1.1111	0.9
888	1303771282169	1	1	1.1111	0.9
889	1303771282189	1	1	1.0556	0.9474
890	1303771282209	1	1	1.1111	0.9
891	1303771282228	1	1	1.1111	0.9
892	1303771282248	1	1	1.1111	0.9
893	1303771282266	1	1	1.0556	0.9474
894	1303771282286	1	1	1.1111	0.9
895	1303771282304	1	1	1.1111	0.9
896	1303771282324	1	1	1.1111	0.9
897	1303771282342	1	1	1.0556	0.9474
898	1303771282362	1	1	1.1111	0.9
899	1303771282380	1	1	1.1111	0.9
900	1303771282399	1	1	1.1111	0.9
901	1303771282419	1	1	1.0556	0.9474
902	1303771282437	1	1	1.1111	0.9
903	1303771282498	1	1	1.1111	0.9
904	1303771282516	1	1	1.1111	0.9
905	1303771282536	1	1	1.0556	0.9474
906	1303771282595	1	1	1.1111	0.9
907	1303771282615	1	1	1.1111	0.9
908	1303771282633	1	1	1.1111	0.9
909	1303771282655	1	1	1.0556	0.9474
910	1303771282673	1	1	1.1111	0.9
911	1303771282691	1	1	1.1111	0.9
912	1303771282711	1	1	1.1111	0.9
913	1303771282731	1	1	1.0556	0.9474
914	1303771282752	1	1	1.1111	0.9
915	1303771282771	1	1	1.1111	0.9
916	1303771282792	1	1	1.1111	0.9
917	1303771282810	1	1	1.0556	0.9474
918	1303771282829	1	1	1.1111	0.9
919	1303771282849	1	1	1.1111	0.9
920	1303771282867	1	1	1.1111	0.9
921	1303771282886	1	1	1.0556	0.9474
922	1303771282905	1	1	1.1111	0.9
923	1303771282925	1	1	1.1111	0.9
924	1303771282944	1	1	1.1111	0.9
925	1303771282964	1	1	1.0556	0.9474
926	1303771282983	1	1	1.1111	0.9
927	1303771283045	1	1	1.1111	0.9
928	1303771283064	1	1	1.1111	0.9
929	1303771283084	1	1	1.0556	0.9474
930	1303771283146	1	1.0126	1.1111	0.8888
931	1303771283164	1	1.0126	1.1111	0.8888
932	1303771283185	1	1.0126	1.1111	0.8888
933	1303771283203	1	1.0126	1.0556	0.9356
934	1303771283223	1	1.0126	1.1111	0.8888
935	1303771283242	1	1.0126	1.1111	0.8888
936	1303771283262	1	1.0126	1.1111	0.8888
937	1303771283280	1	1.0126	1.0556	0.9356
938	1303771283300	1	1.0126	1.1111	0.8888
939	1303771283319	1	1.0126	1.1111	0.8888
940	1303771283338	1	1.0126	1.1111	0.8888
941	1303771283358	1	1.0126	1.0556	0.9356
942	1303771283378	1	1.0126	1.1111	0.8888
943	1303771283399	1	1.0126	1.1111	0.8888
944	1303771283419	1	1.0126	1.1111	0.8888
945	1303771283440	1	1.0126	1.0556	0.9356
946	1303771283459	1	1.0126	1.0556	0.9356
947	1303771283479	1	1.0126	1.1111	0.8888
948	1303771283498	1	1.0126	1.1111	0.8888
949	1303771283519	1	1.0126	1.0556	0.9356
950	1303771283538	1	1.0126	1.0556	0.9356
951	1303771283558	1	1.0126	1.1111	0.8888
952	1303771283577	1	1.0126	1.1111	0.8888
953	1303771283595	1	1.0126	1.0556	0.9356
954	1303771283616	1	1.0126	1.1111	0.8888
955	1303771283634	1	1.0126	1.1111	0.8888
956	1303771283656	1	1.0126	1.1111	0.8888
957	1303771283675	1	1.0126	1.0556	0.9356
958	1303771283695	1	1.0126	1.1111	0.8888
959	1303771283714	1	1.0126	1.1111	0.8888
960	1303771283734	1	1.0126	1.1111	0.8888
961	1303771283752	1	1.0126	1.0556	0.9356
962	1303771283771	1	1.0126	1.1111	0.8888
963	1303771283791	1	1.0126	1.1111	0.8888
964	1303771283810	1	1.0126	1.1111	0.8888
965	1303771283830	1	1.0126	1.0556	0.9356
966	1303771283848	1	1.0126	1.1111	0.8888
967	1303771283910	1	1.0126	1.1111	0.8888
968	1303771283930	1	1.0126	1.1111	0.8888
969	1303771283950	1	1.0126	1.0556	0.9356
970	1303771283968	1	1.0126	1.1111	0.8888
971	1303771283988	1	1.0126	1.1111	0.8888
972	1303771284008	1	1.0126	1.1111	0.8888
973	1303771284027	1	1.0126	1.0556	0.9356
974	1303771284047	1	1.0126	1.1111	0.8888
975	1303771284066	1	1.0126	1.1111	0.8888
976	1303771284087	1	1.0126	1.1111	0.8888
977	1303771284105	1	1.0126	1.0556	0.9356
978	1303771284125	1	1.0126	1.1111	0.8888
979	1303771284144	1	1.0126	1.1111	0.8888
980	1303771284164	1	1.0126	1.1111	0.8888
981	1303771284182	1	1.0126	1.0556	0.9356
982	1303771284201	1	1.0126	1.1111	0.8888
983	1303771284222	1	1.0126	1.1111	0.8888
984	1303771284241	1	1.0126	1.1111	0.8888
985	1303771284302	1	1.0126	1.0556	0.9356
986	1303771284366	1	1	1.1111	0.9
987	1303771284387	1	1	1.1111	0.9
988	1303771284406	1	1	1.1111	0.9
989	1303771284427	1	1	1.0556	0.9474
990	1303771284446	1	1	1.1111	0.9
991	1303771284466	1	1	1.1111	0.9
992	1303771284484	1	1	1.1111	0.9
993	1303771284505	1	1	1.0556	0.9474
994	1303771284524	1	1	1.1111	0.9
995	1303771284543	1	1	1.1111	0.9
996	1303771284563	1	1	1.1111	0.9
997	1303771284582	1	1	1.0556	0.9474
998	1303771284602	1	1	1.1111	0.9
999	1303771284620	1	1	1.1111	0.9
1000	1303771284640	1	1	1.1111	0.9
1001	1303771284658	1	1	1.0556	0.9474
1002	1303771284679	1	1	1.1111	0.9
1003	1303771284698	1	1	1.1111	0.9
1004	1303771284718	1	1	1.1111	0.9
1005	1303771284739	1	1	1.0556	0.9474
1006	1303771284760	1	1	1.0556	0.9474
1007	1303771284780	1	1.0003	1.1111	0.8997
1008	1303771284801	1	1.0003	1.1111	0.8997
1009	1303771284821	1	1.0003	1.0556	0.9471
1010	1303771284842	1	1.0003	1.0556	0.9471
1011	1303771284862	1	1.0003	1.1111	0.8997
1012	1303771284883	1	1.0003	1.1111	0.8997
1013	1303771284903	1	1.0003	1.0556	0.9471
1014	1303771284924	1	1.0003	1.1111	0.8997
1015	1303771284943	1	1.0003	1.1111	0.8997
1016	1303771284965	1	1.0003	1.1111	0.8997
1017	1303771284984	1	1.0003	1.0556	0.9471
1018	1303771285005	1	1.0003	1.1111	0.8997
1019	1303771285025	1	1.0003	1.1111	0.8997
1020	1303771285047	1	1.0003	1.1111	0.8997
1021	1303771285067	1	1.0003	1.0556	0.9471
1022	1303771285128	1	1.0003	1.1111	0.8997
1023	1303771285149	1	1.0003	1.1111	0.8997
1024	1303771285171	1	1.0003	1.1111	0.8997
1025	1303771285191	1	1.0003	1.0556	0.9471
1026	1303771285213	1	1.0003	1.1111	0.8997
1027	1303771285233	1	1.0003	1.1111	0.8997
1028	1303771285255	1	1.0003	1.1111	0.8997
1029	1303771285276	1	1.0003	1.0556	0.9471
1030	1303771285342	1	1.0003	1.1111	0.8997
1031	1303771285362	1	1.0003	1.1111	0.8997
1032	1303771285385	1	1.0003	1.1111	0.8997
1033	1303771285446	1	1.0003	1.0556	0.9471
1034	1303771285467	1	1.0003	1.1111	0.8997
1035	1303771285489	1	1.0003	1.1111	0.8997
1036	1303771285555	1	1.0003	1.1111	0.8997
1037	1303771285577	1	1.0003	1.0556	0.9471
1038	1303771285597	1	1.0003	1.1111	0.8997
1039	1303771285619	1	1.0003	1.1111	0.8997
1040	1303771285639	1	1.0003	1.1111	0.8997
1041	1303771285662	1	1.0003	1.0556	0.9471
1042	1303771285682	1	1.0003	1.1111	0.8997
1043	1303771285703	1	1.0003	1.1111	0.8997
1044	1303771285723	1	1.0003	1.1111	0.8997
1045	1303771285745	1	1.0003	1.0556	0.9471
1046	1303771285765	1	1.0003	1.1111	0.8997
1047	1303771285826	1	1.0003	1.1111	0.8997
1048	1303771285846	1	1.0003	1.1111	0.8997
1049	1303771285869	1	1.0003	1.0556	0.9471
1050	1303771285890	1	1.0003	1.1111	0.8997
1051	1303771285912	1	1.0003	1.1111	0.8997
1052	1303771285933	1	1.0003	1.1111	0.8997
1053	1303771285954	1	1.0003	1.0556	0.9471
1054	1303771285973	1	1.0003	1.1111	0.8997
1055	1303771285994	1	1.0003	1.1111	0.8997
1056	1303771286014	1	1.0003	1.1111	0.8997
1057	1303771286036	1	1.0003	1.0556	0.9471
1058	1303771286055	1	1.0003	1.1111	0.8997
1059	1303771286076	1	1.0003	1.1111	0.8997
1060	1303771286096	1	1.0003	1.1111	0.8997
1061	1303771286118	1	1.0003	1.0556	0.9471
1062	1303771286138	1	1.0003	1.1111	0.8997
1063	1303771286159	1	1.0003	1.1111	0.8997
1064	1303771286179	1	1.0003	1.1111	0.8997
1065	1303771286201	1	1.0003	1.1111	0.8997
1066	1303771286221	1	1	1.0556	0.9474
1067	1303771286243	1	1	1.1111	0.9
1068	1303771286263	1	1	1.1111	0.9
1069	1303771286283	1	1	1	1
1070	1303771286302	1	1	1.1111	0.9
1071	1303771286322	1	1	1.1111	0.9
1072	1303771286341	1	1	1.1111	0.9
1073	1303771286362	1	1	1.0556	0.9474
1074	1303771286381	1	1	1.1111	0.9
1075	1303771286401	1	1	1.1111	0.9
1076	1303771286419	1	1	1.1111	0.9
1077	1303771286438	1	1	1.0556	0.9474
1078	1303771286458	1	1	1.1111	0.9
1079	1303771286477	1	1	1.1111	0.9
1080	1303771286497	1	1	1.1111	0.9
1081	1303771286516	1	1	1.0556	0.9474
1082	1303771286536	1	1	1.1111	0.9
1083	1303771286555	1	1	1.1111	0.9
1084	1303771286576	1	1	1.1111	0.9
1085	1303771286640	1	1	1.0556	0.9474
1086	1303771286661	1	1	1.1111	0.9
1087	1303771286680	1	1	1.1111	0.9
1088	1303771286699	1	1	1.1111	0.9
1089	1303771286720	1	1	1.0556	0.9474
1090	1303771286739	1	1	1.1111	0.9
1091	1303771286759	1	1	1.1111	0.9
1092	1303771286778	1	1	1.1111	0.9
1093	1303771286798	1	1	1.0556	0.9474
1094	1303771286817	1	1	1.1111	0.9
1095	1303771286837	1	1	1.1111	0.9
1096	1303771286856	1	1	1.1111	0.9
1097	1303771286875	1	1	1.0556	0.9474
1098	1303771286935	1	1	1.1111	0.9
1099	1303771286954	1	1	1.1111	0.9
1100	1303771286974	1	1	1.1111	0.9
1101	1303771286993	1	1	1.0556	0.9474
1102	1303771287013	1	1	1.1111	0.9
1103	1303771287032	1	1	1.1111	0.9
1104	1303771287052	1	1	1.1111	0.9
1105	1303771287071	1	1	1.0556	0.9474
1106	1303771287091	1	1	1.1111	0.9
1107	1303771287111	1	1	1.1111	0.9
1108	1303771287130	1	1	1.1111	0.9
1109	1303771287150	1	1	1.0556	0.9474
1110	1303771287169	1	1	1.1111	0.9
1111	1303771287189	1	1	1.1111	0.9
1112	1303771287208	1	1	1.1111	0.9
1113	1303771287229	1	1	1.0556	0.9474
1114	1303771287248	1	1	1.1111	0.9
1115	1303771287269	1	1	1.1111	0.9
1116	1303771287288	1	1	1.1111	0.9
1117	1303771287306	1	1	1.0556	0.9474
1118	1303771287327	1	1	1.1111	0.9
1119	1303771287346	1	1	1.1111	0.9
1120	1303771287366	1	1	1.1111	0.9
1121	1303771287385	1	1	1.0556	0.9474
1122	1303771287405	1	1	1.1111	0.9
1123	1303771287424	1	1	1.1111	0.9
1124	1303771287444	1	1	1.1111	0.9
1125	1303771287462	1	1	1.0556	0.9474
1126	1303771287482	1	1	1.1111	0.9
1127	1303771287503	1	1	1.1111	0.9
1128	1303771287524	1	1	1.1111	0.9
1129	1303771287543	1	1.0001	1	0.9999
1130	1303771287562	1	1.0001	1.1111	0.8999
1131	1303771287582	1	1.0001	1.1111	0.8999
1132	1303771287600	1	1.0001	1.1111	0.8999
1133	1303771287620	1	1.0001	1	0.9999
1134	1303771287639	1	1.0001	1.1111	0.8999
1135	1303771287659	1	1.0001	1.1111	0.8999
1136	1303771287677	1	1.0001	1.1111	0.8999
1137	1303771287697	1	1.0001	1.0556	0.9473
1138	1303771287716	1	1.0001	1.1111	0.8999
1139	1303771287734	1	1.0001	1.1111	0.8999
1140	1303771287754	1	1.0001	1.1111	0.8999
1141	1303771287773	1	1.0001	1.0556	0.9473
1142	1303771287793	1	1.0001	1.1111	0.8999
1143	1303771287811	1	1.0001	1.1111	0.8999
1144	1303771287832	1	1.0001	1.1111	0.8999
1145	1303771287851	1	1.0001	1.0556	0.9473
1146	1303771287871	1	1.0001	1.1111	0.8999
1147	1303771287890	1	1.0001	1.1111	0.8999
1148	1303771287909	1	1.0001	1.1111	0.8999
1149	1303771287929	1	1.0001	1.0556	0.9473
1150	1303771287947	1	1.0001	1.1111	0.8999
1151	1303771287967	1	1.0001	1.1111	0.8999
1152	1303771287986	1	1.0001	1.1111	0.8999
1153	1303771288007	1	1.0001	1.0556	0.9473
1154	1303771288026	1	1.0001	1.1111	0.8999
1155	1303771288046	1	1.0001	1.1111	0.8999
1156	1303771288065	1	1.0001	1.1111	0.8999
1157	1303771288084	1	1.0001	1.0556	0.9473
1158	1303771288104	1	1.0001	1.1111	0.8999
1159	1303771288123	1	1.0001	1.1111	0.8999
1160	1303771288144	1	1.0001	1.1111	0.8999
1161	1303771288164	1	1.0001	1.0556	0.9473
1162	1303771288184	1	1.0001	1.1111	0.8999
1163	1303771288202	1	1.0001	1.1111	0.8999
1164	1303771288222	1	1.0001	1.1111	0.8999
1165	1303771288241	1	1.0001	1.0556	0.9473
1166	1303771288259	1	1.0001	1.1111	0.8999
1167	1303771288280	1	1.0001	1.1111	0.8999
1168	1303771288299	1	1.0001	1.1111	0.8999
1169	1303771288319	1	1.0001	1.0556	0.9473
1170	1303771288338	1	1.0001	1.1111	0.8999
1171	1303771288358	1	1.0001	1.1111	0.8999
1172	1303771288376	1	1.0001	1.1111	0.8999
1173	1303771288396	1	1.0001	1.0556	0.9473
1174	1303771288415	1	1.0001	1.1111	0.8999
1175	1303771288433	1	1.0001	1.1111	0.8999
1176	1303771288454	1	1.0001	1.1111	0.8999
1177	1303771288472	1	1.0001	1.0556	0.9473
1178	1303771288492	1	1.0001	1.1111	0.8999
1179	1303771288510	1	1.0001	1.1111	0.8999
1180	1303771288530	1	1.0001	1.1111	0.8999
1181	1303771288549	1	1.0001	1.0556	0.9473
1182	1303771288569	1	1.0001	1.1111	0.8999
1183	1303771288588	1	1.0001	1.1111	0.8999
1184	1303771288607	1	1.0001	1.1111	0.8999
1185	1303771288628	1	1.0001	1.0556	0.9473
1186	1303771288647	1	1.0001	1.1111	0.8999
1187	1303771288668	1	1.0001	1.1111	0.8999
1188	1303771288733	1	1.0001	1.1111	0.8999
1189	1303771288756	1	1.0001	1	0.9999
1190	1303771288816	1	1.0001	1.1111	0.8999
1191	1303771288836	1	1.0001	1.1111	0.8999
1192	1303771288855	1	1.0001	1.1111	0.8999
1193	1303771288875	1	1.0001	1	0.9999
1194	1303771288893	1	1.0001	1.1111	0.8999
1195	1303771288913	1	1.0001	1.1111	0.8999
1196	1303771288932	1	1.0001	1.1111	0.8999
1197	1303771288952	1	1.0001	1.0556	0.9473
1198	1303771288970	1	1.0001	1.1111	0.8999
1199	1303771288989	1	1.0001	1.1111	0.8999
1200	1303771289010	1	1.0001	1.1111	0.8999
1201	1303771289028	1	1.0001	1.0556	0.9473
1202	1303771289048	1	1.0001	1.1111	0.8999
1203	1303771289107	1	1.0001	1.1111	0.8999
1204	1303771289169	1	1.0001	1.1111	0.8999
1205	1303771289232	1	1.0001	1.0556	0.9473
1206	1303771289253	1	1.0001	1.1111	0.8999
1207	1303771289272	1	1.0001	1.1111	0.8999
1208	1303771289292	1	1.0001	1.1111	0.8999
1209	1303771289312	1	1.0001	1.0556	0.9473
1210	1303771289333	1	1.0001	1.1111	0.8999
1211	1303771289395	1	1.0001	1.1111	0.8999
1212	1303771289414	1	1.0001	1.1111	0.8999
1213	1303771289434	1	1.0001	1.0556	0.9473
1214	1303771289453	1	1.0001	1.1111	0.8999
1215	1303771289472	1	1.0001	1.1111	0.8999
1216	1303771289491	1	1.0001	1.1111	0.8999
1217	1303771289510	1	1.0001	1.0556	0.9473
1218	1303771289529	1	1.0001	1.1111	0.8999
1219	1303771289552	1	1.0001	1.1111	0.8999
1220	1303771289570	1	1.0001	1.1111	0.8999
1221	1303771289589	1	1.0001	1.0556	0.9473
1222	1303771289610	1	1.0001	1.1111	0.8999
1223	1303771289628	1	1.0001	1.1111	0.8999
1224	1303771289648	1	1.0001	1.1111	0.8999
1225	1303771289667	1	1.0001	1.0556	0.9473
1226	1303771289731	1	1.0001	1.1111	0.8999
1227	1303771289750	1	1.0001	1.1111	0.8999
1228	1303771289770	1	1.0001	1.1111	0.8999
1229	1303771289789	1	1.0001	1.0556	0.9473
1230	1303771289807	1	1.0001	1.1111	0.8999
1231	1303771289827	1	1.0001	1.1111	0.8999
1232	1303771289846	1	1.0001	1.1111	0.8999
1233	1303771289866	1	1.0001	1.0556	0.9473
1234	1303771289884	1	1.0001	1.1111	0.8999
1235	1303771289904	1	1.0001	1.1111	0.8999
1236	1303771289922	1	1.0001	1.1111	0.8999
1237	1303771289942	1	1.0001	1.0556	0.9473
1238	1303771289961	1	1.0001	1.1111	0.8999
1239	1303771289980	1	1.0001	1.1111	0.8999
1240	1303771290001	1	1.0001	1.1111	0.8999
1241	1303771290021	1	1.0001	1.0556	0.9473
1242	1303771290041	1	1.0001	1.1111	0.8999
1243	1303771290059	1	1.0001	1.1111	0.8999
1244	1303771290079	1	1.0001	1.1111	0.8999
1245	1303771290098	1	1.0001	1.0556	0.9473
1246	1303771290118	1	1.0001	1.1111	0.8999
1247	1303771290137	1	1.0001	1.1111	0.8999
1248	1303771290157	1	1.0001	1.1111	0.8999
1249	1303771290179	1	1.0001	1	0.9999
1250	1303771290198	1	1.0003	1.1111	0.8997
1251	1303771290219	1	1.0003	1.1111	0.8997
1252	1303771290237	1	1.0003	1.1111	0.8997
1253	1303771290258	1	1.0003	1	0.9997
1254	1303771290277	1	1.0003	1.1111	0.8997
1255	1303771290297	1	1.0003	1.1111	0.8997
1256	1303771290316	1	1.0003	1.1111	0.8997
1257	1303771290336	1	1.0003	1.0556	0.947
1258	1303771290354	1	1.0003	1.1111	0.8997
1259	1303771290375	1	1.0003	1.1111	0.8997
1260	1303771290394	1	1.0003	1.1111	0.8997
1261	1303771290412	1	1.0003	1.0556	0.947
1262	1303771290433	1	1.0003	1.1111	0.8997
1263	1303771290497	1	1.0003	1.1111	0.8997
1264	1303771290519	1	1.0003	1.1111	0.8997
1265	1303771290538	1	1.0003	1.0556	0.947
1266	1303771290560	1	1.0003	1.1111	0.8997
1267	1303771290580	1	1.0003	1.1111	0.8997
1268	1303771290600	1	1.0003	1.1111	0.8997
1269	1303771290619	1	1.0003	1.0556	0.947
1270	1303771290639	1	1.0003	1.1111	0.8997
1271	1303771290698	1	1.0003	1.1111	0.8997
1272	1303771290717	1	1.0003	1.1111	0.8997
1273	1303771290739	1	1.0003	1.0556	0.947
1274	1303771290799	1	1.0003	1.1111	0.8997
1275	1303771290820	1	1.0003	1.1111	0.8997
1276	1303771290838	1	1.0003	1.1111	0.8997
1277	1303771290858	1	1.0003	1.0556	0.947
1278	1303771290877	1	1.0003	1.1111	0.8997
1279	1303771290898	1	1.0003	1.1111	0.8997
1280	1303771290918	1	1.0003	1.1111	0.8997
1281	1303771290979	1	1.0003	1.0556	0.947
1282	1303771290997	1	1.0003	1.1111	0.8997
1283	1303771291018	1	1.0003	1.1111	0.8997
1284	1303771291036	1	1.0003	1.1111	0.8997
1285	1303771291055	1	1.0003	1.0556	0.947
1286	1303771291075	1	1.0003	1.1111	0.8997
1287	1303771291094	1	1.0003	1.1111	0.8997
1288	1303771291158	1	1.0003	1.1111	0.8997
1289	1303771291177	1	1.0003	1.0556	0.947
1290	1303771291197	1	1.0003	1.1111	0.8997
1291	1303771291216	1	1.0003	1.1111	0.8997
1292	1303771291236	1	1.0003	1.1111	0.8997
1293	1303771291254	1	1.0003	1.0556	0.947
1294	1303771291273	1	1.0003	1.1111	0.8997
1295	1303771291294	1	1.0003	1.1111	0.8997
1296	1303771291312	1	1.0003	1.1111	0.8997
1297	1303771291333	1	1.0003	1.0556	0.947
1298	1303771291351	1	1.0003	1.1111	0.8997
1299	1303771291373	1	1.0003	1.1111	0.8997
1300	1303771291392	1	1.0003	1.1111	0.8997
1301	1303771291413	1	1.0003	1.0556	0.947
1302	1303771291431	1	1.0003	1.1111	0.8997
1303	1303771291492	1	1.0003	1.1111	0.8997
1304	1303771291511	1	1.0003	1.1111	0.8997
1305	1303771291529	1	1.0003	1.0556	0.947
1306	1303771291550	1	1.0003	1.1111	0.8997
1307	1303771291569	1	1.0003	1.1111	0.8997
1308	1303771291589	1	1.0003	1.1111	0.8997
1309	1303771291609	1	1.0003	1.1111	0.8997
1310	1303771291631	1	1	1.1111	0.9
1311	1303771291692	1	1	1.1111	0.9
1312	1303771291713	1	1	1.0556	0.9474
1313	1303771291732	1	1	1.0556	0.9474
1314	1303771291753	1	1	1.1111	0.9
1315	1303771291772	1	1	1.1111	0.9
1316	1303771291793	1	1	1.0556	0.9474
1317	1303771291813	1	1	1.0556	0.9474
1318	1303771291834	1	1	1.1111	0.9
1319	1303771291853	1	1	1.1111	0.9
1320	1303771291912	1	1	1.1111	0.9
1321	1303771291934	1	1	1.0556	0.9474
1322	1303771291953	1	1	1.1111	0.9
1323	1303771291973	1	1	1.1111	0.9
1324	1303771291992	1	1	1.1111	0.9
1325	1303771292012	1	1	1.0556	0.9474
1326	1303771292031	1	1	1.1111	0.9
1327	1303771292052	1	1	1.1111	0.9
1328	1303771292070	1	1	1.1111	0.9
1329	1303771292089	1	1	1.0556	0.9474
1330	1303771292110	1	1	1.1111	0.9
1331	1303771292128	1	1	1.1111	0.9
1332	1303771292148	1	1	1.1111	0.9
1333	1303771292167	1	1	1.0556	0.9474
1334	1303771292187	1	1	1.1111	0.9
1335	1303771292205	1	1	1.1111	0.9
1336	1303771292225	1	1	1.1111	0.9
1337	1303771292244	1	1	1.0556	0.9474
1338	1303771292263	1	1	1.1111	0.9
1339	1303771292283	1	1	1.1111	0.9
1340	1303771292303	1	1	1.1111	0.9
1341	1303771292367	1	1	1.0556	0.9474
1342	1303771292432	1	1	1.1111	0.9
1343	1303771292453	1	1	1.1111	0.9
1344	1303771292471	1	1	1.1111	0.9
1345	1303771292491	1	1	1.0556	0.9474
1346	1303771292510	1	1	1.1111	0.9
1347	1303771292530	1	1	1.1111	0.9
1348	1303771292549	1	1	1.1111	0.9
1349	1303771292610	1	1	1.0556	0.9474
1350	1303771292629	1	1	1.1111	0.9
1351	1303771292687	1	1	1.1111	0.9
1352	1303771292708	1	1	1.1111	0.9
1353	1303771292727	1	1	1.1111	0.9
1354	1303771292747	1	1	1.1111	0.9
1355	1303771292765	1	1	1.1111	0.9
1356	1303771292786	1	1	1.1111	0.9
1357	1303771292804	1	1	1.1111	0.9
1358	1303771292825	1	1	1.1111	0.9
1359	1303771292843	1	1	1.1111	0.9
1360	1303771292862	1	1	1.1111	0.9
1361	1303771292882	1	1	1.1111	0.9
1362	1303771292901	1	1	1.1111	0.9
1363	1303771292921	1	1	1.1111	0.9
1364	1303771292939	1	1	1.1111	0.9
1365	1303771292959	1	1	1.1111	0.9
1366	1303771292978	1	1	1.1111	0.9
1367	1303771292998	1	1	1.1111	0.9
1368	1303771293017	1	1	1.1111	0.9
1369	1303771293039	1	1	1.1111	0.9
1370	1303771293059	1	1	1.1111	0.9
1371	1303771293080	1	1	1.1111	0.9
1372	1303771293101	1	1.0001	1.0556	0.9473
1373	1303771293121	1	1.0001	1.0556	0.9473
1374	1303771293141	1	1.0001	1.1111	0.9
1375	1303771293161	1	1.0001	1.1111	0.9
1376	1303771293182	1	1.0001	1.0556	0.9473
1377	1303771293202	1	1.0001	1.0556	0.9473
1378	1303771293223	1	1.0001	1.1111	0.9
1379	1303771293241	1	1.0001	1.1111	0.9
1380	1303771293261	1	1.0001	1.1111	0.9
1381	1303771293321	1	1.0001	1.0556	0.9473
1382	1303771293341	1	1.0001	1.1111	0.9
1383	1303771293400	1	1.0001	1.1111	0.9
1384	1303771293419	1	1.0001	1.1111	0.9
1385	1303771293440	1	1.0001	1.0556	0.9473
1386	1303771293459	1	1.0001	1.1111	0.9
1387	1303771293480	1	1.0001	1.1111	0.9
1388	1303771293499	1	1.0001	1.1111	0.9
1389	1303771293520	1	1.0001	1.0556	0.9473
1390	1303771293539	1	1.0001	1.1111	0.9
1391	1303771293558	1	1.0001	1.1111	0.9
1392	1303771293577	1	1.0001	1.1111	0.9
1393	1303771293596	1	1.0001	1.0556	0.9473
1394	1303771293616	1	1.0001	1.1111	0.9
1395	1303771293635	1	1.0001	1.1111	0.9
1396	1303771293655	1	1.0001	1.1111	0.9
1397	1303771293674	1	1.0001	1.0556	0.9473
1398	1303771293693	1	1.0001	1.1111	0.9
1399	1303771293712	1	1.0001	1.1111	0.9
1400	1303771293732	1	1.0001	1.1111	0.9
1401	1303771293751	1	1.0001	1.0556	0.9473
1402	1303771293769	1	1.0001	1.1111	0.9
1403	1303771293790	1	1.0001	1.1111	0.9
1404	1303771293808	1	1.0001	1.1111	0.9
1405	1303771293828	1	1.0001	1.0556	0.9473
1406	1303771293847	1	1.0001	1.1111	0.9
1407	1303771293867	1	1.0001	1.1111	0.9
1408	1303771293886	1	1.0001	1.1111	0.9
1409	1303771293906	1	1.0001	1.1111	0.9
1410	1303771293926	1	1.0001	1.1111	0.9
1411	1303771293945	1	1.0001	1.1111	0.9
1412	1303771293965	1	1.0001	1.1111	0.9
1413	1303771293983	1	1.0001	1.1111	0.9
1414	1303771294003	1	1.0001	1.1111	0.9
1415	1303771294021	1	1.0001	1.1111	0.9
1416	1303771294041	1	1.0001	1.1111	0.9
1417	1303771294059	1	1.0001	1.1111	0.9
1418	1303771294080	1	1.0001	1.1111	0.9
1419	1303771294098	1	1.0001	1.1111	0.9
1420	1303771294116	1	1.0001	1.1111	0.9
1421	1303771294136	1	1.0001	1.1111	0.9
1422	1303771294154	1	1.0001	1.1111	0.9
1423	1303771294175	1	1.0001	1.1111	0.9
1424	1303771294194	1	1.0001	1.1111	0.9
1425	1303771294214	1	1.0001	1.1111	0.9
1426	1303771294233	1	1.0001	1.1111	0.9
1427	1303771294254	1	1.0001	1.1111	0.9
1428	1303771294274	1	1.0001	1.1111	0.9
1429	1303771294292	1	1.0001	1.1111	0.9
1430	1303771294314	1	1.0001	1.1111	0.9
1431	1303771294335	1	1.0001	1.1111	0.9
1432	1303771294356	1	1.0001	1.0556	0.9473
1433	1303771294417	1	1.0001	1	0.9999
1434	1303771294438	1	1.0001	1.1111	0.8999
1435	1303771294457	1	1.0001	1.0556	0.9473
1436	1303771294479	1	1.0001	1.1111	0.8999
1437	1303771294500	1	1.0001	1.0556	0.9473
1438	1303771294562	1	1.0001	1.1111	0.8999
1439	1303771294583	1	1.0001	1.1111	0.8999
1440	1303771294603	1	1.0001	1.1111	0.8999
1441	1303771294624	1	1.0001	1.0556	0.9473
1442	1303771294644	1	1.0001	1.1111	0.8999
1443	1303771294666	1	1.0001	1.1111	0.8999
1444	1303771294685	1	1.0001	1.1111	0.8999
1445	1303771294707	1	1.0001	1.0556	0.9473
1446	1303771294727	1	1.0001	1.1111	0.8999
1447	1303771294748	1	1.0001	1.1111	0.8999
1448	1303771294768	1	1.0001	1.1111	0.8999
1449	1303771294831	1	1.0001	1.0556	0.9473
1450	1303771294851	1	1.0001	1.1111	0.8999
1451	1303771294872	1	1.0001	1.1111	0.8999
1452	1303771294891	1	1.0001	1.1111	0.8999
1453	1303771294912	1	1.0001	1.0556	0.9473
1454	1303771294932	1	1.0001	1.1111	0.8999
1455	1303771294953	1	1.0001	1.1111	0.8999
1456	1303771294973	1	1.0001	1.1111	0.8999
1457	1303771294995	1	1.0001	1.0556	0.9473
1458	1303771295015	1	1.0001	1.1111	0.8999
1459	1303771295037	1	1.0001	1.1111	0.8999
1460	1303771295057	1	1.0001	1.1111	0.8999
1461	1303771295078	1	1.0001	1.0556	0.9473
1462	1303771295098	1	1.0001	1.1111	0.8999
1463	1303771295119	1	1.0001	1.1111	0.8999
1464	1303771295139	1	1.0001	1.1111	0.8999
1465	1303771295160	1	1.0001	1.0556	0.9473
1466	1303771295180	1	1.0001	1.1111	0.8999
1467	1303771295201	1	1.0001	1.1111	0.8999
1468	1303771295263	1	1.0001	1.1111	0.8999
1469	1303771295284	1	1.0001	1.0556	0.9473
1470	1303771295305	1	1.0001	1.1111	0.8999
1471	1303771295327	1	1.0001	1.1111	0.8999
1472	1303771295347	1	1.0001	1.1111	0.8999
1473	1303771295368	1	1.0001	1.1111	0.8999
1474	1303771295388	1	1.0001	1.1111	0.8999
1475	1303771295450	1	1.0001	1.1111	0.8999
1476	1303771295472	1	1.0001	1.1111	0.8999
1477	1303771295492	1	1.0001	1.1111	0.8999
1478	1303771295554	1	1.0001	1.1111	0.8999
1479	1303771295574	1	1.0001	1.1111	0.8999
1480	1303771295596	1	1.0001	1.1111	0.8999
1481	1303771295657	1	1.0001	1.1111	0.8999
1482	1303771295678	1	1.0001	1.1111	0.8999
1483	1303771295739	1	1.0001	1.1111	0.8999
1484	1303771295761	1	1.0001	1.1111	0.8999
1485	1303771295782	1	1.0001	1.1111	0.8999
1486	1303771295805	1	1.0001	1.1111	0.8999
1487	1303771295824	1	1.0001	1.1111	0.8999
1488	1303771295845	1	1.0001	1.1111	0.8999
1489	1303771295865	1	1.0001	1.1111	0.8999
1490	1303771295887	1	1.0001	1.1111	0.8999
1491	1303771295907	1	1.0001	1.1111	0.8999
1492	1303771295930	1	1.0001	1.1111	0.8999
1493	1303771295950	1	1.0001	1.1111	0.8999
1494	1303771295972	1	1.0001	1.1111	0.8999
1495	1303771295992	1	1.0001	1.0556	0.9473
1496	1303771296013	1	1.0001	1.1111	0.8999
1497	1303771296034	1	1.0001	1.0556	0.9473
1498	1303771296096	1	1.0001	1.1111	0.8999
1499	1303771296116	1	1.0001	1.0556	0.9473
1500	1303771296139	1	1.0001	1.1111	0.8999
1501	1303771296161	1	1.0001	1.0556	0.9473
1502	1303771296181	1	1.0001	1.1111	0.8999
1503	1303771296203	1	1.0001	1.1111	0.8999
1504	1303771296224	1	1.0001	1.1111	0.8999
1505	1303771296246	1	1.0001	1.0556	0.9473
1506	1303771296267	1	1.0001	1.1111	0.8999
1507	1303771296289	1	1.0001	1.1111	0.8999
1508	1303771296350	1	1.0001	1.1111	0.8999
1509	1303771296373	1	1.0001	1.0556	0.9473
1510	1303771296393	1	1.0001	1.1111	0.8999
1511	1303771296414	1	1.0001	1.1111	0.8999
1512	1303771296435	1	1.0001	1.1111	0.8999
1513	1303771296459	1	1.0001	1.0556	0.9473
1514	1303771296520	1	1.0001	1.1111	0.8999
1515	1303771296541	1	1.0001	1.1111	0.8999
1516	1303771296562	1	1.0001	1.1111	0.8999
1517	1303771296583	1	1.0001	1.0556	0.9473
1518	1303771296603	1	1.0001	1.1111	0.8999
1519	1303771296625	1	1.0001	1.1111	0.8999
1520	1303771296645	1	1.0001	1.1111	0.8999
1521	1303771296666	1	1.0001	1.0556	0.9473
1522	1303771296687	1	1.0001	1.1111	0.8999
1523	1303771296708	1	1.0001	1.1111	0.8999
1524	1303771296728	1	1.0001	1.1111	0.8999
1525	1303771296750	1	1.0001	1.0556	0.9473
1526	1303771296772	1	1.0001	1.1111	0.8999
1527	1303771296794	1	1.0001	1.1111	0.8999
1528	1303771296814	1	1.0001	1.1111	0.8999
1529	1303771296835	1	1.0001	1.0556	0.9473
1530	1303771296855	1	1.0001	1.1111	0.8999
1531	1303771296877	1	1.0001	1.1111	0.8999
1532	1303771296897	1	1.0001	1.1111	0.8999
1533	1303771296920	1	1.0001	1.1111	0.8999
1534	1303771296941	1	1.0001	1.1111	0.8999
1535	1303771296962	1	1.0001	1.1111	0.8999
1536	1303771296984	1	1.0001	1.1111	0.8999
1537	1303771297004	1	1.0001	1.1111	0.8999
1538	1303771297025	1	1.0001	1.1111	0.8999
1539	1303771297086	1	1.0001	1.1111	0.8999
1540	1303771297108	1	1.0001	1.1111	0.8999
1541	1303771297130	1	1.0001	1.1111	0.8999
1542	1303771297152	1	1.0001	1.1111	0.8999
1543	1303771297172	1	1.0001	1.1111	0.8999
1544	1303771297194	1	1.0001	1.1111	0.8999
1545	1303771297214	1	1.0001	1.1111	0.8999
1546	1303771297237	1	1.0001	1.1111	0.8999
1547	1303771297258	1	1.0001	1.1111	0.8999
1548	1303771297280	1	1.0001	1.1111	0.8999
1549	1303771297300	1	1.0001	1.1111	0.8999
1550	1303771297321	1	1.0001	1.1111	0.8999
1551	1303771297342	1	1.0001	1.1111	0.8999
1552	1303771297364	1	1.0001	1.1111	0.8999
1553	1303771297385	1	1.0001	1.1111	0.8999
1554	1303771297449	1	1	1.1111	0.9
1555	1303771297511	1	1	1.0556	0.9473
1556	1303771297573	1	1	1.1111	0.9
1557	1303771297592	1	1	1.0556	0.9473
1558	1303771297613	1	1	1.1111	0.9
1559	1303771297632	1	1	1.0556	0.9473
1560	1303771297652	1	1	1.1111	0.9
1561	1303771297711	1	1	1.0556	0.9473
1562	1303771297732	1	1	1.1111	0.9
1563	1303771297750	1	1	1.1111	0.9
1564	1303771297770	1	1	1.1111	0.9
1565	1303771297789	1	1	1.0556	0.9473
1566	1303771297808	1	1	1.1111	0.9
1567	1303771297828	1	1	1.1111	0.9
1568	1303771297847	1	1	1.1111	0.9
1569	1303771297868	1	1	1.0556	0.9473
1570	1303771297927	1	1	1.1111	0.9
1571	1303771297948	1	1	1.1111	0.9
1572	1303771297967	1	1	1.1111	0.9
1573	1303771297987	1	1	1.0556	0.9473
1574	1303771298006	1	1	1.1111	0.9
1575	1303771298025	1	1	1.1111	0.9
1576	1303771298046	1	1	1.1111	0.9
1577	1303771298065	1	1	1.0556	0.9473
1578	1303771298085	1	1	1.1111	0.9
1579	1303771298120	1	1	1.1111	0.9
1580	1303771298169	1	1	1.1111	0.9
1581	1303771298187	1	1	1.0556	0.9473
1582	1303771298208	1	1	1.1111	0.9
1583	1303771298227	1	1	1.1111	0.9
1584	1303771298246	1	1	1.1111	0.9
1585	1303771298266	1	1	1.0556	0.9473
1586	1303771298285	1	1	1.1111	0.9
1587	1303771298347	1	1	1.1111	0.9
1588	1303771298366	1	1	1.1111	0.9
1589	1303771298386	1	1	1.0556	0.9473
1590	1303771298445	1	1	1.1111	0.9
1591	1303771298466	1	1	1.1111	0.9
1592	1303771298485	1	1	1.1111	0.9
1593	1303771298505	1	1	1.1111	0.9
1594	1303771298524	1	1	1.1111	0.9
1595	1303771298542	1	1	1.1111	0.9
1596	1303771298563	1	1	1.1111	0.9
1597	1303771298581	1	1	1.1111	0.9
1598	1303771298601	1	1	1.1111	0.9
1599	1303771298621	1	1	1.1111	0.9
1600	1303771298642	1	1	1.1111	0.9
1601	1303771298661	1	1	1.1111	0.9
1602	1303771298681	1	1	1.1111	0.9
1603	1303771298700	1	1	1.1111	0.9
1604	1303771298718	1	1	1.1111	0.9
1605	1303771298740	1	1	1.1111	0.9
1606	1303771298759	1	1	1.1111	0.9
1607	1303771298780	1	1	1.1111	0.9
1608	1303771298798	1	1	1.1111	0.9
1609	1303771298818	1	1	1.1111	0.9
1610	1303771298837	1	1	1.1111	0.9
1611	1303771298856	1	1	1.1111	0.9
1612	1303771298876	1	1	1.1111	0.9
1613	1303771298896	1	1	1.1111	0.9
1614	1303771298918	1	1	1.1111	0.9
1615	1303771298939	1	1	1.0556	0.9473
1616	1303771298960	1	1.0001	1.0556	0.9473
1617	1303771298980	1	1.0001	1.0556	0.9473
1618	1303771299001	1	1.0001	1.0556	0.9473
1619	1303771299019	1	1.0001	1.1111	0.9
1620	1303771299040	1	1.0001	1.1111	0.9
1621	1303771299059	1	1.0001	1.0556	0.9473
1622	1303771299079	1	1.0001	1.1111	0.9
1623	1303771299138	1	1.0001	1.1111	0.9
1624	1303771299159	1	1.0001	1.1111	0.9
1625	1303771299178	1	1.0001	1.0556	0.9473
1626	1303771299198	1	1.0001	1.1111	0.9
1627	1303771299217	1	1.0001	1.1111	0.9
1628	1303771299235	1	1.0001	1.1111	0.9
1629	1303771299256	1	1.0001	1.0556	0.9473
1630	1303771299275	1	1.0001	1.1111	0.9
1631	1303771299295	1	1.0001	1.1111	0.9
1632	1303771299314	1	1.0001	1.1111	0.9
1633	1303771299334	1	1.0001	1.0556	0.9473
1634	1303771299353	1	1.0001	1.1111	0.9
1635	1303771299372	1	1.0001	1.1111	0.9
1636	1303771299432	1	1.0001	1.1111	0.9
1637	1303771299451	1	1.0001	1.0556	0.9473
1638	1303771299472	1	1.0001	1.1111	0.9
1639	1303771299490	1	1.0001	1.1111	0.9
1640	1303771299510	1	1.0001	1.1111	0.9
1641	1303771299529	1	1.0001	1.0556	0.9473
1642	1303771299549	1	1.0001	1.1111	0.9
1643	1303771299568	1	1.0001	1.1111	0.9
1644	1303771299586	1	1.0001	1.1111	0.9
1645	1303771299607	1	1.0001	1.0556	0.9473
1646	1303771299626	1	1.0001	1.1111	0.9
1647	1303771299646	1	1.0001	1.1111	0.9
1648	1303771299665	1	1.0001	1.1111	0.9
1649	1303771299685	1	1.0001	1.0556	0.9473
1650	1303771299705	1	1.0001	1.1111	0.9
1651	1303771299726	1	1.0001	1.1111	0.9
1652	1303771299745	1	1.0001	1.1111	0.9
1653	1303771299764	1	1.0001	1.1111	0.9
1654	1303771299784	1	1.0001	1.1111	0.9
1655	1303771299802	1	1.0001	1.1111	0.9
1656	1303771299822	1	1.0001	1.1111	0.9
1657	1303771299840	1	1.0001	1.1111	0.9
1658	1303771299860	1	1.0001	1.1111	0.9
1659	1303771299880	1	1.0001	1.1111	0.9
1660	1303771299902	1	1.0001	1.1111	0.9
1661	1303771299920	1	1.0001	1.1111	0.9
1662	1303771299939	1	1.0001	1.1111	0.9
1663	1303771299960	1	1.0001	1.1111	0.9
1664	1303771299979	1	1.0001	1.1111	0.9
1665	1303771300040	1	1.0001	1.1111	0.9
1666	1303771300059	1	1.0001	1.1111	0.9
1667	1303771300080	1	1.0001	1.1111	0.9
1668	1303771300099	1	1.0001	1.1111	0.9
1669	1303771300119	1	1.0001	1.1111	0.9
1670	1303771300139	1	1.0001	1.1111	0.9
1671	1303771300200	1	1.0001	1.1111	0.9
1672	1303771300220	1	1.0001	1.1111	0.9
1673	1303771300238	1	1.0001	1.1111	0.9
1674	1303771300259	1	1.0001	1.1111	0.9
1675	1303771300279	1	1.0001	1.1111	0.9
1676	1303771300341	1	1.0001	1.1111	0.9
1677	1303771300362	1	1.0001	1.0556	0.9472
1678	1303771300383	1	1.0001	1.0556	0.9472
1679	1303771300403	1	1.0001	1.1111	0.8999
1680	1303771300425	1	1.0001	1.1111	0.8999
1681	1303771300444	1	1.0001	1.0556	0.9472
1682	1303771300465	1	1.0001	1.0556	0.9472
1683	1303771300484	1	1.0001	1.1111	0.8999
1684	1303771300504	1	1.0001	1.1111	0.8999
1685	1303771300524	1	1.0001	1.0556	0.9472
1686	1303771300585	1	1.0001	1.1111	0.8999
1687	1303771300604	1	1.0001	1.1111	0.8999
1688	1303771300623	1	1.0001	1.1111	0.8999
1689	1303771300644	1	1.0001	1.0556	0.9472
1690	1303771300664	1	1.0001	1.1111	0.8999
1691	1303771300684	1	1.0001	1.1111	0.8999
1692	1303771300703	1	1.0001	1.1111	0.8999
1693	1303771300724	1	1.0001	1.0556	0.9472
1694	1303771300744	1	1.0001	1.1111	0.8999
1695	1303771300764	1	1.0001	1.1111	0.8999
1696	1303771300782	1	1.0001	1.1111	0.8999
1697	1303771300801	1	1.0001	1.0556	0.9472
1698	1303771300821	1	1.0001	1.1111	0.8999
1699	1303771300840	1	1.0001	1.1111	0.8999
1700	1303771300860	1	1.0001	1.1111	0.8999
1701	1303771300878	1	1.0001	1.0556	0.9472
1702	1303771300899	1	1.0001	1.1111	0.8999
1703	1303771300958	1	1.0001	1.1111	0.8999
1704	1303771300980	1	1.0001	1.1111	0.8999
1705	1303771300999	1	1.0001	1.0556	0.9472
1706	1303771301020	1	1.0001	1.1111	0.8999
1707	1303771301039	1	1.0001	1.1111	0.8999
1708	1303771301058	1	1.0001	1.1111	0.8999
1709	1303771301078	1	1.0001	1.0556	0.9472
1710	1303771301098	1	1.0001	1.1111	0.8999
1711	1303771301119	1	1.0001	1.1111	0.8999
1712	1303771301139	1	1.0001	1.1111	0.8999
1713	1303771301160	1	1.0001	1.1111	0.8999
1714	1303771301179	1	1.0001	1.1111	0.8999
1715	1303771301201	1	1.0001	1.1111	0.8999
1716	1303771301221	1	1.0001	1.1111	0.8999
1717	1303771301242	1	1.0001	1.1111	0.8999
1718	1303771301263	1	1.0001	1.1111	0.8999
1719	1303771301283	1	1.0001	1.1111	0.8999
1720	1303771301303	1	1.0001	1.1111	0.8999
1721	1303771301322	1	1.0001	1.1111	0.8999
1722	1303771301343	1	1.0001	1.1111	0.8999
1723	1303771301363	1	1.0001	1.1111	0.8999
1724	1303771301384	1	1.0001	1.1111	0.8999
1725	1303771301403	1	1.0001	1.1111	0.8999
1726	1303771301422	1	1.0001	1.1111	0.8999
1727	1303771301443	1	1.0001	1.1111	0.8999
1728	1303771301463	1	1.0001	1.1111	0.8999
1729	1303771301484	1	1.0001	1.1111	0.8999
1730	1303771301503	1	1.0001	1.1111	0.8999
1731	1303771301524	1	1.0001	1.1111	0.8999
1732	1303771301544	1	1.0001	1.1111	0.8999
1733	1303771301565	1	1.0001	1.1111	0.8999
1734	1303771301584	1	1.0001	1.1111	0.8999
1735	1303771301604	1	1.0001	1.1111	0.8999
1736	1303771301627	1	1.0001	1.1111	0.8999
1737	1303771301648	1	1.0001	1.1111	0.8999
1738	1303771301669	1	1.0002	1.0556	0.9472
1739	1303771301689	1	1.0002	1.1111	0.8999
1740	1303771301711	1	1.0002	1.1111	0.8999
1741	1303771301730	1	1.0002	1.0556	0.9472
1742	1303771301751	1	1.0002	1.0556	0.9472
1743	1303771301773	1	1.0002	1.1111	0.8999
1744	1303771301795	1	1.0002	1.1111	0.8999
1745	1303771301817	1	1.0002	1.0556	0.9472
1746	1303771301880	1	1.0002	1.1111	0.8999
1747	1303771301901	1	1.0002	1.1111	0.8999
1748	1303771301921	1	1.0002	1.1111	0.8999
1749	1303771301942	1	1.0002	1.0556	0.9472
1750	1303771301963	1	1.0002	1.1111	0.8999
1751	1303771301985	1	1.0002	1.1111	0.8999
1752	1303771302004	1	1.0002	1.1111	0.8999
1753	1303771302026	1	1.0002	1.0556	0.9472
1754	1303771302046	1	1.0002	1.1111	0.8999
1755	1303771302067	1	1.0002	1.1111	0.8999
1756	1303771302087	1	1.0002	1.1111	0.8999
1757	1303771302108	1	1.0002	1.0556	0.9472
1758	1303771302128	1	1.0002	1.1111	0.8999
1759	1303771302149	1	1.0002	1.1111	0.8999
1760	1303771302169	1	1.0002	1.1111	0.8999
1761	1303771302190	1	1.0002	1.0556	0.9472
1762	1303771302251	1	1.0002	1.1111	0.8999
1763	1303771302273	1	1.0002	1.1111	0.8999
1764	1303771302292	1	1.0002	1.1111	0.8999
1765	1303771302314	1	1.0002	1.0556	0.9472
1766	1303771302335	1	1.0002	1.1111	0.8999
1767	1303771302357	1	1.0002	1.1111	0.8999
1768	1303771302377	1	1.0002	1.1111	0.8999
1769	1303771302398	1	1.0002	1.0556	0.9472
1770	1303771302418	1	1.0002	1.1111	0.8999
1771	1303771302440	1	1.0002	1.1111	0.8999
1772	1303771302460	1	1.0002	1.1111	0.8999
1773	1303771302482	1	1.0002	1.0556	0.9472
1774	1303771302503	1	1.0002	1.1111	0.8999
1775	1303771302525	1	1.0002	1.1111	0.8999
1776	1303771302544	1	1.0002	1.1111	0.8999
1777	1303771302566	1	1.0002	1.1111	0.8999
1778	1303771302585	1	1.0002	1.1111	0.8999
1779	1303771302607	1	1.0002	1.1111	0.8999
1780	1303771302628	1	1.0002	1.1111	0.8999
1781	1303771302650	1	1.0002	1.1111	0.8999
1782	1303771302669	1	1.0002	1.1111	0.8999
1783	1303771302691	1	1.0002	1.1111	0.8999
1784	1303771302712	1	1.0002	1.1111	0.8999
1785	1303771302734	1	1.0002	1.1111	0.8999
1786	1303771302754	1	1.0002	1.1111	0.8999
1787	1303771302775	1	1.0002	1.1111	0.8999
1788	1303771302795	1	1.0002	1.1111	0.8999
1789	1303771302817	1	1.0002	1.1111	0.8999
1790	1303771302836	1	1.0002	1.1111	0.8999
1791	1303771302899	1	1.0002	1.1111	0.8999
1792	1303771302919	1	1.0002	1.1111	0.8999
1793	1303771302940	1	1.0002	1.1111	0.8999
1794	1303771302959	1	1.0002	1.1111	0.8999
1795	1303771302981	1	1.0002	1.1111	0.8999
1796	1303771303001	1	1.0002	1.1111	0.8999
1797	1303771303023	1	1.0002	1.1111	0.8999
1798	1303771303043	1	1	1.0556	0.9473
1799	1303771303064	1	1	1.0556	0.9473
1800	1303771303084	1	1	1.1111	0.9
