0	1303771899714	0	0	0	0
1	1303771899723	0	0	0	0
2	1303771899731	0	0	0	0
3	1303771899740	0	0	0	0
4	1303771899749	0	0	0	0
5	1303771899758	0	0	0	0
6	1303771899809	0	0	0	0
7	1303771899819	0	0	0	0
8	1303771899870	0	0	0	0
9	1303771899880	0	0	0	0
10	1303771899891	0	0	0	0
11	1303771899905	0	0	0	0
12	1303771899916	0	0	0	0
13	1303771899927	0	0	0	0
14	1303771899938	0	0	0	0
15	1303771899999	0.5	0	0	0
16	1303771900030	0.5	0	0	0
17	1303771900053	0.5	0.9864	0	0
18	1303771900073	0.5	0.9864	0	0
19	1303771900092	0.5	0.9864	0	0
20	1303771900112	0.5	0.9864	1.5	0.3379
21	1303771900130	0.5	0.9864	0	0
22	1303771900150	0.5	0.9864	0	0
23	1303771900168	0.5	0.9864	1.5	0.3379
24	1303771900188	0.5	0.9864	1.5	0.3379
25	1303771900209	0.5	0.9864	1.5	0.3379
26	1303771900227	0.5	0.9864	1.25	0.4055
27	1303771900247	0.5	0.9864	1	0.5069
28	1303771900267	0.5	0.9864	1.25	0.4055
29	1303771900286	0.5	0.9864	1	0.5069
30	1303771900304	0.5	0.9864	1.25	0.4055
31	1303771900324	0.5	0.9864	1	0.5069
32	1303771900341	0.5	0.9864	1	0.5069
33	1303771900358	0.5	0.9864	1	0.5069
34	1303771900426	1	0.9864	1	1.0138
35	1303771900461	1	0.9864	1	1.0138
36	1303771900487	1	0.9864	1	1.0138
37	1303771900507	1	1.4506	1	0.6894
38	1303771900524	1	1.3238	1	0.7554
39	1303771900543	1	1.3238	1	0.7554
40	1303771900562	1	1.3238	1.1667	0.6475
41	1303771900580	1	1.3238	1.25	0.6043
42	1303771900599	1	1.3238	1.2	0.6295
43	1303771900617	1	1.3238	1.25	0.6043
44	1303771900634	1	1.3238	1.3	0.5811
45	1303771900651	1	1.3238	1.4167	0.5332
46	1303771900668	1	1.3238	1.4167	0.5332
47	1303771900684	1	1.3238	1.4286	0.5288
48	1303771900702	1	1.3238	1.4286	0.5288
49	1303771900760	1	1.3238	1.4286	0.5288
50	1303771900779	1	1.3238	1.3571	0.5566
51	1303771900795	1	1.3238	1.3333	0.5665
52	1303771900811	1	1.3238	1.2143	0.6221
53	1303771900829	1	1.3238	1.3125	0.5755
54	1303771900846	1	1.3238	1.25	0.6043
55	1303771900863	1	1.3238	1.2	0.6295
56	1303771900880	1	1.3238	1.1111	0.6799
57	1303771900897	1	1.3238	1.25	0.6043
58	1303771900914	1	1.3238	1.1818	0.6392
59	1303771900932	1	1.3238	1.2	0.6295
60	1303771900948	1	1.3238	1.1111	0.6799
61	1303771900966	1	1.3238	1.2273	0.6155
62	1303771900982	1	1.3238	1.1818	0.6392
63	1303771900998	1	1.3238	1.2083	0.6252
64	1303771901016	1	1.3238	1.1818	0.6392
65	1303771901033	1	1.3238	1.1818	0.6392
66	1303771901050	1	1.3238	1.1818	0.6392
67	1303771901068	1	1.3238	1.1818	0.6392
68	1303771901085	1	1.3238	1.1818	0.6392
69	1303771901101	1	1.3238	1.1818	0.6392
70	1303771901119	1	1.3238	1.1818	0.6392
71	1303771901135	1	1.3238	1.2083	0.6252
72	1303771901191	1	1.3238	1.1667	0.6475
73	1303771901209	1	1.3238	1.1364	0.6647
74	1303771901226	1	1.3238	1.1818	0.6392
75	1303771901244	1	1.3238	1.1667	0.6475
76	1303771901260	1	1.3238	1.1538	0.6547
77	1303771901276	1	1.3238	1.1538	0.6547
78	1303771901294	1	1.3238	1.1538	0.6547
79	1303771901311	1	1.3238	1.1538	0.6547
80	1303771901327	1	1.3309	1.1786	0.6375
81	1303771901345	1	1.3309	1.1429	0.6575
82	1303771901405	1	1.3309	1.1071	0.6787
83	1303771901422	1	1.3309	1.1071	0.6787
84	1303771901441	1	1.3309	1.1071	0.6787
85	1303771901459	1	1.3309	1.1429	0.6575
86	1303771901475	1	1.3309	1.1071	0.6787
87	1303771901493	1	1.3309	1.1071	0.6787
88	1303771901510	1	1.3309	1.1071	0.6787
89	1303771901526	1	1.3309	1.1071	0.6787
90	1303771901545	1	1.3309	1.1071	0.6787
91	1303771901561	1	1.3309	1.1	0.6831
92	1303771901578	1	1.3309	1.0667	0.7044
93	1303771901597	1	1.3309	1.0667	0.7044
94	1303771901614	1	1.3309	1.0667	0.7044
95	1303771901631	1	1.3309	1.1	0.6831
96	1303771901650	1	1.3309	1.1	0.6831
97	1303771901666	1	1.3309	1.1	0.6831
98	1303771901683	1	1.1839	1.0667	0.7919
99	1303771901702	1	1.1839	1.0333	0.8174
100	1303771901719	1	1.1839	1.0333	0.8174
101	1303771901735	1	1.1839	1.0333	0.8174
102	1303771901754	1	1.1839	1.0333	0.8174
103	1303771901771	1	1.1839	1.0333	0.8174
104	1303771901788	1	1.1839	1.0333	0.8174
105	1303771901808	1	1.1839	1.0333	0.8174
106	1303771901825	1	1.1839	1.0333	0.8174
107	1303771901843	1	1.1839	1.0333	0.8174
108	1303771901905	1	1.1839	1.0333	0.8174
109	1303771901922	1	1.1839	1.0333	0.8174
110	1303771901940	1	1.1839	1.0333	0.8174
111	1303771901997	1	1.1839	1.0333	0.8174
112	1303771902014	1	1.1839	1.0667	0.7919
113	1303771902032	1	1.1839	1.0333	0.8174
114	1303771902050	1	1.1839	1.0333	0.8174
115	1303771902107	1	1.1839	1.0667	0.7919
116	1303771902126	1	1.1839	1.0333	0.8174
117	1303771902143	1	1.1839	1.0333	0.8174
118	1303771902160	1	1.1839	1.0667	0.7919
119	1303771902179	1	1.1839	1.0333	0.8174
120	1303771902195	1	1.1839	1.0333	0.8174
121	1303771902211	1	1.1839	1.0667	0.7919
122	1303771902229	1	1.1839	1.0333	0.8174
123	1303771902246	1	1.1839	1.0333	0.8174
124	1303771902262	1	1.1839	1.0667	0.7919
125	1303771902280	1	1.1839	1.0333	0.8174
126	1303771902298	1	1.1839	1.0333	0.8174
127	1303771902316	1	1.1839	1.0667	0.7919
128	1303771902334	1	1.1839	1.0667	0.7919
129	1303771902350	1	1.1839	1.0333	0.8174
130	1303771902368	1	1.1839	1.0333	0.8174
131	1303771902386	1	1.1839	1.0667	0.7919
132	1303771902402	1	1.1839	1.0333	0.8174
133	1303771902419	1	1.1839	1.0333	0.8174
134	1303771902436	1	1.1839	1.0667	0.7919
135	1303771902454	1	1.1839	1.0667	0.7919
136	1303771902471	1	1.1839	1.0333	0.8174
137	1303771902487	1	1.1839	1.0333	0.8174
138	1303771902545	1	1.1839	1.0667	0.7919
139	1303771902562	1	1.1839	1.0667	0.7919
140	1303771902578	1	1.1835	1.0333	0.8177
141	1303771902595	1	1.1835	1.0625	0.7952
142	1303771902611	1	1.1835	1.0625	0.7952
143	1303771902627	1	1.1835	1.0625	0.7952
144	1303771902645	1	1.1835	1.0333	0.8177
145	1303771902661	1	1.1835	1.0625	0.7952
146	1303771902677	1	1.1835	1.0625	0.7952
147	1303771902695	1	1.1835	1.0625	0.7952
148	1303771902712	1	1.1835	1.0312	0.8193
149	1303771902728	1	1.1835	1.0625	0.7952
150	1303771902744	1	1.1835	1.0625	0.7952
151	1303771902802	1	1.1835	1.0625	0.7952
152	1303771902819	1	1.1835	1.0312	0.8193
153	1303771902835	1	1.1835	1.0625	0.7952
154	1303771902853	1	1.1835	1.0625	0.7952
155	1303771902869	1	1.1835	1.0625	0.7952
156	1303771902886	1	1.1835	1.0312	0.8193
157	1303771902905	1	1.1835	1.0625	0.7952
158	1303771902921	1	1.1835	1.0625	0.7952
159	1303771902938	1	1.0839	1.0625	0.8683
160	1303771902958	1	1.0426	1.0312	0.93
161	1303771902975	1	1.0426	1.0625	0.9027
162	1303771902992	1	1.0426	1.0625	0.9027
163	1303771903008	1	1.0426	1.0625	0.9027
164	1303771903026	1	1.0426	1.0312	0.93
165	1303771903042	1	1.0426	1.0625	0.9027
166	1303771903058	1	1.0426	1.0625	0.9027
167	1303771903076	1	1.0426	1.0625	0.9027
168	1303771903092	1	1.0426	1.0312	0.93
169	1303771903108	1	1.0426	1.0625	0.9027
170	1303771903127	1	1.0426	1.0625	0.9027
171	1303771903143	1	1.0426	1.0625	0.9027
172	1303771903160	1	1.0426	1.0312	0.93
173	1303771903176	1	1.0426	1.0625	0.9027
174	1303771903194	1	1.0426	1.0625	0.9027
175	1303771903210	1	1.0426	1.0625	0.9027
176	1303771903226	1	1.0426	1.0312	0.93
177	1303771903244	1	1.0426	1.0625	0.9027
178	1303771903260	1	1.0426	1.0625	0.9027
179	1303771903277	1	1.0426	1.0625	0.9027
180	1303771903296	1	1.0426	1.0312	0.93
181	1303771903312	1	1.0426	1.0625	0.9027
182	1303771903328	1	1.0426	1.0625	0.9027
183	1303771903347	1	1.0426	1.0625	0.9027
184	1303771903363	1	1.0426	1.0312	0.93
185	1303771903379	1	1.0426	1.0625	0.9027
186	1303771903395	1	1.0426	1.0625	0.9027
187	1303771903413	1	1.0426	1.0625	0.9027
188	1303771903429	1	1.0426	1.0312	0.93
189	1303771903445	1	1.0426	1.0625	0.9027
190	1303771903463	1	1.0426	1.0625	0.9027
191	1303771903480	1	1.0426	1.0625	0.9027
192	1303771903497	1	1.0426	1.0312	0.93
193	1303771903514	1	1.0426	1.0625	0.9027
194	1303771903574	1	1.0426	1.0312	0.93
195	1303771903590	1	1.0426	1.0625	0.9027
196	1303771903608	1	1.0426	1.0312	0.93
197	1303771903625	1	1.0426	1.0625	0.9027
198	1303771903642	1	1.0426	1.0312	0.93
199	1303771903658	1	1.0426	1.0625	0.9027
200	1303771903716	1	1.0426	1.0312	0.93
201	1303771903733	1	1.0426	1.0625	0.9027
202	1303771903748	1	1.0426	1.0312	0.93
203	1303771903767	1	1.0427	1.0625	0.9026
204	1303771903783	1	1.0427	1.0312	0.9299
205	1303771903800	1	1.0427	1.0625	0.9026
206	1303771903858	1	1.0427	1.0312	0.9299
207	1303771903874	1	1.0427	1.0625	0.9026
208	1303771903890	1	1.0427	1.0312	0.9299
209	1303771903908	1	1.0427	1.0625	0.9026
210	1303771903924	1	1.0427	1.0312	0.9299
211	1303771903940	1	1.0427	1.0625	0.9026
212	1303771903956	1	1.0427	1.0625	0.9026
213	1303771903974	1	1.0427	1.0625	0.9026
214	1303771903990	1	1.0427	1.0312	0.9299
215	1303771904006	1	1.0427	1.0625	0.9026
216	1303771904024	1	1.0427	1.0625	0.9026
217	1303771904040	1	1.0427	1.0625	0.9026
218	1303771904056	1	1.0427	1.0312	0.9299
219	1303771904075	1	1.0427	1.0625	0.9026
220	1303771904094	1	1.0462	1.0625	0.8996
221	1303771904114	1	1.0391	1.0625	0.9058
222	1303771904133	1	1.0391	1.0312	0.9332
223	1303771904150	1	1.0391	1.0625	0.9058
224	1303771904166	1	1.0391	1.0625	0.9058
225	1303771904183	1	1.0391	1.0625	0.9058
226	1303771904201	1	1.0391	1.0312	0.9332
227	1303771904217	1	1.0391	1.0625	0.9058
228	1303771904233	1	1.0391	1.0625	0.9058
229	1303771904251	1	1.0391	1.0625	0.9058
230	1303771904267	1	1.0391	1.0312	0.9332
231	1303771904283	1	1.0391	1.0625	0.9058
232	1303771904301	1	1.0391	1.0625	0.9058
233	1303771904317	1	1.0391	1.0625	0.9058
234	1303771904334	1	1.0391	1.0312	0.9332
235	1303771904352	1	1.0391	1.0625	0.9058
236	1303771904369	1	1.0391	1.0625	0.9058
237	1303771904385	1	1.0391	1.0625	0.9058
238	1303771904402	1	1.0391	1.0312	0.9332
239	1303771904421	1	1.0391	1.0625	0.9058
240	1303771904438	1	1.0391	1.0625	0.9058
241	1303771904454	1	1.0391	1.0625	0.9058
242	1303771904473	1	1.0391	1.0312	0.9332
243	1303771904489	1	1.0391	1.0625	0.9058
244	1303771904505	1	1.0391	1.0625	0.9058
245	1303771904523	1	1.0391	1.0625	0.9058
246	1303771904580	1	1.0391	1.0312	0.9332
247	1303771904597	1	1.0391	1.0625	0.9058
248	1303771904656	1	1.0391	1.0625	0.9058
249	1303771904672	1	1.0391	1.0625	0.9058
250	1303771904688	1	1.0391	1.0312	0.9332
251	1303771904706	1	1.0391	1.0625	0.9058
252	1303771904723	1	1.0391	1.0625	0.9058
253	1303771904739	1	1.0391	1.0625	0.9058
254	1303771904756	1	1.0391	1.0312	0.9332
255	1303771904820	1	1.0391	1.0625	0.9058
256	1303771904836	1	1.0391	1.0625	0.9058
257	1303771904893	1	1.0391	1.0625	0.9058
258	1303771904912	1	1.0391	1.0312	0.9332
259	1303771904929	1	1.0391	1.0625	0.9058
260	1303771904945	1	1.0391	1.0625	0.9058
261	1303771904963	1	1.0391	1.0625	0.9058
262	1303771904980	1	1.0391	1.0312	0.9332
263	1303771904996	1	1.0391	1.0625	0.9058
264	1303771905013	1	1.0391	1.0625	0.9058
265	1303771905029	1	1.0391	1.0625	0.9058
266	1303771905046	1	1.0391	1.0312	0.9332
267	1303771905062	1	1.0391	1.0625	0.9058
268	1303771905120	1	1.0391	1.0625	0.9058
269	1303771905137	1	1.0391	1.0625	0.9058
270	1303771905153	1	1.0391	1.0312	0.9332
271	1303771905171	1	1.0391	1.0625	0.9058
272	1303771905300	1	1.0391	1.0625	0.9058
273	1303771905317	1	1.0391	1.0625	0.9058
274	1303771905335	1	1.0391	1.0312	0.9332
275	1303771905352	1	1.0391	1.0625	0.9058
276	1303771905370	1	1.0391	1.0625	0.9058
277	1303771905429	1	1.0391	1.0625	0.9058
278	1303771905445	1	1.0391	1.0312	0.9332
279	1303771905462	1	1.0391	1.0625	0.9058
280	1303771905480	1	1.0391	1.0625	0.9058
281	1303771905500	1	1.0391	1.0625	0.9058
282	1303771905521	1	1.0387	1.0312	0.9336
283	1303771905540	1	1.0387	1.0312	0.9336
284	1303771905556	1	1.0387	1.0625	0.9061
285	1303771905573	1	1.0387	1.0625	0.9061
286	1303771905590	1	1.0387	1.0312	0.9336
287	1303771905609	1	1.0387	1.0312	0.9336
288	1303771905626	1	1.0387	1.0625	0.9061
289	1303771905642	1	1.0387	1.0625	0.9061
290	1303771905700	1	1.0387	1.0312	0.9336
291	1303771905716	1	1.0387	1.0312	0.9336
292	1303771905733	1	1.0387	1.0625	0.9061
293	1303771905751	1	1.0387	1.0625	0.9061
294	1303771905767	1	1.0387	1.0312	0.9336
295	1303771905783	1	1.0387	1.0312	0.9336
296	1303771905801	1	1.0387	1.0625	0.9061
297	1303771905817	1	1.0387	1.0625	0.9061
298	1303771905833	1	1.0387	1.0312	0.9336
299	1303771905849	1	1.0387	1.0312	0.9336
300	1303771905868	1	1.0387	1.0625	0.9061
301	1303771905884	1	1.0387	1.0625	0.9061
302	1303771905900	1	1.0387	1.0312	0.9336
303	1303771905919	1	1.0387	1.0312	0.9336
304	1303771905935	1	1.0387	1.0625	0.9061
305	1303771905951	1	1.0387	1.0625	0.9061
306	1303771905969	1	1.0387	1.0312	0.9336
307	1303771905985	1	1.0387	1.0312	0.9336
308	1303771906001	1	1.0387	1.0625	0.9061
309	1303771906019	1	1.0387	1.0625	0.9061
310	1303771906035	1	1.0387	1.0312	0.9336
311	1303771906051	1	1.0387	1.0312	0.9336
312	1303771906067	1	1.0387	1.0625	0.9061
313	1303771906084	1	1.0387	1.0625	0.9061
314	1303771906100	1	1.0387	1.0312	0.9336
315	1303771906116	1	1.0387	1.0312	0.9336
316	1303771906133	1	1.0387	1.0625	0.9061
317	1303771906149	1	1.0387	1.0625	0.9061
318	1303771906165	1	1.0387	1.0312	0.9336
319	1303771906181	1	1.0387	1.0312	0.9336
320	1303771906240	1	1.0387	1.0625	0.9061
321	1303771906256	1	1.0387	1.0625	0.9061
322	1303771906312	1	1.0387	1.0312	0.9336
323	1303771906330	1	1.0387	1.0312	0.9336
324	1303771906347	1	1.0387	1.0625	0.9061
325	1303771906363	1	1.0387	1.0312	0.9336
326	1303771906380	1	1.0387	1.0312	0.9336
327	1303771906396	1	1.0387	1.0625	0.9061
328	1303771906453	1	1.0387	1.0625	0.9061
329	1303771906471	1	1.0387	1.0312	0.9336
330	1303771906487	1	1.0387	1.0312	0.9336
331	1303771906504	1	1.0387	1.0625	0.9061
332	1303771906521	1	1.0387	1.0625	0.9061
333	1303771906539	1	1.0387	1.0312	0.9336
334	1303771906556	1	1.0387	1.0312	0.9336
335	1303771906572	1	1.0387	1.0625	0.9061
336	1303771906589	1	1.0387	1.0625	0.9061
337	1303771906605	1	1.0387	1.0312	0.9336
338	1303771906621	1	1.0387	1.0312	0.9336
339	1303771906639	1	1.0387	1.0625	0.9061
340	1303771906655	1	1.0387	1.0312	0.9336
341	1303771906671	1	1.0387	1.0312	0.9336
342	1303771906688	1	1.0387	1.0625	0.9061
343	1303771906708	1	1.0387	1.0625	0.9061
344	1303771906724	1	1.0387	1.0312	0.9336
345	1303771906741	1	1.0387	1.0312	0.9336
346	1303771906760	1	1.0387	1.0625	0.9061
347	1303771906776	1	1.0387	1.0625	0.9061
348	1303771906792	1	1.0387	1.0312	0.9336
349	1303771906810	1	1.0387	1.0312	0.9336
350	1303771906826	1	1.0387	1.0625	0.9061
351	1303771906842	1	1.0387	1.0312	0.9336
352	1303771906899	1	1.0387	1.0312	0.9336
353	1303771906918	1	1.0387	1.0625	0.9061
354	1303771906935	1	1.0387	1.0312	0.9336
355	1303771906952	1	1.0387	1.0312	0.9336
356	1303771907014	1	1.0387	1.0625	0.9061
357	1303771907071	1	1.0387	1.0312	0.9336
358	1303771907087	1	1.0387	1.0312	0.9336
359	1303771907105	1	1.0387	1.0625	0.9061
360	1303771907122	1	1.0387	1.0312	0.9336
361	1303771907138	1	1.0387	1.0312	0.9336
362	1303771907155	1	1.0387	1.0625	0.9061
363	1303771907174	1	1.0387	1.0312	0.9336
364	1303771907190	1	1.0387	1.0312	0.9336
365	1303771907206	1	1.0387	1.0625	0.9061
366	1303771907224	1	1.0387	1.0312	0.9336
367	1303771907241	1	1.0387	1.0312	0.9336
368	1303771907299	1	1.0387	1.0625	0.9061
369	1303771907317	1	1.0387	1.0625	0.9061
370	1303771907334	1	1.0387	1.0312	0.9336
371	1303771907350	1	1.0387	1.0312	0.9336
372	1303771907367	1	1.0387	1.0625	0.9061
373	1303771907385	1	1.0387	1.0312	0.9336
374	1303771907401	1	1.0387	1.0312	0.9336
375	1303771907418	1	1.0387	1.0625	0.9061
376	1303771907437	1	1.0387	1.0625	0.9061
377	1303771907453	1	1.0387	1.0312	0.9336
378	1303771907469	1	1.0387	1.0312	0.9336
379	1303771907485	1	1.0387	1.0625	0.9061
380	1303771907503	1	1.0387	1.0312	0.9336
381	1303771907520	1	1.0387	1.0312	0.9336
382	1303771907536	1	1.0387	1.0625	0.9061
383	1303771907554	1	1.0387	1.0625	0.9061
384	1303771907571	1	1.0387	1.0312	0.9336
385	1303771907587	1	1.0387	1.0312	0.9336
386	1303771907603	1	1.0387	1.0625	0.9061
387	1303771907621	1	1.0387	1.0312	0.9336
388	1303771907637	1	1.0387	1.0312	0.9336
389	1303771907653	1	1.0387	1.0625	0.9061
390	1303771907671	1	1.0387	1.0625	0.9061
391	1303771907687	1	1.0387	1.0312	0.9336
392	1303771907770	1	1.0387	1.0312	0.9336
393	1303771907786	1	1.0387	1.0625	0.9061
394	1303771907804	1	1.0387	1.0312	0.9336
395	1303771907821	1	1.0387	1.0312	0.9336
396	1303771907837	1	1.0387	1.0625	0.9061
397	1303771907855	1	1.0387	1.0625	0.9061
398	1303771907871	1	1.0387	1.0312	0.9336
399	1303771907887	1	1.0387	1.0312	0.9336
400	1303771907912	1	1.0387	1.0625	0.9061
401	1303771907934	1	1.0387	1.0312	0.9336
402	1303771907950	1	1.0387	1.0312	0.9336
403	1303771907968	1	1.0387	1.0625	0.9061
404	1303771907989	1	1.0387	1.0625	0.9061
405	1303771908006	1	1.0387	1.0312	0.9336
406	1303771908063	1	1.0387	1.0312	0.9336
407	1303771908081	1	1.0387	1.0625	0.9061
408	1303771908098	1	1.0387	1.0312	0.9336
409	1303771908115	1	1.0387	1.0312	0.9336
410	1303771908133	1	1.0387	1.0625	0.9061
411	1303771908150	1	1.0387	1.0625	0.9061
412	1303771908166	1	1.0387	1.0312	0.9336
413	1303771908223	1	1.0387	1.0312	0.9336
414	1303771908242	1	1.0387	1.0625	0.9061
415	1303771908259	1	1.0387	1.0312	0.9336
416	1303771908276	1	1.0387	1.0312	0.9336
417	1303771908294	1	1.0387	1.0625	0.9061
418	1303771908310	1	1.0387	1.0625	0.9061
419	1303771908327	1	1.0387	1.0312	0.9336
420	1303771908346	1	1.0387	1.0312	0.9336
421	1303771908362	1	1.0387	1.0625	0.9061
422	1303771908378	1	1.0387	1.0312	0.9336
423	1303771908394	1	1.0387	1.0312	0.9336
424	1303771908411	1	1.0387	1.0625	0.9061
425	1303771908427	1	1.0387	1.0625	0.9061
426	1303771908444	1	1.0387	1.0312	0.9336
427	1303771908463	1	1.0387	1.0312	0.9336
428	1303771908479	1	1.0387	1.0625	0.9061
429	1303771908496	1	1.0387	1.0625	0.9061
430	1303771908513	1	1.0387	1.0312	0.9336
431	1303771908530	1	1.0387	1.0312	0.9336
432	1303771908546	1	1.0387	1.0625	0.9061
433	1303771908563	1	1.0387	1.0312	0.9336
434	1303771908622	1	1.0387	1.0312	0.9336
435	1303771908679	1	1.0387	1.0625	0.9061
436	1303771908695	1	1.0387	1.0625	0.9061
437	1303771908713	1	1.0387	1.0312	0.9336
438	1303771908729	1	1.0387	1.0312	0.9336
439	1303771908745	1	1.0387	1.0625	0.9061
440	1303771908761	1	1.0387	1.0625	0.9061
441	1303771908779	1	1.0387	1.0312	0.9336
442	1303771908836	1	1.0387	1.0312	0.9336
443	1303771908852	1	1.0387	1.0625	0.9061
444	1303771908870	1	1.0387	1.0312	0.9336
445	1303771908886	1	1.0387	1.0312	0.9336
446	1303771908902	1	1.0387	1.0625	0.9061
447	1303771908918	1	1.0387	1.0625	0.9061
448	1303771908977	1	1.0387	1.0312	0.9336
449	1303771908993	1	1.0387	1.0312	0.9336
450	1303771909009	1	1.0387	1.0625	0.9061
451	1303771909027	1	1.0387	1.0625	0.9061
452	1303771909043	1	1.0387	1.0312	0.9336
453	1303771909060	1	1.0387	1.0312	0.9336
454	1303771909078	1	1.0387	1.0625	0.9061
455	1303771909094	1	1.0387	1.0312	0.9336
456	1303771909111	1	1.0387	1.0312	0.9336
457	1303771909128	1	1.0387	1.0625	0.9061
458	1303771909146	1	1.0387	1.0625	0.9061
459	1303771909203	1	1.0387	1.0312	0.9336
460	1303771909219	1	1.0387	1.0312	0.9336
461	1303771909238	1	1.0387	1.0625	0.9061
462	1303771909254	1	1.0387	1.0625	0.9061
463	1303771909271	1	1.0387	1.0312	0.9336
464	1303771909332	1	1.0387	1.0312	0.9336
465	1303771909352	1	1.0385	1.0625	0.9063
466	1303771909369	1	1.0385	1.0312	0.9337
467	1303771909385	1	1.0385	1.0312	0.9337
468	1303771909403	1	1.0385	1.0625	0.9063
469	1303771909419	1	1.0385	1.0625	0.9063
470	1303771909435	1	1.0385	1.0312	0.9337
471	1303771909454	1	1.0385	1.0312	0.9337
472	1303771909471	1	1.0385	1.0625	0.9063
473	1303771909487	1	1.0385	1.0625	0.9063
474	1303771909545	1	1.0385	1.0312	0.9337
475	1303771909561	1	1.0385	1.0312	0.9337
476	1303771909577	1	1.0385	1.0625	0.9063
477	1303771909613	1	1.0385	1.0312	0.9337
478	1303771909631	1	1.0385	1.0312	0.9337
479	1303771909721	1	1.0385	1.0625	0.9063
480	1303771909737	1	1.0385	1.0625	0.9063
481	1303771909756	1	1.0385	1.0312	0.9337
482	1303771909772	1	1.0385	1.0312	0.9337
483	1303771909789	1	1.0385	1.0625	0.9063
484	1303771909804	1	1.0385	1.0625	0.9063
485	1303771909822	1	1.0385	1.0312	0.9337
486	1303771909838	1	1.0385	1.0312	0.9337
487	1303771909854	1	1.0385	1.0625	0.9063
488	1303771909872	1	1.0385	1.0312	0.9337
489	1303771909933	1	1.0385	1.0312	0.9337
490	1303771909950	1	1.0385	1.0625	0.9063
491	1303771909967	1	1.0385	1.0625	0.9063
492	1303771909985	1	1.0385	1.0312	0.9337
493	1303771910003	1	1.0385	1.0312	0.9337
494	1303771910019	1	1.0385	1.0625	0.9063
495	1303771910037	1	1.0385	1.0625	0.9063
496	1303771910053	1	1.0385	1.0312	0.9337
497	1303771910069	1	1.0385	1.0312	0.9337
498	1303771910127	1	1.0385	1.0625	0.9063
499	1303771910143	1	1.0385	1.0312	0.9337
500	1303771910159	1	1.0385	1.0312	0.9337
501	1303771910176	1	1.0385	1.0625	0.9063
502	1303771910195	1	1.0385	1.0625	0.9063
503	1303771910251	1	1.0385	1.0312	0.9337
504	1303771910308	1	1.0385	1.0312	0.9337
505	1303771910326	1	1.0385	1.0625	0.9063
506	1303771910383	1	1.0385	1.0312	0.9337
507	1303771910399	1	1.0385	1.0312	0.9337
508	1303771910417	1	1.0385	1.0625	0.9063
509	1303771910433	1	1.0385	1.0625	0.9062
510	1303771910450	1	1.0385	1.0312	0.9337
511	1303771910466	1	1.0385	1.0312	0.9337
512	1303771910484	1	1.0385	1.0625	0.9062
513	1303771910500	1	1.0385	1.0625	0.9062
514	1303771910517	1	1.0385	1.0312	0.9337
515	1303771910535	1	1.0385	1.0312	0.9337
516	1303771910551	1	1.0385	1.0625	0.9062
517	1303771910608	1	1.0385	1.0312	0.9337
518	1303771910624	1	1.0385	1.0312	0.9337
519	1303771910642	1	1.0385	1.0625	0.9062
520	1303771910659	1	1.0385	1.0625	0.9062
521	1303771910716	1	1.0385	1.0312	0.9337
522	1303771910735	1	1.0385	1.0312	0.9337
523	1303771910752	1	1.0385	1.0625	0.9062
524	1303771910768	1	1.0385	1.0312	0.9337
525	1303771910789	1	1.0385	1.0312	0.9337
526	1303771910809	1	1.0385	1.0625	0.9062
527	1303771910826	1	1.0385	1.0625	0.9062
528	1303771910890	1	1.0386	1.0312	0.9337
529	1303771910907	1	1.0386	1.0312	0.9337
530	1303771910924	1	1.0386	1.0625	0.9062
531	1303771910940	1	1.0386	1.0312	0.9337
532	1303771910958	1	1.0386	1.0312	0.9337
533	1303771910974	1	1.0386	1.0625	0.9062
534	1303771910990	1	1.0386	1.0625	0.9062
535	1303771911009	1	1.0386	1.0312	0.9337
536	1303771911025	1	1.0386	1.0312	0.9337
537	1303771911042	1	1.0386	1.0625	0.9062
538	1303771911058	1	1.0386	1.0312	0.9337
539	1303771911076	1	1.0386	1.0312	0.9337
540	1303771911093	1	1.0386	1.0625	0.9062
541	1303771911109	1	1.0386	1.0625	0.9062
542	1303771911127	1	1.0386	1.0312	0.9337
543	1303771911143	1	1.0386	1.0312	0.9337
544	1303771911159	1	1.0386	1.0625	0.9062
545	1303771911176	1	1.0386	1.0625	0.9062
546	1303771911193	1	1.0386	1.0312	0.9337
547	1303771911209	1	1.0386	1.0312	0.9337
548	1303771911267	1	1.0386	1.0625	0.9062
549	1303771911285	1	1.0386	1.0312	0.9337
550	1303771911302	1	1.0386	1.0312	0.9337
551	1303771911318	1	1.0386	1.0625	0.9062
552	1303771911336	1	1.0386	1.0625	0.9062
553	1303771911352	1	1.0386	1.0312	0.9337
554	1303771911368	1	1.0386	1.0312	0.9337
555	1303771911386	1	1.0386	1.0625	0.9062
556	1303771911404	1	1.0386	1.0312	0.9337
557	1303771911421	1	1.0386	1.0312	0.9337
558	1303771911437	1	1.0386	1.0625	0.9062
559	1303771911498	1	1.0386	1.0625	0.9062
560	1303771911515	1	1.0386	1.0312	0.9337
561	1303771911531	1	1.0386	1.0312	0.9337
562	1303771911547	1	1.0386	1.0625	0.9062
563	1303771911565	1	1.0386	1.0625	0.9062
564	1303771911582	1	1.0386	1.0312	0.9337
565	1303771911598	1	1.0386	1.0312	0.9337
566	1303771911656	1	1.0386	1.0625	0.9062
567	1303771911673	1	1.0386	1.0312	0.9337
568	1303771911689	1	1.0386	1.0312	0.9337
569	1303771911707	1	1.0386	1.0625	0.9062
570	1303771911724	1	1.0386	1.0625	0.9062
571	1303771911740	1	1.0386	1.0312	0.9337
572	1303771911756	1	1.0386	1.0312	0.9337
573	1303771911815	1	1.0386	1.0625	0.9062
574	1303771911832	1	1.0386	1.0625	0.9062
575	1303771911848	1	1.0386	1.0312	0.9337
576	1303771911866	1	1.0386	1.0312	0.9337
577	1303771911884	1	1.0386	1.0625	0.9062
578	1303771911901	1	1.0386	1.0312	0.9337
579	1303771911918	1	1.0386	1.0312	0.9337
580	1303771911936	1	1.0386	1.0625	0.9062
581	1303771911953	1	1.0386	1.0625	0.9062
582	1303771911970	1	1.0386	1.0312	0.9337
583	1303771911989	1	1.0386	1.0312	0.9337
584	1303771912005	1	1.0386	1.0625	0.9062
585	1303771912021	1	1.0386	1.0625	0.9062
586	1303771912041	1	1.0386	1.0312	0.9337
587	1303771912061	1	1.0385	1.0312	0.9337
588	1303771912078	1	1.0385	1.0625	0.9063
589	1303771912137	1	1.0385	1.0312	0.9337
590	1303771912215	1	1.0385	1.0312	0.9337
591	1303771912231	1	1.0385	1.0625	0.9063
592	1303771912249	1	1.0385	1.0625	0.9063
593	1303771912268	1	1.0385	1.0312	0.9337
594	1303771912326	1	1.0385	1.0312	0.9337
595	1303771912342	1	1.0385	1.0625	0.9063
596	1303771912401	1	1.0385	1.0312	0.9337
597	1303771912417	1	1.0385	1.0312	0.9337
598	1303771912433	1	1.0385	1.0625	0.9063
599	1303771912449	1	1.0385	1.0625	0.9063
600	1303771912467	1	1.0385	1.0312	0.9337
601	1303771912524	1	1.0385	1.0312	0.9337
602	1303771912540	1	1.0385	1.0625	0.9063
603	1303771912558	1	1.0385	1.0625	0.9063
604	1303771912615	1	1.0385	1.0312	0.9337
605	1303771912632	1	1.0385	1.0312	0.9337
606	1303771912650	1	1.0385	1.0625	0.9063
607	1303771912667	1	1.0385	1.0312	0.9337
608	1303771912683	1	1.0385	1.0312	0.9337
609	1303771912699	1	1.0385	1.0625	0.9063
610	1303771912717	1	1.0385	1.0625	0.9063
611	1303771912774	1	1.0385	1.0312	0.9337
612	1303771912791	1	1.0385	1.0312	0.9337
613	1303771912809	1	1.0385	1.0625	0.9063
614	1303771912866	1	1.0385	1.0312	0.9337
615	1303771912882	1	1.0385	1.0312	0.9337
616	1303771912900	1	1.0385	1.0625	0.9063
617	1303771912918	1	1.0385	1.0625	0.9063
618	1303771912935	1	1.0385	1.0312	0.9337
619	1303771912951	1	1.0385	1.0312	0.9337
620	1303771912969	1	1.0385	1.0625	0.9063
621	1303771912985	1	1.0385	1.0312	0.9337
622	1303771913002	1	1.0385	1.0312	0.9337
623	1303771913020	1	1.0385	1.0625	0.9063
624	1303771913036	1	1.0385	1.0625	0.9063
625	1303771913053	1	1.0385	1.0312	0.9337
626	1303771913069	1	1.0385	1.0312	0.9337
627	1303771913127	1	1.0385	1.0625	0.9063
628	1303771913144	1	1.0385	1.0312	0.9337
629	1303771913160	1	1.0385	1.0312	0.9337
630	1303771913178	1	1.0385	1.0625	0.9063
631	1303771913195	1	1.0393	1.0625	0.9056
632	1303771913213	1	1.0393	1.0312	0.933
633	1303771913232	1	1.0393	1.0312	0.933
634	1303771913250	1	1.0393	1.0625	0.9056
635	1303771913269	1	1.0393	1.0312	0.933
636	1303771913286	1	1.0393	1.0312	0.933
637	1303771913304	1	1.0393	1.0625	0.9056
638	1303771913362	1	1.0393	1.0625	0.9056
639	1303771913379	1	1.0393	1.0312	0.933
640	1303771913398	1	1.0393	1.0312	0.933
641	1303771913415	1	1.0393	1.0625	0.9056
642	1303771913433	1	1.0393	1.0312	0.933
643	1303771913453	1	1.0393	1.0312	0.933
644	1303771913470	1	1.0393	1.0625	0.9056
645	1303771913488	1	1.0393	1.0625	0.9056
646	1303771913505	1	1.0393	1.0312	0.933
647	1303771913526	1	1.0393	1.0312	0.933
648	1303771913549	1	1.0393	1.0625	0.9056
649	1303771913567	1	1.0393	1.0312	0.933
650	1303771913585	1	1.0393	1.0312	0.933
651	1303771913603	1	1.0393	1.0625	0.9056
652	1303771913620	1	1.0393	1.0625	0.9056
653	1303771913640	1	1.0393	1.0312	0.933
654	1303771913657	1	1.0393	1.0312	0.933
655	1303771913675	1	1.0393	1.0625	0.9056
656	1303771913692	1	1.0393	1.0312	0.933
657	1303771913710	1	1.0393	1.0312	0.933
658	1303771913767	1	1.0393	1.0625	0.9056
659	1303771913784	1	1.0393	1.0625	0.9056
660	1303771913803	1	1.0393	1.0312	0.933
661	1303771913821	1	1.0393	1.0312	0.933
662	1303771913838	1	1.0393	1.0625	0.9056
663	1303771913857	1	1.0393	1.0312	0.933
664	1303771913873	1	1.0393	1.0312	0.933
665	1303771913890	1	1.0393	1.0625	0.9056
666	1303771913907	1	1.0393	1.0625	0.9056
667	1303771913925	1	1.0393	1.0312	0.933
668	1303771913942	1	1.0393	1.0312	0.933
669	1303771913960	1	1.0393	1.0625	0.9056
670	1303771913979	1	1.0393	1.0625	0.9056
671	1303771913996	1	1.0393	1.0312	0.933
672	1303771914013	1	1.0393	1.0312	0.933
673	1303771914031	1	1.0393	1.0625	0.9056
674	1303771914049	1	1.0393	1.0312	0.933
675	1303771914066	1	1.0393	1.0312	0.933
676	1303771914083	1	1.0393	1.0625	0.9056
677	1303771914101	1	1.0393	1.0625	0.9056
678	1303771914118	1	1.0393	1.0312	0.933
679	1303771914135	1	1.0393	1.0312	0.933
680	1303771914154	1	1.0393	1.0625	0.9056
681	1303771914170	1	1.0393	1.0312	0.933
682	1303771914187	1	1.0393	1.0312	0.933
683	1303771914204	1	1.0393	1.0625	0.9056
684	1303771914224	1	1.0393	1.0625	0.9056
685	1303771914240	1	1.0393	1.0312	0.933
686	1303771914257	1	1.0393	1.0312	0.933
687	1303771914275	1	1.0393	1.0625	0.9056
688	1303771914332	1	1.0393	1.0625	0.9056
689	1303771914349	1	1.0383	1.0312	0.9339
690	1303771914365	1	1.0383	1.0312	0.9339
691	1303771914439	1	1.0383	1.0625	0.9064
692	1303771914458	1	1.0383	1.0312	0.9339
693	1303771914474	1	1.0383	1.0312	0.9339
694	1303771914491	1	1.0383	1.0625	0.9064
695	1303771914548	1	1.0383	1.0625	0.9064
696	1303771914564	1	1.0383	1.0312	0.9339
697	1303771914582	1	1.0383	1.0312	0.9339
698	1303771914598	1	1.0383	1.0625	0.9064
699	1303771914614	1	1.0383	1.0625	0.9064
700	1303771914631	1	1.0383	1.0312	0.9339
701	1303771914649	1	1.0383	1.0312	0.9339
702	1303771914666	1	1.0383	1.0625	0.9064
703	1303771914722	1	1.0383	1.0312	0.9339
704	1303771914785	1	1.0383	1.0312	0.9339
705	1303771914801	1	1.0383	1.0625	0.9064
706	1303771914816	1	1.0383	1.0625	0.9064
707	1303771914834	1	1.0383	1.0312	0.9339
708	1303771914853	1	1.0383	1.0312	0.9339
709	1303771914874	1	1.0383	1.0625	0.9065
710	1303771914891	1	1.0383	1.0625	0.9065
711	1303771914910	1	1.0383	1.0312	0.934
712	1303771914926	1	1.0383	1.0312	0.934
713	1303771914987	1	1.0383	1.0625	0.9065
714	1303771915005	1	1.0383	1.0312	0.934
715	1303771915021	1	1.0383	1.0312	0.934
716	1303771915037	1	1.0383	1.0625	0.9065
717	1303771915053	1	1.0383	1.0625	0.9065
718	1303771915071	1	1.0383	1.0312	0.934
719	1303771915087	1	1.0383	1.0312	0.934
720	1303771915104	1	1.0383	1.0625	0.9065
721	1303771915122	1	1.0383	1.0312	0.934
722	1303771915138	1	1.0383	1.0312	0.934
723	1303771915153	1	1.0383	1.0625	0.9065
724	1303771915169	1	1.0383	1.0625	0.9065
725	1303771915188	1	1.0383	1.0312	0.934
726	1303771915204	1	1.0383	1.0312	0.934
727	1303771915220	1	1.0383	1.0625	0.9065
728	1303771915238	1	1.0383	1.0312	0.934
729	1303771915254	1	1.0383	1.0312	0.934
730	1303771915270	1	1.0383	1.0625	0.9065
731	1303771915287	1	1.0383	1.0625	0.9065
732	1303771915306	1	1.0383	1.0312	0.934
733	1303771915322	1	1.0383	1.0312	0.934
734	1303771915338	1	1.0383	1.0625	0.9065
735	1303771915400	1	1.0383	1.0312	0.934
736	1303771915417	1	1.0383	1.0312	0.934
737	1303771915434	1	1.0383	1.0625	0.9065
738	1303771915492	1	1.0383	1.0625	0.9065
739	1303771915548	1	1.0383	1.0312	0.934
740	1303771915564	1	1.0383	1.0312	0.934
741	1303771915582	1	1.0383	1.0625	0.9065
742	1303771915597	1	1.0383	1.0312	0.934
743	1303771915613	1	1.0383	1.0312	0.934
744	1303771915629	1	1.0383	1.0625	0.9065
745	1303771915653	1	1.0383	1.0625	0.9065
746	1303771915669	1	1.0383	1.0312	0.934
747	1303771915685	1	1.0383	1.0312	0.934
748	1303771915702	1	1.0383	1.0625	0.9065
749	1303771915718	1	1.0383	1.0312	0.934
750	1303771915734	1	1.0382	1.0312	0.934
751	1303771915750	1	1.0382	1.0625	0.9065
752	1303771915767	1	1.0382	1.0625	0.9065
753	1303771915784	1	1.0382	1.0312	0.934
754	1303771915800	1	1.0382	1.0312	0.934
755	1303771915818	1	1.0382	1.0625	0.9065
756	1303771915835	1	1.0382	1.0312	0.934
757	1303771915891	1	1.0382	1.0312	0.934
758	1303771915907	1	1.0382	1.0625	0.9065
759	1303771915924	1	1.0382	1.0625	0.9065
760	1303771915940	1	1.0382	1.0312	0.934
761	1303771915956	1	1.0382	1.0312	0.934
762	1303771915974	1	1.0382	1.0625	0.9065
763	1303771915989	1	1.0382	1.0312	0.934
764	1303771916005	1	1.0382	1.0312	0.934
765	1303771916021	1	1.0382	1.0625	0.9065
766	1303771916039	1	1.0382	1.0625	0.9065
767	1303771916054	1	1.0382	1.0312	0.934
768	1303771916070	1	1.0382	1.0312	0.934
769	1303771916089	1	1.0382	1.0625	0.9065
770	1303771916152	1	1.0382	1.0312	0.934
771	1303771916169	1	1.0382	1.0312	0.934
772	1303771916185	1	1.0382	1.0625	0.9065
773	1303771916203	1	1.0382	1.0625	0.9065
774	1303771916219	1	1.0382	1.0312	0.934
775	1303771916235	1	1.0382	1.0312	0.934
776	1303771916253	1	1.0382	1.0625	0.9065
777	1303771916269	1	1.0382	1.0312	0.934
778	1303771916285	1	1.0382	1.0312	0.934
779	1303771916346	1	1.0382	1.0625	0.9065
780	1303771916402	1	1.0382	1.0625	0.9065
781	1303771916459	1	1.0382	1.0312	0.934
782	1303771916474	1	1.0382	1.0312	0.934
783	1303771916492	1	1.0382	1.0625	0.9065
784	1303771916508	1	1.0382	1.0312	0.934
785	1303771916524	1	1.0382	1.0312	0.934
786	1303771916542	1	1.0382	1.0625	0.9065
787	1303771916558	1	1.0382	1.0625	0.9065
788	1303771916574	1	1.0382	1.0312	0.934
789	1303771916590	1	1.0382	1.0312	0.934
790	1303771916608	1	1.0382	1.0625	0.9065
791	1303771916623	1	1.0382	1.0625	0.9065
792	1303771916639	1	1.0382	1.0312	0.934
793	1303771916656	1	1.0382	1.0312	0.934
794	1303771916672	1	1.0382	1.0625	0.9065
795	1303771916688	1	1.0382	1.0312	0.934
796	1303771916745	1	1.0382	1.0312	0.934
797	1303771916763	1	1.0382	1.0625	0.9065
798	1303771916779	1	1.0382	1.0625	0.9065
799	1303771916794	1	1.0382	1.0312	0.934
800	1303771916812	1	1.0382	1.0312	0.934
801	1303771916827	1	1.0382	1.0625	0.9065
802	1303771916884	1	1.0382	1.0312	0.934
803	1303771916901	1	1.0382	1.0312	0.934
804	1303771916917	1	1.0382	1.0625	0.9065
805	1303771916932	1	1.0382	1.0625	0.9065
806	1303771916948	1	1.0382	1.0312	0.934
807	1303771916966	1	1.0382	1.0312	0.934
808	1303771916982	1	1.0382	1.0625	0.9065
809	1303771916997	1	1.0382	1.0625	0.9065
810	1303771917015	1	1.0382	1.0312	0.934
811	1303771917031	1	1.0382	1.0312	0.9341
812	1303771917047	1	1.0382	1.0625	0.9066
813	1303771917063	1	1.0382	1.0312	0.9341
814	1303771917082	1	1.0382	1.0312	0.9341
815	1303771917099	1	1.0382	1.0625	0.9066
816	1303771917116	1	1.0382	1.0625	0.9066
817	1303771917131	1	1.0382	1.0312	0.9341
818	1303771917149	1	1.0382	1.0312	0.9341
819	1303771917165	1	1.0382	1.0625	0.9066
820	1303771917221	1	1.0382	1.0625	0.9066
821	1303771917239	1	1.0382	1.0312	0.9341
822	1303771917255	1	1.0382	1.0312	0.9341
823	1303771917271	1	1.0382	1.0625	0.9066
824	1303771917289	1	1.0382	1.0312	0.9341
825	1303771917305	1	1.0382	1.0312	0.9341
826	1303771917321	1	1.0382	1.0625	0.9066
827	1303771917337	1	1.0382	1.0625	0.9066
828	1303771917356	1	1.0382	1.0312	0.9341
829	1303771917413	1	1.0382	1.0312	0.9341
830	1303771917429	1	1.0138	1.0625	0.9284
831	1303771917449	1	1.0138	1.0312	0.9565
832	1303771917466	1	1.0138	1.0312	0.9565
833	1303771917482	1	1.0138	1.0625	0.9284
834	1303771917499	1	1.0138	1.0625	0.9284
835	1303771917517	1	1.0138	1.0312	0.9565
836	1303771917534	1	1.0138	1.0312	0.9565
837	1303771917550	1	1.0138	1.0625	0.9284
838	1303771917568	1	1.0138	1.0625	0.9284
839	1303771917584	1	1.0138	1.0312	0.9565
840	1303771917599	1	1.0138	1.0312	0.9565
841	1303771917616	1	1.0138	1.0625	0.9284
842	1303771917634	1	1.0138	1.0625	0.9284
843	1303771917650	1	1.0138	1.0312	0.9565
844	1303771917667	1	1.0138	1.0312	0.9565
845	1303771917685	1	1.0138	1.0625	0.9284
846	1303771917702	1	1.0138	1.0312	0.9565
847	1303771917719	1	1.0138	1.0312	0.9565
848	1303771917735	1	1.0138	1.0625	0.9284
849	1303771917753	1	1.0138	1.0625	0.9284
850	1303771917769	1	1.0138	1.0312	0.9565
851	1303771917785	1	1.0138	1.0312	0.9565
852	1303771917801	1	1.0138	1.0625	0.9284
853	1303771917818	1	1.0138	1.0312	0.9565
854	1303771917833	1	1.0138	1.0312	0.9565
855	1303771917849	1	1.0138	1.0625	0.9284
856	1303771917867	1	1.0138	1.0625	0.9284
857	1303771917883	1	1.0138	1.0312	0.9565
858	1303771917899	1	1.0138	1.0312	0.9565
859	1303771917914	1	1.0138	1.0625	0.9284
860	1303771917932	1	1.0138	1.0625	0.9284
861	1303771917947	1	1.0138	1.0312	0.9565
862	1303771917963	1	1.0138	1.0312	0.9565
863	1303771917980	1	1.0138	1.0625	0.9284
864	1303771917995	1	1.0138	1.0312	0.9565
865	1303771918051	1	1.0138	1.0312	0.9565
866	1303771918067	1	1.0138	1.0625	0.9284
867	1303771918085	1	1.0138	1.0625	0.9284
868	1303771918101	1	1.0138	1.0312	0.9565
869	1303771918118	1	1.0138	1.0312	0.9565
870	1303771918136	1	1.0138	1.0625	0.9284
871	1303771918152	1	1.0138	1.0312	0.9565
872	1303771918168	1	1.0138	1.0312	0.9565
873	1303771918184	1	1.0138	1.0625	0.9284
874	1303771918202	1	1.0138	1.0625	0.9284
875	1303771918218	1	1.0141	1.0312	0.9562
876	1303771918233	1	1.0141	1.0312	0.9562
877	1303771918251	1	1.0141	1.0625	0.9281
878	1303771918266	1	1.0141	1.0625	0.9281
879	1303771918282	1	1.0141	1.0312	0.9562
880	1303771918298	1	1.0141	1.0312	0.9562
881	1303771918315	1	1.0141	1.0625	0.9281
882	1303771918331	1	1.0141	1.0312	0.9562
883	1303771918347	1	1.0141	1.0312	0.9562
884	1303771918362	1	1.0141	1.0625	0.9281
885	1303771918425	1	1.0141	1.0625	0.9281
886	1303771918442	1	1.0141	1.0312	0.9562
887	1303771918458	1	1.0141	1.0312	0.9562
888	1303771918478	1	1.0141	1.0625	0.9281
889	1303771918495	1	1.0141	1.0625	0.9281
890	1303771918511	1	1.0141	1.0312	0.9562
891	1303771918532	1	1.0139	1.0312	0.9564
892	1303771918550	1	1.0139	1.0625	0.9282
893	1303771918577	1	1.0139	1.0312	0.9564
894	1303771918593	1	1.0139	1.0312	0.9564
895	1303771918611	1	1.0139	1.0625	0.9282
896	1303771918667	1	1.0139	1.0625	0.9282
897	1303771918683	1	1.0139	1.0312	0.9564
898	1303771918701	1	1.0139	1.0312	0.9564
899	1303771918717	1	1.0139	1.0625	0.9282
900	1303771918733	1	1.0139	1.0625	0.9282
901	1303771918749	1	1.0139	1.0312	0.9564
902	1303771918768	1	1.0139	1.0312	0.9564
903	1303771918784	1	1.0139	1.0625	0.9282
904	1303771918800	1	1.0139	1.0312	0.9564
905	1303771918817	1	1.0139	1.0312	0.9564
906	1303771918833	1	1.0139	1.0625	0.9282
907	1303771918850	1	1.0139	1.0625	0.9282
908	1303771918865	1	1.0139	1.0312	0.9564
909	1303771918884	1	1.0139	1.0312	0.9564
910	1303771918901	1	1.0139	1.0625	0.9282
911	1303771918917	1	1.0139	1.0312	0.9564
912	1303771918936	1	1.0139	1.0312	0.9564
913	1303771918952	1	1.0139	1.0625	0.9282
914	1303771918968	1	1.0139	1.0625	0.9282
915	1303771918984	1	1.0139	1.0312	0.9564
916	1303771919001	1	1.0139	1.0312	0.9564
917	1303771919017	1	1.0139	1.0625	0.9282
918	1303771919033	1	1.0139	1.0312	0.9564
919	1303771919052	1	1.0139	1.0312	0.9564
920	1303771919068	1	1.0139	1.0625	0.9282
921	1303771919083	1	1.0139	1.0625	0.9282
922	1303771919099	1	1.0139	1.0312	0.9564
923	1303771919117	1	1.0139	1.0312	0.9564
924	1303771919133	1	1.0139	1.0625	0.9282
925	1303771919149	1	1.0139	1.0312	0.9564
926	1303771919164	1	1.0139	1.0312	0.9564
927	1303771919183	1	1.0139	1.0625	0.9282
928	1303771919199	1	1.0139	1.0625	0.9282
929	1303771919215	1	1.0139	1.0312	0.9564
930	1303771919232	1	1.0139	1.0312	0.9564
931	1303771919289	1	1.0139	1.0625	0.9282
932	1303771919305	1	1.0139	1.0312	0.9564
933	1303771919364	1	1.0139	1.0312	0.9564
934	1303771919380	1	1.0139	1.0625	0.9282
935	1303771919436	1	1.1797	1.0625	0.7978
936	1303771919452	1	1.1797	1.0312	0.822
937	1303771919470	1	1.1797	1.0312	0.822
938	1303771919486	1	1.1797	1.0625	0.7978
939	1303771919502	1	1.1797	1.0312	0.822
940	1303771919520	1	1.1797	1.0312	0.822
941	1303771919536	1	1.1797	1.0625	0.7978
942	1303771919551	1	1.1797	1.0625	0.7978
943	1303771919567	1	1.1797	1.0312	0.822
944	1303771919585	1	1.1797	1.0312	0.822
945	1303771919601	1	1.1797	1.0625	0.7978
946	1303771919617	1	1.1797	1.0312	0.822
947	1303771919635	1	1.1797	1.0312	0.822
948	1303771919651	1	1.1797	1.0625	0.7978
949	1303771919667	1	1.1797	1.0625	0.7978
950	1303771919683	1	1.1797	1.0312	0.822
951	1303771919742	1	1.1797	1.0312	0.822
952	1303771919759	1	1.1797	1.0625	0.7978
953	1303771919778	1	1.1799	1.0312	0.8218
954	1303771919796	1	1.1799	1.0312	0.8218
955	1303771919813	1	1.1799	1.0625	0.7977
956	1303771919829	1	1.1799	1.0625	0.7977
957	1303771919846	1	1.1799	1.0312	0.8218
958	1303771919863	1	1.1799	1.0312	0.8218
959	1303771919880	1	1.1799	1.0625	0.7977
960	1303771919896	1	1.1799	1.0312	0.8218
961	1303771919915	1	1.1799	1.0312	0.8218
962	1303771919931	1	1.1799	1.0625	0.7977
963	1303771919947	1	1.1799	1.0625	0.7977
964	1303771919963	1	1.1799	1.0312	0.8218
965	1303771919981	1	1.1799	1.0312	0.8218
966	1303771919997	1	1.1799	1.0625	0.7977
967	1303771920014	1	1.1799	1.0312	0.8218
968	1303771920031	1	1.1799	1.0312	0.8218
969	1303771920047	1	1.1799	1.0625	0.7977
970	1303771920064	1	1.1799	1.0625	0.7977
971	1303771920081	1	1.1799	1.0312	0.8218
972	1303771920099	1	1.1799	1.0312	0.8218
973	1303771920155	1	1.1799	1.0625	0.7977
974	1303771920171	1	1.1799	1.0312	0.8218
975	1303771920188	1	1.1799	1.0312	0.8218
976	1303771920204	1	1.1799	1.0625	0.7977
977	1303771920220	1	1.1799	1.0625	0.7977
978	1303771920238	1	1.1799	1.0312	0.8218
979	1303771920254	1	1.1799	1.0312	0.8218
980	1303771920270	1	1.1799	1.0625	0.7977
981	1303771920286	1	1.1799	1.0312	0.8218
982	1303771920304	1	1.1799	1.0312	0.8218
983	1303771920360	1	1.1799	1.0625	0.7977
984	1303771920376	1	1.1799	1.0625	0.7977
985	1303771920395	1	1.1799	1.0312	0.8218
986	1303771920411	1	1.1799	1.0312	0.8218
987	1303771920427	1	1.1799	1.0625	0.7977
988	1303771920483	1	1.1799	1.0312	0.8218
989	1303771920501	1	1.1799	1.0312	0.8218
990	1303771920517	1	1.1799	1.0625	0.7977
991	1303771920534	1	1.1799	1.0625	0.7977
992	1303771920553	1	1.1799	1.0312	0.8218
993	1303771920569	1	1.1799	1.0312	0.8218
994	1303771920585	1	1.1797	1.0625	0.7978
995	1303771920602	1	1.1797	1.0312	0.822
996	1303771920619	1	1.1797	1.0312	0.822
997	1303771920676	1	1.1797	1.0625	0.7978
998	1303771920692	1	1.1797	1.0625	0.7978
999	1303771920710	1	1.1797	1.0312	0.822
1000	1303771920727	1	1.1797	1.0312	0.822
1001	1303771920743	1	1.1797	1.0625	0.7978
1002	1303771920759	1	1.1797	1.0312	0.822
1003	1303771920777	1	1.1797	1.0312	0.822
1004	1303771920793	1	1.1797	1.0625	0.7978
1005	1303771920809	1	1.1797	1.0625	0.7978
1006	1303771920826	1	1.1797	1.0312	0.822
1007	1303771920841	1	1.1797	1.0312	0.822
1008	1303771920857	1	1.1797	1.0625	0.7978
1009	1303771920914	1	1.1797	1.0312	0.822
1010	1303771920932	1	1.1797	1.0312	0.822
1011	1303771920948	1	1.1797	1.0625	0.7978
1012	1303771920964	1	1.1797	1.0625	0.7978
1013	1303771920983	1	1.1797	1.0312	0.822
1014	1303771921002	1	1.1797	1.0312	0.822
1015	1303771921019	1	1.1797	1.0625	0.7978
1016	1303771921082	1	1.1797	1.0312	0.822
1017	1303771921098	1	1.1797	1.0312	0.822
1018	1303771921115	1	1.1797	1.0625	0.7978
1019	1303771921131	1	1.1797	1.0625	0.7978
1020	1303771921148	1	1.1797	1.0312	0.822
1021	1303771921210	1	1.1797	1.0312	0.822
1022	1303771921227	1	1.1797	1.0625	0.7978
1023	1303771921244	1	1.1797	1.0312	0.822
1024	1303771921260	1	1.1797	1.0312	0.822
1025	1303771921322	1	1.1797	1.0625	0.7978
1026	1303771921341	1	1.1797	1.0625	0.7978
1027	1303771921357	1	1.1797	1.0312	0.822
1028	1303771921417	1	1.1797	1.0312	0.822
1029	1303771921433	1	1.1797	1.0625	0.7978
1030	1303771921451	1	1.1797	1.0312	0.822
1031	1303771921468	1	1.1797	1.0312	0.822
1032	1303771921485	1	1.1797	1.0625	0.7978
1033	1303771921503	1	1.1797	1.0625	0.7978
1034	1303771921520	1	1.1797	1.0312	0.822
1035	1303771921536	1	1.1797	1.0312	0.822
1036	1303771921552	1	1.1797	1.0625	0.7978
1037	1303771921570	1	1.1797	1.0312	0.822
1038	1303771921587	1	1.1797	1.0312	0.822
1039	1303771921644	1	1.1797	1.0625	0.7978
1040	1303771921662	1	1.1797	1.0625	0.7978
1041	1303771921678	1	1.1797	1.0312	0.822
1042	1303771921694	1	1.1797	1.0312	0.822
1043	1303771921710	1	1.1797	1.0625	0.7978
1044	1303771921727	1	1.1797	1.0312	0.822
1045	1303771921743	1	1.1797	1.0312	0.822
1046	1303771921799	1	1.1797	1.0625	0.7978
1047	1303771921817	1	1.1797	1.0625	0.7978
1048	1303771921833	1	1.1797	1.0312	0.822
1049	1303771921849	1	1.1797	1.0312	0.822
1050	1303771921864	1	1.1797	1.0625	0.7978
1051	1303771921882	1	1.1797	1.0312	0.822
1052	1303771921898	1	1.1797	1.0312	0.822
1053	1303771921916	1	1.1797	1.0625	0.7978
1054	1303771921933	1	1.1797	1.0625	0.7978
1055	1303771921949	1	1.1797	1.0312	0.822
1056	1303771921966	1	1.1797	1.0312	0.822
1057	1303771921983	1	1.1797	1.0625	0.7978
1058	1303771922001	1	1.1799	1.0312	0.8219
1059	1303771922017	1	1.1799	1.0312	0.8219
1060	1303771922033	1	1.1799	1.0625	0.7977
1061	1303771922051	1	1.1799	1.0625	0.7977
1062	1303771922067	1	1.1799	1.0312	0.8219
1063	1303771922084	1	1.1799	1.0312	0.8219
1064	1303771922100	1	1.1799	1.0625	0.7977
1065	1303771922118	1	1.1799	1.0312	0.8219
1066	1303771922134	1	1.1799	1.0312	0.8219
1067	1303771922150	1	1.1799	1.0625	0.7977
1068	1303771922168	1	1.1799	1.0625	0.7977
1069	1303771922185	1	1.1799	1.0312	0.8219
1070	1303771922201	1	1.1799	1.0312	0.8219
1071	1303771922217	1	1.1799	1.0625	0.7977
1072	1303771922234	1	1.1799	1.0312	0.8219
1073	1303771922250	1	1.1799	1.0312	0.8219
1074	1303771922268	1	1.1799	1.0625	0.7977
1075	1303771922288	1	1.1799	1.0625	0.7977
1076	1303771922345	1	1.1799	1.0312	0.8219
1077	1303771922361	1	1.1798	1.0312	0.8219
1078	1303771922377	1	1.1798	1.0625	0.7977
1079	1303771922395	1	1.1798	1.0312	0.8219
1080	1303771922411	1	1.1798	1.0312	0.8219
1081	1303771922427	1	1.1798	1.0625	0.7977
1082	1303771922445	1	1.1798	1.0625	0.7977
1083	1303771922462	1	1.1798	1.0312	0.8219
1084	1303771922518	1	1.1798	1.0312	0.8219
1085	1303771922536	1	1.1798	1.0625	0.7977
1086	1303771922552	1	1.1798	1.0312	0.8219
1087	1303771922569	1	1.1798	1.0312	0.8219
1088	1303771922586	1	1.1798	1.0625	0.7977
1089	1303771922604	1	1.1798	1.0625	0.7977
1090	1303771922620	1	1.1798	1.0312	0.8219
1091	1303771922636	1	1.1798	1.0312	0.8219
1092	1303771922653	1	1.1798	1.0625	0.7977
1093	1303771922671	1	1.1798	1.0312	0.8219
1094	1303771922687	1	1.1798	1.0312	0.8219
1095	1303771922703	1	1.1798	1.0625	0.7977
1096	1303771922722	1	1.1798	1.0625	0.7977
1097	1303771922738	1	1.1798	1.0312	0.8219
1098	1303771922754	1	1.1798	1.0312	0.8219
1099	1303771922770	1	1.1798	1.0625	0.7977
1100	1303771922788	1	1.1798	1.0312	0.8219
1101	1303771922805	1	1.1798	1.0312	0.8219
1102	1303771922822	1	1.1798	1.0625	0.7977
1103	1303771922840	1	1.1798	1.0625	0.7977
1104	1303771922856	1	1.1798	1.0312	0.8219
1105	1303771922872	1	1.1798	1.0312	0.8219
1106	1303771922888	1	1.1798	1.0625	0.7977
1107	1303771922906	1	1.1798	1.0312	0.8219
1108	1303771922963	1	1.1798	1.0312	0.8219
1109	1303771922979	1	1.1798	1.0625	0.7977
1110	1303771922997	1	1.1798	1.0625	0.7977
1111	1303771923058	1	1.1798	1.0312	0.8219
1112	1303771923075	1	1.1798	1.0312	0.8219
1113	1303771923093	1	1.1798	1.0625	0.7977
1114	1303771923149	1	1.1798	1.0312	0.8219
1115	1303771923165	1	1.1798	1.0312	0.8219
1116	1303771923181	1	1.1798	1.0625	0.7977
1117	1303771923199	1	1.1798	1.0625	0.7977
1118	1303771923256	1	1.1798	1.0312	0.8219
1119	1303771923272	1	1.1798	1.0312	0.8219
1120	1303771923291	1	1.1798	1.0625	0.7977
1121	1303771923307	1	1.1798	1.0312	0.8219
1122	1303771923323	1	1.1798	1.0312	0.8219
1123	1303771923340	1	1.1798	1.0625	0.7977
1124	1303771923399	1	1.1798	1.0625	0.7977
1125	1303771923428	1	1.1798	1.0312	0.8219
1126	1303771923444	1	1.1798	1.0312	0.8219
1127	1303771923462	1	1.1798	1.0625	0.7977
1128	1303771923479	1	1.1798	1.0312	0.8219
1129	1303771923495	1	1.1798	1.0312	0.8219
1130	1303771923513	1	1.1798	1.0625	0.7977
1131	1303771923529	1	1.1798	1.0625	0.7977
1132	1303771923545	1	1.1798	1.0312	0.8219
1133	1303771923561	1	1.1798	1.0312	0.8219
1134	1303771923579	1	1.1798	1.0625	0.7977
1135	1303771923597	1	1.1798	1.0312	0.8219
1136	1303771923616	1	1.1798	1.0312	0.8219
1137	1303771923635	1	1.1798	1.0625	0.7977
1138	1303771923651	1	1.1798	1.0625	0.7977
1139	1303771923710	1	1.1797	1.0312	0.822
1140	1303771923769	1	1.1797	1.0312	0.822
1141	1303771923785	1	1.1797	1.0625	0.7978
1142	1303771923802	1	1.1797	1.0312	0.822
1143	1303771923818	1	1.178	1.0312	0.8232
1144	1303771923881	1	1.1797	1.0625	0.7978
1145	1303771923897	1	1.1797	1.0625	0.7978
1146	1303771923956	1	1.1797	1.0312	0.822
1147	1303771923975	1	1.1797	1.0312	0.822
1148	1303771923992	1	1.1797	1.0625	0.7978
1149	1303771924008	1	1.1797	1.0312	0.822
1150	1303771924024	1	1.1797	1.0312	0.822
1151	1303771924042	1	1.1797	1.0625	0.7978
1152	1303771924058	1	1.1797	1.0625	0.7978
1153	1303771924075	1	1.1797	1.0312	0.822
1154	1303771924093	1	1.1797	1.0312	0.822
1155	1303771924109	1	1.1797	1.0625	0.7978
1156	1303771924125	1	1.1797	1.0312	0.822
1157	1303771924141	1	1.1797	1.0312	0.822
1158	1303771924159	1	1.1797	1.0625	0.7978
1159	1303771924176	1	1.1797	1.0625	0.7978
1160	1303771924193	1	1.1797	1.0312	0.822
1161	1303771924212	1	1.1797	1.0312	0.822
1162	1303771924228	1	1.1797	1.0625	0.7978
1163	1303771924246	1	1.1797	1.0312	0.822
1164	1303771924262	1	1.1797	1.0312	0.822
1165	1303771924321	1	1.1797	1.0625	0.7978
1166	1303771924337	1	1.1797	1.0625	0.7978
1167	1303771924353	1	1.1797	1.0312	0.822
1168	1303771924372	1	1.1797	1.0312	0.822
1169	1303771924389	1	1.1797	1.0625	0.7978
1170	1303771924406	1	1.1797	1.0312	0.822
1171	1303771924423	1	1.1797	1.0312	0.822
1172	1303771924440	1	1.1797	1.0625	0.7978
1173	1303771924497	1	1.1797	1.0625	0.7978
1174	1303771924558	1	1.1797	1.0312	0.822
1175	1303771924577	1	1.1797	1.0312	0.822
1176	1303771924593	1	1.1797	1.0625	0.7978
1177	1303771924610	1	1.1795	1.0312	0.8221
1178	1303771924629	1	1.1797	1.0312	0.822
1179	1303771924645	1	1.1797	1.0625	0.7978
1180	1303771924661	1	1.1797	1.0625	0.7978
1181	1303771924678	1	1.1797	1	0.8477
1182	1303771924696	1	1.1797	1.0312	0.822
1183	1303771924713	1	1.1797	1.0625	0.7978
1184	1303771924730	1	1.1797	1.0312	0.822
1185	1303771924746	1	1.1797	1.0312	0.822
1186	1303771924765	1	1.1797	1.0625	0.7978
1187	1303771924781	1	1.1797	1.0625	0.7978
1188	1303771924798	1	1.1797	1.0312	0.822
1189	1303771924816	1	1.1797	1.0312	0.822
1190	1303771924833	1	1.1797	1.0625	0.7978
1191	1303771924849	1	1.1797	1.0312	0.822
1192	1303771924865	1	1.1797	1.0312	0.822
1193	1303771924884	1	1.1797	1.0625	0.7978
1194	1303771924900	1	1.1797	1.0625	0.7978
1195	1303771924916	1	1.1797	1.0312	0.822
1196	1303771924937	1	1.1797	1.0312	0.822
1197	1303771924958	1	1.1798	1.0625	0.7977
1198	1303771924976	1	1.1778	1.0312	0.8233
1199	1303771924994	1	1.1778	1.0312	0.8233
1200	1303771925011	1	1.1778	1.0625	0.7991
1201	1303771925027	1	1.1778	1.0625	0.7991
1202	1303771925043	1	1.1778	1.0312	0.8233
1203	1303771925102	1	1.1778	1.0312	0.8233
1204	1303771925119	1	1.1778	1.0625	0.7991
1205	1303771925136	1	1.1778	1.0312	0.8233
1206	1303771925153	1	1.1778	1.0312	0.8233
1207	1303771925170	1	1.1778	1.0625	0.7991
1208	1303771925187	1	1.1778	1.0625	0.7991
1209	1303771925203	1	1.1778	1.0312	0.8233
1210	1303771925221	1	1.1778	1.0312	0.8233
1211	1303771925238	1	1.1778	1.0625	0.7991
1212	1303771925255	1	1.1778	1.0312	0.8233
1213	1303771925273	1	1.1778	1.0312	0.8233
1214	1303771925291	1	1.1778	1.0625	0.7991
1215	1303771925307	1	1.1778	1.0625	0.7991
1216	1303771925365	1	1.1778	1.0312	0.8233
1217	1303771925384	1	1.1778	1.0312	0.8233
1218	1303771925401	1	1.1778	1.0625	0.7991
1219	1303771925417	1	1.1778	1.0312	0.8233
1220	1303771925435	1	1.1778	1.0312	0.8233
1221	1303771925451	1	1.1778	1.0625	0.7991
1222	1303771925468	1	1.1778	1.0625	0.7991
1223	1303771925484	1	1.1778	1.0312	0.8233
1224	1303771925502	1	1.1778	1.0312	0.8233
1225	1303771925518	1	1.1778	1.0625	0.7991
1226	1303771925534	1	1.1778	1.0312	0.8233
1227	1303771925595	1	1.1778	1.0312	0.8233
1228	1303771925611	1	1.1778	1.0625	0.7991
1229	1303771925627	1	1.1778	1.0625	0.7991
1230	1303771925643	1	1.1778	1.0312	0.8233
1231	1303771925661	1	1.1778	1.0312	0.8233
1232	1303771925678	1	1.1778	1.0625	0.7991
1233	1303771925694	1	1.1778	1.0312	0.8233
1234	1303771925712	1	1.1778	1.0312	0.8233
1235	1303771925729	1	1.1778	1.0625	0.7991
1236	1303771925745	1	1.1778	1.0625	0.7991
1237	1303771925809	1	1.1778	1.0312	0.8233
1238	1303771925825	1	1.1778	1.0312	0.8233
1239	1303771925841	1	1.1778	1.0625	0.7991
1240	1303771925858	1	1.1778	1.0312	0.8233
1241	1303771925877	1	1.1778	1.0312	0.8233
1242	1303771925893	1	1.1778	1.0625	0.7991
1243	1303771925909	1	1.1778	1.0625	0.7991
1244	1303771925970	1	1.1778	1.0312	0.8233
1245	1303771925987	1	1.1778	1.0312	0.8233
1246	1303771926004	1	1.1778	1.0625	0.7991
1247	1303771926020	1	1.1778	1.0312	0.8233
1248	1303771926038	1	1.1778	1.0312	0.8233
1249	1303771926054	1	1.1778	1.0625	0.7991
1250	1303771926071	1	1.1778	1.0625	0.7991
1251	1303771926089	1	1.1778	1.0312	0.8233
1252	1303771926105	1	1.1778	1.0312	0.8233
1253	1303771926122	1	1.1778	1.0625	0.7991
1254	1303771926138	1	1.1778	1.0312	0.8233
1255	1303771926155	1	1.1778	1.0312	0.8233
1256	1303771926172	1	1.1778	1.0625	0.7991
1257	1303771926189	1	1.1778	1.0625	0.7991
1258	1303771926211	1	1.1778	1.0312	0.8233
1259	1303771926228	1	1.1778	1.0312	0.8233
1260	1303771926244	1	1.1778	1.0625	0.7991
1261	1303771926261	1	1.1778	1.0312	0.8233
1262	1303771926279	1	1.1778	1.0312	0.8233
1263	1303771926294	1	1.178	1.0625	0.799
1264	1303771926311	1	1.178	1.0625	0.799
1265	1303771926329	1	1.178	1.0312	0.8232
1266	1303771926345	1	1.178	1.0312	0.8232
1267	1303771926361	1	1.178	1.0625	0.799
1268	1303771926378	1	1.178	1.0312	0.8232
1269	1303771926397	1	1.178	1.0312	0.8232
1270	1303771926413	1	1.178	1.0625	0.799
1271	1303771926429	1	1.178	1.0625	0.799
1272	1303771926446	1	1.178	1.0312	0.8232
1273	1303771926465	1	1.178	1.0312	0.8232
1274	1303771926481	1	1.178	1.0625	0.799
1275	1303771926498	1	1.178	1.0312	0.8232
1276	1303771926517	1	1.178	1.0312	0.8232
1277	1303771926535	1	1.178	1.0625	0.799
1278	1303771926551	1	1.178	1.0625	0.799
1279	1303771926567	1	1.178	1.0312	0.8232
1280	1303771926586	1	1.178	1.0312	0.8232
1281	1303771926643	1	1.178	1.0625	0.799
1282	1303771926660	1	1.178	1.0312	0.8232
1283	1303771926678	1	1.178	1.0312	0.8232
1284	1303771926694	1	1.178	1.0625	0.799
1285	1303771926711	1	1.178	1.0625	0.799
1286	1303771926727	1	1.178	1.0312	0.8232
1287	1303771926746	1	1.178	1.0312	0.8232
1288	1303771926762	1	1.178	1.0625	0.799
1289	1303771926779	1	1.178	1.0312	0.8232
1290	1303771926797	1	1.178	1.0312	0.8232
1291	1303771926813	1	1.178	1.0625	0.799
1292	1303771926829	1	1.178	1.0625	0.799
1293	1303771926845	1	1.178	1.0312	0.8232
1294	1303771926864	1	1.178	1.0312	0.8232
1295	1303771926880	1	1.178	1.0625	0.799
1296	1303771926937	1	1.178	1.0312	0.8232
1297	1303771926956	1	1.178	1.0312	0.8232
1298	1303771927012	1	1.178	1.0625	0.799
1299	1303771927029	1	1.178	1.0625	0.799
1300	1303771927089	1	1.178	1.0312	0.8232
1301	1303771927105	1	1.178	1.0312	0.8232
1302	1303771927162	1	1.178	1.0625	0.799
1303	1303771927180	1	1.178	1.0312	0.8232
1304	1303771927197	1	1.178	1.0312	0.8232
1305	1303771927213	1	1.178	1.0625	0.799
1306	1303771927230	1	1.178	1.0625	0.799
1307	1303771927248	1	1.178	1.0312	0.8232
1308	1303771927265	1	1.178	1.0312	0.8232
1309	1303771927281	1	1.178	1.0625	0.799
1310	1303771927299	1	1.178	1.0312	0.8232
1311	1303771927316	1	1.178	1.0312	0.8232
1312	1303771927334	1	1.178	1.0625	0.799
1313	1303771927351	1	1.178	1.0625	0.799
1314	1303771927369	1	1.178	1.0312	0.8232
1315	1303771927386	1	1.178	1.0312	0.8232
1316	1303771927402	1	1.178	1.0625	0.799
1317	1303771927421	1	1.178	1.0312	0.8232
1318	1303771927440	1	1.178	1.0312	0.8232
1319	1303771927460	1	1.178	1.0625	0.799
1320	1303771927478	1	1.178	1.0625	0.799
1321	1303771927496	1	1.1798	1.0312	0.8219
1322	1303771927513	1	1.1798	1.0312	0.8219
1323	1303771927529	1	1.1798	1.0625	0.7977
1324	1303771927547	1	1.1798	1.0312	0.8219
1325	1303771927564	1	1.1798	1.0312	0.8219
1326	1303771927580	1	1.1798	1.0625	0.7977
1327	1303771927597	1	1.1798	1.0625	0.7977
1328	1303771927615	1	1.1798	1.0312	0.8219
1329	1303771927633	1	1.1798	1.0312	0.8219
1330	1303771927650	1	1.1798	1.0625	0.7977
1331	1303771927667	1	1.1798	1.0312	0.8219
1332	1303771927683	1	1.1798	1.0312	0.8219
1333	1303771927700	1	1.1798	1.0625	0.7977
1334	1303771927717	1	1.1798	1.0625	0.7977
1335	1303771927736	1	1.1798	1.0312	0.8219
1336	1303771927752	1	1.1798	1.0312	0.8219
1337	1303771927769	1	1.1798	1.0625	0.7977
1338	1303771927786	1	1.1798	1.0312	0.8219
1339	1303771927843	1	1.1798	1.0312	0.8219
1340	1303771927859	1	1.1798	1.0625	0.7977
1341	1303771927876	1	1.1798	1.0625	0.7977
1342	1303771927894	1	1.1798	1.0312	0.8219
1343	1303771927910	1	1.1798	1.0312	0.8219
1344	1303771927927	1	1.1798	1.0625	0.7977
1345	1303771927945	1	1.1798	1.0312	0.8219
1346	1303771927961	1	1.1798	1.0312	0.8219
1347	1303771927977	1	1.1798	1.0625	0.7977
1348	1303771927993	1	1.1798	1.0625	0.7977
1349	1303771928011	1	1.1798	1.0312	0.8219
1350	1303771928028	1	1.1798	1.0312	0.8219
1351	1303771928045	1	1.1798	1.0625	0.7977
1352	1303771928063	1	1.1798	1.0312	0.8219
1353	1303771928079	1	1.1798	1.0312	0.8219
1354	1303771928096	1	1.1798	1.0625	0.7977
1355	1303771928112	1	1.1798	1.0625	0.7977
1356	1303771928131	1	1.1798	1.0312	0.8219
1357	1303771928149	1	1.1798	1.0312	0.8219
1358	1303771928166	1	1.1798	1.0625	0.7977
1359	1303771928182	1	1.1798	1.0312	0.8219
1360	1303771928201	1	1.1798	1.0312	0.8219
1361	1303771928218	1	1.1798	1.0625	0.7977
1362	1303771928236	1	1.1798	1.0625	0.7977
1363	1303771928254	1	1.1798	1.0312	0.8219
1364	1303771928271	1	1.1798	1.0312	0.8219
1365	1303771928288	1	1.1798	1.0625	0.7977
1366	1303771928305	1	1.1798	1.0312	0.8219
1367	1303771928324	1	1.1798	1.0312	0.8219
1368	1303771928341	1	1.1798	1.0625	0.7977
1369	1303771928357	1	1.1798	1.0625	0.7977
1370	1303771928375	1	1.1798	1.0312	0.8219
1371	1303771928392	1	1.1798	1.0312	0.8219
1372	1303771928408	1	1.1798	1.0625	0.7977
1373	1303771928425	1	1.1798	1.0312	0.8219
1374	1303771928443	1	1.1798	1.0312	0.8219
1375	1303771928500	1	1.1798	1.0625	0.7977
1376	1303771928516	1	1.1798	1.0625	0.7977
1377	1303771928534	1	1.1798	1.0312	0.8219
1378	1303771928550	1	1.1798	1.0312	0.8219
1379	1303771928568	1	1.1798	1.0625	0.7977
1380	1303771928589	1	1.1798	1.0312	0.8219
1381	1303771928607	1	1.1798	1.0312	0.8219
1382	1303771928625	1	1.1798	1.0625	0.7977
1383	1303771928642	1	1.1797	1.0625	0.7978
1384	1303771928660	1	1.1797	1.0312	0.822
1385	1303771928677	1	1.1797	1.0312	0.822
1386	1303771928694	1	1.1797	1.0625	0.7978
1387	1303771928712	1	1.178	1.0312	0.8232
1388	1303771928728	1	1.1797	1.0312	0.822
1389	1303771928745	1	1.1797	1.0625	0.7978
1390	1303771928762	1	1.1797	1.0625	0.7978
1391	1303771928780	1	1.1797	1.0312	0.822
1392	1303771928797	1	1.1797	1.0312	0.822
1393	1303771928814	1	1.1797	1.0625	0.7978
1394	1303771928832	1	1.1797	1.0312	0.822
1395	1303771928849	1	1.1797	1.0312	0.822
1396	1303771928865	1	1.1797	1.0625	0.7978
1397	1303771928882	1	1.1797	1.0625	0.7978
1398	1303771928900	1	1.1797	1.0312	0.822
1399	1303771928917	1	1.1797	1.0312	0.822
1400	1303771928934	1	1.1797	1.0625	0.7978
1401	1303771928953	1	1.1797	1.0312	0.822
1402	1303771928969	1	1.1797	1.0312	0.822
1403	1303771928987	1	1.1797	1.0625	0.7978
1404	1303771929005	1	1.1797	1.0625	0.7978
1405	1303771929023	1	1.1797	1.0312	0.822
1406	1303771929081	1	1.1797	1.0312	0.822
1407	1303771929098	1	1.1797	1.0625	0.7978
1408	1303771929117	1	1.1797	1.0312	0.822
1409	1303771929134	1	1.1797	1.0312	0.822
1410	1303771929150	1	1.1797	1.0625	0.7978
1411	1303771929168	1	1.1797	1.0625	0.7978
1412	1303771929188	1	1.1797	1.0312	0.822
1413	1303771929205	1	1.1797	1.0312	0.822
1414	1303771929222	1	1.1797	1.0625	0.7978
1415	1303771929240	1	1.1797	1.0312	0.822
1416	1303771929257	1	1.1797	1.0312	0.822
1417	1303771929273	1	1.1797	1.0625	0.7978
1418	1303771929290	1	1.1797	1.0625	0.7978
1419	1303771929309	1	1.1797	1.0312	0.822
1420	1303771929327	1	1.1797	1.0312	0.822
1421	1303771929344	1	1.1797	1.0625	0.7978
1422	1303771929364	1	1.1797	1.0312	0.822
1423	1303771929382	1	1.1797	1.0312	0.822
1424	1303771929399	1	1.1797	1.0625	0.7978
1425	1303771929416	1	1.1797	1.0625	0.7978
1426	1303771929435	1	1.1797	1.0312	0.822
1427	1303771929453	1	1.1797	1.0312	0.822
1428	1303771929470	1	1.1797	1.0625	0.7978
1429	1303771929489	1	1.1797	1.0312	0.822
1430	1303771929506	1	1.1797	1.0312	0.822
1431	1303771929524	1	1.1797	1.0625	0.7978
1432	1303771929541	1	1.1797	1.0625	0.7978
1433	1303771929560	1	1.1797	1.0312	0.822
1434	1303771929576	1	1.1797	1.0312	0.822
1435	1303771929593	1	1.1797	1.0625	0.7978
1436	1303771929611	1	1.1797	1.0312	0.822
1437	1303771929628	1	1.1797	1.0312	0.822
1438	1303771929685	1	1.1797	1.0625	0.7978
1439	1303771929702	1	1.1797	1.0625	0.7978
1440	1303771929722	1	1.1797	1.0312	0.822
1441	1303771929743	1	1.1797	1.0312	0.822
1442	1303771929762	1	1.1777	1.0625	0.7992
1443	1303771929781	1	1.1777	1.0312	0.8234
1444	1303771929798	1	1.1777	1.0312	0.8234
1445	1303771929814	1	1.1777	1.0625	0.7992
1446	1303771929873	1	1.1777	1.0625	0.7992
1447	1303771929890	1	1.1777	1.0312	0.8234
1448	1303771929906	1	1.1777	1.0312	0.8234
1449	1303771929923	1	1.1777	1.0625	0.7992
1450	1303771929942	1	1.1777	1.0312	0.8234
1451	1303771929958	1	1.1777	1.0312	0.8234
1452	1303771929975	1	1.1777	1.0625	0.7992
1453	1303771929993	1	1.1777	1.0625	0.7992
1454	1303771930011	1	1.1777	1.0312	0.8234
1455	1303771930028	1	1.1777	1.0312	0.8234
1456	1303771930044	1	1.1777	1.0625	0.7992
1457	1303771930107	1	1.1777	1.0312	0.8234
1458	1303771930124	1	1.1777	1.0312	0.8234
1459	1303771930141	1	1.1777	1.0625	0.7992
1460	1303771930159	1	1.1777	1.0625	0.7992
1461	1303771930176	1	1.1777	1.0312	0.8234
1462	1303771930192	1	1.1777	1.0312	0.8234
1463	1303771930209	1	1.1777	1.0625	0.7992
1464	1303771930229	1	1.1777	1.0312	0.8234
1465	1303771930246	1	1.1777	1.0312	0.8234
1466	1303771930303	1	1.1777	1.0625	0.7992
1467	1303771930322	1	1.1777	1.0625	0.7992
1468	1303771930379	1	1.1777	1.0312	0.8234
1469	1303771930396	1	1.1777	1.0312	0.8234
1470	1303771930455	1	1.1777	1.0625	0.7992
1471	1303771930512	1	1.1777	1.0312	0.8234
1472	1303771930528	1	1.1777	1.0312	0.8234
1473	1303771930545	1	1.1777	1.0625	0.7992
1474	1303771930564	1	1.1777	1.0625	0.7992
1475	1303771930581	1	1.1777	1.0312	0.8234
1476	1303771930598	1	1.1777	1.0312	0.8234
1477	1303771930616	1	1.1777	1.0625	0.7992
1478	1303771930633	1	1.1777	1.0312	0.8234
1479	1303771930650	1	1.1777	1.0312	0.8234
1480	1303771930667	1	1.1777	1.0625	0.7992
1481	1303771930686	1	1.1777	1.0625	0.7992
1482	1303771930703	1	1.1777	1.0312	0.8234
1483	1303771930720	1	1.1777	1.0312	0.8234
1484	1303771930739	1	1.1777	1.0625	0.7992
1485	1303771930755	1	1.1777	1.0312	0.8234
1486	1303771930772	1	1.1777	1.0312	0.8234
1487	1303771930789	1	1.1777	1.0625	0.7992
1488	1303771930808	1	1.1777	1.0625	0.7992
1489	1303771930867	1	1.1777	1.0312	0.8234
1490	1303771930884	1	1.1777	1.0312	0.8234
1491	1303771930903	1	1.1777	1.0625	0.7992
1492	1303771930919	1	1.1777	1.0312	0.8234
1493	1303771930936	1	1.1777	1.0312	0.8234
1494	1303771930955	1	1.1777	1.0625	0.7992
1495	1303771931011	1	1.1777	1.0625	0.7992
1496	1303771931028	1	1.1777	1.0312	0.8234
1497	1303771931044	1	1.1777	1.0312	0.8234
1498	1303771931063	1	1.1777	1.0625	0.7992
1499	1303771931081	1	1.1777	1.0312	0.8234
1500	1303771931098	1	1.1777	1.0312	0.8234
1501	1303771931118	1	1.1777	1.0625	0.7992
1502	1303771931139	1	1.1777	1.0625	0.7992
1503	1303771931158	1	1.1777	1.0312	0.8234
1504	1303771931176	1	1.1777	1.0312	0.8234
1505	1303771931195	1	1.1797	1.0625	0.7978
1506	1303771931212	1	1.1797	1.0312	0.822
1507	1303771931229	1	1.1797	1.0312	0.822
1508	1303771931288	1	1.014	1.0625	0.9282
1509	1303771931305	1	1.014	1.0625	0.9282
1510	1303771931322	1	1.014	1.0312	0.9563
1511	1303771931340	1	1.014	1.0312	0.9563
1512	1303771931357	1	1.014	1.0625	0.9282
1513	1303771931374	1	1.014	1.0312	0.9563
1514	1303771931390	1	1.014	1.0312	0.9563
1515	1303771931409	1	1.014	1.0625	0.9282
1516	1303771931425	1	1.014	1.0625	0.9282
1517	1303771931441	1	1.014	1.0312	0.9563
1518	1303771931459	1	1.014	1.0312	0.9563
1519	1303771931475	1	1.014	1.0625	0.9282
1520	1303771931492	1	1.014	1.0312	0.9563
1521	1303771931508	1	1.014	1.0312	0.9563
1522	1303771931527	1	1.014	1.0625	0.9282
1523	1303771931544	1	1.014	1.0625	0.9282
1524	1303771931560	1	1.014	1.0312	0.9563
1525	1303771931578	1	1.014	1.0312	0.9563
1526	1303771931635	1	1.014	1.0625	0.9282
1527	1303771931652	1	1.014	1.0312	0.9563
1528	1303771931669	1	1.014	1.0312	0.9563
1529	1303771931688	1	1.014	1.0625	0.9282
1530	1303771931704	1	1.014	1.0625	0.9282
1531	1303771931720	1	1.014	1.0312	0.9563
1532	1303771931739	1	1.014	1.0312	0.9563
1533	1303771931756	1	1.014	1.0625	0.9282
1534	1303771931773	1	1.014	1.0312	0.9563
1535	1303771931790	1	1.014	1.0312	0.9563
1536	1303771931812	1	1.014	1.0625	0.9282
1537	1303771931829	1	1.014	1.0625	0.9282
1538	1303771931889	1	1.014	1.0312	0.9563
1539	1303771931908	1	1.014	1.0312	0.9563
1540	1303771931924	1	1.014	1.0625	0.9282
1541	1303771931941	1	1.014	1.0312	0.9563
1542	1303771931958	1	1.014	1.0312	0.9563
1543	1303771931976	1	1.014	1.0625	0.9282
1544	1303771931994	1	1.014	1.0625	0.9282
1545	1303771932010	1	1.014	1.0312	0.9563
1546	1303771932028	1	1.014	1	0.9862
1547	1303771932045	1	1.014	1.0625	0.9282
1548	1303771932062	1	1.014	1.0312	0.9563
1549	1303771932079	1	1.014	1.0312	0.9563
1550	1303771932097	1	1.014	1.0333	0.9544
1551	1303771932115	1	1.014	1.0667	0.9246
1552	1303771932132	1	1.014	1.0667	0.9246
1553	1303771932150	1	1.014	1.0312	0.9563
1554	1303771932167	1	1.014	1.0625	0.9282
1555	1303771932183	1	1.014	1.0312	0.9563
1556	1303771932200	1	1.014	1.0312	0.9563
1557	1303771932218	1	1.014	1.0625	0.9282
1558	1303771932235	1	1.014	1.0625	0.9282
1559	1303771932293	1	1.014	1.0312	0.9563
1560	1303771932311	1	1.014	1.0312	0.9563
1561	1303771932328	1	1.014	1.0625	0.9282
1562	1303771932347	1	1.014	1.0312	0.9563
1563	1303771932369	1	1.0137	1.0312	0.9566
1564	1303771932388	1	1.0138	1.0625	0.9283
1565	1303771932405	1	1.0138	1.0625	0.9283
1566	1303771932422	1	1.0138	1.0312	0.9565
1567	1303771932441	1	1.0138	1.0312	0.9565
1568	1303771932458	1	1.0138	1.0625	0.9283
1569	1303771932475	1	1.0138	1.0312	0.9565
1570	1303771932494	1	1.0138	1.0312	0.9565
1571	1303771932510	1	1.0138	1.0625	0.9283
1572	1303771932527	1	1.0138	1.0625	0.9283
1573	1303771932545	1	1.0138	1.0312	0.9565
1574	1303771932564	1	1.0138	1.0312	0.9565
1575	1303771932580	1	1.0138	1.0625	0.9283
1576	1303771932597	1	1.0138	1.0625	0.9283
1577	1303771932616	1	1.0138	1.0312	0.9565
1578	1303771932633	1	1.0138	1.0312	0.9565
1579	1303771932650	1	1.0138	1.0625	0.9283
1580	1303771932666	1	1.0138	1.0312	0.9565
1581	1303771932685	1	1.0138	1.0312	0.9565
1582	1303771932702	1	1.0138	1.0625	0.9283
1583	1303771932718	1	1.0138	1.0625	0.9283
1584	1303771932735	1	1.0138	1.0312	0.9565
1585	1303771932754	1	1.0138	1.0312	0.9565
1586	1303771932770	1	1.0138	1.0625	0.9283
1587	1303771932787	1	1.0138	1.0625	0.9283
1588	1303771932849	1	1.0138	1.0312	0.9565
1589	1303771932865	1	1.0138	1.0312	0.9565
1590	1303771932882	1	1.0138	1.0625	0.9283
1591	1303771932941	1	1.0138	1.0312	0.9565
1592	1303771932958	1	1.0138	1.0312	0.9565
1593	1303771932975	1	1.0138	1.0625	0.9283
1594	1303771932992	1	1.0138	1.0625	0.9283
1595	1303771933011	1	1.0138	1.0312	0.9565
1596	1303771933027	1	1.0138	1.0312	0.9565
1597	1303771933044	1	1.0138	1.0625	0.9283
1598	1303771933062	1	1.0138	1.0625	0.9283
1599	1303771933079	1	1.0138	1.0312	0.9565
1600	1303771933095	1	1.0138	1.0312	0.9565
1601	1303771933112	1	1.0138	1.0625	0.9283
1602	1303771933130	1	1.0138	1.0312	0.9565
1603	1303771933148	1	1.0138	1.0312	0.9565
1604	1303771933164	1	1.0138	1.0625	0.9283
1605	1303771933183	1	1.0138	1.0625	0.9283
1606	1303771933200	1	1.0138	1.0312	0.9565
1607	1303771933217	1	1.0138	1.0312	0.9565
1608	1303771933234	1	1.0138	1.0625	0.9283
1609	1303771933252	1	1.0138	1.0625	0.9283
1610	1303771933269	1	1.0138	1.0312	0.9565
1611	1303771933288	1	1.0138	1.0312	0.9565
1612	1303771933307	1	1.0138	1.0625	0.9283
1613	1303771933324	1	1.0138	1.0312	0.9565
1614	1303771933340	1	1.0138	1.0312	0.9565
1615	1303771933358	1	1.0138	1.0625	0.9283
1616	1303771933377	1	1.0138	1.0625	0.9283
1617	1303771933395	1	1.0138	1.0312	0.9565
1618	1303771933413	1	1.0138	1.0312	0.9565
1619	1303771933431	1	1.0138	1.0625	0.9283
1620	1303771933449	1	1.0138	1.0625	0.9283
1621	1303771933466	1	1.0138	1.0312	0.9565
1622	1303771933483	1	1.0138	1.0312	0.9565
1623	1303771933503	1	1.0138	1.0625	0.9283
1624	1303771933523	1	1.0137	1.0312	0.9566
1625	1303771933540	1	1.0137	1.0312	0.9566
1626	1303771933559	1	1.0137	1.0625	0.9285
1627	1303771933576	1	1.0137	1.0625	0.9285
1628	1303771933593	1	1.0137	1.0312	0.9566
1629	1303771933611	1	1.0137	1.0312	0.9566
1630	1303771933629	1	1.0137	1.0625	0.9285
1631	1303771933646	1	1.0137	1.0625	0.9285
1632	1303771933663	1	1.0137	1.0312	0.9566
1633	1303771933681	1	1.0137	1.0312	0.9566
1634	1303771933698	1	1.0137	1.0625	0.9285
1635	1303771933715	1	1.0137	1.0312	0.9566
1636	1303771933732	1	1.0137	1.0312	0.9566
1637	1303771933751	1	1.0137	1.0625	0.9285
1638	1303771933809	1	1.0137	1.0625	0.9285
1639	1303771933869	1	1.0137	1.0312	0.9566
1640	1303771933889	1	1.0137	1.0312	0.9566
1641	1303771933906	1	1.0137	1.0625	0.9285
1642	1303771933924	1	1.0137	1.0312	0.9566
1643	1303771933943	1	1.0137	1.0312	0.9566
1644	1303771933959	1	1.0137	1.0625	0.9285
1645	1303771933976	1	1.0137	1.0625	0.9285
1646	1303771933993	1	1.0137	1.0312	0.9566
1647	1303771934011	1	1.0137	1.0312	0.9566
1648	1303771934028	1	1.0137	1.0625	0.9285
1649	1303771934046	1	1.0137	1.0312	0.9566
1650	1303771934065	1	1.0137	1.0312	0.9566
1651	1303771934083	1	1.0137	1.0625	0.9285
1652	1303771934141	1	1.0137	1.0625	0.9285
1653	1303771934158	1	1.0137	1.0312	0.9566
1654	1303771934177	1	1.0137	1.0312	0.9566
1655	1303771934193	1	1.0137	1.0625	0.9285
1656	1303771934210	1	1.0137	1.0312	0.9566
1657	1303771934229	1	1.0137	1.0312	0.9566
1658	1303771934245	1	1.0137	1.0625	0.9285
1659	1303771934262	1	1.0137	1.0625	0.9285
1660	1303771934322	1	1.0137	1.0312	0.9566
1661	1303771934338	1	1.0137	1.0312	0.9566
1662	1303771934355	1	1.0137	1.0625	0.9285
1663	1303771934372	1	1.0137	1.0312	0.9566
1664	1303771934391	1	1.0137	1.0312	0.9566
1665	1303771934408	1	1.0137	1.0625	0.9285
1666	1303771934425	1	1.0137	1.0625	0.9285
1667	1303771934444	1	1.0137	1.0312	0.9566
1668	1303771934461	1	1.0137	1	0.9865
1669	1303771934478	1	1.0137	1.0625	0.9285
1670	1303771934495	1	1.0137	1.0312	0.9566
1671	1303771934513	1	1.0137	1.0312	0.9566
1672	1303771934530	1	1.0137	1.0312	0.9566
1673	1303771934547	1	1.0137	1.0625	0.9285
1674	1303771934567	1	1.0137	1.0312	0.9566
1675	1303771934584	1	1.0137	1.0312	0.9566
1676	1303771934601	1	1.0137	1.0625	0.9285
1677	1303771934658	1	1.0137	1.0312	0.9566
1678	1303771934677	1	1.0137	1.0312	0.9566
1679	1303771934734	1	1.0137	1.0625	0.9285
1680	1303771934751	1	1.0137	1.0625	0.9285
1681	1303771934770	1	1.0137	1.0312	0.9566
1682	1303771934787	1	1.0137	1.0312	0.9566
1683	1303771934804	1	1.0137	1.0625	0.9285
1684	1303771934822	1	1.0137	1.0312	0.9566
1685	1303771934844	1	1.0137	1.0312	0.9566
1686	1303771934863	1	1.0137	1.0625	0.9285
1687	1303771934880	1	1.0137	1.0625	0.9285
1688	1303771934899	1	1.0137	1.0312	0.9566
1689	1303771934917	1	1.0137	1.0312	0.9566
1690	1303771934935	1	1.0137	1.0625	0.9285
1691	1303771934996	1	1.0109	1.0312	0.9592
1692	1303771935013	1	1.0109	1.0312	0.9592
1693	1303771935071	1	1.0109	1.0625	0.931
1694	1303771935134	1	1.0109	1.0625	0.931
1695	1303771935151	1	1.0109	1.0312	0.9592
1696	1303771935168	1	1.0109	1.0312	0.9592
1697	1303771935186	1	1.0109	1.0625	0.931
1698	1303771935205	1	1.0109	1.0312	0.9592
1699	1303771935222	1	1.0109	1.0312	0.9592
1700	1303771935240	1	1.0109	1.0625	0.931
1701	1303771935260	1	1.0109	1.0625	0.931
1702	1303771935277	1	1.0109	1.0312	0.9592
1703	1303771935296	1	1.0109	1.0312	0.9592
1704	1303771935315	1	1.0109	1.0625	0.931
1705	1303771935334	1	1.0109	1.0312	0.9592
1706	1303771935352	1	1.0109	1.0312	0.9592
1707	1303771935369	1	1.0109	1.0625	0.931
1708	1303771935391	1	1.0109	1.0625	0.931
1709	1303771935410	1	1.0109	1.0312	0.9592
1710	1303771935428	1	1.0109	1.0312	0.9592
1711	1303771935446	1	1.0109	1.0625	0.931
1712	1303771935465	1	1.0109	1.0312	0.9592
1713	1303771935482	1	1.0109	1.0312	0.9592
1714	1303771935499	1	1.0109	1.0625	0.931
1715	1303771935519	1	1.0109	1.0625	0.931
1716	1303771935578	1	1.0109	1.0312	0.9592
1717	1303771935595	1	1.0109	1.0312	0.9592
1718	1303771935612	1	1.0109	1.0625	0.931
1719	1303771935630	1	1.0109	1.0312	0.9592
1720	1303771935648	1	1.0109	1.0312	0.9592
1721	1303771935664	1	1.0109	1.0625	0.931
1722	1303771935684	1	1.0109	1.0625	0.931
1723	1303771935701	1	1.0109	1.0312	0.9592
1724	1303771935719	1	1.0109	1.0312	0.9592
1725	1303771935738	1	1.0109	1.0625	0.931
1726	1303771935757	1	1.0109	1.0312	0.9592
1727	1303771935774	1	1.0109	1.0312	0.9592
1728	1303771935791	1	1.0109	1.0625	0.931
1729	1303771935810	1	1.0109	1.0625	0.931
1730	1303771935828	1	1.0109	1	0.9892
1731	1303771935845	1	1.0109	1.0312	0.9592
1732	1303771935863	1	1.0109	1.0625	0.931
1733	1303771935881	1	1.0109	1.0312	0.9592
1734	1303771935899	1	1.0109	1	0.9892
1735	1303771935916	1	1.0109	1.0625	0.931
1736	1303771935935	1	1.0109	1.0625	0.931
1737	1303771935952	1	1.0109	1.0312	0.9592
1738	1303771935969	1	1.0109	1.0312	0.9592
1739	1303771935987	1	1.0109	1.0625	0.931
1740	1303771936007	1	1.0109	1.0312	0.9592
1741	1303771936024	1	1.0109	1.0312	0.9592
1742	1303771936041	1	1.0109	1.0625	0.931
1743	1303771936060	1	1.0109	1.0625	0.931
1744	1303771936078	1	1.0109	1.0312	0.9592
1745	1303771936097	1	1.0109	1.0312	0.9592
1746	1303771936120	1	1.0109	1.0625	0.931
1747	1303771936138	1	1.0109	1.0312	0.9592
1748	1303771936156	1	1.0109	1.0312	0.9592
1749	1303771936217	1	1.0109	1.0625	0.931
1750	1303771936238	1	1.0109	1.0625	0.931
1751	1303771936256	1	1.0109	1.0312	0.9592
1752	1303771936274	1	1.0109	1.0312	0.9592
1753	1303771936293	1	1.0109	1.0625	0.931
1754	1303771936311	1	1.0109	1.0312	0.9592
1755	1303771936329	1	1.0109	1.0312	0.9592
1756	1303771936349	1	1.0109	1.0625	0.931
1757	1303771936366	1	1.0109	1.0625	0.931
1758	1303771936383	1	1.0109	1.0312	0.9592
1759	1303771936402	1	1.0109	1.0312	0.9592
1760	1303771936489	1	1.0109	1.0625	0.931
1761	1303771936507	1	1.0109	1.0312	0.9592
1762	1303771936525	1	1.0109	1.0312	0.9592
1763	1303771936544	1	1.0109	1.0625	0.931
1764	1303771936561	1	1.0109	1.0625	0.931
1765	1303771936580	1	1.0109	1.0312	0.9592
1766	1303771936597	1	1.0109	1.0312	0.9592
1767	1303771936657	1	1.0109	1.0625	0.931
1768	1303771936675	1	1.0109	1.0312	0.9592
1769	1303771936692	1	1.0109	1.0312	0.9592
1770	1303771936711	1	1.0109	1.0625	0.931
1771	1303771936729	1	1.0109	1.0625	0.931
1772	1303771936746	1	1.0109	1.0312	0.9592
1773	1303771936763	1	1.0109	1.0312	0.9592
1774	1303771936783	1	1.0109	1.0625	0.931
1775	1303771936800	1	1.0109	1.0312	0.9592
1776	1303771936817	1	1.0109	1.0312	0.9592
1777	1303771936836	1	1.0109	1.0625	0.931
1778	1303771936853	1	1.0109	1.0625	0.931
1779	1303771936871	1	1.0109	1.0312	0.9592
1780	1303771936888	1	1.0109	1.0312	0.9592
1781	1303771936908	1	1.0109	1.0625	0.931
1782	1303771936925	1	1.0109	1.0312	0.9592
1783	1303771936943	1	1.0109	1.0312	0.9592
1784	1303771936962	1	1.0109	1.0625	0.931
1785	1303771936980	1	1.0109	1.0625	0.931
1786	1303771936997	1	1.0109	1.0312	0.9592
1787	1303771937015	1	1.0109	1.0312	0.9592
1788	1303771937034	1	1.0109	1.0625	0.931
1789	1303771937052	1	1.0109	1.0312	0.9592
1790	1303771937070	1	1.0109	1.0312	0.9592
1791	1303771937090	1	1.0109	1.0625	0.931
1792	1303771937107	1	1.0109	1.0312	0.9592
1793	1303771937124	1	1.0109	1.0312	0.9592
1794	1303771937141	1	1.0109	1.0312	0.9592
1795	1303771937161	1	1.0109	1.0625	0.931
1796	1303771937178	1	1.0109	1.0312	0.9592
1797	1303771937196	1	1.0109	1.0312	0.9592
1798	1303771937214	1	1.0109	1.0625	0.931
1799	1303771937275	1	1.0109	1.0625	0.931
1800	1303771937293	1	1.0109	1.0312	0.9592
