0	1303772055226	0	0	0	0
1	1303772055281	0	0	0	0
2	1303772055291	0	0	0	0
3	1303772055300	0	0	0	0
4	1303772055311	0	0	0	0
5	1303772055365	0	0	0	0
6	1303772055376	0	0	0	0
7	1303772055386	0	0	0	0
8	1303772055397	0	0	0	0
9	1303772055410	0	0	0	0
10	1303772055421	0	0	0	0
11	1303772055433	0	0	0	0
12	1303772055444	0	0	0	0
13	1303772055456	0	0	0	0
14	1303772055468	0	0	0	0
15	1303772055488	0.5	0	0	0
16	1303772055524	0.5	1.0883	0	0
17	1303772055561	0.5	1.0883	0	0
18	1303772055585	0.5	1.0883	0	0
19	1303772055610	0.5	1.0883	1.5	0.3063
20	1303772055634	0.5	1.0883	1.5	0.3063
21	1303772055657	0.5	1.0883	1.5	0.3063
22	1303772055682	0.5	1.0883	1.25	0.3676
23	1303772055705	0.5	1.0883	1	0.4594
24	1303772055725	0.5	1.0883	1	0.4594
25	1303772055791	0.5	1.0883	1	0.4594
26	1303772055813	0.5	1.0883	1.1667	0.3938
27	1303772055834	0.5	1.0883	1	0.4594
28	1303772055856	0.5	1.0883	1.3333	0.3446
29	1303772055878	1	1.0883	1.125	0.8168
30	1303772055906	1	1.0883	1.125	0.8168
31	1303772055947	1	1.0883	1.125	0.8168
32	1303772055984	1	1.0883	1	0.9189
33	1303772056006	1	1.1691	1.125	0.7603
34	1303772056028	1	1.1549	1.25	0.6927
35	1303772056050	1	1.1549	1.25	0.6927
36	1303772056073	1	1.1549	1.25	0.6927
37	1303772056095	1	1.1549	1.3333	0.6494
38	1303772056116	1	1.1549	1.25	0.6927
39	1303772056136	1	1.1549	1.3571	0.638
40	1303772056156	1	1.1549	1.3333	0.6494
41	1303772056176	1	1.1549	1.3571	0.638
42	1303772056197	1	1.1549	1.375	0.6298
43	1303772056216	1	1.1549	1.3125	0.6597
44	1303772056237	1	1.1549	1.2857	0.6735
45	1303772056257	1	1.1549	1.375	0.6298
46	1303772056276	1	1.1549	1.35	0.6414
47	1303772056296	1	1.1549	1.2778	0.6777
48	1303772056315	1	1.1549	1.3	0.6661
49	1303772056336	1	1.1549	1.25	0.6927
50	1303772056355	1	1.1549	1.25	0.6927
51	1303772056416	1	1.1549	1.25	0.6927
52	1303772056435	1	1.1549	1.2	0.7216
53	1303772056496	1	1.1549	1.1818	0.7327
54	1303772056515	1	1.1549	1.2273	0.7056
55	1303772056536	1	1.1549	1.2	0.7216
56	1303772056554	1	1.1549	1.2727	0.6804
57	1303772056616	1	1.1549	1.25	0.6927
58	1303772056634	1	1.1549	1.2273	0.7056
59	1303772056655	1	1.1549	1.1364	0.762
60	1303772056674	1	1.1549	1.1667	0.7422
61	1303772056695	1	1.1549	1.1818	0.7327
62	1303772056713	1	1.1549	1.0769	0.8041
63	1303772056731	1	1.1549	1.1538	0.7505
64	1303772056751	1	1.1549	1.0833	0.7993
65	1303772056769	1	1.1549	1.0833	0.7993
66	1303772056790	1	1.1549	1.0833	0.7993
67	1303772056850	1	1.1549	1.125	0.7697
68	1303772056871	1	1.1549	1.125	0.7697
69	1303772056890	1	1.1549	1.1154	0.7763
70	1303772056910	1	1.1549	1.1429	0.7577
71	1303772056928	1	1.1549	1.0769	0.8041
72	1303772056948	1	1.1549	1.0769	0.8041
73	1303772056966	1	1.1549	1.1071	0.7821
74	1303772056984	1	1.1549	1.1071	0.7821
75	1303772057045	1	1.1549	1.0714	0.8082
76	1303772057063	1	1.1549	1.0714	0.8082
77	1303772057084	1	1.1169	1.1071	0.8087
78	1303772057103	1	1.1169	1.1	0.8139
79	1303772057123	1	1.1169	1.1071	0.8087
80	1303772057140	1	1.1169	1.125	0.7958
81	1303772057158	1	1.1169	1.0938	0.8186
82	1303772057177	1	1.1169	1.0667	0.8394
83	1303772057235	1	1.1169	1.0938	0.8186
84	1303772057254	1	1.1169	1.0625	0.8426
85	1303772057272	1	1.1169	1.0667	0.8394
86	1303772057289	1	1.1169	1.0938	0.8186
87	1303772057309	1	1.1169	1.0938	0.8186
88	1303772057367	1	1.1169	1.0625	0.8426
89	1303772057384	1	1.1169	1.0625	0.8426
90	1303772057403	1	1.1169	1.0625	0.8426
91	1303772057420	1	1.1169	1.0625	0.8426
92	1303772057480	1	1.1169	1.0625	0.8426
93	1303772057497	1	1.1169	1.0938	0.8186
94	1303772057516	1	1.0286	1.0625	0.915
95	1303772057536	1	1.0286	1.0625	0.915
96	1303772057554	1	1.0286	1.0938	0.8888
97	1303772057574	1	1.0286	1.0625	0.915
98	1303772057591	1	1.0286	1.0625	0.915
99	1303772057650	1	1.0286	1.0938	0.8888
100	1303772057670	1	1.0286	1.0938	0.8888
101	1303772057689	1	1.0286	1.0625	0.915
102	1303772057708	1	1.0286	1.0312	0.9427
103	1303772057726	1	1.0286	1.0625	0.915
104	1303772057744	1	1.0286	1.0625	0.915
105	1303772057763	1	1.0286	1.0312	0.9427
106	1303772057782	1	1.0286	1.0938	0.8888
107	1303772057800	1	1.0286	1.0938	0.8888
108	1303772057820	1	1.0286	1.0625	0.915
109	1303772057879	1	1.0286	1.0312	0.9427
110	1303772057943	1	1.0286	1.0625	0.915
111	1303772057962	1	1.0286	1.0625	0.915
112	1303772057980	1	1.0286	1.0625	0.915
113	1303772058000	1	1.0286	1.0312	0.9427
114	1303772058017	1	1.0286	1.0625	0.915
115	1303772058035	1	1.0286	1.0625	0.915
116	1303772058054	1	1.0286	1.0625	0.915
117	1303772058072	1	1.0286	1.0312	0.9427
118	1303772058093	1	1.0286	1.0625	0.915
119	1303772058112	1	1.0286	1.0625	0.915
120	1303772058130	1	1.0286	1.0625	0.915
121	1303772058150	1	1.0286	1.0312	0.9427
122	1303772058168	1	1.0286	1.0625	0.915
123	1303772058186	1	1.0286	1.0625	0.915
124	1303772058206	1	1.0286	1.0625	0.915
125	1303772058225	1	1.0286	1.0312	0.9427
126	1303772058285	1	1.0286	1.0625	0.915
127	1303772058304	1	1.0286	1.0625	0.915
128	1303772058323	1	1.0286	1.0625	0.915
129	1303772058383	1	1.0286	1.0312	0.9427
130	1303772058401	1	1.0286	1.0625	0.915
131	1303772058459	1	1.0286	1.0625	0.915
132	1303772058479	1	1.0286	1.0625	0.915
133	1303772058498	1	1.0286	1.0312	0.9427
134	1303772058559	1	1.0286	1.0625	0.915
135	1303772058577	1	1.0286	1.0625	0.915
136	1303772058595	1	1.0286	1.0625	0.915
137	1303772058614	1	1.0286	1.0312	0.9427
138	1303772058632	1	1.0291	1.0625	0.9145
139	1303772058651	1	1.0291	1.0625	0.9145
140	1303772058670	1	1.0291	1.0625	0.9145
141	1303772058688	1	1.0291	1.0312	0.9422
142	1303772058705	1	1.0291	1.0625	0.9145
143	1303772058724	1	1.0291	1.0625	0.9145
144	1303772058742	1	1.0291	1.0625	0.9145
145	1303772058761	1	1.0291	1.0312	0.9422
146	1303772058778	1	1.0291	1.0625	0.9145
147	1303772058836	1	1.0291	1.0625	0.9145
148	1303772058855	1	1.0291	1.0625	0.9145
149	1303772058872	1	1.0291	1.0312	0.9422
150	1303772058891	1	1.0291	1.0625	0.9145
151	1303772058910	1	1.0291	1.0625	0.9145
152	1303772058927	1	1.0291	1.0625	0.9145
153	1303772058988	1	1.0291	1.0312	0.9422
154	1303772059008	1	1.0291	1.0625	0.9145
155	1303772059027	1	1.0098	1.0625	0.932
156	1303772059047	1	1.0097	1.0625	0.9321
157	1303772059067	1	1.0097	1.0312	0.9603
158	1303772059134	1	1.0097	1.0625	0.9321
159	1303772059151	1	1.0097	1.0312	0.9603
160	1303772059169	1	1.0097	1.0625	0.9321
161	1303772059186	1	1.0097	1.0312	0.9603
162	1303772059202	1	1.0097	1.0625	0.9321
163	1303772059223	1	1.0097	1.0312	0.9603
164	1303772059240	1	1.0097	1.0625	0.9321
165	1303772059256	1	1.0097	1.0312	0.9603
166	1303772059317	1	1.0097	1.0625	0.9321
167	1303772059334	1	1.0097	1.0312	0.9603
168	1303772059352	1	1.0097	1.0625	0.9321
169	1303772059371	1	1.0097	1.0312	0.9603
170	1303772059387	1	1.0097	1.0625	0.9321
171	1303772059404	1	1.0097	1.0312	0.9603
172	1303772059422	1	1.0097	1.0625	0.9321
173	1303772059439	1	1.0097	1.0312	0.9603
174	1303772059455	1	1.0097	1.0625	0.9321
175	1303772059513	1	1.0097	1.0312	0.9603
176	1303772059531	1	1.0097	1.0625	0.9321
177	1303772059589	1	1.0097	1.0312	0.9603
178	1303772059608	1	1.0097	1.0625	0.9321
179	1303772059624	1	1.0097	1.0312	0.9603
180	1303772059688	1	1.0097	1.0625	0.9321
181	1303772059707	1	1.0097	1.0312	0.9603
182	1303772059724	1	1.0097	1.0625	0.9321
183	1303772059741	1	1.0097	1.0312	0.9603
184	1303772059759	1	1.0097	1.0625	0.9321
185	1303772059778	1	1.0097	1.0312	0.9603
186	1303772059795	1	1.0097	1.0625	0.9321
187	1303772059812	1	1.0097	1.0312	0.9603
188	1303772059831	1	1.0097	1.0625	0.9321
189	1303772059848	1	1.0097	1.0625	0.9321
190	1303772059866	1	1.0097	1.0312	0.9603
191	1303772059885	1	1.0097	1.0312	0.9603
192	1303772059902	1	1.0097	1.0625	0.9321
193	1303772059920	1	1.0097	1.0625	0.9321
194	1303772059939	1	1.0097	1.0312	0.9603
195	1303772059955	1	1.0097	1.0312	0.9603
196	1303772059973	1	1.0097	1.0625	0.9321
197	1303772059992	1	1.0097	1.0625	0.9321
198	1303772060011	1	1.0097	1.0625	0.9321
199	1303772060074	1	1.0097	1	0.9904
200	1303772060135	1	1.0097	1.0625	0.9321
201	1303772060153	1	1.0097	1.0625	0.9321
202	1303772060171	1	1.0097	1.0625	0.9321
203	1303772060191	1	1.0159	1	0.9844
204	1303772060209	1	1.0159	1.0625	0.9265
205	1303772060227	1	1.0159	1.0625	0.9265
206	1303772060247	1	1.0159	1.0625	0.9265
207	1303772060265	1	1.0159	1.0312	0.9545
208	1303772060283	1	1.0159	1.0312	0.9545
209	1303772060302	1	1.0159	1.0625	0.9265
210	1303772060320	1	1.0159	1.0625	0.9265
211	1303772060340	1	1.0159	1.0312	0.9545
212	1303772060358	1	1.0159	1.0625	0.9265
213	1303772060376	1	1.0159	1.0312	0.9545
214	1303772060396	1	1.0159	1.0625	0.9265
215	1303772060414	1	1.0159	1.0312	0.9545
216	1303772060432	1	1.0151	1.0625	0.9271
217	1303772060453	1	1.0137	1.0625	0.9284
218	1303772060473	1	1.0137	1.0312	0.9566
219	1303772060492	1	1.0137	1.0312	0.9566
220	1303772060511	1	1.0137	1.0625	0.9284
221	1303772060529	1	1.0137	1.0625	0.9284
222	1303772060548	1	1.0137	1.0625	0.9284
223	1303772060567	1	1.0137	1	0.9865
224	1303772060586	1	1.0137	1.0625	0.9284
225	1303772060605	1	1.0137	1.0625	0.9284
226	1303772060664	1	1.0137	1.0625	0.9284
227	1303772060723	1	1.0137	1.0312	0.9566
228	1303772060741	1	1.0137	1.0312	0.9566
229	1303772060759	1	1.0137	1.0625	0.9284
230	1303772060779	1	1.0137	1.0625	0.9284
231	1303772060797	1	1.0137	1.0312	0.9566
232	1303772060816	1	1.0137	1.0625	0.9284
233	1303772060836	1	1.0137	1.0625	0.9284
234	1303772060854	1	1.0137	1.0625	0.9284
235	1303772060915	1	1.0137	1.0312	0.9566
236	1303772060934	1	1.0137	1.0625	0.9284
237	1303772060953	1	1.0137	1.0625	0.9284
238	1303772060973	1	1.0137	1.0625	0.9284
239	1303772061031	1	1.0137	1.0312	0.9566
240	1303772061049	1	1.0137	1.0625	0.9284
241	1303772061068	1	1.0137	1.0625	0.9284
242	1303772061088	1	1.0137	1.0625	0.9284
243	1303772061106	1	1.0137	1.0312	0.9566
244	1303772061127	1	1.0137	1.0625	0.9284
245	1303772061146	1	1.0137	1.0625	0.9284
246	1303772061166	1	1.0137	1.0625	0.9284
247	1303772061185	1	1.0137	1.0312	0.9566
248	1303772061203	1	1.0137	1.0312	0.9566
249	1303772061223	1	1.0137	1.0625	0.9284
250	1303772061281	1	1.0137	1.0625	0.9284
251	1303772061300	1	1.0137	1.0312	0.9566
252	1303772061320	1	1.0137	1.0625	0.9284
253	1303772061339	1	1.0137	1.0625	0.9284
254	1303772061360	1	1.0137	1.0625	0.9284
255	1303772061380	1	1.0137	1.0312	0.9566
256	1303772061398	1	1.0137	1.0625	0.9284
257	1303772061419	1	1.0137	1.0625	0.9284
258	1303772061437	1	1.0137	1.0625	0.9284
259	1303772061456	1	1.0137	1.0312	0.9566
260	1303772061516	1	1.0137	1.0625	0.9284
261	1303772061579	1	1.0137	1.0625	0.9284
262	1303772061600	1	1.0137	1.0625	0.9284
263	1303772061618	1	1.0137	1	0.9865
264	1303772061636	1	1.0224	1.0625	0.9205
265	1303772061656	1	1.0224	1.0625	0.9205
266	1303772061674	1	1.0224	1.0625	0.9205
267	1303772061692	1	1.0224	1.0312	0.9484
268	1303772061752	1	1.0224	1.0625	0.9205
269	1303772061771	1	1.0224	1.0625	0.9205
270	1303772061789	1	1.0224	1.0625	0.9205
271	1303772061808	1	1.0224	1.0312	0.9484
272	1303772061867	1	1.0224	1.0625	0.9205
273	1303772061928	1	1.0224	1.0625	0.9205
274	1303772061946	1	1.0224	1.0625	0.9205
275	1303772061964	1	1.0224	1.0312	0.9484
276	1303772061983	1	1.0224	1.0625	0.9205
277	1303772062002	1	1.0224	1.0625	0.9205
278	1303772062022	1	1.0224	1.0625	0.9205
279	1303772062044	1	1.022	1.0312	0.9488
280	1303772062063	1	1.022	1.0625	0.9209
281	1303772062080	1	1.022	1.0625	0.9209
282	1303772062100	1	1.022	1.0625	0.9209
283	1303772062119	1	1.022	1.0312	0.9488
284	1303772062180	1	1.022	1.0625	0.9209
285	1303772062198	1	1.022	1.0625	0.9209
286	1303772062215	1	1.022	1.0625	0.9209
287	1303772062277	1	1.022	1.0312	0.9488
288	1303772062335	1	1.022	1.0625	0.9209
289	1303772062353	1	1.022	1.0625	0.9209
290	1303772062373	1	1.022	1.0625	0.9209
291	1303772062391	1	1.022	1.0312	0.9488
292	1303772062409	1	1.022	1.0625	0.9209
293	1303772062429	1	1.022	1.0625	0.9209
294	1303772062487	1	1.022	1.0625	0.9209
295	1303772062507	1	1.022	1.0312	0.9488
296	1303772062525	1	1.022	1.0625	0.9209
297	1303772062544	1	1.022	1.0625	0.9209
298	1303772062564	1	1.022	1.0625	0.9209
299	1303772062582	1	1.022	1.0312	0.9488
300	1303772062641	1	1.022	1.0625	0.9209
301	1303772062660	1	1.022	1.0625	0.9209
302	1303772062678	1	1.022	1.0625	0.9209
303	1303772062697	1	1.022	1.0312	0.9488
304	1303772062717	1	1.022	1.0625	0.9209
305	1303772062735	1	1.022	1.0625	0.9209
306	1303772062755	1	1.022	1.0625	0.9209
307	1303772062774	1	1.022	1.0312	0.9488
308	1303772062791	1	1.022	1.0625	0.9209
309	1303772062812	1	1.022	1.0625	0.9209
310	1303772062830	1	1.022	1.0625	0.9209
311	1303772062888	1	1.022	1.0312	0.9488
312	1303772062948	1	1.022	1.0625	0.9209
313	1303772062966	1	1.022	1.0625	0.9209
314	1303772062983	1	1.022	1.0625	0.9209
315	1303772063003	1	1.022	1.0312	0.9488
316	1303772063021	1	1.022	1.0625	0.9209
317	1303772063040	1	1.022	1.0625	0.9209
318	1303772063058	1	1.022	1.0625	0.9209
319	1303772063076	1	1.022	1.0312	0.9488
320	1303772063095	1	1.022	1.0625	0.9209
321	1303772063113	1	1.022	1.0625	0.9209
322	1303772063131	1	1.022	1.0625	0.9209
323	1303772063151	1	1.022	1.0312	0.9488
324	1303772063169	1	1.022	1.0625	0.9209
325	1303772063187	1	1.0295	1.0625	0.9142
326	1303772063206	1	1.0295	1.0625	0.9142
327	1303772063225	1	1.0295	1.0312	0.9419
328	1303772063284	1	1.0295	1.0625	0.9142
329	1303772063304	1	1.0295	1.0625	0.9142
330	1303772063322	1	1.0295	1.0625	0.9142
331	1303772063342	1	1.0295	1.0312	0.9419
332	1303772063360	1	1.0295	1.0625	0.9142
333	1303772063378	1	1.0295	1.0625	0.9142
334	1303772063398	1	1.0295	1.0625	0.9142
335	1303772063416	1	1.0295	1.0312	0.9419
336	1303772063435	1	1.0295	1.0625	0.9142
337	1303772063455	1	1.0295	1.0625	0.9142
338	1303772063515	1	1.0295	1.0625	0.9142
339	1303772063534	1	1.0295	1.0312	0.9419
340	1303772063556	1	1.0295	1.0625	0.9142
341	1303772063576	1	1.0298	1.0625	0.9139
342	1303772063596	1	1.0298	1.0625	0.9139
343	1303772063614	1	1.0298	1.0312	0.9416
344	1303772063632	1	1.0298	1.0625	0.9139
345	1303772063652	1	1.0298	1.0625	0.9139
346	1303772063670	1	1.0298	1.0625	0.9139
347	1303772063688	1	1.0298	1.0312	0.9416
348	1303772063708	1	1.0298	1.0625	0.9139
349	1303772063726	1	1.0298	1.0625	0.9139
350	1303772063744	1	1.0298	1.0625	0.9139
351	1303772063764	1	1.0298	1.0312	0.9416
352	1303772063782	1	1.0298	1.0625	0.9139
353	1303772063800	1	1.0298	1.0625	0.9139
354	1303772063819	1	1.0298	1.0625	0.9139
355	1303772063837	1	1.0298	1.0312	0.9416
356	1303772063857	1	1.0298	1.0625	0.9139
357	1303772063875	1	1.0298	1.0625	0.9139
358	1303772063933	1	1.0298	1.0625	0.9139
359	1303772063954	1	1.0298	1.0312	0.9416
360	1303772063972	1	1.0298	1.0625	0.9139
361	1303772063990	1	1.0298	1.0625	0.9139
362	1303772064010	1	1.0298	1.0625	0.9139
363	1303772064028	1	1.0298	1.0312	0.9416
364	1303772064047	1	1.0298	1.0625	0.9139
365	1303772064067	1	1.0298	1.0625	0.9139
366	1303772064086	1	1.0298	1.0625	0.9139
367	1303772064108	1	1.0298	1.0312	0.9416
368	1303772064277	1	1.0298	1.0625	0.9139
369	1303772064295	1	1.0298	1.0625	0.9139
370	1303772064316	1	1.0298	1.0625	0.9139
371	1303772064334	1	1.0298	1.0312	0.9416
372	1303772064395	1	1.0298	1.0625	0.9139
373	1303772064415	1	1.0298	1.0625	0.9139
374	1303772064434	1	1.0298	1.0625	0.9139
375	1303772064454	1	1.0298	1.0312	0.9416
376	1303772064480	1	1.0298	1.0625	0.9139
377	1303772064538	1	1.0298	1.0625	0.9139
378	1303772064556	1	1.0298	1.0625	0.9139
379	1303772064611	1	1.0298	1.0312	0.9416
380	1303772064628	1	1.0298	1.0625	0.9139
381	1303772064646	1	1.0298	1.0625	0.9139
382	1303772064666	1	1.0298	1.0625	0.9139
383	1303772064684	1	1.0298	1.0312	0.9416
384	1303772064704	1	1.0298	1.0625	0.9139
385	1303772064723	1	1.0298	1.0625	0.9139
386	1303772064741	1	1.0413	1.0625	0.9038
387	1303772064761	1	1.0413	1.0312	0.9312
388	1303772064819	1	1.0413	1.0625	0.9038
389	1303772064839	1	1.0413	1.0625	0.9038
390	1303772064859	1	1.0413	1.0625	0.9038
391	1303772064879	1	1.0413	1.0312	0.9312
392	1303772064899	1	1.0413	1.0625	0.9038
393	1303772064919	1	1.0413	1.0625	0.9038
394	1303772064938	1	1.0413	1.0625	0.9038
395	1303772064957	1	1.0413	1.0312	0.9312
396	1303772064977	1	1.0413	1.0625	0.9038
397	1303772064996	1	1.0413	1.0625	0.9038
398	1303772065017	1	1.0413	1.0625	0.9038
399	1303772065036	1	1.0413	1.0312	0.9312
400	1303772065058	1	1.0413	1.0625	0.9038
401	1303772065082	1	1.0413	1.0625	0.9038
402	1303772065101	1	1.0416	1.0625	0.9036
403	1303772065119	1	1.0416	1.0312	0.931
404	1303772065139	1	1.0416	1.0625	0.9036
405	1303772065157	1	1.0416	1.0625	0.9036
406	1303772065176	1	1.0416	1.0625	0.9036
407	1303772065197	1	1.0416	1.0312	0.931
408	1303772065217	1	1.0416	1.0625	0.9036
409	1303772065238	1	1.0416	1.0625	0.9036
410	1303772065256	1	1.0416	1.0625	0.9036
411	1303772065275	1	1.0416	1.0312	0.931
412	1303772065296	1	1.0416	1.0625	0.9036
413	1303772065314	1	1.0416	1.0625	0.9036
414	1303772065379	1	1.0416	1.0625	0.9036
415	1303772065399	1	1.0416	1.0312	0.931
416	1303772065417	1	1.0416	1.0625	0.9036
417	1303772065475	1	1.0416	1.0625	0.9036
418	1303772065496	1	1.0416	1.0625	0.9036
419	1303772065516	1	1.0416	1.0312	0.931
420	1303772065534	1	1.0416	1.0625	0.9036
421	1303772065599	1	1.0416	1.0625	0.9036
422	1303772065618	1	1.0416	1.0625	0.9036
423	1303772065638	1	1.0416	1.0312	0.931
424	1303772065656	1	1.0416	1.0625	0.9036
425	1303772065674	1	1.0416	1.0625	0.9036
426	1303772065694	1	1.0416	1.0625	0.9036
427	1303772065712	1	1.0416	1.0312	0.931
428	1303772065730	1	1.0416	1.0625	0.9036
429	1303772065790	1	1.0416	1.0625	0.9036
430	1303772065808	1	1.0416	1.0625	0.9036
431	1303772065826	1	1.0416	1.0312	0.931
432	1303772065845	1	1.0416	1.0625	0.9036
433	1303772065864	1	1.0416	1.0625	0.9036
434	1303772065885	1	1.0416	1.0625	0.9036
435	1303772065906	1	1.0416	1.0312	0.931
436	1303772065923	1	1.0416	1.0625	0.9036
437	1303772065943	1	1.0416	1.0625	0.9036
438	1303772065962	1	1.0416	1.0625	0.9036
439	1303772065981	1	1.0416	1.0312	0.931
440	1303772066002	1	1.0416	1.0625	0.9036
441	1303772066020	1	1.0416	1.0625	0.9036
442	1303772066039	1	1.0416	1.0625	0.9036
443	1303772066060	1	1.0416	1.0312	0.931
444	1303772066078	1	1.0416	1.0625	0.9036
445	1303772066095	1	1.0416	1.0625	0.9036
446	1303772066115	1	1.0416	1.0625	0.9036
447	1303772066134	1	1.0487	1.0312	0.9246
448	1303772066153	1	1.0487	1.0625	0.8975
449	1303772066173	1	1.0487	1.0625	0.8975
450	1303772066192	1	1.0487	1.0625	0.8975
451	1303772066211	1	1.0487	1.0312	0.9246
452	1303772066231	1	1.0487	1.0625	0.8975
453	1303772066249	1	1.0487	1.0625	0.8975
454	1303772066267	1	1.0487	1.0625	0.8975
455	1303772066286	1	1.0487	1.0312	0.9246
456	1303772066304	1	1.0487	1.0625	0.8975
457	1303772066324	1	1.0487	1.0625	0.8975
458	1303772066343	1	1.0487	1.0625	0.8975
459	1303772066362	1	1.0487	1.0312	0.9246
460	1303772066383	1	1.0487	1.0625	0.8975
461	1303772066444	1	1.0487	1.0625	0.8975
462	1303772066465	1	1.0487	1.0625	0.8975
463	1303772066487	1	1.0482	1.0312	0.9251
464	1303772066505	1	1.0482	1.0625	0.8979
465	1303772066524	1	1.0482	1.0625	0.8979
466	1303772066544	1	1.0482	1.0625	0.8979
467	1303772066562	1	1.0482	1.0312	0.9251
468	1303772066623	1	1.0482	1.0625	0.8979
469	1303772066642	1	1.0482	1.0625	0.8979
470	1303772066661	1	1.0482	1.0625	0.8979
471	1303772066681	1	1.0482	1.0312	0.9251
472	1303772066699	1	1.0482	1.0625	0.8979
473	1303772066717	1	1.0482	1.0625	0.8979
474	1303772066737	1	1.0482	1.0625	0.8979
475	1303772066766	1	1.0482	1.0312	0.9251
476	1303772066785	1	1.0482	1.0625	0.8979
477	1303772066805	1	1.0482	1.0625	0.8979
478	1303772066824	1	1.0482	1.0625	0.8979
479	1303772066884	1	1.0482	1.0312	0.9251
480	1303772066904	1	1.0482	1.0625	0.8979
481	1303772066922	1	1.0482	1.0625	0.8979
482	1303772066984	1	1.0482	1.0625	0.8979
483	1303772067043	1	1.0482	1.0312	0.9251
484	1303772067061	1	1.0482	1.0625	0.8979
485	1303772067081	1	1.0482	1.0625	0.8979
486	1303772067140	1	1.0482	1.0625	0.8979
487	1303772067200	1	1.0482	1.0312	0.9251
488	1303772067219	1	1.0482	1.0625	0.8979
489	1303772067238	1	1.0482	1.0625	0.8979
490	1303772067256	1	1.0482	1.0625	0.8979
491	1303772067276	1	1.0482	1.0312	0.9251
492	1303772067295	1	1.0482	1.0625	0.8979
493	1303772067315	1	1.0482	1.0625	0.8979
494	1303772067333	1	1.0482	1.0625	0.8979
495	1303772067351	1	1.0482	1.0312	0.9251
496	1303772067371	1	1.0482	1.0625	0.8979
497	1303772067390	1	1.0482	1.0625	0.8979
498	1303772067410	1	1.0482	1.0625	0.8979
499	1303772067431	1	1.0482	1.0312	0.9251
500	1303772067449	1	1.0482	1.0625	0.8979
501	1303772067509	1	1.0482	1.0625	0.8979
502	1303772067529	1	1.0482	1.0625	0.8979
503	1303772067547	1	1.0482	1.0312	0.9251
504	1303772067566	1	1.0456	1.0625	0.9002
505	1303772067586	1	1.0436	1.0625	0.9018
506	1303772067604	1	1.0436	1.0625	0.9018
507	1303772067624	1	1.0436	1.0312	0.9291
508	1303772067642	1	1.0436	1.0625	0.9018
509	1303772067661	1	1.0436	1.0625	0.9018
510	1303772067681	1	1.0436	1.0625	0.9018
511	1303772067699	1	1.0436	1.0312	0.9291
512	1303772067718	1	1.0436	1.0625	0.9018
513	1303772067738	1	1.0436	1.0625	0.9018
514	1303772067756	1	1.0436	1.0625	0.9018
515	1303772067775	1	1.0436	1.0312	0.9291
516	1303772067795	1	1.0436	1.0625	0.9018
517	1303772067813	1	1.0436	1.0625	0.9018
518	1303772067831	1	1.0436	1.0625	0.9018
519	1303772067891	1	1.0436	1.0625	0.9018
520	1303772067909	1	1.0436	1.0625	0.9018
521	1303772067931	1	1.0436	1.0625	0.9018
522	1303772067956	1	1.0436	1.0625	0.9018
523	1303772067977	1	1.0435	1.0625	0.9019
524	1303772067998	1	1.0435	1.0625	0.9019
525	1303772068016	1	1.0435	1.0625	0.9019
526	1303772068076	1	1.0435	1.0625	0.9019
527	1303772068135	1	1.0435	1.0625	0.9019
528	1303772068153	1	1.0435	1.0625	0.9019
529	1303772068173	1	1.0435	1.0625	0.9019
530	1303772068191	1	1.0435	1.0625	0.9019
531	1303772068210	1	1.0435	1.0625	0.9019
532	1303772068230	1	1.0435	1.0625	0.9019
533	1303772068249	1	1.0435	1.0625	0.9019
534	1303772068267	1	1.0435	1.0625	0.9019
535	1303772068288	1	1.0435	1.0625	0.9019
536	1303772068306	1	1.0435	1.0625	0.9019
537	1303772068323	1	1.0435	1.0625	0.9019
538	1303772068343	1	1.0435	1.0625	0.9019
539	1303772068361	1	1.0435	1.0625	0.9019
540	1303772068379	1	1.0435	1.0625	0.9019
541	1303772068400	1	1.0435	1.0625	0.9019
542	1303772068418	1	1.0435	1.0625	0.9019
543	1303772068439	1	1.0435	1.0625	0.9019
544	1303772068498	1	1.0435	1.0625	0.9019
545	1303772068516	1	1.0435	1.0625	0.9019
546	1303772068536	1	1.0435	1.0625	0.9019
547	1303772068554	1	1.0435	1.0625	0.9019
548	1303772068613	1	1.0435	1.0625	0.9019
549	1303772068633	1	1.0435	1.0625	0.9019
550	1303772068651	1	1.0435	1.0625	0.9019
551	1303772068669	1	1.0435	1.0625	0.9019
552	1303772068688	1	1.0435	1.0625	0.9019
553	1303772068706	1	1.0435	1.0625	0.9019
554	1303772068767	1	1.0435	1.0625	0.9019
555	1303772068826	1	1.0435	1.0625	0.9019
556	1303772068845	1	1.0435	1.0625	0.9019
557	1303772068865	1	1.0435	1.0625	0.9019
558	1303772068883	1	1.0435	1.0625	0.9019
559	1303772068901	1	1.0435	1.0625	0.9019
560	1303772068921	1	1.0435	1.0625	0.9019
561	1303772068939	1	1.0435	1.0625	0.9019
562	1303772068958	1	1.0435	1.0625	0.9019
563	1303772068978	1	1.0435	1.0625	0.9019
564	1303772068996	1	1.0435	1.0625	0.9019
565	1303772069014	1	1.0435	1.0625	0.9019
566	1303772069035	1	1.0435	1.0625	0.9019
567	1303772069054	1	1.0435	1.0625	0.9019
568	1303772069075	1	1.0435	1.0625	0.9019
569	1303772069093	1	1.0466	1.0625	0.8992
570	1303772069111	1	1.0466	1.0625	0.8992
571	1303772069131	1	1.0466	1.0625	0.8992
572	1303772069149	1	1.0466	1.0625	0.8992
573	1303772069208	1	1.0466	1.0625	0.8992
574	1303772069229	1	1.0466	1.0625	0.8992
575	1303772069248	1	1.0466	1.0625	0.8992
576	1303772069268	1	1.0466	1.0625	0.8992
577	1303772069288	1	1.0466	1.0625	0.8992
578	1303772069308	1	1.0466	1.0625	0.8992
579	1303772069329	1	1.0466	1.0625	0.8992
580	1303772069348	1	1.0466	1.0625	0.8992
581	1303772069367	1	1.0466	1.0625	0.8992
582	1303772069390	1	1.0466	1.0625	0.8992
583	1303772069412	1	1.0466	1.0625	0.8992
584	1303772069431	1	1.0466	1.0625	0.8992
585	1303772069452	1	1.0466	1.0625	0.8992
586	1303772069470	1	1.0466	1.0625	0.8992
587	1303772069488	1	1.0466	1.0625	0.8992
588	1303772069508	1	1.0466	1.0625	0.8992
589	1303772069572	1	1.0466	1.0625	0.8992
590	1303772069593	1	1.0466	1.0625	0.8992
591	1303772069611	1	1.0466	1.0625	0.8992
592	1303772069629	1	1.0466	1.0625	0.8992
593	1303772069649	1	1.0466	1.0625	0.8992
594	1303772069667	1	1.0466	1.0625	0.8992
595	1303772069685	1	1.0466	1.0625	0.8992
596	1303772069705	1	1.0466	1.0625	0.8992
597	1303772069724	1	1.0466	1.0625	0.8992
598	1303772069743	1	1.0466	1.0625	0.8992
599	1303772069763	1	1.0466	1.0625	0.8992
600	1303772069781	1	1.0466	1.0625	0.8992
601	1303772069799	1	1.0466	1.0625	0.8992
602	1303772069820	1	1.0466	1.0625	0.8992
603	1303772069838	1	1.0466	1.0625	0.8992
604	1303772069858	1	1.0466	1.0625	0.8992
605	1303772069876	1	1.0466	1.0625	0.8992
606	1303772069894	1	1.0466	1.0625	0.8992
607	1303772069914	1	1.0466	1.0625	0.8992
608	1303772069932	1	1.0466	1.0625	0.8992
609	1303772069951	1	1.0466	1.0625	0.8992
610	1303772069971	1	1.0466	1.0625	0.8992
611	1303772069989	1	1.0466	1.0625	0.8992
612	1303772070007	1	1.0466	1.0625	0.8992
613	1303772070027	1	1.0466	1.0625	0.8992
614	1303772070046	1	1.0466	1.0625	0.8992
615	1303772070105	1	1.0466	1.0625	0.8992
616	1303772070125	1	1.0466	1.0625	0.8992
617	1303772070143	1	1.0466	1.0625	0.8992
618	1303772070163	1	1.0466	1.0625	0.8992
619	1303772070181	1	1.0466	1.0625	0.8992
620	1303772070199	1	1.0466	1.0625	0.8992
621	1303772070260	1	1.0466	1.0625	0.8992
622	1303772070278	1	1.0466	1.0625	0.8992
623	1303772070296	1	1.0466	1.0625	0.8992
624	1303772070356	1	1.0466	1.0625	0.8992
625	1303772070375	1	1.0466	1.0625	0.8992
626	1303772070440	1	1.0466	1.0625	0.8992
627	1303772070501	1	1.0466	1.0625	0.8992
628	1303772070521	1	1.0466	1.0625	0.8992
629	1303772070541	1	1.0466	1.0625	0.8992
630	1303772070559	1	1.0466	1.0625	0.8992
631	1303772070578	1	1.0466	1.0625	0.8992
632	1303772070599	1	1.0466	1.0625	0.8992
633	1303772070618	1	1.0466	1.0625	0.8992
634	1303772070636	1	1.0466	1.0625	0.8992
635	1303772070657	1	1.0466	1.0625	0.8992
636	1303772070677	1	1.0524	1.0625	0.8944
637	1303772070695	1	1.0524	1.0625	0.8944
638	1303772070715	1	1.0524	1.0625	0.8944
639	1303772070733	1	1.0524	1.0625	0.8944
640	1303772070754	1	1.0524	1.0625	0.8944
641	1303772070773	1	1.0524	1.0625	0.8944
642	1303772070792	1	1.0524	1.0625	0.8944
643	1303772070813	1	1.0524	1.0625	0.8944
644	1303772070834	1	1.0524	1.0625	0.8944
645	1303772070857	1	1.0524	1.0625	0.8944
646	1303772070878	1	1.0524	1.0625	0.8944
647	1303772070897	1	1.0524	1.0312	0.9215
648	1303772070915	1	1.0524	1.0625	0.8944
649	1303772070936	1	1.0524	1.0625	0.8944
650	1303772070955	1	1.0524	1.0625	0.8944
651	1303772070976	1	1.0524	1.0312	0.9215
652	1303772070995	1	1.0524	1.0625	0.8944
653	1303772071014	1	1.0524	1.0625	0.8944
654	1303772071034	1	1.0524	1.0625	0.8944
655	1303772071052	1	1.0524	1.0312	0.9215
656	1303772071071	1	1.0524	1.0625	0.8944
657	1303772071090	1	1.0524	1.0625	0.8944
658	1303772071109	1	1.0524	1.0625	0.8944
659	1303772071128	1	1.0524	1.0312	0.9215
660	1303772071148	1	1.0524	1.0625	0.8944
661	1303772071166	1	1.0524	1.0625	0.8944
662	1303772071184	1	1.0524	1.0625	0.8944
663	1303772071204	1	1.0524	1.0312	0.9215
664	1303772071223	1	1.0524	1.0625	0.8944
665	1303772071243	1	1.0524	1.0625	0.8944
666	1303772071261	1	1.0524	1.0625	0.8944
667	1303772071280	1	1.0524	1.0312	0.9215
668	1303772071300	1	1.0524	1.0625	0.8944
669	1303772071319	1	1.0524	1.0625	0.8944
670	1303772071337	1	1.0524	1.0625	0.8944
671	1303772071357	1	1.0524	1.0312	0.9215
672	1303772071376	1	1.0524	1.0625	0.8944
673	1303772071394	1	1.0524	1.0625	0.8944
674	1303772071454	1	1.0524	1.0625	0.8944
675	1303772071473	1	1.0524	1.0312	0.9215
676	1303772071491	1	1.0524	1.0625	0.8944
677	1303772071511	1	1.0524	1.0625	0.8944
678	1303772071530	1	1.0524	1.0625	0.8944
679	1303772071550	1	1.0524	1.0312	0.9215
680	1303772071568	1	1.0524	1.0625	0.8944
681	1303772071587	1	1.0524	1.0625	0.8944
682	1303772071607	1	1.0524	1.0625	0.8944
683	1303772071625	1	1.0524	1.0312	0.9215
684	1303772071644	1	1.0524	1.0625	0.8944
685	1303772071664	1	1.0524	1.0625	0.8944
686	1303772071683	1	1.0524	1.0625	0.8944
687	1303772071701	1	1.0524	1.0312	0.9215
688	1303772071721	1	1.0524	1.0625	0.8944
689	1303772071740	1	1.0524	1.0625	0.8944
690	1303772071759	1	1.0524	1.0625	0.8944
691	1303772071779	1	1.0591	1.0312	0.9156
692	1303772071797	1	1.0591	1.0625	0.8887
693	1303772071816	1	1.0591	1.0625	0.8887
694	1303772071837	1	1.0591	1.0625	0.8887
695	1303772071855	1	1.0591	1.0312	0.9156
696	1303772071916	1	1.0591	1.0625	0.8887
697	1303772071934	1	1.0591	1.0625	0.8887
698	1303772071953	1	1.0591	1.0625	0.8887
699	1303772071973	1	1.0591	1.0312	0.9156
700	1303772071992	1	1.0591	1.0625	0.8887
701	1303772072011	1	1.0591	1.0625	0.8887
702	1303772072032	1	1.0591	1.0625	0.8887
703	1303772072051	1	1.0591	1.0312	0.9156
704	1303772072070	1	1.0591	1.0625	0.8887
705	1303772072137	1	1.0591	1.0625	0.8887
706	1303772072160	1	1.0589	1.0625	0.8888
707	1303772072180	1	1.0589	1.0312	0.9157
708	1303772072242	1	1.0589	1.0625	0.8888
709	1303772072261	1	1.0589	1.0625	0.8888
710	1303772072282	1	1.0589	1.0625	0.8888
711	1303772072300	1	1.0589	1.0312	0.9157
712	1303772072319	1	1.0589	1.0625	0.8888
713	1303772072339	1	1.0589	1.0625	0.8888
714	1303772072357	1	1.0589	1.0625	0.8888
715	1303772072378	1	1.0589	1.0312	0.9157
716	1303772072396	1	1.0589	1.0625	0.8888
717	1303772072416	1	1.0589	1.0625	0.8888
718	1303772072436	1	1.0589	1.0625	0.8888
719	1303772072455	1	1.0589	1.0312	0.9157
720	1303772072514	1	1.0589	1.0625	0.8888
721	1303772072535	1	1.0589	1.0625	0.8888
722	1303772072553	1	1.0589	1.0625	0.8888
723	1303772072572	1	1.0589	1.0312	0.9157
724	1303772072592	1	1.0589	1.0625	0.8888
725	1303772072610	1	1.0589	1.0625	0.8888
726	1303772072629	1	1.0589	1.0625	0.8888
727	1303772072649	1	1.0589	1.0312	0.9157
728	1303772072667	1	1.0589	1.0625	0.8888
729	1303772072687	1	1.0589	1.0625	0.8888
730	1303772072705	1	1.0589	1.0625	0.8888
731	1303772072724	1	1.0589	1.0312	0.9157
732	1303772072745	1	1.0589	1.0625	0.8888
733	1303772072763	1	1.0589	1.0625	0.8888
734	1303772072782	1	1.0589	1.0625	0.8888
735	1303772072802	1	1.0589	1.0312	0.9157
736	1303772072821	1	1.0589	1.0625	0.8888
737	1303772072839	1	1.0589	1.0625	0.8888
738	1303772072859	1	1.0589	1.0625	0.8888
739	1303772072877	1	1.0589	1.0312	0.9157
740	1303772072896	1	1.0589	1.0625	0.8888
741	1303772072955	1	1.0589	1.0625	0.8888
742	1303772072974	1	1.0589	1.0625	0.8888
743	1303772072994	1	1.0589	1.0312	0.9157
744	1303772073013	1	1.0589	1.0625	0.8888
745	1303772073032	1	1.0589	1.0625	0.8888
746	1303772073053	1	1.0589	1.0625	0.8888
747	1303772073071	1	1.0589	1.0312	0.9157
748	1303772073089	1	1.0589	1.0625	0.8888
749	1303772073109	1	1.0589	1.0625	0.8888
750	1303772073128	1	1.0589	1.0625	0.8888
751	1303772073147	1	1.0589	1.0312	0.9157
752	1303772073167	1	1.0589	1.0312	0.9157
753	1303772073186	1	1.0156	1.0625	0.9267
754	1303772073203	1	1.0156	1.0625	0.9267
755	1303772073225	1	1.0156	1.0312	0.9548
756	1303772073244	1	1.0156	1.0312	0.9548
757	1303772073265	1	1.0156	1.0625	0.9267
758	1303772073285	1	1.0156	1.0625	0.9267
759	1303772073304	1	1.0156	1.0312	0.9548
760	1303772073366	1	1.0156	1.0312	0.9548
761	1303772073384	1	1.0156	1.0625	0.9267
762	1303772073446	1	1.0156	1.0625	0.9267
763	1303772073467	1	1.0156	1.0312	0.9548
764	1303772073485	1	1.0156	1.0312	0.9548
765	1303772073505	1	1.0156	1.0625	0.9267
766	1303772073528	1	1.0156	1.0625	0.9267
767	1303772073551	1	1.0156	1.0312	0.9548
768	1303772073571	1	1.0156	1.0312	0.9548
769	1303772073591	1	1.0157	1.0625	0.9266
770	1303772073610	1	1.0157	1.0625	0.9266
771	1303772073632	1	1.0157	1.0312	0.9547
772	1303772073651	1	1.0157	1.0312	0.9547
773	1303772073669	1	1.0157	1.0625	0.9266
774	1303772073690	1	1.0157	1.0625	0.9266
775	1303772073709	1	1.0157	1.0312	0.9547
776	1303772073727	1	1.0157	1.0312	0.9547
777	1303772073747	1	1.0157	1.0625	0.9266
778	1303772073766	1	1.0157	1.0625	0.9266
779	1303772073785	1	1.0157	1.0312	0.9547
780	1303772073806	1	1.0157	1.0312	0.9547
781	1303772073825	1	1.0157	1.0625	0.9266
782	1303772073844	1	1.0157	1.0625	0.9266
783	1303772073864	1	1.0157	1.0312	0.9547
784	1303772073884	1	1.0157	1.0312	0.9547
785	1303772073945	1	1.0157	1.0625	0.9266
786	1303772073964	1	1.0157	1.0625	0.9266
787	1303772073983	1	1.0157	1.0312	0.9547
788	1303772074003	1	1.0157	1.0312	0.9547
789	1303772074021	1	1.0157	1.0625	0.9266
790	1303772074040	1	1.0157	1.0625	0.9266
791	1303772074059	1	1.0157	1.0312	0.9547
792	1303772074078	1	1.0157	1.0312	0.9547
793	1303772074096	1	1.0157	1.0625	0.9266
794	1303772074116	1	1.0157	1.0625	0.9266
795	1303772074175	1	1.0157	1.0312	0.9547
796	1303772074194	1	1.0157	1.0312	0.9547
797	1303772074227	1	1.0157	1.0625	0.9266
798	1303772074247	1	1.0157	1.0625	0.9266
799	1303772074268	1	1.0157	1.0312	0.9547
800	1303772074287	1	1.0157	1.0312	0.9547
801	1303772074305	1	1.0157	1.0625	0.9266
802	1303772074326	1	1.0157	1.0625	0.9266
803	1303772074386	1	1.0157	1.0312	0.9547
804	1303772074404	1	1.0157	1.0312	0.9547
805	1303772074425	1	1.0157	1.0625	0.9266
806	1303772074443	1	1.0157	1.0625	0.9266
807	1303772074462	1	1.0157	1.0312	0.9547
808	1303772074483	1	1.0157	1.0312	0.9547
809	1303772074501	1	1.0045	1.0625	0.9369
810	1303772074562	1	1.0045	1.0625	0.9369
811	1303772074581	1	1.0045	1.0312	0.9653
812	1303772074599	1	1.0045	1.0312	0.9653
813	1303772074616	1	1.0045	1.0625	0.9369
814	1303772074636	1	1.0045	1.0625	0.9369
815	1303772074653	1	1.0045	1.0312	0.9653
816	1303772074670	1	1.0045	1.0312	0.9653
817	1303772074688	1	1.0045	1.0625	0.9369
818	1303772074705	1	1.0045	1.0625	0.9369
819	1303772074762	1	1.0045	1.0312	0.9653
820	1303772074780	1	1.0045	1.0312	0.9653
821	1303772074797	1	1.0045	1.0625	0.9369
822	1303772074814	1	1.0045	1.0625	0.9369
823	1303772074830	1	1.0045	1.0312	0.9653
824	1303772074850	1	1.0045	1.0312	0.9653
825	1303772074867	1	1.0045	1.0625	0.9369
826	1303772074885	1	1.0045	1.0625	0.9369
827	1303772074905	1	1.0045	1.0312	0.9654
828	1303772074923	1	1.0045	1.0312	0.9654
829	1303772074940	1	1.0045	1.0625	0.937
830	1303772075000	1	1.0045	1.0625	0.937
831	1303772075016	1	1.0045	1.0312	0.9654
832	1303772075033	1	1.0045	1.0312	0.9654
833	1303772075052	1	1.0045	1.0625	0.937
834	1303772075068	1	1.0045	1.0625	0.937
835	1303772075085	1	1.0045	1.0312	0.9654
836	1303772075103	1	1.0045	1.0312	0.9654
837	1303772075160	1	1.0045	1.0625	0.937
838	1303772075177	1	1.0045	1.0625	0.937
839	1303772075193	1	1.0045	1.0312	0.9654
840	1303772075212	1	1.0045	1.0312	0.9654
841	1303772075229	1	1.0045	1.0625	0.937
842	1303772075245	1	1.0045	1.0625	0.937
843	1303772075263	1	1.0045	1.0312	0.9654
844	1303772075280	1	1.0045	1.0312	0.9654
845	1303772075297	1	1.0045	1.0625	0.937
846	1303772075315	1	1.0045	1.0625	0.937
847	1303772075332	1	1.0045	1.0312	0.9654
848	1303772075349	1	1.0045	1.0312	0.9654
849	1303772075365	1	1.0045	1.0625	0.937
850	1303772075383	1	1.0045	1.0625	0.937
851	1303772075400	1	1.0045	1.0312	0.9654
852	1303772075417	1	1.0045	1.0312	0.9654
853	1303772075435	1	1.0045	1.0625	0.937
854	1303772075453	1	1.0045	1.0625	0.937
855	1303772075470	1	1.0045	1.0312	0.9654
856	1303772075487	1	1.0045	1.0312	0.9654
857	1303772075505	1	1.0045	1.0625	0.937
858	1303772075562	1	1.0045	1.0625	0.937
859	1303772075578	1	1.0045	1.0312	0.9654
860	1303772075597	1	1.0045	1.0312	0.9654
861	1303772075614	1	1.0045	1.0625	0.937
862	1303772075632	1	1.0045	1.0625	0.937
863	1303772075650	1	1.0045	1.0312	0.9654
864	1303772075667	1	1.0045	1.0312	0.9654
865	1303772075683	1	1.0045	1.0625	0.937
866	1303772075701	1	1.0045	1.0625	0.937
867	1303772075720	1	1.0045	1.0312	0.9654
868	1303772075776	1	1.0045	1.0312	0.9654
869	1303772075793	1	1.0045	1.0625	0.937
870	1303772075852	1	1.0045	1.0625	0.937
871	1303772075869	1	1.0045	1.0312	0.9654
872	1303772075887	1	1.0045	1.0312	0.9654
873	1303772075947	1	1.0045	1.0625	0.937
874	1303772075964	1	1.0108	1.0625	0.9311
875	1303772075981	1	1.0108	1.0312	0.9593
876	1303772076000	1	1.0108	1.0312	0.9593
877	1303772076016	1	1.0108	1.0625	0.9311
878	1303772076033	1	1.0108	1.0625	0.9311
879	1303772076050	1	1.0108	1.0312	0.9593
880	1303772076068	1	1.0108	1.0312	0.9593
881	1303772076084	1	1.0108	1.0625	0.9311
882	1303772076145	1	1.0108	1.0625	0.9311
883	1303772076164	1	1.0108	1.0312	0.9593
884	1303772076181	1	1.0108	1.0625	0.9311
885	1303772076198	1	1.0108	1.0312	0.9593
886	1303772076216	1	1.0108	1.0625	0.9311
887	1303772076234	1	1.0108	1.0312	0.9593
888	1303772076254	1	1.0108	1.0625	0.9311
889	1303772076277	1	1.0108	1.0625	0.9311
890	1303772076295	1	1.0108	1.0312	0.9593
891	1303772076313	1	1.0108	1.0312	0.9593
892	1303772076332	1	1.0108	1.0625	0.9311
893	1303772076349	1	1.0108	1.0625	0.9311
894	1303772076365	1	1.0108	1.0625	0.9311
895	1303772076385	1	1.0108	1	0.9893
896	1303772076401	1	1.0108	1.0625	0.9311
897	1303772076418	1	1.0108	1.0625	0.9311
898	1303772076434	1	1.0108	1.0625	0.9311
899	1303772076453	1	1.0108	1.0312	0.9593
900	1303772076470	1	1.0108	1.0312	0.9593
901	1303772076487	1	1.0108	1.0625	0.9311
902	1303772076506	1	1.0108	1.0625	0.9311
903	1303772076523	1	1.0108	1.0312	0.9593
904	1303772076541	1	1.0108	1.0625	0.9311
905	1303772076559	1	1.0108	1.0312	0.9593
906	1303772076576	1	1.0108	1.0625	0.9311
907	1303772076592	1	1.0108	1.0312	0.9593
908	1303772076609	1	1.0108	1.0625	0.9311
909	1303772076628	1	1.0108	1.0625	0.9311
910	1303772076644	1	1.0108	1.0312	0.9593
911	1303772076701	1	1.0108	1.0312	0.9593
912	1303772076719	1	1.0108	1.0625	0.9311
913	1303772076736	1	1.0108	1.0625	0.9311
914	1303772076753	1	1.0108	1.0625	0.9311
915	1303772076772	1	1.0108	1.0312	0.9593
916	1303772076788	1	1.0108	1.0312	0.9593
917	1303772076805	1	1.0108	1.0625	0.9311
918	1303772076822	1	1.0108	1.0625	0.9311
919	1303772076841	1	1.0108	1.0312	0.9593
920	1303772076858	1	1.0108	1.0625	0.9311
921	1303772076875	1	1.0108	1.0625	0.9311
922	1303772076893	1	1.0108	1.0312	0.9593
923	1303772076910	1	1.0108	1.0312	0.9593
924	1303772076927	1	1.0108	1.0625	0.9311
925	1303772076945	1	1.0108	1.0625	0.9311
926	1303772076962	1	1.0108	1.0625	0.9311
927	1303772076979	1	1.0108	1	0.9893
928	1303772077001	1	1.0108	1.0625	0.9311
929	1303772077018	1	1.0108	1.0625	0.9311
930	1303772077034	1	1.0108	1.0625	0.9311
931	1303772077051	1	1.0108	1.0312	0.9593
932	1303772077111	1	1.0108	1.0625	0.9311
933	1303772077129	1	1.0108	1.0312	0.9593
934	1303772077146	1	1.0108	1.0625	0.9311
935	1303772077165	1	1.0108	1.0312	0.9593
936	1303772077183	1	1.0108	1.0625	0.9311
937	1303772077200	1	1.0108	1.0625	0.9311
938	1303772077219	1	1.0108	1.0625	0.9311
939	1303772077237	1	1.0108	1.0312	0.9593
940	1303772077254	1	1.0108	1.0625	0.9311
941	1303772077272	1	1.0108	1.0625	0.9311
942	1303772077292	1	1.0108	1.0625	0.9311
943	1303772077351	1	1.0108	1.0312	0.9593
944	1303772077368	1	1.0108	1.0625	0.9311
945	1303772077387	1	1.0108	1.0625	0.9311
946	1303772077404	1	1.0108	1.0625	0.9311
947	1303772077462	1	1.0108	1.0312	0.9593
948	1303772077481	1	1.0108	1.0625	0.9311
949	1303772077501	1	1.0108	1.0625	0.9311
950	1303772077522	1	1.0108	1.0625	0.9311
951	1303772077544	1	1.0116	1.0312	0.9586
952	1303772077562	1	1.0116	1.0625	0.9304
953	1303772077581	1	1.0116	1.0625	0.9304
954	1303772077599	1	1.0116	1.0625	0.9304
955	1303772077617	1	1.0116	1.0312	0.9586
956	1303772077637	1	1.0116	1.0625	0.9304
957	1303772077654	1	1.0116	1.0625	0.9304
958	1303772077672	1	1.0116	1.0625	0.9304
959	1303772077692	1	1.0116	1.0312	0.9586
960	1303772077710	1	1.0116	1.0625	0.9304
961	1303772077769	1	1.0116	1.0625	0.9304
962	1303772077789	1	1.0116	1.0625	0.9304
963	1303772077808	1	1.0116	1.0312	0.9586
964	1303772077825	1	1.0116	1.0625	0.9304
965	1303772077845	1	1.0116	1.0625	0.9304
966	1303772077862	1	1.0116	1.0625	0.9304
967	1303772077881	1	1.0116	1.0312	0.9586
968	1303772077901	1	1.0116	1.0625	0.9304
969	1303772077920	1	1.0116	1.0625	0.9304
970	1303772077938	1	1.0116	1.0625	0.9304
971	1303772077958	1	1.0116	1.0312	0.9586
972	1303772077976	1	1.0116	1.0625	0.9304
973	1303772077996	1	1.0116	1.0625	0.9304
974	1303772078014	1	1.0116	1.0625	0.9304
975	1303772078032	1	1.0116	1.0312	0.9586
976	1303772078051	1	1.0116	1.0625	0.9304
977	1303772078069	1	1.0116	1.0625	0.9304
978	1303772078087	1	1.0116	1.0625	0.9304
979	1303772078106	1	1.0116	1.0312	0.9586
980	1303772078124	1	1.0116	1.0625	0.9304
981	1303772078142	1	1.0116	1.0625	0.9304
982	1303772078160	1	1.0116	1.0625	0.9304
983	1303772078178	1	1.0116	1.0312	0.9586
984	1303772078196	1	1.0116	1.0625	0.9304
985	1303772078215	1	1.0116	1.0625	0.9304
986	1303772078232	1	1.0116	1.0625	0.9304
987	1303772078250	1	1.0116	1.0312	0.9586
988	1303772078270	1	1.0116	1.0625	0.9304
989	1303772078328	1	1.0116	1.0625	0.9304
990	1303772078345	1	1.0116	1.0625	0.9304
991	1303772078365	1	1.0116	1.0312	0.9586
992	1303772078383	1	1.0116	1.0625	0.9304
993	1303772078444	1	1.0116	1.0625	0.9304
994	1303772078462	1	1.0116	1.0625	0.9304
995	1303772078480	1	1.0244	1.0312	0.9466
996	1303772078500	1	1.0382	1.0625	0.9065
997	1303772078518	1	1.0382	1.0625	0.9065
998	1303772078535	1	1.0382	1.0625	0.9065
999	1303772078554	1	1.0382	1.0312	0.934
1000	1303772078573	1	1.0382	1.0625	0.9065
1001	1303772078591	1	1.0382	1.0625	0.9065
1002	1303772078611	1	1.0382	1.0625	0.9065
1003	1303772078628	1	1.0382	1.0312	0.934
1004	1303772078646	1	1.0382	1.0625	0.9065
1005	1303772078666	1	1.0382	1.0625	0.9065
1006	1303772078684	1	1.0382	1.0625	0.9065
1007	1303772078703	1	1.0382	1.0312	0.934
1008	1303772078723	1	1.0382	1.0625	0.9065
1009	1303772078743	1	1.0382	1.0625	0.9065
1010	1303772078764	1	1.0382	1.0625	0.9065
1011	1303772078788	1	1.0376	1.0312	0.9346
1012	1303772078806	1	1.0376	1.0625	0.9071
1013	1303772078825	1	1.0376	1.0625	0.9071
1014	1303772078843	1	1.0376	1.0625	0.9071
1015	1303772078860	1	1.0376	1.0312	0.9346
1016	1303772078877	1	1.0376	1.0625	0.9071
1017	1303772078896	1	1.0376	1.0625	0.9071
1018	1303772078953	1	1.0376	1.0625	0.9071
1019	1303772078969	1	1.0376	1.0312	0.9346
1020	1303772078988	1	1.0376	1.0625	0.9071
1021	1303772079005	1	1.0376	1.0625	0.9071
1022	1303772079022	1	1.0376	1.0625	0.9071
1023	1303772079040	1	1.0376	1.0312	0.9346
1024	1303772079059	1	1.0376	1.0625	0.9071
1025	1303772079076	1	1.0376	1.0625	0.9071
1026	1303772079093	1	1.0376	1.0625	0.9071
1027	1303772079111	1	1.0376	1.0312	0.9346
1028	1303772079128	1	1.0376	1.0625	0.9071
1029	1303772079144	1	1.0376	1.0625	0.9071
1030	1303772079163	1	1.0376	1.0625	0.9071
1031	1303772079180	1	1.0376	1.0312	0.9346
1032	1303772079197	1	1.0376	1.0625	0.9071
1033	1303772079214	1	1.0376	1.0625	0.9071
1034	1303772079233	1	1.0376	1.0625	0.9071
1035	1303772079250	1	1.0376	1.0312	0.9346
1036	1303772079266	1	1.0376	1.0625	0.9071
1037	1303772079326	1	1.0376	1.0625	0.9071
1038	1303772079343	1	1.0376	1.0625	0.9071
1039	1303772079360	1	1.0376	1.0312	0.9346
1040	1303772079378	1	1.0376	1.0625	0.9071
1041	1303772079395	1	1.0376	1.0625	0.9071
1042	1303772079412	1	1.0376	1.0625	0.9071
1043	1303772079428	1	1.0376	1.0312	0.9346
1044	1303772079447	1	1.0376	1.0625	0.9071
1045	1303772079469	1	1.0376	1.0625	0.9071
1046	1303772079485	1	1.0376	1.0625	0.9071
1047	1303772079503	1	1.0376	1.0625	0.9071
1048	1303772079519	1	1.0376	1.0625	0.9071
1049	1303772079536	1	1.0376	1.0625	0.9071
1050	1303772079552	1	1.0376	1.0625	0.9071
1051	1303772079612	1	1.0376	1.0625	0.9071
1052	1303772079628	1	1.0376	1.0625	0.9071
1053	1303772079645	1	1.036	1.0625	0.9084
1054	1303772079663	1	1.0347	1.0625	0.9096
1055	1303772079682	1	1.0326	1.0625	0.9115
1056	1303772079700	1	1.0326	1.0625	0.9115
1057	1303772079718	1	1.0326	1.0625	0.9115
1058	1303772079735	1	1.0326	1.0625	0.9115
1059	1303772079752	1	1.0326	1.0625	0.9115
1060	1303772079770	1	1.0326	1.0625	0.9115
1061	1303772079787	1	1.0326	1.0625	0.9115
1062	1303772079844	1	1.0326	1.0625	0.9115
1063	1303772079860	1	1.0326	1.0625	0.9115
1064	1303772079879	1	1.0326	1.0625	0.9115
1065	1303772079895	1	1.0326	1.0625	0.9115
1066	1303772079912	1	1.0326	1.0625	0.9115
1067	1303772079931	1	1.0326	1.0625	0.9115
1068	1303772079947	1	1.0326	1.0625	0.9115
1069	1303772079963	1	1.0326	1.0625	0.9115
1070	1303772079983	1	1.0326	1.0625	0.9115
1071	1303772080002	1	1.0326	1.0625	0.9115
1072	1303772080060	1	1.0326	1.0625	0.9115
1073	1303772080079	1	1.0326	1.0625	0.9115
1074	1303772080137	1	1.0326	1.0625	0.9115
1075	1303772080153	1	1.0326	1.0625	0.9115
1076	1303772080212	1	1.0326	1.0625	0.9115
1077	1303772080228	1	1.0326	1.0625	0.9115
1078	1303772080246	1	1.0326	1.0625	0.9115
1079	1303772080263	1	1.0326	1.0625	0.9115
1080	1303772080282	1	1.0326	1.0625	0.9115
1081	1303772080298	1	1.0326	1.0625	0.9115
1082	1303772080355	1	1.0326	1.0625	0.9115
1083	1303772080374	1	1.0326	1.0625	0.9115
1084	1303772080390	1	1.0326	1.0625	0.9115
1085	1303772080406	1	1.0326	1.0625	0.9115
1086	1303772080425	1	1.0326	1.0625	0.9115
1087	1303772080441	1	1.0326	1.0312	0.9391
1088	1303772080499	1	1.0326	1.0625	0.9115
1089	1303772080516	1	1.0326	1.0625	0.9115
1090	1303772080535	1	1.0326	1.0625	0.9115
1091	1303772080551	1	1.0326	1.0312	0.9391
1092	1303772080568	1	1.0326	1.0625	0.9115
1093	1303772080586	1	1.0326	1.0625	0.9115
1094	1303772080644	1	1.0326	1.0625	0.9115
1095	1303772080660	1	1.0326	1.0312	0.9391
1096	1303772080679	1	1.0326	1.0625	0.9115
1097	1303772080695	1	1.0326	1.0625	0.9115
1098	1303772080712	1	1.0326	1.0625	0.9115
1099	1303772080728	1	1.0326	1.0312	0.9391
1100	1303772080787	1	1.0326	1.0625	0.9115
1101	1303772080804	1	1.0326	1.0625	0.9115
1102	1303772080820	1	1.0326	1.0625	0.9115
1103	1303772080839	1	1.0326	1.0312	0.9391
1104	1303772080855	1	1.0326	1.0625	0.9115
1105	1303772080872	1	1.0326	1.0625	0.9115
1106	1303772080932	1	1.0326	1.0625	0.9115
1107	1303772080948	1	1.0326	1.0312	0.9391
1108	1303772080965	1	1.0326	1.0625	0.9115
1109	1303772080983	1	1.0326	1.0625	0.9115
1110	1303772081000	1	1.0326	1.0625	0.9115
1111	1303772081018	1	1.0326	1.0312	0.9391
1112	1303772081035	1	1.0326	1.0625	0.9115
1113	1303772081054	1	1.0326	1.0625	0.9115
1114	1303772081071	1	1.0326	1.0625	0.9115
1115	1303772081089	1	1.0326	1.0312	0.9391
1116	1303772081108	1	1.0326	1.0625	0.9115
1117	1303772081165	1	1.0326	1.0625	0.9115
1118	1303772081181	1	1.0326	1.0625	0.9115
1119	1303772081199	1	1.0326	1.0312	0.9391
1120	1303772081216	1	1.0326	1.0625	0.9115
1121	1303772081232	1	1.0326	1.0625	0.9115
1122	1303772081249	1	1.0326	1.0625	0.9115
1123	1303772081307	1	1.0326	1.0312	0.9391
1124	1303772081324	1	1.0326	1.0625	0.9115
1125	1303772081341	1	1.0326	1.0625	0.9115
1126	1303772081360	1	1.0326	1.0625	0.9115
1127	1303772081376	1	1.0326	1.0312	0.9391
1128	1303772081393	1	1.0326	1.0625	0.9115
1129	1303772081411	1	1.0326	1.0625	0.9115
1130	1303772081428	1	1.0326	1.0625	0.9115
1131	1303772081486	1	1.0326	1.0312	0.9391
1132	1303772081509	1	1.0326	1.0625	0.9115
1133	1303772081532	1	1.0326	1.0625	0.9115
1134	1303772081552	1	1.0326	1.0625	0.9115
1135	1303772081572	1	1.0326	1.0312	0.9391
1136	1303772081589	1	1.0326	1.0625	0.9115
1137	1303772081606	1	1.0326	1.0625	0.9115
1138	1303772081670	1	1.0326	1.0625	0.9115
1139	1303772081687	1	1.0326	1.0312	0.9391
1140	1303772081703	1	1.0326	1.0625	0.9115
1141	1303772081720	1	1.0326	1.0625	0.9115
1142	1303772081739	1	1.0326	1.0625	0.9115
1143	1303772081755	1	1.0326	1.0312	0.9391
1144	1303772081772	1	1.0326	1.0625	0.9115
1145	1303772081831	1	1.0326	1.0625	0.9115
1146	1303772081848	1	1.0326	1.0625	0.9115
1147	1303772081864	1	1.0326	1.0312	0.9391
1148	1303772081882	1	1.0326	1.0625	0.9115
1149	1303772081899	1	1.0326	1.0625	0.9115
1150	1303772081915	1	1.0326	1.0625	0.9115
1151	1303772081932	1	1.0326	1.0312	0.9391
1152	1303772081950	1	1.0326	1.0625	0.9115
1153	1303772081967	1	1.0326	1.0625	0.9115
1154	1303772081983	1	1.0326	1.0625	0.9115
1155	1303772082042	1	1.0326	1.0312	0.9391
1156	1303772082059	1	1.0326	1.0625	0.9115
1157	1303772082076	1	1.0326	1.0625	0.9115
1158	1303772082094	1	1.0326	1.0625	0.9115
1159	1303772082110	1	1.0326	1.0312	0.9391
1160	1303772082127	1	1.0326	1.0625	0.9115
1161	1303772082143	1	1.0326	1.0625	0.9115
1162	1303772082161	1	1.0326	1.0625	0.9115
1163	1303772082179	1	1.0326	1.0312	0.9391
1164	1303772082196	1	1.0326	1.0625	0.9115
1165	1303772082214	1	1.0326	1.0625	0.9115
1166	1303772082231	1	1.0326	1.0625	0.9115
1167	1303772082247	1	1.0326	1.0312	0.9391
1168	1303772082264	1	1.0326	1.0625	0.9115
1169	1303772082282	1	1.0326	1.0625	0.9115
1170	1303772082299	1	1.0326	1.0625	0.9115
1171	1303772082315	1	1.0326	1.0312	0.9391
1172	1303772082333	1	1.0326	1.0625	0.9115
1173	1303772082390	1	1.0326	1.0625	0.9115
1174	1303772082407	1	1.0326	1.0625	0.9115
1175	1303772082467	1	1.0326	1.0312	0.9391
1176	1303772082484	1	1.0326	1.0625	0.9115
1177	1303772082501	1	1.0326	1.0625	0.9115
1178	1303772082519	1	1.0326	1.0625	0.9115
1179	1303772082536	1	1.0326	1.0312	0.9391
1180	1303772082553	1	1.0326	1.0625	0.9115
1181	1303772082570	1	1.0326	1.0625	0.9115
1182	1303772082588	1	1.0326	1.0625	0.9115
1183	1303772082604	1	1.0326	1.0312	0.9391
1184	1303772082661	1	1.0326	1.0625	0.9115
1185	1303772082679	1	1.0326	1.0625	0.9115
1186	1303772082696	1	1.0326	1.0625	0.9115
1187	1303772082712	1	1.0326	1.0312	0.9391
1188	1303772082730	1	1.0326	1.0625	0.9115
1189	1303772082747	1	1.0326	1.0625	0.9115
1190	1303772082764	1	1.0326	1.0625	0.9115
1191	1303772082780	1	1.0326	1.0312	0.9391
1192	1303772082800	1	1.0326	1.0625	0.9115
1193	1303772082821	1	1.0326	1.0625	0.9115
1194	1303772082844	1	1.0326	1.0625	0.9115
1195	1303772082864	1	1.0326	1.0312	0.9391
1196	1303772082881	1	1.0326	1.0625	0.9115
1197	1303772082899	1	1.0326	1.0625	0.9115
1198	1303772082918	1	1.0326	1.0625	0.9115
1199	1303772082935	1	1.0326	1.0312	0.9391
1200	1303772082952	1	1.0326	1.0625	0.9115
1201	1303772082971	1	1.0326	1.0625	0.9115
1202	1303772082988	1	1.0326	1.0625	0.9115
1203	1303772083005	1	1.0326	1.0312	0.9391
1204	1303772083024	1	1.0326	1.0625	0.9115
1205	1303772083040	1	1.0326	1.0625	0.9115
1206	1303772083057	1	1.0326	1.0625	0.9115
1207	1303772083118	1	1.0326	1.0312	0.9391
1208	1303772083137	1	1.0326	1.0625	0.9115
1209	1303772083155	1	1.0326	1.0625	0.9115
1210	1303772083172	1	1.0326	1.0625	0.9115
1211	1303772083191	1	1.0326	1.0312	0.9391
1212	1303772083208	1	1.0326	1.0625	0.9115
1213	1303772083266	1	1.0326	1.0625	0.9115
1214	1303772083326	1	1.0326	1.0667	0.9079
1215	1303772083342	1	1.0326	1.0938	0.8854
1216	1303772083358	1	1.0326	1.0625	0.9115
1217	1303772083377	1	1.0326	1.0625	0.9115
1218	1303772083394	1	1.0326	1.0625	0.9115
1219	1303772083410	1	1.0326	1.0312	0.9391
1220	1303772083427	1	1.0326	1.0625	0.9115
1221	1303772083445	1	1.0326	1.0625	0.9115
1222	1303772083462	1	1.0326	1.0625	0.9115
1223	1303772083479	1	1.0326	1.0312	0.9391
1224	1303772083498	1	1.0326	1.0625	0.9115
1225	1303772083515	1	1.0326	1.0625	0.9115
1226	1303772083532	1	1.0326	1.0625	0.9115
1227	1303772083548	1	1.0326	1.0312	0.9391
1228	1303772083567	1	1.0326	1.0625	0.9115
1229	1303772083584	1	1.0326	1.0625	0.9115
1230	1303772083602	1	1.0326	1.0625	0.9115
1231	1303772083620	1	1.0326	1.0312	0.9391
1232	1303772083636	1	1.0326	1.0625	0.9115
1233	1303772083654	1	1.0326	1.0625	0.9115
1234	1303772083673	1	1.0326	1.0625	0.9115
1235	1303772083689	1	1.0326	1.0312	0.9391
1236	1303772083706	1	1.0326	1.0625	0.9115
1237	1303772083722	1	1.0326	1.0625	0.9115
1238	1303772083742	1	1.0326	1.0625	0.9115
1239	1303772083760	1	1.0326	1.0312	0.9391
1240	1303772083777	1	1.0326	1.0625	0.9115
1241	1303772083796	1	1.0326	1.0625	0.9115
1242	1303772083812	1	1.0326	1.0625	0.9115
1243	1303772083829	1	1.0326	1.0312	0.9391
1244	1303772083888	1	1.0326	1.0625	0.9115
1245	1303772083905	1	1.0326	1.0625	0.9115
1246	1303772083922	1	1.0326	1.0625	0.9115
1247	1303772083940	1	1.0326	1.0312	0.9391
1248	1303772083956	1	1.0326	1.0625	0.9115
1249	1303772083973	1	1.0326	1.0625	0.9115
1250	1303772083990	1	1.0326	1.0625	0.9115
1251	1303772084008	1	1.0326	1.0312	0.9391
1252	1303772084065	1	1.0326	1.0625	0.9115
1253	1303772084124	1	1.0326	1.0625	0.9115
1254	1303772084147	1	1.0326	1.0625	0.9115
1255	1303772084170	1	1.0326	1.0312	0.9391
1256	1303772084191	1	1.0326	1.0625	0.9115
1257	1303772084209	1	1.0326	1.0625	0.9115
1258	1303772084227	1	1.0326	1.0625	0.9115
1259	1303772084247	1	1.0326	1.0312	0.9391
1260	1303772084264	1	1.0326	1.0625	0.9115
1261	1303772084282	1	1.0326	1.0625	0.9115
1262	1303772084301	1	1.0326	1.0625	0.9115
1263	1303772084319	1	1.0326	1.0312	0.9391
1264	1303772084337	1	1.0326	1.0625	0.9115
1265	1303772084397	1	1.0326	1.0625	0.9115
1266	1303772084415	1	1.0326	1.0625	0.9115
1267	1303772084475	1	1.0326	1.0312	0.9391
1268	1303772084492	1	1.0326	1.0625	0.9115
1269	1303772084510	1	1.0326	1.0625	0.9115
1270	1303772084570	1	1.0326	1.0625	0.9115
1271	1303772084588	1	1.0326	1.0312	0.9391
1272	1303772084605	1	1.0326	1.0625	0.9115
1273	1303772084625	1	1.0326	1.0625	0.9115
1274	1303772084643	1	1.0326	1.0625	0.9115
1275	1303772084661	1	1.0326	1.0312	0.9391
1276	1303772084680	1	1.0326	1.0625	0.9115
1277	1303772084698	1	1.0326	1.0625	0.9115
1278	1303772084715	1	1.0326	1.0625	0.9115
1279	1303772084735	1	1.0326	1.0312	0.9391
1280	1303772084752	1	1.0326	1.0625	0.9115
1281	1303772084770	1	1.0326	1.0625	0.9115
1282	1303772084790	1	1.0326	1.0625	0.9115
1283	1303772084849	1	1.0326	1.0312	0.9391
1284	1303772084869	1	1.0326	1.0625	0.9115
1285	1303772084887	1	1.0326	1.0625	0.9115
1286	1303772084905	1	1.0326	1.0625	0.9115
1287	1303772084925	1	1.0326	1.0312	0.9391
1288	1303772084943	1	1.0326	1.0625	0.9115
1289	1303772084960	1	1.0326	1.0625	0.9115
1290	1303772084980	1	1.0326	1.0625	0.9115
1291	1303772084999	1	1.0326	1.0312	0.9391
1292	1303772085017	1	1.0326	1.0625	0.9115
1293	1303772085037	1	1.0326	1.0625	0.9115
1294	1303772085054	1	1.0326	1.0625	0.9115
1295	1303772085073	1	1.0326	1.0312	0.9391
1296	1303772085093	1	1.0326	1.0625	0.9115
1297	1303772085111	1	1.0326	1.0625	0.9115
1298	1303772085174	1	1.0326	1.0625	0.9115
1299	1303772085194	1	1.0326	1.0312	0.9391
1300	1303772085212	1	1.0347	1.0625	0.9096
1301	1303772085230	1	1.0347	1.0625	0.9096
1302	1303772085290	1	1.0347	1.0625	0.9096
1303	1303772085308	1	1.0347	1.0312	0.9372
1304	1303772085328	1	1.0347	1.0625	0.9096
1305	1303772085347	1	1.0347	1.0625	0.9096
1306	1303772085365	1	1.0347	1.0625	0.9096
1307	1303772085386	1	1.0347	1.0312	0.9372
1308	1303772085404	1	1.0347	1.0625	0.9096
1309	1303772085423	1	1.0347	1.0625	0.9096
1310	1303772085442	1	1.0347	1.0625	0.9096
1311	1303772085460	1	1.0347	1.0312	0.9372
1312	1303772085519	1	1.0347	1.0625	0.9096
1313	1303772085539	1	1.0347	1.0625	0.9096
1314	1303772085559	1	1.0347	1.0625	0.9096
1315	1303772085580	1	1.0347	1.0312	0.9372
1316	1303772085603	1	1.0347	1.0625	0.9096
1317	1303772085621	1	1.0347	1.0625	0.9096
1318	1303772085642	1	1.0347	1.0625	0.9096
1319	1303772085660	1	1.0347	1.0312	0.9372
1320	1303772085678	1	1.0347	1.0625	0.9096
1321	1303772085698	1	1.0347	1.0625	0.9096
1322	1303772085715	1	1.0347	1.0625	0.9096
1323	1303772085732	1	1.0347	1.0312	0.9372
1324	1303772085752	1	1.0347	1.0625	0.9096
1325	1303772085770	1	1.0347	1.0625	0.9096
1326	1303772085787	1	1.0347	1.0625	0.9096
1327	1303772085807	1	1.0347	1.0312	0.9372
1328	1303772085864	1	1.0347	1.0625	0.9096
1329	1303772085882	1	1.0347	1.0625	0.9096
1330	1303772085901	1	1.0347	1.0625	0.9096
1331	1303772085919	1	1.0347	1.0312	0.9372
1332	1303772085936	1	1.0347	1.0625	0.9096
1333	1303772085955	1	1.0347	1.0625	0.9096
1334	1303772085974	1	1.0347	1.0625	0.9096
1335	1303772085993	1	1.0347	1.0312	0.9372
1336	1303772086013	1	1.0347	1.0625	0.9096
1337	1303772086031	1	1.0347	1.0625	0.9096
1338	1303772086092	1	1.0347	1.0625	0.9096
1339	1303772086109	1	1.0347	1.0312	0.9372
1340	1303772086127	1	1.0347	1.0625	0.9096
1341	1303772086147	1	1.0347	1.0625	0.9096
1342	1303772086208	1	1.0347	1.0625	0.9096
1343	1303772086226	1	1.0347	1.0312	0.9372
1344	1303772086246	1	1.0347	1.0625	0.9096
1345	1303772086264	1	1.0347	1.0625	0.9096
1346	1303772086281	1	1.0347	1.0625	0.9096
1347	1303772086301	1	1.0347	1.0312	0.9372
1348	1303772086319	1	1.0347	1.0625	0.9096
1349	1303772086336	1	1.0347	1.0625	0.9096
1350	1303772086356	1	1.0347	1.0625	0.9096
1351	1303772086373	1	1.0347	1.0312	0.9372
1352	1303772086391	1	1.0347	1.0625	0.9096
1353	1303772086410	1	1.0347	1.0625	0.9096
1354	1303772086428	1	1.0347	1.0625	0.9096
1355	1303772086447	1	1.0347	1.0312	0.9372
1356	1303772086467	1	1.0347	1.0625	0.9096
1357	1303772086485	1	1.0347	1.0625	0.9096
1358	1303772086503	1	1.0347	1.0625	0.9096
1359	1303772086522	1	1.0347	1.0312	0.9372
1360	1303772086540	1	1.0347	1.0625	0.9096
1361	1303772086559	1	1.0347	1.0625	0.9096
1362	1303772086578	1	1.0347	1.0625	0.9096
1363	1303772086640	1	1.0347	1.0312	0.9372
1364	1303772086660	1	1.0347	1.0625	0.9096
1365	1303772086723	1	1.0347	1.0625	0.9096
1366	1303772086741	1	1.0347	1.0625	0.9096
1367	1303772086802	1	1.0347	1.0312	0.9372
1368	1303772086820	1	1.0347	1.0625	0.9096
1369	1303772086878	1	1.0347	1.0625	0.9096
1370	1303772086898	1	1.0347	1.0625	0.9096
1371	1303772086956	1	1.0347	1.0312	0.9372
1372	1303772086974	1	1.0347	1.0625	0.9096
1373	1303772087034	1	1.0347	1.0625	0.9096
1374	1303772087051	1	1.0347	1.0625	0.9096
1375	1303772087112	1	1.0347	1.0312	0.9372
1376	1303772087134	1	1.0347	1.0625	0.9096
1377	1303772087157	1	1.0347	1.0625	0.9096
1378	1303772087179	1	1.0347	1.0625	0.9096
1379	1303772087198	1	1.0347	1.0312	0.9372
1380	1303772087216	1	1.0347	1.0625	0.9096
1381	1303772087277	1	1.0347	1.0625	0.9096
1382	1303772087295	1	1.0347	1.0625	0.9096
1383	1303772087316	1	1.0347	1.0312	0.9372
1384	1303772087334	1	1.0347	1.0625	0.9096
1385	1303772087351	1	1.0347	1.0625	0.9096
1386	1303772087371	1	1.0347	1.0625	0.9096
1387	1303772087389	1	1.0347	1.0312	0.9372
1388	1303772087407	1	1.0347	1.0625	0.9096
1389	1303772087426	1	1.0347	1.0625	0.9096
1390	1303772087443	1	1.0347	1.0625	0.9096
1391	1303772087461	1	1.0347	1.0312	0.9372
1392	1303772087481	1	1.0347	1.0625	0.9096
1393	1303772087499	1	1.0347	1.0625	0.9096
1394	1303772087517	1	1.0347	1.0625	0.9096
1395	1303772087536	1	1.0347	1.0312	0.9372
1396	1303772087553	1	1.0347	1.0625	0.9096
1397	1303772087571	1	1.0347	1.0625	0.9096
1398	1303772087590	1	1.0347	1.0625	0.9096
1399	1303772087608	1	1.0347	1.0312	0.9372
1400	1303772087626	1	1.0347	1.0625	0.9096
1401	1303772087645	1	1.0347	1.0625	0.9096
1402	1303772087663	1	1.0347	1.0625	0.9096
1403	1303772087680	1	1.0347	1.0312	0.9372
1404	1303772087699	1	1.0347	1.0625	0.9096
1405	1303772087717	1	1.0347	1.0625	0.9096
1406	1303772087734	1	1.0347	1.0625	0.9096
1407	1303772087755	1	1.0347	1.0312	0.9372
1408	1303772087773	1	1.0347	1.0625	0.9096
1409	1303772087792	1	1.0347	1.0625	0.9096
1410	1303772087811	1	1.0347	1.0625	0.9096
1411	1303772087829	1	1.0347	1.0312	0.9372
1412	1303772087848	1	1.0347	1.0625	0.9096
1413	1303772087866	1	1.0347	1.0625	0.9096
1414	1303772087883	1	1.0347	1.0625	0.9096
1415	1303772087904	1	1.0347	1.0312	0.9372
1416	1303772087921	1	1.0347	1.0625	0.9096
1417	1303772087939	1	1.0347	1.0625	0.9096
1418	1303772087958	1	1.0347	1.0625	0.9096
1419	1303772088016	1	1.0347	1.0312	0.9372
1420	1303772088035	1	1.0347	1.0625	0.9096
1421	1303772088054	1	1.0347	1.0625	0.9096
1422	1303772088072	1	1.0347	1.0625	0.9096
1423	1303772088090	1	1.0347	1.0312	0.9372
1424	1303772088109	1	1.0347	1.0625	0.9096
1425	1303772088127	1	1.0347	1.0625	0.9096
1426	1303772088144	1	1.0347	1.0625	0.9096
1427	1303772088164	1	1.0347	1.0312	0.9372
1428	1303772088182	1	1.0347	1.0625	0.9096
1429	1303772088201	1	1.0347	1.0625	0.9096
1430	1303772088220	1	1.0347	1.0625	0.9096
1431	1303772088238	1	1.0347	1.0312	0.9372
1432	1303772088257	1	1.0347	1.0625	0.9096
1433	1303772088277	1	1.0347	1.0625	0.9096
1434	1303772088295	1	1.0347	1.0625	0.9096
1435	1303772088315	1	1.0347	1.0625	0.9096
1436	1303772088334	1	1.0347	1.0625	0.9096
1437	1303772088355	1	1.0347	1.0625	0.9096
1438	1303772088377	1	1.0347	1.0625	0.9096
1439	1303772088395	1	1.0347	1.0312	0.9372
1440	1303772088412	1	1.0347	1.0625	0.9096
1441	1303772088431	1	1.0347	1.0625	0.9096
1442	1303772088449	1	1.0347	1.0625	0.9096
1443	1303772088466	1	1.0347	1.0625	0.9096
1444	1303772088527	1	1.0347	1.0625	0.9096
1445	1303772088545	1	1.0347	1.0625	0.9096
1446	1303772088563	1	1.0347	1.0625	0.9096
1447	1303772088582	1	1.0347	1.0625	0.9096
1448	1303772088600	1	1.0347	1.0625	0.9096
1449	1303772088617	1	1.0347	1.0625	0.9096
1450	1303772088637	1	1.0347	1.0625	0.9096
1451	1303772088695	1	1.0347	1.0625	0.9096
1452	1303772088714	1	1.0347	1.0625	0.9096
1453	1303772088732	1	1.0347	1.0625	0.9096
1454	1303772088750	1	1.0347	1.0625	0.9096
1455	1303772088770	1	1.0347	1.0625	0.9096
1456	1303772088829	1	1.0347	1.0625	0.9096
1457	1303772088848	1	1.0347	1.0625	0.9096
1458	1303772088869	1	1.0347	1.0625	0.9096
1459	1303772088886	1	1.0347	1.0625	0.9096
1460	1303772088904	1	1.0677	1.0625	0.8815
1461	1303772088924	1	1.0677	1.0625	0.8815
1462	1303772088942	1	1.0677	1.0625	0.8815
1463	1303772088960	1	1.0677	1.0625	0.8815
1464	1303772088981	1	1.0677	1.0625	0.8815
1465	1303772088998	1	1.0677	1.0625	0.8815
1466	1303772089016	1	1.0677	1.0625	0.8815
1467	1303772089035	1	1.0677	1.0625	0.8815
1468	1303772089053	1	1.0677	1.0625	0.8815
1469	1303772089071	1	1.0677	1.0625	0.8815
1470	1303772089091	1	1.0677	1.0625	0.8815
1471	1303772089108	1	1.0677	1.0625	0.8815
1472	1303772089126	1	1.0677	1.0625	0.8815
1473	1303772089147	1	1.0677	1.0625	0.8815
1474	1303772089165	1	1.0677	1.0625	0.8815
1475	1303772089185	1	1.0677	1.0625	0.8815
1476	1303772089244	1	1.0677	1.0625	0.8815
1477	1303772089262	1	1.0677	1.0625	0.8815
1478	1303772089281	1	1.0677	1.0625	0.8815
1479	1303772089341	1	2.0376	1.0625	0.4619
1480	1303772089359	1	2.0376	1.0625	0.4619
1481	1303772089379	1	2.0376	1.0625	0.4619
1482	1303772089398	1	2.0376	1.0625	0.4619
1483	1303772089417	1	2.0376	1.0625	0.4619
1484	1303772089437	1	2.0655	1.0625	0.4557
1485	1303772089456	1	2.0655	1.0625	0.4557
1486	1303772089475	1	2.0655	1.0625	0.4557
1487	1303772089495	1	2.0655	1.0625	0.4557
1488	1303772089514	1	2.0655	1.0625	0.4557
1489	1303772089533	1	2.0655	1.0625	0.4557
1490	1303772089551	1	2.0655	1.0625	0.4557
1491	1303772089569	1	2.0655	1.0625	0.4557
1492	1303772089589	1	2.0655	1.0625	0.4557
1493	1303772089606	1	2.0655	1.0625	0.4557
1494	1303772089624	1	2.0655	1.0625	0.4557
1495	1303772089685	1	1.5399	1.0625	0.6112
1496	1303772089703	1	1.5399	1.0625	0.6112
1497	1303772089764	1	1.5399	1.0625	0.6112
1498	1303772089788	1	1.5399	1.0625	0.6112
1499	1303772089811	1	1.5396	1.0625	0.6113
1500	1303772089832	1	1.5396	1.0625	0.6113
1501	1303772089850	1	1.5396	1.0625	0.6113
1502	1303772089868	1	1.5396	1.0625	0.6113
1503	1303772089888	1	1.5396	1.0312	0.6298
1504	1303772089906	1	1.5396	1.0625	0.6113
1505	1303772089964	1	1.5396	1.0625	0.6113
1506	1303772089983	1	1.5396	1.0625	0.6113
1507	1303772090002	1	1.5396	1.0312	0.6298
1508	1303772090020	1	1.5396	1.0625	0.6113
1509	1303772090040	1	1.5396	1.0625	0.6113
1510	1303772090058	1	1.5396	1.0625	0.6113
1511	1303772090076	1	1.5396	1.0312	0.6298
1512	1303772090095	1	1.5396	1.0625	0.6113
1513	1303772090113	1	1.5396	1.0625	0.6113
1514	1303772090131	1	1.5396	1.0625	0.6113
1515	1303772090226	1	1.5396	1.0312	0.6298
1516	1303772090309	1	1.5396	1.0625	0.6113
1517	1303772090402	1	1.5396	1.0625	0.6113
1518	1303772090422	1	1.5396	1.0625	0.6113
1519	1303772090478	1	1.5396	1.0625	0.6113
1520	1303772090502	1	1.5396	1.0625	0.6113
1521	1303772090520	1	1.5396	1.0625	0.6113
1522	1303772090539	1	1.5396	1.0625	0.6113
1523	1303772090559	1	1.5396	1.0625	0.6113
1524	1303772090577	1	1.5396	1.0625	0.6113
1525	1303772090596	1	1.5396	1.0625	0.6113
1526	1303772090656	1	1.5396	1.0625	0.6113
1527	1303772090675	1	1.5396	1.0625	0.6113
1528	1303772090735	1	1.5396	1.0625	0.6113
1529	1303772090755	1	1.5396	1.0625	0.6113
1530	1303772090818	1	1.5396	1.0625	0.6113
1531	1303772090877	1	1.088	1.0625	0.8651
1532	1303772090897	1	1.088	1.0625	0.8651
1533	1303772090915	1	1.088	1.0625	0.8651
1534	1303772090976	1	1.088	1.0625	0.8651
1535	1303772090993	1	1.088	1.0625	0.8651
1536	1303772091014	1	1.088	1.0625	0.8651
1537	1303772091078	1	1.088	1.0625	0.8651
1538	1303772091096	1	1.088	1.0625	0.8651
1539	1303772091150	1	1.088	1.0625	0.8651
1540	1303772091169	1	1.088	1.0625	0.8651
1541	1303772091239	1	1.088	1.0625	0.8651
1542	1303772091410	1	1.088	1.0625	0.8651
1543	1303772091538	1	1.0919	1.0625	0.862
1544	1303772091653	1	1.0919	1.0625	0.862
1545	1303772091712	1	1.0919	1.0625	0.862
1546	1303772091777	1	1.0919	1.0625	0.862
1547	1303772091796	1	1.0919	1.0625	0.862
1548	1303772091816	1	1.0919	1.0625	0.862
1549	1303772091835	1	1.0919	1.0625	0.862
1550	1303772091854	1	1.0919	1.0625	0.862
1551	1303772091873	1	1.0919	1.0625	0.862
1552	1303772091891	1	1.0919	1.0625	0.862
1553	1303772091909	1	1.0919	1.0625	0.862
1554	1303772091928	1	1.0919	1.0625	0.862
1555	1303772091947	1	1.0919	1.0625	0.862
1556	1303772092009	1	1.0919	1.0625	0.862
1557	1303772092031	1	1.0919	1.0625	0.862
1558	1303772092049	1	1.0919	1.0625	0.862
1559	1303772092069	1	1.0918	1.0625	0.862
1560	1303772092090	1	1.0918	1.0625	0.862
1561	1303772092108	1	1.0918	1.0625	0.862
1562	1303772092126	1	1.0918	1.0625	0.862
1563	1303772092145	1	1.0918	1.0625	0.862
1564	1303772092163	1	1.0918	1.0625	0.862
1565	1303772092183	1	1.0918	1.0625	0.862
1566	1303772092201	1	1.0918	1.0625	0.862
1567	1303772092219	1	1.0918	1.0625	0.862
1568	1303772092282	1	1.0918	1.0625	0.862
1569	1303772092300	1	1.0918	1.0625	0.862
1570	1303772092319	1	1.0918	1.0625	0.862
1571	1303772092340	1	1.0918	1.0625	0.862
1572	1303772092358	1	1.0918	1.0625	0.862
1573	1303772092376	1	1.0918	1.0625	0.862
1574	1303772092396	1	1.0918	1.0625	0.862
1575	1303772092414	1	1.0918	1.0625	0.862
1576	1303772092432	1	1.0918	1.0625	0.862
1577	1303772092452	1	1.0918	1.0625	0.862
1578	1303772092470	1	1.0918	1.0625	0.862
1579	1303772092488	1	1.0918	1.0625	0.862
1580	1303772092508	1	1.0918	1.0625	0.862
1581	1303772092526	1	1.0918	1.0625	0.862
1582	1303772092544	1	1.0918	1.0625	0.862
1583	1303772092564	1	1.0918	1.0625	0.862
1584	1303772092582	1	1.0918	1.0625	0.862
1585	1303772092599	1	1.0918	1.0625	0.862
1586	1303772092619	1	1.0918	1.0625	0.862
1587	1303772092637	1	1.0918	1.0625	0.862
1588	1303772092657	1	1.0918	1.0625	0.862
1589	1303772092674	1	1.0918	1.0625	0.862
1590	1303772092692	1	1.0918	1.0625	0.862
1591	1303772092712	1	1.0918	1.0625	0.862
1592	1303772092729	1	1.0918	1.0625	0.862
1593	1303772092747	1	1.0918	1.0625	0.862
1594	1303772092767	1	1.0918	1.0625	0.862
1595	1303772092785	1	1.0918	1.0625	0.862
1596	1303772092803	1	1.0918	1.0625	0.862
1597	1303772092822	1	1.0918	1.0625	0.862
1598	1303772092840	1	1.0918	1.0625	0.862
1599	1303772092858	1	1.0918	1.0625	0.862
1600	1303772092877	1	1.0918	1.0625	0.862
1601	1303772092896	1	1.0918	1.0625	0.862
1602	1303772092914	1	1.0918	1.0625	0.862
1603	1303772092934	1	1.0306	1.0625	0.9133
1604	1303772092952	1	1.0306	1.0625	0.9133
1605	1303772092970	1	1.0306	1.0625	0.9133
1606	1303772092990	1	1.0306	1.0625	0.9133
1607	1303772093007	1	1.0306	1.0625	0.9133
1608	1303772093025	1	1.0306	1.0312	0.9409
1609	1303772093045	1	1.0306	1.0625	0.9133
1610	1303772093063	1	1.0306	1.0625	0.9133
1611	1303772093081	1	1.0306	1.0625	0.9133
1612	1303772093101	1	1.0306	1.0312	0.9409
1613	1303772093161	1	1.0306	1.0625	0.9133
1614	1303772093181	1	1.0306	1.0625	0.9133
1615	1303772093199	1	1.0306	1.0625	0.9133
1616	1303772093218	1	1.0306	1.0312	0.9409
1617	1303772093238	1	1.0306	1.0625	0.9133
1618	1303772093301	1	1.0306	1.0625	0.9133
1619	1303772093320	1	1.0305	1.0625	0.9133
1620	1303772093342	1	1.0305	1.0312	0.941
1621	1303772093361	1	1.0305	1.0625	0.9133
1622	1303772093381	1	1.0305	1.0625	0.9133
1623	1303772093402	1	1.0305	1.0625	0.9133
1624	1303772093421	1	1.0305	1.0312	0.941
1625	1303772093440	1	1.0305	1.0625	0.9133
1626	1303772093459	1	1.0305	1.0625	0.9133
1627	1303772093477	1	1.0305	1.0625	0.9133
1628	1303772093535	1	1.0305	1.0312	0.941
1629	1303772093555	1	1.0305	1.0625	0.9133
1630	1303772093573	1	1.0305	1.0625	0.9133
1631	1303772093592	1	1.0305	1.0625	0.9133
1632	1303772093610	1	1.0305	1.0312	0.941
1633	1303772093628	1	1.0305	1.0625	0.9133
1634	1303772093648	1	1.0305	1.0625	0.9133
1635	1303772093707	1	1.0305	1.0625	0.9133
1636	1303772093725	1	1.0305	1.0312	0.941
1637	1303772093785	1	1.0305	1.0625	0.9133
1638	1303772093803	1	1.0305	1.0625	0.9133
1639	1303772093822	1	1.0305	1.0625	0.9133
1640	1303772093842	1	1.0305	1.0312	0.941
1641	1303772093859	1	1.0305	1.0625	0.9133
1642	1303772093879	1	1.0305	1.0625	0.9133
1643	1303772093899	1	1.0305	1.0625	0.9133
1644	1303772093916	1	1.0305	1.0312	0.941
1645	1303772093974	1	1.0305	1.0625	0.9133
1646	1303772093994	1	1.0305	1.0625	0.9133
1647	1303772094012	1	1.0305	1.0625	0.9133
1648	1303772094032	1	1.0305	1.0312	0.941
1649	1303772094050	1	1.0305	1.0625	0.9133
1650	1303772094068	1	1.0305	1.0625	0.9133
1651	1303772094089	1	1.0305	1.0625	0.9133
1652	1303772094108	1	1.0305	1.0312	0.941
1653	1303772094126	1	1.0305	1.0625	0.9133
1654	1303772094186	1	1.0305	1.0625	0.9133
1655	1303772094204	1	1.0305	1.0625	0.9133
1656	1303772094262	1	1.0305	1.0312	0.941
1657	1303772094281	1	1.0305	1.0625	0.9133
1658	1303772094299	1	1.0305	1.0625	0.9133
1659	1303772094317	1	1.0305	1.0625	0.9133
1660	1303772094336	1	1.0305	1.0312	0.941
1661	1303772094355	1	1.0305	1.0625	0.9133
1662	1303772094372	1	1.0305	1.0625	0.9133
1663	1303772094392	1	1.0143	1.0625	0.9279
1664	1303772094410	1	1.0143	1.0312	0.956
1665	1303772094426	1	1.0143	1.0312	0.956
1666	1303772094445	1	1.0143	1.0625	0.9279
1667	1303772094461	1	1.0143	1.0625	0.9279
1668	1303772094477	1	1.0143	1.0312	0.956
1669	1303772094499	1	1.0143	1.0312	0.956
1670	1303772094629	1	1.0143	1.0625	0.9279
1671	1303772094646	1	1.0143	1.0625	0.9279
1672	1303772094706	1	1.0143	1.0312	0.956
1673	1303772094723	1	1.0143	1.0312	0.956
1674	1303772094740	1	1.0143	1.0625	0.9279
1675	1303772094757	1	1.0143	1.0625	0.9279
1676	1303772094775	1	1.0143	1.0312	0.956
1677	1303772094792	1	1.0143	1.0625	0.9279
1678	1303772094809	1	1.0143	1.0625	0.9279
1679	1303772094828	1	1.0143	1.0625	0.9279
1680	1303772094887	1	1.0143	1.0312	0.956
1681	1303772094906	1	1.0143	1.0625	0.9279
1682	1303772094933	1	1.0143	1.0625	0.9279
1683	1303772094950	1	1.0143	1.0625	0.9279
1684	1303772094967	1	1.0143	1.0312	0.956
1685	1303772094985	1	1.0143	1.0625	0.9279
1686	1303772095043	1	1.0143	1.0625	0.9279
1687	1303772095060	1	1.0143	1.0625	0.9279
1688	1303772095076	1	1.0143	1.0312	0.956
1689	1303772095095	1	1.0143	1.0625	0.9279
1690	1303772095113	1	1.0143	1.0625	0.9279
1691	1303772095170	1	1.0143	1.0625	0.9279
1692	1303772095190	1	1.0143	1.0312	0.956
1693	1303772095207	1	1.0143	1.0625	0.9279
1694	1303772095223	1	1.0143	1.0625	0.9279
1695	1303772095242	1	1.0143	1.0625	0.9279
1696	1303772095258	1	1.0143	1.0312	0.956
1697	1303772095275	1	1.0143	1.0625	0.9279
1698	1303772095291	1	1.0143	1.0625	0.9279
1699	1303772095310	1	1.0143	1.0625	0.9279
1700	1303772095328	1	1.0143	1.0312	0.956
1701	1303772095345	1	1.0143	1.0625	0.9279
1702	1303772095363	1	1.0143	1.0625	0.9279
1703	1303772095381	1	1.0143	1.0625	0.9279
1704	1303772095399	1	1.0143	1.0625	0.9279
1705	1303772095416	1	1.0143	1.0312	0.956
1706	1303772095435	1	1.0143	1.0625	0.9279
1707	1303772095452	1	1.0143	1.0625	0.9279
1708	1303772095469	1	1.0143	1.0625	0.9279
1709	1303772095487	1	1.0143	1.0312	0.956
1710	1303772095505	1	1.0143	1.0625	0.9279
1711	1303772095522	1	1.0143	1.0625	0.9279
1712	1303772095539	1	1.0143	1.0625	0.9279
1713	1303772095558	1	1.0143	1.0312	0.956
1714	1303772095619	1	1.0143	1.0625	0.9279
1715	1303772095637	1	1.0143	1.0625	0.9279
1716	1303772095656	1	1.0143	1.0625	0.9279
1717	1303772095672	1	1.0143	1.0312	0.956
1718	1303772095689	1	1.0143	1.0625	0.9279
1719	1303772095748	1	1.0143	1.0625	0.9279
1720	1303772095765	1	1.0143	1.0625	0.9279
1721	1303772095782	1	1.0143	1.0312	0.956
1722	1303772095799	1	1.0143	1.0625	0.9279
1723	1303772095817	1	1.0143	1.0625	0.9279
1724	1303772095834	1	1.0143	1.0625	0.9279
1725	1303772095852	1	1.0143	1.0312	0.956
1726	1303772095911	1	1.0143	1.0625	0.9279
1727	1303772095928	1	1.0143	1.0625	0.9279
1728	1303772095944	1	1.0143	1.0625	0.9279
1729	1303772095962	1	1.0197	1.0312	0.951
1730	1303772095979	1	1.0197	1.0625	0.923
1731	1303772095996	1	1.0197	1.0625	0.923
1732	1303772096014	1	1.0197	1.0625	0.923
1733	1303772096030	1	1.0197	1.0312	0.951
1734	1303772096047	1	1.0197	1.0625	0.923
1735	1303772096065	1	1.0197	1.0625	0.923
1736	1303772096084	1	1.0197	1.0625	0.923
1737	1303772096101	1	1.0197	1.0625	0.923
1738	1303772096119	1	1.0197	1.0312	0.951
1739	1303772096138	1	1.0197	1.0625	0.923
1740	1303772096155	1	1.0197	1.0625	0.923
1741	1303772096173	1	1.0197	1.0625	0.923
1742	1303772096194	1	1.0197	1.0625	0.923
1743	1303772096212	1	1.0197	1.0312	0.951
1744	1303772096230	1	1.0197	1.0625	0.923
1745	1303772096248	1	1.0198	1.0625	0.9229
1746	1303772096305	1	1.0198	1.0625	0.9229
1747	1303772096323	1	1.0198	1.0625	0.9229
1748	1303772096340	1	1.0198	1.0312	0.9509
1749	1303772096359	1	1.0198	1.0625	0.9229
1750	1303772096376	1	1.0198	1.0625	0.9229
1751	1303772096392	1	1.0198	1.0625	0.9229
1752	1303772096411	1	1.0198	1.0625	0.9229
1753	1303772096427	1	1.0198	1.0312	0.9509
1754	1303772096445	1	1.0198	1.0625	0.9229
1755	1303772096461	1	1.0198	1.0625	0.9229
1756	1303772096480	1	1.0198	1.0625	0.9229
1757	1303772096498	1	1.0198	1.0625	0.9229
1758	1303772096515	1	1.0198	1.0312	0.9509
1759	1303772096533	1	1.0198	1.0625	0.9229
1760	1303772096549	1	1.0198	1.0625	0.9229
1761	1303772096606	1	1.0198	1.0625	0.9229
1762	1303772096625	1	1.0198	1.0312	0.9509
1763	1303772096641	1	1.0198	1.0625	0.9229
1764	1303772096658	1	1.0198	1.0625	0.9229
1765	1303772096674	1	1.0198	1.0625	0.9229
1766	1303772096693	1	1.0198	1.0312	0.9509
1767	1303772096711	1	1.0198	1.0625	0.9229
1768	1303772096728	1	1.0198	1.0625	0.9229
1769	1303772096746	1	1.0198	1.0625	0.9229
1770	1303772096762	1	1.0198	1.0312	0.9509
1771	1303772096780	1	1.0198	1.0625	0.9229
1772	1303772096798	1	1.0198	1.0625	0.9229
1773	1303772096817	1	1.0198	1.0625	0.9229
1774	1303772096874	1	1.0198	1.0625	0.9229
1775	1303772096891	1	1.0198	1.0312	0.9509
1776	1303772096909	1	1.0198	1.0625	0.9229
1777	1303772096926	1	1.0198	1.0625	0.9229
1778	1303772096942	1	1.0198	1.0625	0.9229
1779	1303772096965	1	1.0198	1.0625	0.9229
1780	1303772096982	1	1.0198	1.0312	0.9509
1781	1303772096999	1	1.0198	1.0625	0.9229
1782	1303772097017	1	1.0198	1.0625	0.9229
1783	1303772097035	1	1.0198	1.0625	0.9229
1784	1303772097052	1	1.0198	1.0625	0.9229
1785	1303772097068	1	1.0198	1.0312	0.9509
1786	1303772097087	1	1.0198	1.0625	0.9229
1787	1303772097106	1	1.0198	1.0625	0.9229
1788	1303772097123	1	1.0198	1.0625	0.9229
1789	1303772097140	1	1.0198	1.0625	0.9229
1790	1303772097159	1	1.0198	1.0312	0.9509
1791	1303772097177	1	1.0198	1.0625	0.9229
1792	1303772097194	1	1.0198	1.0625	0.9229
1793	1303772097212	1	1.0198	1.0625	0.9229
1794	1303772097229	1	1.0198	1.0625	0.9229
1795	1303772097246	1	1.0198	1.0625	0.9229
1796	1303772097263	1	1.0198	1.0312	0.9509
1797	1303772097282	1	1.0198	1.0625	0.9229
1798	1303772097298	1	1.0198	1.0625	0.9229
1799	1303772097356	1	1.0198	1.0625	0.9229
1800	1303772097375	1	1.0198	1.0625	0.9229
