0	1303772177521	0	0	0	0
1	1303772177529	0	0	0	0
2	1303772177539	0	0	0	0
3	1303772177548	0	0	0	0
4	1303772177599	0	0	0	0
5	1303772177609	0	0	0	0
6	1303772177620	0	0	0	0
7	1303772177630	0	0	0	0
8	1303772177645	0	0	0	0
9	1303772177660	0	0	0	0
10	1303772177672	0	0	0	0
11	1303772177684	0	0	0	0
12	1303772177696	0	0	0	0
13	1303772177711	0	0	0	0
14	1303772177723	0	0	0	0
15	1303772177735	0	0	0	0
16	1303772177748	0	0	0	0
17	1303772177760	0	0	0	0
18	1303772177773	0	0	0	0
19	1303772177785	0	0	0	0
20	1303772177797	0	0	0	0
21	1303772177809	0	0	0	0
22	1303772177828	0.5	0	0	0
23	1303772177902	0.5	0	0	0
24	1303772177928	0.5	0	0	0
25	1303772177941	0.5	0	0	0
26	1303772177998	0.5	0	0	0
27	1303772178011	0.5	0	0	0
28	1303772178023	0.5	0	0	0
29	1303772178036	0.5	0	0	0
30	1303772178093	0.5	0	0	0
31	1303772178106	0.5	0	0	0
32	1303772178119	0.5	0	0	0
33	1303772178132	0.5	0	0	0
34	1303772178144	0.5	0	0	0
35	1303772178159	0.5	0	0	0
36	1303772178172	0.5	0	0	0
37	1303772178186	0.5	0	0	0
38	1303772178201	0.5	0	0	0
39	1303772178215	0.5	0	0	0
40	1303772178231	0.5	0	0	0
41	1303772178245	0.5	0	0	0
42	1303772178259	0.5	0	0	0
43	1303772178273	0.5	0	0	0
44	1303772178290	0.5	0	0	0
45	1303772178305	0.5	0	0	0
46	1303772178319	0.5	0	0	0
47	1303772178334	0.5	0	0	0
48	1303772178348	0.5	0	0	0
49	1303772178365	0.5	0	0	0
50	1303772178379	0.5	0	0	0
51	1303772178393	0.5	0	0	0
52	1303772178407	0.5	0	0	0
53	1303772178423	0.5	0	0	0
54	1303772178437	0.5	0	0	0
55	1303772178491	0.5	0	0	0
56	1303772178546	0.5	0	0	0
57	1303772178562	0.5	0	0	0
58	1303772178576	0.5	0	0	0
59	1303772178591	0.5	0	0	0
60	1303772178605	0.5	0	0	0
61	1303772178622	0.5	0	0	0
62	1303772178637	0.5	0	0	0
63	1303772178653	0.5	0	0	0
64	1303772178668	0.5	0	0	0
65	1303772178686	0.5	0	0	0
66	1303772178701	0.5	0	0	0
67	1303772178718	0.5	0	0	0
68	1303772178734	0.5	0	0	0
69	1303772178751	0.5	0	0	0
70	1303772178766	0.5	0	0	0
71	1303772178781	0.5	0	0	0
72	1303772178839	0.5	0	0	0
73	1303772178894	0.5	0	0	0
74	1303772178910	0.5	0	0	0
75	1303772178926	0.5	0	0	0
76	1303772178944	0.5	0	0	0
77	1303772178959	0.5	0	0	0
78	1303772178974	0.5	0	0	0
79	1303772178991	0.5	0	0	0
80	1303772179009	0.5	0	0	0
81	1303772179025	0.5	0	0	0
82	1303772179041	0.5	0	0	0
83	1303772179058	1	0	0	0
84	1303772179078	1	0	0	0
85	1303772179108	1	0	0	0
86	1303772179142	1	1.3696	0	0
87	1303772179169	1	1.3237	0	0
88	1303772179188	1	1.3237	1.5	0.5036
89	1303772179208	1	1.3237	1.5	0.5036
90	1303772179228	1	1.3237	1.5	0.5036
91	1303772179245	1	1.3237	1.5	0.5036
92	1303772179265	1	1.3237	1.5	0.5036
93	1303772179282	1	1.3237	1.1667	0.6475
94	1303772179299	1	1.3237	1.3333	0.5666
95	1303772179318	1	1.3237	1.4	0.5396
96	1303772179335	1	1.3237	1.375	0.5494
97	1303772179352	1	1.3237	1.3	0.5811
98	1303772179413	1	1.3237	1.3333	0.5666
99	1303772179431	1	1.3237	1.1	0.6868
100	1303772179449	1	1.3237	1.3	0.5811
101	1303772179468	1	1.3237	1.3	0.5811
102	1303772179485	1	1.3237	1.2	0.6295
103	1303772179545	1	1.3237	1.2	0.6295
104	1303772179563	1	1.3237	1.25	0.6044
105	1303772179581	1	1.3237	1.1667	0.6475
106	1303772179599	1	1.3237	1.1667	0.6475
107	1303772179618	1	1.3237	1.1667	0.6475
108	1303772179635	1	1.3237	1.1667	0.6475
109	1303772179697	1	1.3237	1.1667	0.6475
110	1303772179716	1	1.3237	1.1667	0.6475
111	1303772179732	1	1.3237	1.1667	0.6475
112	1303772179750	1	1.3237	1.1667	0.6475
113	1303772179769	1	1.3237	1.2143	0.6221
114	1303772179786	1	1.3237	1.1667	0.6475
115	1303772179803	1	1.3237	1.0714	0.7051
116	1303772179821	1	1.3237	1.1429	0.661
117	1303772179838	1	1.3237	1.0625	0.711
118	1303772179855	1	1.3237	1.125	0.6715
119	1303772179873	1	1.3237	1	0.7555
120	1303772179890	1	1.3237	1.0625	0.711
121	1303772179907	1	1.3237	1.125	0.6715
122	1303772179923	1	1.3237	1.125	0.6715
123	1303772179983	1	1.3237	1.125	0.6715
124	1303772180000	1	1.3237	1.125	0.6715
125	1303772180017	1	1.3237	1.125	0.6715
126	1303772180036	1	1.3237	1.125	0.6715
127	1303772180054	1	1.3237	1.125	0.6715
128	1303772180071	1	1.3237	1.125	0.6715
129	1303772180090	1	1.3237	1.125	0.6715
130	1303772180108	1	1.3237	1.125	0.6715
131	1303772180125	1	1.3237	1.125	0.6715
132	1303772180184	1	1.3237	1.125	0.6715
133	1303772180201	1	1.3237	1.125	0.6715
134	1303772180218	1	1.3237	1.125	0.6715
135	1303772180237	1	1.3237	1.125	0.6715
136	1303772180254	1	1.3237	1.125	0.6715
137	1303772180271	1	1.3237	1.125	0.6715
138	1303772180291	1	1.3237	1.125	0.6715
139	1303772180308	1	1.3237	1.125	0.6715
140	1303772180325	1	1.3237	1.125	0.6715
141	1303772180344	1	1.3237	1.125	0.6715
142	1303772180362	1	1.3237	1.125	0.6715
143	1303772180378	1	1.3237	1.125	0.6715
144	1303772180397	1	1.3237	1.125	0.6715
145	1303772180416	1	1.3237	1.125	0.6715
146	1303772180433	1	1.3237	1.125	0.6715
147	1303772180453	1	1.2862	1.125	0.6911
148	1303772180471	1	1.1584	1.125	0.7674
149	1303772180489	1	1.1525	1.125	0.7713
150	1303772180508	1	1.1525	1.125	0.7713
151	1303772180525	1	1.1525	1.1875	0.7307
152	1303772180541	1	1.1525	1.2222	0.7099
153	1303772180557	1	1.1525	1.1111	0.7809
154	1303772180576	1	1.1525	1.0625	0.8166
155	1303772180594	1	1.1525	1.125	0.7713
156	1303772180611	1	1.1525	1.1667	0.7437
157	1303772180630	1	1.1525	1.2222	0.7099
158	1303772180647	1	1.1525	1.1667	0.7437
159	1303772180663	1	1.1525	1.1667	0.7437
160	1303772180682	1	1.1525	1.2222	0.7099
161	1303772180698	1	1.1525	1.1667	0.7437
162	1303772180715	1	1.1525	1.1111	0.7809
163	1303772180731	1	1.1525	1.1	0.7888
164	1303772180790	1	1.1525	1.1111	0.7809
165	1303772180807	1	1.1525	1.1	0.7888
166	1303772180823	1	1.1525	1.1111	0.7809
167	1303772180841	1	1.1525	1.1	0.7888
168	1303772180857	1	1.1525	1.1111	0.7809
169	1303772180874	1	1.1525	1.1111	0.7809
170	1303772180892	1	1.1525	1.1111	0.7809
171	1303772180910	1	1.1525	1.1	0.7888
172	1303772180927	1	1.1525	1.1	0.7888
173	1303772180944	1	1.1525	1.1	0.7888
174	1303772180962	1	1.1525	1.1	0.7888
175	1303772180979	1	1.1525	1.1	0.7888
176	1303772180995	1	1.1525	1.1	0.7888
177	1303772181014	1	1.1525	1.1	0.7888
178	1303772181030	1	1.1525	1.1	0.7888
179	1303772181048	1	1.1525	1.1	0.7888
180	1303772181066	1	1.1525	1.1	0.7888
181	1303772181083	1	1.1525	1.1	0.7888
182	1303772181100	1	1.1525	1.1	0.7888
183	1303772181116	1	1.1525	1.1	0.7888
184	1303772181176	1	1.1525	1.1	0.7888
185	1303772181193	1	1.1525	1.1	0.7888
186	1303772181210	1	1.1525	1.1	0.7888
187	1303772181228	1	1.1525	1.1	0.7888
188	1303772181245	1	1.1525	1.1	0.7888
189	1303772181262	1	1.1525	1.1	0.7888
190	1303772181322	1	1.1525	1.1	0.7888
191	1303772181339	1	1.1525	1.1	0.7888
192	1303772181355	1	1.1525	1.1	0.7888
193	1303772181372	1	1.1525	1.1	0.7888
194	1303772181391	1	1.1525	1.1	0.7888
195	1303772181407	1	1.1525	1.1	0.7888
196	1303772181464	1	1.1525	1.1	0.7888
197	1303772181482	1	1.1525	1.1	0.7888
198	1303772181499	1	1.1525	1.1	0.7888
199	1303772181515	1	1.1525	1.1	0.7888
200	1303772181533	1	1.1525	1.1	0.7888
201	1303772181549	1	1.1525	1.1	0.7888
202	1303772181566	1	1.1525	1.1	0.7888
203	1303772181583	1	1.1525	1.1	0.7888
204	1303772181603	1	1.1525	1.1	0.7888
205	1303772181619	1	1.1525	1.1	0.7888
206	1303772181676	1	1.1525	1.1	0.7888
207	1303772181694	1	1.1525	1.1	0.7888
208	1303772181712	1	1.2654	1.1	0.7184
209	1303772181730	1	1.2833	1.1	0.7084
210	1303772181749	1	1.2833	1.1	0.7084
211	1303772181766	1	1.2833	1.1	0.7084
212	1303772181783	1	1.2833	1.1	0.7084
213	1303772181802	1	1.2833	1.1	0.7084
214	1303772181819	1	1.2833	1.1	0.7084
215	1303772181836	1	1.2833	1.05	0.7421
216	1303772181853	1	1.2833	1.1	0.7084
217	1303772181872	1	1.2833	1.1	0.7084
218	1303772181889	1	1.2833	1.1	0.7084
219	1303772181906	1	1.2833	1.05	0.7421
220	1303772181922	1	1.2833	1.1	0.7084
221	1303772181940	1	1.2833	1.1	0.7084
222	1303772181955	1	1.2833	1.1	0.7084
223	1303772181971	1	1.2833	1.05	0.7421
224	1303772181989	1	1.2833	1.1	0.7084
225	1303772182006	1	1.2833	1.1	0.7084
226	1303772182022	1	1.2833	1.1	0.7084
227	1303772182038	1	1.2833	1.05	0.7421
228	1303772182056	1	1.2833	1.1	0.7084
229	1303772182073	1	1.2833	1.1	0.7084
230	1303772182090	1	1.2833	1.1	0.7084
231	1303772182108	1	1.2833	1.05	0.7421
232	1303772182124	1	1.2833	1.1	0.7084
233	1303772182140	1	1.2833	1.1	0.7084
234	1303772182157	1	1.2833	1.1	0.7084
235	1303772182216	1	1.2833	1.05	0.7421
236	1303772182234	1	1.2833	1.1	0.7084
237	1303772182251	1	1.2833	1.1	0.7084
238	1303772182270	1	1.2833	1.1	0.7084
239	1303772182286	1	1.2833	1.05	0.7421
240	1303772182302	1	1.2833	1.1	0.7084
241	1303772182318	1	1.2833	1.1	0.7084
242	1303772182381	1	1.2833	1.1	0.7084
243	1303772182443	1	1.2833	1.05	0.7421
244	1303772182460	1	1.2833	1.1	0.7084
245	1303772182479	1	1.2833	1.1	0.7084
246	1303772182496	1	1.2833	1.1	0.7084
247	1303772182513	1	1.2833	1.05	0.7421
248	1303772182529	1	1.2833	1.1	0.7084
249	1303772182547	1	1.2833	1.1	0.7084
250	1303772182563	1	1.2833	1.1	0.7084
251	1303772182579	1	1.2833	1.05	0.7421
252	1303772182597	1	1.2833	1.1	0.7084
253	1303772182613	1	1.2833	1.1	0.7084
254	1303772182630	1	1.2833	1.1	0.7084
255	1303772182646	1	1.2833	1.05	0.7421
256	1303772182664	1	1.2833	1.1	0.7084
257	1303772182681	1	1.2833	1.1	0.7084
258	1303772182696	1	1.2833	1.1	0.7084
259	1303772182756	1	1.2833	1.05	0.7421
260	1303772182772	1	1.2833	1.1	0.7084
261	1303772182789	1	1.2833	1.1	0.7084
262	1303772182805	1	1.2833	1.1	0.7084
263	1303772182823	1	1.2833	1.05	0.7421
264	1303772182840	1	1.2833	1.1	0.7084
265	1303772182897	1	1.2833	1.1	0.7084
266	1303772182915	1	1.2833	1.1	0.7084
267	1303772182931	1	1.2833	1.1	0.7084
268	1303772182948	1	1.2833	1.1	0.7084
269	1303772182966	1	1.2833	1.1	0.7084
270	1303772182984	1	1.2833	1	0.7792
271	1303772183001	1	1.0695	1	0.935
272	1303772183020	1	1.0695	1.05	0.8905
273	1303772183037	1	1.0695	1.05	0.8905
274	1303772183054	1	1.0695	1.05	0.8905
275	1303772183070	1	1.0695	1.1	0.85
276	1303772183089	1	1.0695	1.05	0.8905
277	1303772183105	1	1.0695	1	0.935
278	1303772183122	1	1.0695	1.1	0.85
279	1303772183181	1	1.0695	1.05	0.8905
280	1303772183197	1	1.0695	1.1	0.85
281	1303772183214	1	1.0695	1.1	0.85
282	1303772183270	1	1.0695	1.1	0.85
283	1303772183289	1	1.0695	1.05	0.8905
284	1303772183346	1	1.0695	1.1	0.85
285	1303772183362	1	1.0695	1.1	0.85
286	1303772183381	1	1.0695	1.1	0.85
287	1303772183398	1	1.0695	1.05	0.8905
288	1303772183415	1	1.0695	1.1	0.85
289	1303772183434	1	1.0695	1.1	0.85
290	1303772183490	1	1.0695	1.1	0.85
291	1303772183507	1	1.0695	1.05	0.8905
292	1303772183524	1	1.0695	1.1	0.85
293	1303772183542	1	1.0695	1.1	0.85
294	1303772183559	1	1.0695	1.1	0.85
295	1303772183577	1	1.0695	1.05	0.8905
296	1303772183595	1	1.0695	1.1	0.85
297	1303772183611	1	1.0695	1.1	0.85
298	1303772183628	1	1.0695	1.1	0.85
299	1303772183684	1	1.0695	1.1	0.85
300	1303772183703	1	1.0695	1.1	0.85
301	1303772183719	1	1.0695	1.1	0.85
302	1303772183736	1	1.0695	1.1	0.85
303	1303772183754	1	1.0695	1.1	0.85
304	1303772183770	1	1.0695	1.1	0.85
305	1303772183786	1	1.0695	1.1	0.85
306	1303772183804	1	1.0695	1.1	0.85
307	1303772183820	1	1.0695	1.1	0.85
308	1303772183877	1	1.0695	1.1	0.85
309	1303772183893	1	1.0695	1.1	0.85
310	1303772183912	1	1.0695	1.1	0.85
311	1303772183928	1	1.0695	1.1	0.85
312	1303772183944	1	1.0695	1.1	0.85
313	1303772183962	1	1.0695	1.1	0.85
314	1303772184019	1	1.0695	1.1	0.85
315	1303772184035	1	1.0695	1.1	0.85
316	1303772184051	1	1.0695	1.1	0.85
317	1303772184069	1	1.0695	1.1	0.85
318	1303772184085	1	1.0695	1.1	0.85
319	1303772184101	1	1.0695	1.1	0.85
320	1303772184119	1	1.0695	1.1	0.85
321	1303772184135	1	1.0695	1.1	0.85
322	1303772184151	1	1.0695	1.1	0.85
323	1303772184167	1	1.0695	1.1	0.85
324	1303772184185	1	1.0695	1.1	0.85
325	1303772184242	1	1.0695	1.1	0.85
326	1303772184258	1	1.0695	1.1	0.85
327	1303772184276	1	1.0695	1.1	0.85
328	1303772184333	1	1.0695	1.1	0.85
329	1303772184349	1	1.0695	1.1	0.85
330	1303772184369	1	1.0695	1.1	0.85
331	1303772184390	1	1.1707	1.1	0.7766
332	1303772184449	1	1.1707	1.1	0.7766
333	1303772184468	1	1.1707	1.1	0.7766
334	1303772184485	1	1.1707	1.1	0.7766
335	1303772184501	1	1.1707	1.1	0.7766
336	1303772184519	1	1.1707	1.1	0.7766
337	1303772184535	1	1.1707	1.1	0.7766
338	1303772184552	1	1.1707	1.1	0.7766
339	1303772184569	1	1.1707	1.1	0.7766
340	1303772184628	1	1.1707	1.1	0.7766
341	1303772184644	1	1.1707	1.1	0.7766
342	1303772184660	1	1.1707	1.1	0.7766
343	1303772184679	1	1.1707	1.1	0.7766
344	1303772184695	1	1.1707	1.1	0.7766
345	1303772184711	1	1.1707	1.1	0.7766
346	1303772184728	1	1.1707	1.1	0.7766
347	1303772184746	1	1.1707	1.1	0.7766
348	1303772184762	1	1.1707	1.1	0.7766
349	1303772184779	1	1.1707	1.1	0.7766
350	1303772184798	1	1.1707	1.1	0.7766
351	1303772184814	1	1.1707	1.1	0.7766
352	1303772184829	1	1.1707	1.1	0.7766
353	1303772184847	1	1.1707	1.1	0.7766
354	1303772184866	1	1.1707	1.1	0.7766
355	1303772184882	1	1.1707	1.1	0.7766
356	1303772184939	1	1.1707	1.1	0.7766
357	1303772184958	1	1.1707	1.1	0.7766
358	1303772184974	1	1.1707	1.1	0.7766
359	1303772184989	1	1.1707	1.1	0.7766
360	1303772185006	1	1.1707	1.1	0.7766
361	1303772185024	1	1.1707	1.1	0.7766
362	1303772185041	1	1.1707	1.1	0.7766
363	1303772185058	1	1.1707	1.1	0.7766
364	1303772185076	1	1.1707	1.1	0.7766
365	1303772185092	1	1.1707	1.1	0.7766
366	1303772185108	1	1.1707	1.1	0.7766
367	1303772185124	1	1.1707	1.1	0.7766
368	1303772185142	1	1.1707	1.1	0.7766
369	1303772185159	1	1.1707	1.1	0.7766
370	1303772185175	1	1.1707	1.1	0.7766
371	1303772185193	1	1.1707	1.1	0.7766
372	1303772185209	1	1.1707	1.1	0.7766
373	1303772185226	1	1.1707	1.1	0.7766
374	1303772185242	1	1.1707	1.1	0.7766
375	1303772185262	1	1.1707	1.1	0.7766
376	1303772185279	1	1.1707	1.1	0.7766
377	1303772185296	1	1.1707	1.1	0.7766
378	1303772185314	1	1.1707	1.1	0.7766
379	1303772185331	1	1.1707	1.1	0.7766
380	1303772185347	1	1.1707	1.1	0.7766
381	1303772185364	1	1.1707	1.1	0.7766
382	1303772185382	1	1.1707	1.1	0.7766
383	1303772185400	1	1.1707	1.1	0.7766
384	1303772185416	1	1.1707	1.1	0.7766
385	1303772185435	1	1.1707	1.1	0.7766
386	1303772185452	1	1.1707	1.1	0.7766
387	1303772185469	1	1.1707	1.1	0.7766
388	1303772185486	1	1.1707	1.1	0.7766
389	1303772185505	1	1.1707	1.1	0.7766
390	1303772185521	1	1.1707	1.1	0.7766
391	1303772185540	1	1.1707	1.1	0.7766
392	1303772185561	1	1.1887	1.1	0.7648
393	1303772185579	1	1.1887	1.05	0.8012
394	1303772185596	1	1.1887	1.05	0.8012
395	1303772185614	1	1.1887	1.05	0.8012
396	1303772185630	1	1.1887	1.05	0.8012
397	1303772185647	1	1.1887	1.05	0.8012
398	1303772185666	1	1.1887	1.1	0.7648
399	1303772185683	1	1.1887	1.05	0.8012
400	1303772185700	1	1.1887	1.05	0.8012
401	1303772185716	1	1.1887	1.1	0.7648
402	1303772185735	1	1.1887	1	0.8413
403	1303772185751	1	1.1887	1.1	0.7648
404	1303772185768	1	1.1887	1.1	0.7648
405	1303772185827	1	1.1887	1.1	0.7648
406	1303772185844	1	1.1887	1.05	0.8012
407	1303772185901	1	1.1887	1.1	0.7648
408	1303772185962	1	1.1887	1.1	0.7648
409	1303772185980	1	1.1887	1.1	0.7648
410	1303772185996	1	1.1887	1.05	0.8012
411	1303772186012	1	1.1887	1.1	0.7648
412	1303772186155	1	1.1887	1.1	0.7648
413	1303772186172	1	1.1887	1.1	0.7648
414	1303772186189	1	1.1887	1.1	0.7648
415	1303772186226	1	1.1887	1.1	0.7648
416	1303772186244	1	1.1887	1.1	0.7648
417	1303772186279	1	1.1887	1.1	0.7648
418	1303772186310	1	1.1887	1.1	0.7648
419	1303772186328	1	1.1887	1.1	0.7648
420	1303772186344	1	1.1887	1.1	0.7648
421	1303772186363	1	1.1887	1.1	0.7648
422	1303772186381	1	1.1887	1.1	0.7648
423	1303772186398	1	1.1887	1.1	0.7648
424	1303772186414	1	1.1887	1.1	0.7648
425	1303772186430	1	1.1887	1.1	0.7648
426	1303772186448	1	1.1887	1.1	0.7648
427	1303772186464	1	1.1887	1.1	0.7648
428	1303772186481	1	1.1887	1.1	0.7648
429	1303772186532	1	1.1887	1.1	0.7648
430	1303772186549	1	1.1887	1.1	0.7648
431	1303772186565	1	1.1887	1.1	0.7648
432	1303772186582	1	1.1887	1.1	0.7648
433	1303772186600	1	1.1887	1.1	0.7648
434	1303772186617	1	1.1887	1.1	0.7648
435	1303772186633	1	1.1887	1.1	0.7648
436	1303772186651	1	1.1887	1.1	0.7648
437	1303772186667	1	1.1887	1.1	0.7648
438	1303772186683	1	1.1887	1.1	0.7648
439	1303772186699	1	1.1887	1.1	0.7648
440	1303772186717	1	1.1887	1.1	0.7648
441	1303772186733	1	1.1887	1.1	0.7648
442	1303772186794	1	1.1887	1.1	0.7648
443	1303772186813	1	1.1887	1.1	0.7648
444	1303772186829	1	1.1887	1.1	0.7648
445	1303772186846	1	1.1887	1.1	0.7648
446	1303772186864	1	1.1887	1.1	0.7648
447	1303772186883	1	1.1887	1.1	0.7648
448	1303772186899	1	1.1887	1.1	0.7648
449	1303772186955	1	1.1887	1.1	0.7648
450	1303772186973	1	1.1887	1.1	0.7648
451	1303772186990	1	1.1887	1.1	0.7648
452	1303772187007	1	1.1887	1.1	0.7648
453	1303772187024	1	1.1887	1.1	0.7648
454	1303772187043	1	1.1887	1.05	0.8012
455	1303772187059	1	1.5317	1.1	0.5935
456	1303772187076	1	1.5317	1.1	0.5935
457	1303772187095	1	1.5317	1.1	0.5935
458	1303772187112	1	1.5317	1.05	0.6218
459	1303772187128	1	1.5317	1.0556	0.6185
460	1303772187147	1	1.5317	1.1	0.5935
461	1303772187164	1	1.5317	1.1667	0.5596
462	1303772187181	1	1.5317	1.05	0.6218
463	1303772187198	1	1.5317	1	0.6529
464	1303772187217	1	1.5317	1.1667	0.5596
465	1303772187232	1	1.5317	1.0455	0.6245
466	1303772187289	1	1.5317	1	0.6529
467	1303772187307	1	1.5317	1.0909	0.5985
468	1303772187325	1	1.5317	1.0455	0.6245
469	1303772187342	1	1.5317	1.0417	0.6267
470	1303772187359	1	1.5317	1.0455	0.6245
471	1303772187377	1	1.5317	1.0417	0.6267
472	1303772187392	1	1.5317	1.0417	0.6267
473	1303772187409	1	1.5317	1.0417	0.6267
474	1303772187426	1	1.5317	1.0417	0.6267
475	1303772187443	1	1.5317	1.0417	0.6267
476	1303772187459	1	1.5317	1.0833	0.6026
477	1303772187476	1	1.5317	1.0417	0.6267
478	1303772187494	1	1.5317	1.0417	0.6267
479	1303772187510	1	1.5317	1.0833	0.6026
480	1303772187526	1	1.5317	1.0417	0.6267
481	1303772187543	1	1.5317	1.0417	0.6267
482	1303772187560	1	1.5317	1.0833	0.6026
483	1303772187576	1	1.5317	1.0833	0.6026
484	1303772187592	1	1.5317	1.0417	0.6267
485	1303772187651	1	1.5317	1.0833	0.6026
486	1303772187667	1	1.5317	1.0833	0.6026
487	1303772187683	1	1.5317	1.0833	0.6026
488	1303772187701	1	1.5317	1.0833	0.6026
489	1303772187717	1	1.5317	1.125	0.5803
490	1303772187733	1	1.5317	1.125	0.5803
491	1303772187750	1	1.5317	1.0833	0.6026
492	1303772187767	1	1.5317	1.0833	0.6026
493	1303772187784	1	1.5317	1.0417	0.6267
494	1303772187800	1	1.5317	1.0417	0.6267
495	1303772187818	1	1.5317	1.0417	0.6267
496	1303772187874	1	1.5317	1.0833	0.6026
497	1303772187891	1	1.5317	1.0417	0.6267
498	1303772187908	1	1.5317	1.0417	0.6267
499	1303772187926	1	1.5317	1.0833	0.6026
500	1303772187942	1	1.5317	1.0417	0.6267
501	1303772187958	1	1.5317	1.0417	0.6267
502	1303772187976	1	1.5317	1.0833	0.6026
503	1303772187992	1	1.5317	1.0833	0.6026
504	1303772188049	1	1.5317	1.0417	0.6267
505	1303772188066	1	1.5317	1.0833	0.6026
506	1303772188129	1	1.5317	1.0833	0.6026
507	1303772188146	1	1.5317	1.0833	0.6026
508	1303772188162	1	1.5317	1.0417	0.6267
509	1303772188180	1	1.5317	1.0833	0.6026
510	1303772188196	1	1.5317	1.0833	0.6026
511	1303772188213	1	1.5317	1.0833	0.6026
512	1303772188271	1	1.5317	1.0417	0.6267
513	1303772188330	1	1.5317	1.0833	0.6026
514	1303772188359	1	1.4835	1.0833	0.6222
515	1303772188399	1	1.4643	1.0833	0.6304
516	1303772188417	1	1.4643	1	0.6829
517	1303772188436	1	1.4643	1	0.6829
518	1303772188453	1	1.4643	1	0.6829
519	1303772188470	1	1.4643	1	0.6829
520	1303772188486	1	1.4643	1.0385	0.6576
521	1303772188504	1	1.4643	1.0385	0.6576
522	1303772188521	1	1.4643	1.0385	0.6576
523	1303772188538	1	1.4643	1.0385	0.6576
524	1303772188555	1	1.4643	1.0385	0.6576
525	1303772188572	1	1.4643	1.0714	0.6374
526	1303772188590	1	1.4643	1.1071	0.6168
527	1303772188606	1	1.4643	1.1071	0.6168
528	1303772188625	1	1.4643	1.1071	0.6168
529	1303772188642	1	1.4643	1.1071	0.6168
530	1303772188659	1	1.4643	1.0714	0.6374
531	1303772188678	1	1.4643	1.1071	0.6168
532	1303772188695	1	1.4643	1.1429	0.5976
533	1303772188712	1	1.4643	1.0714	0.6374
534	1303772188729	1	1.4643	1.0714	0.6374
535	1303772188747	1	1.4643	1.1429	0.5976
536	1303772188763	1	1.4643	1.1071	0.6168
537	1303772188779	1	1.4643	1.0714	0.6374
538	1303772188797	1	1.4643	1.1071	0.6168
539	1303772188814	1	1.4643	1.1429	0.5976
540	1303772188871	1	1.4643	1.1071	0.6168
541	1303772188889	1	1.4643	1.0714	0.6374
542	1303772188906	1	1.4643	1.1071	0.6168
543	1303772188923	1	1.4643	1.1429	0.5976
544	1303772188939	1	1.4643	1.1071	0.6168
545	1303772188957	1	1.4643	1.0714	0.6374
546	1303772188974	1	1.4643	1.1071	0.6168
547	1303772188990	1	1.4643	1.1429	0.5976
548	1303772189008	1	1.4643	1.1071	0.6168
549	1303772189025	1	1.4643	1.1071	0.6168
550	1303772189041	1	1.4643	1.1071	0.6168
551	1303772189058	1	1.4643	1.1429	0.5976
552	1303772189076	1	1.4643	1.1071	0.6168
553	1303772189133	1	1.4643	1.1071	0.6168
554	1303772189149	1	1.4643	1.1071	0.6168
555	1303772189167	1	1.4643	1.1429	0.5976
556	1303772189184	1	1.4643	1.1071	0.6168
557	1303772189241	1	1.4643	1.1071	0.6168
558	1303772189259	1	1.4643	1.1071	0.6168
559	1303772189276	1	1.4643	1.1429	0.5976
560	1303772189292	1	1.4643	1.1071	0.6168
561	1303772189308	1	1.4643	1.1071	0.6168
562	1303772189328	1	1.4643	1.1071	0.6168
563	1303772189345	1	1.4643	1.1429	0.5976
564	1303772189401	1	1.4643	1.1071	0.6168
565	1303772189460	1	1.4643	1.1071	0.6168
566	1303772189477	1	1.4643	1.1071	0.6168
567	1303772189494	1	1.4643	1.1071	0.6168
568	1303772189512	1	1.4643	1.1071	0.6168
569	1303772189569	1	1.4643	1.1071	0.6168
570	1303772189626	1	1.4643	1.1071	0.6168
571	1303772189644	1	1.4643	1.1071	0.6168
572	1303772189661	1	1.4643	1.1071	0.6168
573	1303772189678	1	1.4643	1.1071	0.6168
574	1303772189696	1	1.4643	1.1071	0.6168
575	1303772189718	1	1.4907	1.1071	0.6059
576	1303772189738	1	1.4907	1.0714	0.6261
577	1303772189757	1	1.4907	1.1071	0.6059
578	1303772189776	1	1.5666	1.1429	0.5585
579	1303772189793	1	1.5666	1.1429	0.5585
580	1303772189810	1	1.5666	1.1786	0.5416
581	1303772189829	1	1.5666	1.1786	0.5416
582	1303772189845	1	1.5666	1.1786	0.5416
583	1303772189863	1	1.5666	1.2143	0.5257
584	1303772189882	1	1.5666	1.1786	0.5416
585	1303772189898	1	1.5666	1.1429	0.5585
586	1303772189914	1	1.5666	1.2143	0.5257
587	1303772189931	1	1.5666	1.1786	0.5416
588	1303772189950	1	1.5666	1.1786	0.5416
589	1303772190006	1	1.5666	1.1071	0.5765
590	1303772190022	1	1.5666	1.1429	0.5585
591	1303772190041	1	1.5666	1.1429	0.5585
592	1303772190057	1	1.5666	1.1071	0.5765
593	1303772190114	1	1.5666	1.1429	0.5585
594	1303772190134	1	1.5666	1.1429	0.5585
595	1303772190151	1	1.5666	1.1429	0.5585
596	1303772190168	1	1.5666	1.1071	0.5765
597	1303772190185	1	1.5666	1.1429	0.5585
598	1303772190203	1	1.5666	1.1429	0.5585
599	1303772190220	1	1.5666	1.1429	0.5585
600	1303772190236	1	1.5666	1.1071	0.5765
601	1303772190294	1	1.5666	1.1429	0.5585
602	1303772190311	1	1.5666	1.1429	0.5585
603	1303772190329	1	1.5666	1.1429	0.5585
604	1303772190347	1	1.5666	1.1429	0.5585
605	1303772190363	1	1.5666	1.1429	0.5585
606	1303772190380	1	1.5666	1.1429	0.5585
607	1303772190396	1	1.5666	1.1429	0.5585
608	1303772190415	1	1.5666	1.1429	0.5585
609	1303772190431	1	1.5666	1.1429	0.5585
610	1303772190447	1	1.5666	1.1429	0.5585
611	1303772190465	1	1.5666	1.1429	0.5585
612	1303772190481	1	1.5666	1.1429	0.5585
613	1303772190498	1	1.5666	1.1429	0.5585
614	1303772190514	1	1.5666	1.1429	0.5585
615	1303772190532	1	1.5666	1.1429	0.5585
616	1303772190549	1	1.5666	1.1429	0.5585
617	1303772190566	1	1.5666	1.1429	0.5585
618	1303772190583	1	1.5666	1.1429	0.5585
619	1303772190600	1	1.5666	1.1429	0.5585
620	1303772190657	1	1.5666	1.1429	0.5585
621	1303772190675	1	1.5666	1.1429	0.5585
622	1303772190692	1	1.5666	1.1429	0.5585
623	1303772190709	1	1.5666	1.1071	0.5765
624	1303772190726	1	1.5666	1.1429	0.5585
625	1303772190744	1	1.5666	1.1333	0.5632
626	1303772190760	1	1.5666	1.1333	0.5632
627	1303772190777	1	1.5666	1.1071	0.5765
628	1303772190796	1	1.5666	1.1429	0.5585
629	1303772190813	1	1.5666	1.1786	0.5416
630	1303772190830	1	1.5666	1.1333	0.5632
631	1303772190847	1	1.5666	1.1071	0.5765
632	1303772190865	1	1.5666	1.1333	0.5632
633	1303772190882	1	1.5666	1.1667	0.5471
634	1303772190899	1	1.5666	1.1333	0.5632
635	1303772190918	1	1.5666	1.1	0.5803
636	1303772190939	1	1.5666	1.1562	0.5521
637	1303772190967	1	1.5666	1.1333	0.5632
638	1303772190992	1	1.5498	1.125	0.5736
639	1303772191011	1	1.5352	1.1	0.5922
640	1303772191028	1	1.5352	1.125	0.579
641	1303772191046	1	1.5352	1.1765	0.5537
642	1303772191063	1	1.5352	1.1765	0.5537
643	1303772191079	1	1.5352	1.125	0.579
644	1303772191097	1	1.5352	1.125	0.579
645	1303772191114	1	1.5352	1.1562	0.5634
646	1303772191130	1	1.5352	1.1562	0.5634
647	1303772191149	1	1.5352	1.1471	0.5679
648	1303772191205	1	1.5352	1.1765	0.5537
649	1303772191222	1	1.5352	1.1471	0.5679
650	1303772191239	1	1.5352	1.1176	0.5828
651	1303772191257	1	1.5352	1.0882	0.5986
652	1303772191274	1	1.5352	1.0882	0.5986
653	1303772191290	1	1.5352	1.0882	0.5986
654	1303772191309	1	1.5352	1.0882	0.5986
655	1303772191327	1	1.5352	1.0882	0.5986
656	1303772191344	1	1.5352	1.0588	0.6152
657	1303772191361	1	1.5352	1.0882	0.5986
658	1303772191381	1	1.5352	1.0882	0.5986
659	1303772191398	1	1.5352	1.0882	0.5986
660	1303772191414	1	1.5352	1.0882	0.5986
661	1303772191432	1	1.5352	1.0588	0.6152
662	1303772191449	1	1.5352	1.0882	0.5986
663	1303772191466	1	1.5352	1.0882	0.5986
664	1303772191484	1	1.5352	1.0882	0.5986
665	1303772191501	1	1.5352	1.0882	0.5986
666	1303772191560	1	1.5352	1.0588	0.6152
667	1303772191577	1	1.5352	1.0882	0.5986
668	1303772191595	1	1.5352	1.0882	0.5986
669	1303772191612	1	1.5352	1.0882	0.5986
670	1303772191628	1	1.5352	1.0882	0.5986
671	1303772191647	1	1.5352	1.0588	0.6152
672	1303772191663	1	1.5352	1.0882	0.5986
673	1303772191679	1	1.5352	1.0882	0.5986
674	1303772191695	1	1.5352	1.0882	0.5986
675	1303772191713	1	1.5352	1.0882	0.5986
676	1303772191730	1	1.5352	1.0588	0.6152
677	1303772191746	1	1.5352	1.0882	0.5986
678	1303772191805	1	1.5352	1.0882	0.5986
679	1303772191861	1	1.5352	1.0882	0.5986
680	1303772191878	1	1.5352	1.0882	0.5986
681	1303772191896	1	1.5352	1.0588	0.6152
682	1303772191913	1	1.5352	1.0882	0.5986
683	1303772191930	1	1.5352	1.0882	0.5986
684	1303772191947	1	1.5352	1.0882	0.5986
685	1303772191966	1	1.5352	1.0882	0.5986
686	1303772191982	1	1.5352	1.0588	0.6152
687	1303772191999	1	1.5352	1.0882	0.5986
688	1303772192018	1	1.5352	1.0882	0.5986
689	1303772192034	1	1.5352	1.0882	0.5986
690	1303772192051	1	1.5352	1.0588	0.6152
691	1303772192067	1	1.5352	1.0882	0.5986
692	1303772192085	1	1.5352	1.0882	0.5986
693	1303772192142	1	1.5352	1.0882	0.5986
694	1303772192158	1	1.5352	1.0588	0.6152
695	1303772192177	1	1.5352	1.0882	0.5986
696	1303772192195	1	1.5115	1.0882	0.6079
697	1303772192217	1	1.4433	1.0882	0.6367
698	1303772192243	1	1.4433	1.0588	0.6544
699	1303772192261	1	1.4433	1.1176	0.6199
700	1303772192278	1	1.4433	1.1176	0.6199
701	1303772192337	1	1.4433	1.1176	0.6199
702	1303772192393	1	1.4433	1.0882	0.6367
703	1303772192410	1	1.4433	1.1176	0.6199
704	1303772192428	1	1.4433	1.0882	0.6367
705	1303772192487	1	1.4433	1.1316	0.6123
706	1303772192545	1	1.4433	1.1111	0.6236
707	1303772192563	1	1.4433	1.0588	0.6544
708	1303772192579	1	1.4433	1.0588	0.6544
709	1303772192595	1	1.4433	1.1111	0.6236
710	1303772192613	1	1.4433	1.1111	0.6236
711	1303772192629	1	1.4433	1.1053	0.6269
712	1303772192645	1	1.4433	1.0833	0.6396
713	1303772192661	1	1.4433	1.0833	0.6396
714	1303772192680	1	1.4433	1.0833	0.6396
715	1303772192696	1	1.4433	1.1053	0.6269
716	1303772192713	1	1.4433	1.1053	0.6269
717	1303772192732	1	1.4433	1.0833	0.6396
718	1303772192748	1	1.4433	1.0833	0.6396
719	1303772192764	1	1.4433	1.1053	0.6269
720	1303772192780	1	1.4433	1.0833	0.6396
721	1303772192799	1	1.4433	1.1053	0.6269
722	1303772192815	1	1.4433	1.1053	0.6269
723	1303772192832	1	1.4433	1.1053	0.6269
724	1303772192850	1	1.4433	1.1053	0.6269
725	1303772192911	1	1.4433	1.1053	0.6269
726	1303772192928	1	1.4433	1.1053	0.6269
727	1303772192947	1	1.4433	1.1053	0.6269
728	1303772193004	1	1.3501	1.1053	0.6702
729	1303772193020	1	1.3501	1.1053	0.6702
730	1303772193037	1	1.3501	1.1053	0.6702
731	1303772193055	1	1.3501	1.1053	0.6702
732	1303772193071	1	1.3501	1.1053	0.6702
733	1303772193088	1	1.3501	1.1053	0.6702
734	1303772193106	1	1.3501	1.1053	0.6702
735	1303772193122	1	1.3501	1.1053	0.6702
736	1303772193138	1	1.3501	1.1053	0.6702
737	1303772193155	1	1.3501	1.1053	0.6702
738	1303772193173	1	1.3501	1.1053	0.6702
739	1303772193189	1	1.3501	1.1053	0.6702
740	1303772193206	1	1.3501	1.1053	0.6702
741	1303772193224	1	1.3501	1.1053	0.6702
742	1303772193283	1	1.3501	1.1053	0.6702
743	1303772193300	1	1.3501	1.1053	0.6702
744	1303772193319	1	1.3501	1.1053	0.6702
745	1303772193335	1	1.3501	1.1053	0.6702
746	1303772193351	1	1.3501	1.1053	0.6702
747	1303772193368	1	1.3501	1.1053	0.6702
748	1303772193387	1	1.3501	1.1053	0.6702
749	1303772193404	1	1.3501	1.1053	0.6702
750	1303772193421	1	1.3501	1.1053	0.6702
751	1303772193439	1	1.3501	1.1053	0.6702
752	1303772193456	1	1.3501	1.1053	0.6702
753	1303772193473	1	1.3501	1.1053	0.6702
754	1303772193490	1	1.3501	1.1053	0.6702
755	1303772193509	1	1.3501	1.1053	0.6702
756	1303772193525	1	1.3501	1.1053	0.6702
757	1303772193587	1	1.3501	1.1053	0.6702
758	1303772193610	1	1.5158	1.1053	0.5969
759	1303772193629	1	1.5158	1.1053	0.5969
760	1303772193646	1	1.5158	1.1053	0.5969
761	1303772193665	1	1.5158	1.1053	0.5969
762	1303772193681	1	1.5158	1.1053	0.5969
763	1303772193698	1	1.5158	1.1053	0.5969
764	1303772193716	1	1.5158	1.1053	0.5969
765	1303772193774	1	1.5158	1.0789	0.6115
766	1303772193790	1	1.5158	1.0526	0.6267
767	1303772193808	1	1.5158	1.0789	0.6115
768	1303772193825	1	1.5158	1.0789	0.6115
769	1303772193841	1	1.5158	1.0789	0.6115
770	1303772193857	1	1.5158	1.0526	0.6267
771	1303772193875	1	1.5158	1.0789	0.6115
772	1303772193892	1	1.5158	1.0789	0.6115
773	1303772193908	1	1.5158	1.0789	0.6115
774	1303772193926	1	1.5158	1.0789	0.6115
775	1303772193943	1	1.5158	1.1053	0.5969
776	1303772193959	1	1.5158	1.0789	0.6115
777	1303772193976	1	1.5158	1.0789	0.6115
778	1303772193995	1	1.5158	1.0526	0.6267
779	1303772194011	1	1.5158	1.0789	0.6115
780	1303772194070	1	1.8441	1.0789	0.5026
781	1303772194089	1	1.8441	1.0789	0.5026
782	1303772194106	1	1.8441	1.0526	0.5152
783	1303772194122	1	1.8441	1.0526	0.5152
784	1303772194141	1	1.8441	1.0526	0.5152
785	1303772194157	1	1.8441	1.0526	0.5152
786	1303772194174	1	1.8441	1.0263	0.5284
787	1303772194190	1	1.8441	1.0526	0.5152
788	1303772194209	1	1.8441	1.0526	0.5152
789	1303772194225	1	1.8441	1.0526	0.5152
790	1303772194242	1	1.8441	1.0263	0.5284
791	1303772194260	1	1.8441	1.0526	0.5152
792	1303772194277	1	1.8441	1.0526	0.5152
793	1303772194293	1	1.8441	1.0526	0.5152
794	1303772194310	1	1.8441	1.0263	0.5284
795	1303772194368	1	1.8441	1.0526	0.5152
796	1303772194386	1	1.8441	1.0526	0.5152
797	1303772194403	1	1.8441	1.0526	0.5152
798	1303772194421	1	1.8441	1.0263	0.5284
799	1303772194438	1	1.8441	1.0526	0.5152
800	1303772194454	1	1.8441	1.0526	0.5152
801	1303772194472	1	1.8441	1.0526	0.5152
802	1303772194488	1	1.8441	1.0263	0.5284
803	1303772194505	1	1.8441	1.0526	0.5152
804	1303772194522	1	1.8441	1.0526	0.5152
805	1303772194540	1	1.8441	1.0526	0.5152
806	1303772194566	1	1.8441	1.0263	0.5284
807	1303772194582	1	1.8441	1.0526	0.5152
808	1303772194601	1	1.8441	1.0526	0.5152
809	1303772194618	1	1.8441	1.0526	0.5152
810	1303772194634	1	1.8441	1.0263	0.5284
811	1303772194651	1	1.8441	1.0526	0.5152
812	1303772194670	1	1.8441	1.0526	0.5152
813	1303772194686	1	1.8441	1.0526	0.5152
814	1303772194703	1	1.8441	1.0263	0.5284
815	1303772194721	1	1.8441	1.0526	0.5152
816	1303772194737	1	1.8441	1.0526	0.5152
817	1303772194754	1	1.8441	1.0526	0.5152
818	1303772194772	1	1.8441	1.0263	0.5284
819	1303772194846	1	1.8441	1.0526	0.5152
820	1303772194962	1	1.8441	1.0526	0.5152
821	1303772194984	1	1.8386	1.125	0.4835
822	1303772195004	1	1.2612	1.1429	0.6938
823	1303772195020	1	1.2612	1.1429	0.6938
824	1303772195038	1	1.2612	1.1591	0.684
825	1303772195057	1	1.2612	1.119	0.7085
826	1303772195074	1	1.2612	1.1364	0.6977
827	1303772195091	1	1.2612	1.1429	0.6938
828	1303772195108	1	1.2612	1.1364	0.6977
829	1303772195126	1	1.2612	1.1364	0.6977
830	1303772195143	1	1.2612	1.1818	0.6709
831	1303772195160	1	1.2612	1.1818	0.6709
832	1303772195179	1	1.2612	1.1667	0.6796
833	1303772195196	1	1.2612	1.1429	0.6938
834	1303772195212	1	1.2612	1.1429	0.6938
835	1303772195228	1	1.2612	1.1364	0.6977
836	1303772195247	1	1.2612	1.1364	0.6977
837	1303772195263	1	1.2612	1.1591	0.684
838	1303772195280	1	1.2612	1.1429	0.6938
839	1303772195298	1	1.2612	1.1591	0.684
840	1303772195314	1	1.2612	1.1364	0.6977
841	1303772195331	1	1.2612	1.1591	0.684
842	1303772195347	1	1.2612	1.1429	0.6938
843	1303772195365	1	1.2612	1.119	0.7085
844	1303772195382	1	1.2612	1.119	0.7085
845	1303772195398	1	1.2612	1.119	0.7085
846	1303772195417	1	1.2612	1.119	0.7085
847	1303772195434	1	1.2612	1.119	0.7085
848	1303772195491	1	1.2612	1.1136	0.712
849	1303772195554	1	1.2612	1.1136	0.712
850	1303772195572	1	1.2612	1.119	0.7085
851	1303772195589	1	1.2612	1.119	0.7085
852	1303772195606	1	1.2612	1.1136	0.712
853	1303772195624	1	1.2612	1.1364	0.6977
854	1303772195640	1	1.2612	1.119	0.7085
855	1303772195657	1	1.2612	1.119	0.7085
856	1303772195675	1	1.2612	1.0714	0.74
857	1303772195691	1	1.2612	1.0952	0.7239
858	1303772195707	1	1.2612	1.0909	0.7268
859	1303772195723	1	1.2612	1.119	0.7085
860	1303772195742	1	1.2612	1.119	0.7085
861	1303772195758	1	1.2612	1.119	0.7085
862	1303772195775	1	1.2612	1.1136	0.712
863	1303772195793	1	1.2612	1.0952	0.7239
864	1303772195810	1	1.2612	1.0952	0.7239
865	1303772195826	1	1.2612	1.0952	0.7239
866	1303772195842	1	1.2612	1.119	0.7085
867	1303772195860	1	1.2612	1.119	0.7085
868	1303772195876	1	1.2612	1.0909	0.7268
869	1303772195892	1	1.2612	1.0909	0.7268
870	1303772195910	1	1.2612	1.0909	0.7268
871	1303772195927	1	1.2612	1.1136	0.712
872	1303772195983	1	1.2612	1.1136	0.712
873	1303772196002	1	1.2612	1.0909	0.7268
874	1303772196018	1	1.2612	1.0909	0.7268
875	1303772196035	1	1.2612	1.0909	0.7268
876	1303772196052	1	1.2612	1.1136	0.712
877	1303772196070	1	1.2612	1.0909	0.7268
878	1303772196086	1	1.2612	1.0909	0.7268
879	1303772196103	1	1.2612	1.0909	0.7268
880	1303772196168	1	1.2508	1.1136	0.7179
881	1303772196189	1	1.2508	1.0682	0.7484
882	1303772196212	1	1.2355	1.0682	0.7577
883	1303772196233	1	1.2355	1.0909	0.7419
884	1303772196252	1	1.2355	1.0909	0.7419
885	1303772196310	1	1.2219	1.0909	0.7502
886	1303772196329	1	1.2219	1.0909	0.7502
887	1303772196345	1	1.2219	1.0909	0.7502
888	1303772196361	1	1.2219	1.0909	0.7502
889	1303772196380	1	1.2219	1.0909	0.7502
890	1303772196396	1	1.2219	1.0909	0.7502
891	1303772196412	1	1.2219	1.0909	0.7502
892	1303772196428	1	1.2219	1.0909	0.7502
893	1303772196446	1	1.2219	1.0909	0.7502
894	1303772196508	1	1.2219	1.0909	0.7502
895	1303772196565	1	1.2219	1.0909	0.7502
896	1303772196584	1	1.2219	1.0909	0.7502
897	1303772196601	1	1.2219	1.0909	0.7502
898	1303772196617	1	1.2219	1.0909	0.7502
899	1303772196635	1	1.2219	1.0909	0.7502
900	1303772196652	1	1.2219	1.0909	0.7502
901	1303772196669	1	1.2219	1.0909	0.7502
902	1303772196726	1	1.2219	1.0909	0.7502
903	1303772196744	1	1.2219	1.0909	0.7502
904	1303772196760	1	1.2219	1.0909	0.7502
905	1303772196776	1	1.2219	1.0909	0.7502
906	1303772196794	1	1.2219	1.0909	0.7502
907	1303772196811	1	1.2219	1.0909	0.7502
908	1303772196828	1	1.2219	1.0909	0.7502
909	1303772196846	1	1.2219	1.0909	0.7502
910	1303772196863	1	1.2219	1.0909	0.7502
911	1303772196879	1	1.2219	1.1087	0.7382
912	1303772196896	1	1.2219	1.1087	0.7382
913	1303772196914	1	1.2219	1.087	0.7529
914	1303772196931	1	1.2219	1.087	0.7529
915	1303772196992	1	1.2219	1.087	0.7529
916	1303772197011	1	1.2219	1.087	0.7529
917	1303772197027	1	1.2219	1.087	0.7529
918	1303772197043	1	1.2219	1.087	0.7529
919	1303772197060	1	1.2219	1.087	0.7529
920	1303772197077	1	1.2219	1.087	0.7529
921	1303772197094	1	1.2219	1.087	0.7529
922	1303772197110	1	1.2219	1.087	0.7529
923	1303772197127	1	1.2219	1.087	0.7529
924	1303772197144	1	1.2219	1.087	0.7529
925	1303772197160	1	1.2219	1.087	0.7529
926	1303772197176	1	1.2219	1.087	0.7529
927	1303772197194	1	1.2219	1.087	0.7529
928	1303772197210	1	1.2219	1.087	0.7529
929	1303772197269	1	1.2219	1.087	0.7529
930	1303772197287	1	1.2219	1.087	0.7529
931	1303772197304	1	1.2219	1.087	0.7529
932	1303772197320	1	1.2219	1.087	0.7529
933	1303772197338	1	1.2219	1.087	0.7529
934	1303772197354	1	1.2219	1.087	0.7529
935	1303772197371	1	1.2219	1.087	0.7529
936	1303772197409	1	1.2219	1.087	0.7529
937	1303772197427	1	1.2219	1.087	0.7529
938	1303772197443	1	1.2219	1.087	0.7529
939	1303772197505	1	1.2319	1.087	0.7468
940	1303772197525	1	1.232	1.087	0.7468
941	1303772197546	1	1.2322	1.087	0.7466
942	1303772197565	1	1.2322	1.087	0.7466
943	1303772197583	1	1.2322	1.087	0.7466
944	1303772197599	1	1.2322	1.087	0.7466
945	1303772197656	1	1.2322	1.087	0.7466
946	1303772197674	1	1.2322	1.087	0.7466
947	1303772197691	1	1.2322	1.087	0.7466
948	1303772197708	1	1.2322	1.087	0.7466
949	1303772197724	1	1.2322	1.087	0.7466
950	1303772197742	1	1.2322	1.087	0.7466
951	1303772197798	1	1.2322	1.087	0.7466
952	1303772197815	1	1.2322	1.087	0.7466
953	1303772197833	1	1.2322	1.087	0.7466
954	1303772197850	1	1.2322	1.087	0.7466
955	1303772197867	1	1.2322	1.087	0.7466
956	1303772197883	1	1.2322	1.087	0.7466
957	1303772197901	1	1.2322	1.087	0.7466
958	1303772197918	1	1.2322	1.087	0.7466
959	1303772197934	1	1.2322	1.087	0.7466
960	1303772197993	1	1.2322	1.087	0.7466
961	1303772198009	1	1.2322	1.087	0.7466
962	1303772198026	1	1.2322	1.087	0.7466
963	1303772198045	1	1.2322	1.087	0.7466
964	1303772198062	1	1.2322	1.087	0.7466
965	1303772198078	1	1.2322	1.087	0.7466
966	1303772198094	1	1.2322	1.087	0.7466
967	1303772198112	1	1.2322	1.087	0.7466
968	1303772198128	1	1.2322	1.087	0.7466
969	1303772198144	1	1.2322	1.087	0.7466
970	1303772198162	1	1.2322	1.087	0.7466
971	1303772198179	1	1.2322	1.087	0.7466
972	1303772198196	1	1.2322	1.087	0.7466
973	1303772198212	1	1.2322	1.087	0.7466
974	1303772198231	1	1.2322	1.087	0.7466
975	1303772198247	1	1.2322	1.087	0.7466
976	1303772198263	1	1.2322	1.087	0.7466
977	1303772198281	1	1.2322	1.087	0.7466
978	1303772198297	1	1.2322	1.087	0.7466
979	1303772198313	1	1.2322	1.087	0.7466
980	1303772198329	1	1.2322	1.087	0.7466
981	1303772198347	1	1.2322	1.087	0.7466
982	1303772198403	1	1.1612	1.087	0.7923
983	1303772198419	1	1.1612	1.087	0.7923
984	1303772198437	1	1.1612	1.087	0.7923
985	1303772198453	1	1.1612	1.087	0.7923
986	1303772198510	1	1.1612	1.087	0.7923
987	1303772198526	1	1.1612	1.087	0.7923
988	1303772198544	1	1.1612	1.087	0.7923
989	1303772198560	1	1.1612	1.087	0.7923
990	1303772198617	1	1.1612	1.087	0.7923
991	1303772198635	1	1.1612	1.087	0.7923
992	1303772198691	1	1.1612	1.087	0.7923
993	1303772198707	1	1.1612	1.087	0.7923
994	1303772198724	1	1.1612	1.087	0.7923
995	1303772198741	1	1.1612	1.087	0.7923
996	1303772198757	1	1.1612	1.087	0.7923
997	1303772198773	1	1.1612	1.087	0.7923
998	1303772198832	1	1.1612	1.087	0.7923
999	1303772198848	1	1.1612	1.087	0.7923
1000	1303772198864	1	1.1612	1.087	0.7923
1001	1303772198883	1	1.1612	1.087	0.7923
1002	1303772198905	1	1.1612	1.087	0.7923
1003	1303772198923	1	1.1612	1.087	0.7923
1004	1303772198942	1	1.1612	1.087	0.7923
1005	1303772198959	1	1.1612	1.087	0.7923
1006	1303772198977	1	1.1569	1.087	0.7952
1007	1303772198995	1	1.1569	1.087	0.7952
1008	1303772199012	1	1.1569	1.087	0.7952
1009	1303772199029	1	1.1569	1.087	0.7952
1010	1303772199045	1	1.1569	1.087	0.7952
1011	1303772199063	1	1.1569	1.087	0.7952
1012	1303772199122	1	1.0605	1.087	0.8675
1013	1303772199138	1	1.0605	1.087	0.8675
1014	1303772199157	1	1.0605	1.087	0.8675
1015	1303772199173	1	1.0605	1.087	0.8675
1016	1303772199189	1	1.0605	1.087	0.8675
1017	1303772199207	1	1.0605	1.087	0.8675
1018	1303772199223	1	1.0605	1.0652	0.8852
1019	1303772199239	1	1.0605	1.0652	0.8852
1020	1303772199256	1	1.0605	1.0652	0.8852
1021	1303772199274	1	1.0605	1.0652	0.8852
1022	1303772199290	1	1.0605	1.0652	0.8852
1023	1303772199347	1	1.0605	1.0435	0.9037
1024	1303772199365	1	1.0605	1.0435	0.9037
1025	1303772199381	1	1.0605	1.0435	0.9037
1026	1303772199398	1	1.0605	1.0435	0.9037
1027	1303772199415	1	1.0605	1.0435	0.9037
1028	1303772199434	1	1.0605	1.0435	0.9037
1029	1303772199450	1	1.0605	1.0435	0.9037
1030	1303772199567	1	1.0605	1.0435	0.9037
1031	1303772199585	1	1.0605	1.0435	0.9037
1032	1303772199602	1	1.0605	1.0435	0.9037
1033	1303772199618	1	1.0605	1.0435	0.9037
1034	1303772199636	1	1.0605	1.0435	0.9037
1035	1303772199653	1	1.0605	1.0435	0.9037
1036	1303772199670	1	1.0605	1.0435	0.9037
1037	1303772199727	1	1.0605	1.0435	0.9037
1038	1303772199784	1	1.0605	1.0435	0.9037
1039	1303772199800	1	1.0605	1.0435	0.9037
1040	1303772199816	1	1.0605	1.0435	0.9037
1041	1303772199834	1	1.0605	1.0435	0.9037
1042	1303772199850	1	1.0605	1.0435	0.9037
1043	1303772199866	1	1.0605	1.0435	0.9037
1044	1303772199882	1	1.0605	1.0435	0.9037
1045	1303772199900	1	1.0605	1.0435	0.9037
1046	1303772199916	1	1.0605	1.0435	0.9037
1047	1303772199932	1	1.0605	1.0435	0.9037
1048	1303772199950	1	1.0605	1.0435	0.9037
1049	1303772199966	1	1.0605	1.0435	0.9037
1050	1303772199982	1	1.0605	1.0435	0.9037
1051	1303772200002	1	1.0605	1.0435	0.9037
1052	1303772200021	1	1.0605	1.0435	0.9037
1053	1303772200038	1	1.0605	1.0435	0.9037
1054	1303772200054	1	1.0605	1.0435	0.9037
1055	1303772200072	1	1.0605	1.0435	0.9037
1056	1303772200088	1	1.0605	1.0435	0.9037
1057	1303772200105	1	1.0605	1.0435	0.9037
1058	1303772200123	1	1.0605	1.0435	0.9037
1059	1303772200139	1	1.0605	1.0435	0.9037
1060	1303772200155	1	1.0605	1.0435	0.9037
1061	1303772200173	1	1.0605	1.0217	0.9229
1062	1303772200246	1	1.0605	1.0217	0.9229
1063	1303772200308	1	1.0605	1.0217	0.9229
1064	1303772200369	1	1.0586	1.0217	0.9246
1065	1303772200388	1	1.0586	1.0217	0.9246
1066	1303772200445	1	1.0586	1.0217	0.9246
1067	1303772200461	1	1.0586	1.0217	0.9246
1068	1303772200479	1	1.0586	1.0217	0.9246
1069	1303772200495	1	1.0586	1.0217	0.9246
1070	1303772200511	1	1.0586	1.0217	0.9246
1071	1303772200529	1	1.0586	1.0217	0.9246
1072	1303772200546	1	1.0586	1.0217	0.9246
1073	1303772200563	1	1.0586	1.0217	0.9246
1074	1303772200579	1	1.0586	1.0217	0.9246
1075	1303772200597	1	1.0586	1.0217	0.9246
1076	1303772200613	1	1.0586	1.0217	0.9246
1077	1303772200630	1	1.0586	1.0217	0.9246
1078	1303772200689	1	1.0586	1.0217	0.9246
1079	1303772200705	1	1.0586	1.0217	0.9246
1080	1303772200722	1	1.0586	1.0217	0.9246
1081	1303772200740	1	1.0586	1.0217	0.9246
1082	1303772200755	1	1.0586	1.0217	0.9246
1083	1303772200772	1	1.0586	1.0217	0.9246
1084	1303772200789	1	1.0586	1.0217	0.9246
1085	1303772200807	1	1.0586	1.0217	0.9246
1086	1303772200824	1	1.0586	1.0217	0.9246
1087	1303772200840	1	1.0586	1.0217	0.9246
1088	1303772200859	1	1.0586	1.0217	0.9246
1089	1303772200875	1	1.0586	1.0217	0.9246
1090	1303772200892	1	1.0586	1.0217	0.9246
1091	1303772200948	1	1.0586	1.0217	0.9246
1092	1303772200966	1	1.0586	1.0217	0.9246
1093	1303772200982	1	1.0586	1.0217	0.9246
1094	1303772201043	1	1.0586	1.0217	0.9246
1095	1303772201061	1	1.0586	1.0217	0.9246
1096	1303772201122	1	1.0586	1.0217	0.9246
1097	1303772201139	1	1.0586	1.0217	0.9246
1098	1303772201157	1	1.0586	1.0217	0.9246
1099	1303772201173	1	1.0586	1.0217	0.9246
1100	1303772201189	1	1.0586	1.0217	0.9246
1101	1303772201206	1	1.0586	1.0217	0.9246
1102	1303772201224	1	1.0586	1.0217	0.9246
1103	1303772201240	1	1.0586	1.0217	0.9246
1104	1303772201256	1	1.0586	1.0217	0.9246
1105	1303772201274	1	1.0586	1.0217	0.9246
1106	1303772201290	1	1.0586	1.0217	0.9246
1107	1303772201347	1	1.0586	1.0217	0.9246
1108	1303772201363	1	1.0586	1.0217	0.9246
1109	1303772201382	1	1.0586	1.0217	0.9246
1110	1303772201398	1	1.0586	1.0217	0.9246
1111	1303772201414	1	1.0586	1.0217	0.9246
1112	1303772201432	1	1.0586	1.0217	0.9246
1113	1303772201448	1	1.0586	1.0217	0.9246
1114	1303772201464	1	1.0586	1.0217	0.9246
1115	1303772201480	1	1.0586	1.0217	0.9246
1116	1303772201498	1	1.0586	1.0217	0.9246
1117	1303772201514	1	1.0586	1.0217	0.9246
1118	1303772201531	1	1.0586	1.0217	0.9246
1119	1303772201548	1	1.0586	1.0217	0.9246
1120	1303772201564	1	1.0586	1.0217	0.9246
1121	1303772201621	1	1.0586	1.0217	0.9246
1122	1303772201640	1	1.0586	1.0217	0.9246
1123	1303772201657	1	1.0586	1.0217	0.9246
1124	1303772201678	1	1.0586	1.0217	0.9246
1125	1303772201698	1	1.0586	1.0217	0.9246
1126	1303772201716	1	1.0586	1.0217	0.9246
1127	1303772201733	1	1.0586	1.0217	0.9246
1128	1303772201751	1	1.0586	1.0217	0.9246
1129	1303772201768	1	1.0586	1.0217	0.9246
1130	1303772201785	1	1.0586	1.0217	0.9246
1131	1303772201802	1	1.0586	1.0217	0.9246
1132	1303772201821	1	1.0586	1.0217	0.9246
1133	1303772201837	1	1.0586	1.0217	0.9246
1134	1303772201853	1	1.0586	1.0217	0.9246
1135	1303772201871	1	1.0586	1.0217	0.9246
1136	1303772201888	1	1.0586	1.0217	0.9246
1137	1303772201904	1	1.0586	1.0217	0.9246
1138	1303772201920	1	1.0586	1.0217	0.9246
1139	1303772201938	1	1.0586	1.0217	0.9246
1140	1303772201955	1	1.0586	1.0217	0.9246
1141	1303772201971	1	1.0586	1.0217	0.9246
1142	1303772202029	1	1.0586	1.0217	0.9246
1143	1303772202045	1	1.0586	1.0217	0.9246
1144	1303772202062	1	1.0586	1.0217	0.9246
1145	1303772202080	1	1.0586	1.0217	0.9246
1146	1303772202097	1	1.0586	1.0217	0.9246
1147	1303772202113	1	1.0586	1.0217	0.9246
1148	1303772202129	1	1.0586	1.0217	0.9246
1149	1303772202204	1	1.0586	1.0217	0.9246
1150	1303772202221	1	1.0586	1.0217	0.9246
1151	1303772202245	1	1.0586	1.0217	0.9246
1152	1303772202263	1	1.0586	1.0217	0.9246
1153	1303772202280	1	1.0586	1.0217	0.9246
1154	1303772202297	1	1.0586	1.0217	0.9246
1155	1303772202314	1	1.0586	1.0217	0.9246
1156	1303772202332	1	1.0586	1.0217	0.9246
1157	1303772202348	1	1.0586	1.0217	0.9246
1158	1303772202364	1	1.0586	1.0217	0.9246
1159	1303772202382	1	1.0586	1.0217	0.9246
1160	1303772202398	1	1.0586	1.0217	0.9246
1161	1303772202415	1	1.0586	1.0217	0.9246
1162	1303772202433	1	1.0586	1.0217	0.9246
1163	1303772202449	1	1.0586	1.0217	0.9246
1164	1303772202466	1	1.0586	1.0217	0.9246
1165	1303772202482	1	1.0586	1.0217	0.9246
1166	1303772202541	1	1.0586	1.0217	0.9246
1167	1303772202557	1	1.0586	1.0217	0.9246
1168	1303772202574	1	1.0586	1.0217	0.9246
1169	1303772202632	1	1.0586	1.0217	0.9246
1170	1303772202648	1	1.0586	1.0217	0.9246
1171	1303772202664	1	1.0586	1.0217	0.9246
1172	1303772202683	1	1.0586	1.0217	0.9246
1173	1303772202699	1	1.0586	1.0217	0.9246
1174	1303772202715	1	1.0586	1.0217	0.9246
1175	1303772202731	1	1.0586	1.0217	0.9246
1176	1303772202749	1	1.0586	1.0217	0.9246
1177	1303772202766	1	1.0586	1.0217	0.9246
1178	1303772202782	1	1.0586	1.0217	0.9246
1179	1303772202800	1	1.0586	1.0217	0.9246
1180	1303772202817	1	1.0586	1.0217	0.9246
1181	1303772202834	1	1.0586	1.0217	0.9246
1182	1303772202850	1	1.0586	1.0217	0.9246
1183	1303772202869	1	1.0586	1.0217	0.9246
1184	1303772202886	1	1.0586	1.0217	0.9246
1185	1303772202908	1	1.0586	1.0217	0.9246
1186	1303772202928	1	1.0586	1.0217	0.9246
1187	1303772202945	1	1.0586	1.0217	0.9246
1188	1303772202964	1	1.0586	1.0217	0.9246
1189	1303772202981	1	1.0586	1.0217	0.9246
1190	1303772202999	1	1.0586	1.0217	0.9246
1191	1303772203018	1	1.0586	1.0217	0.9246
1192	1303772203034	1	1.0586	1.0217	0.9246
1193	1303772203052	1	1.0586	1.0217	0.9246
1194	1303772203071	1	1.0586	1.0217	0.9246
1195	1303772203088	1	1.0586	1.0217	0.9246
1196	1303772203106	1	1.0586	1.0217	0.9246
1197	1303772203125	1	1.0586	1.0217	0.9246
1198	1303772203143	1	1.0586	1.0217	0.9246
1199	1303772203161	1	1.0586	1.0217	0.9246
1200	1303772203181	1	1.0586	1.0217	0.9246
1201	1303772203199	1	1.0586	1.0217	0.9246
1202	1303772203217	1	1.0586	1.0217	0.9246
1203	1303772203236	1	1.0586	1.0217	0.9246
1204	1303772203255	1	1.0586	1.0217	0.9246
1205	1303772203273	1	1.0586	1.0217	0.9246
1206	1303772203292	1	1.0586	1.0217	0.9246
1207	1303772203309	1	1.0586	1.0217	0.9246
1208	1303772203328	1	1.0586	1.0217	0.9246
1209	1303772203348	1	1.0586	1.0217	0.9246
1210	1303772203365	1	1.0586	1.0217	0.9246
1211	1303772203383	1	1.0586	1.0217	0.9246
1212	1303772203402	1	1.0586	1.0217	0.9246
1213	1303772203419	1	1.0586	1.0217	0.9246
1214	1303772203436	1	1.0586	1.0217	0.9246
1215	1303772203455	1	1.0586	1.0217	0.9246
1216	1303772203472	1	1.0586	1.0217	0.9246
1217	1303772203490	1	1.0586	1.0217	0.9246
1218	1303772203509	1	1.0586	1.0217	0.9246
1219	1303772203526	1	1.0586	1.0217	0.9246
1220	1303772203543	1	1.0586	1.0217	0.9246
1221	1303772203562	1	1.0586	1.0217	0.9246
1222	1303772203579	1	1.0586	1.0217	0.9246
1223	1303772203597	1	1.0586	1.0217	0.9246
1224	1303772203617	1	1.0586	1.0217	0.9246
1225	1303772203635	1	1.0586	1.0217	0.9246
1226	1303772203655	1	1.0586	1.0217	0.9246
1227	1303772203673	1	1.0586	1.0217	0.9246
1228	1303772203691	1	1.0586	1.0217	0.9246
1229	1303772203710	1	1.0586	1.0217	0.9246
1230	1303772203728	1	1.0586	1.0217	0.9246
1231	1303772203788	1	1.0586	1.0217	0.9246
1232	1303772203808	1	1.0586	1.0217	0.9246
1233	1303772203826	1	1.0586	1.0217	0.9246
1234	1303772203843	1	1.0586	1.0217	0.9246
1235	1303772203862	1	1.0586	1.0217	0.9246
1236	1303772203880	1	1.0586	1.0217	0.9246
1237	1303772203898	1	1.0586	1.0217	0.9246
1238	1303772203917	1	1.0586	1.0217	0.9246
1239	1303772203935	1	1.0586	1.0217	0.9246
1240	1303772203952	1	1.0586	1.0217	0.9246
1241	1303772203972	1	1.0586	1.0217	0.9246
1242	1303772203989	1	1.0586	1.0217	0.9246
1243	1303772204006	1	1.0586	1.0217	0.9246
1244	1303772204025	1	1.0586	1.0217	0.9246
1245	1303772204043	1	1.0586	1.0217	0.9246
1246	1303772204070	1	1.0586	1.0217	0.9246
1247	1303772204090	1	1.0586	1.0217	0.9246
1248	1303772204106	1	1.0586	1.0217	0.9246
1249	1303772204165	1	1.0586	1.0217	0.9246
1250	1303772204181	1	1.0586	1.0217	0.9246
1251	1303772204197	1	1.0586	1.0217	0.9246
1252	1303772204213	1	1.0586	1.0217	0.9246
1253	1303772204231	1	1.0586	1.0217	0.9246
1254	1303772204247	1	1.0586	1.0217	0.9246
1255	1303772204263	1	1.0586	1.0217	0.9246
1256	1303772204281	1	1.0586	1.0217	0.9246
1257	1303772204297	1	1.0586	1.0217	0.9246
1258	1303772204313	1	1.0586	1.0217	0.9246
1259	1303772204330	1	1.0586	1.0217	0.9246
1260	1303772204348	1	1.0586	1.0217	0.9246
1261	1303772204407	1	1.0586	1.0217	0.9246
1262	1303772204422	1	1.0586	1.0217	0.9246
1263	1303772204440	1	1.0586	1.0217	0.9246
1264	1303772204456	1	1.0586	1.0217	0.9246
1265	1303772204473	1	1.0586	1.0217	0.9246
1266	1303772204489	1	1.0586	1.0217	0.9246
1267	1303772204507	1	1.0586	1.0217	0.9246
1268	1303772204523	1	1.0586	1.0217	0.9246
1269	1303772204539	1	1.0586	1.0217	0.9246
1270	1303772204557	1	1.0586	1.0217	0.9246
1271	1303772204573	1	1.0586	1.0217	0.9246
1272	1303772204589	1	1.0586	1.0217	0.9246
1273	1303772204608	1	1.0586	1.0217	0.9246
1274	1303772204624	1	1.0586	1.0217	0.9246
1275	1303772204640	1	1.0586	1.0217	0.9246
1276	1303772204657	1	1.0586	1.0217	0.9246
1277	1303772204675	1	1.0586	1.0217	0.9246
1278	1303772204691	1	1.0586	1.0217	0.9246
1279	1303772204707	1	1.0586	1.0217	0.9246
1280	1303772204735	1	1.0586	1.0217	0.9246
1281	1303772204751	1	1.0586	1.0217	0.9246
1282	1303772204808	1	1.0586	1.0208	0.9254
1283	1303772204825	1	1.0586	1.0208	0.9254
1284	1303772204844	1	1.0586	1.0208	0.9254
1285	1303772204860	1	1.0586	1.0208	0.9254
1286	1303772204876	1	1.0586	1.0208	0.9254
1287	1303772204934	1	1.0586	1.0217	0.9246
1288	1303772204951	1	1.0586	1.0417	0.9069
1289	1303772204967	1	1.0586	1.0417	0.9069
1290	1303772204985	1	1.0586	1.0208	0.9254
1291	1303772205046	1	1.0586	1.0208	0.9254
1292	1303772205063	1	1.0586	1.0208	0.9254
1293	1303772205079	1	1.0586	1.0208	0.9254
1294	1303772205097	1	1.0586	1.0208	0.9254
1295	1303772205113	1	1.0586	1.0208	0.9254
1296	1303772205175	1	1.0586	1.0208	0.9254
1297	1303772205193	1	1.0586	1.0208	0.9254
1298	1303772205210	1	1.0586	1.0208	0.9254
1299	1303772205226	1	1.0586	1.0208	0.9254
1300	1303772205285	1	1.0586	1.0208	0.9254
1301	1303772205301	1	1.0586	1.0208	0.9254
1302	1303772205317	1	1.0586	1.0208	0.9254
1303	1303772205333	1	1.0586	1.0208	0.9254
1304	1303772205351	1	1.0586	1.0208	0.9254
1305	1303772205368	1	1.0586	1.0208	0.9254
1306	1303772205385	1	1.0607	1.0208	0.9235
1307	1303772205408	1	1.0607	1.0208	0.9235
1308	1303772205426	1	1.0607	1.0208	0.9235
1309	1303772205443	1	1.0607	1.0208	0.9235
1310	1303772205461	1	1.0607	1.0208	0.9235
1311	1303772205518	1	1.1211	1.0208	0.8737
1312	1303772205534	1	1.1211	1.0208	0.8737
1313	1303772205552	1	1.1211	1.0208	0.8737
1314	1303772205569	1	1.1211	1.0208	0.8737
1315	1303772205585	1	1.1211	1.0208	0.8737
1316	1303772205601	1	1.1211	1.0208	0.8737
1317	1303772205619	1	1.1211	1.0208	0.8737
1318	1303772205635	1	1.1211	1.0208	0.8737
1319	1303772205651	1	1.1211	1.0208	0.8737
1320	1303772205669	1	1.1211	1.0208	0.8737
1321	1303772205685	1	1.1211	1.0208	0.8737
1322	1303772205701	1	1.1211	1.0208	0.8737
1323	1303772205719	1	1.1211	1.0208	0.8737
1324	1303772205736	1	1.1211	1.0208	0.8737
1325	1303772205753	1	1.1211	1.0208	0.8737
1326	1303772205770	1	1.1211	1.0208	0.8737
1327	1303772205789	1	1.1211	1.0208	0.8737
1328	1303772205806	1	1.1211	1.0208	0.8737
1329	1303772205822	1	1.1211	1.0208	0.8737
1330	1303772205840	1	1.1211	1.0208	0.8737
1331	1303772205856	1	1.1211	1.0208	0.8737
1332	1303772205872	1	1.1211	1.0208	0.8737
1333	1303772205889	1	1.1211	1.0208	0.8737
1334	1303772205907	1	1.1211	1.0208	0.8737
1335	1303772205923	1	1.1211	1.0208	0.8737
1336	1303772205939	1	1.1211	1.0208	0.8737
1337	1303772205957	1	1.1211	1.0208	0.8737
1338	1303772205973	1	1.1211	1.0208	0.8737
1339	1303772205989	1	1.1211	1.0208	0.8737
1340	1303772206005	1	1.1211	1.0208	0.8737
1341	1303772206022	1	1.1211	1.0208	0.8737
1342	1303772206038	1	1.1211	1.0208	0.8737
1343	1303772206055	1	1.1211	1.0208	0.8737
1344	1303772206073	1	1.1211	1.0208	0.8737
1345	1303772206090	1	1.1211	1.0208	0.8737
1346	1303772206107	1	1.1211	1.0208	0.8737
1347	1303772206124	1	1.1211	1.0208	0.8737
1348	1303772206182	1	1.1211	1.0208	0.8737
1349	1303772206239	1	1.122	1.0208	0.8731
1350	1303772206255	1	1.122	1.0208	0.8731
1351	1303772206273	1	1.122	1.0208	0.8731
1352	1303772206289	1	1.122	1.0208	0.8731
1353	1303772206305	1	1.122	1.0208	0.8731
1354	1303772206324	1	1.122	1.0208	0.8731
1355	1303772206341	1	1.122	1.0208	0.8731
1356	1303772206357	1	1.122	1.0208	0.8731
1357	1303772206373	1	1.122	1.0208	0.8731
1358	1303772206392	1	1.122	1.0208	0.8731
1359	1303772206409	1	1.122	1.0208	0.8731
1360	1303772206425	1	1.122	1.0208	0.8731
1361	1303772206443	1	1.122	1.0208	0.8731
1362	1303772206459	1	1.122	1.0208	0.8731
1363	1303772206475	1	1.122	1.0208	0.8731
1364	1303772206493	1	1.122	1.0208	0.8731
1365	1303772206509	1	1.122	1.0208	0.8731
1366	1303772206525	1	1.122	1.0208	0.8731
1367	1303772206542	1	1.1227	1.0208	0.8725
1368	1303772206566	1	1.1227	1.0208	0.8725
1369	1303772206585	1	1.1227	1.0208	0.8725
1370	1303772206602	1	1.1227	1.0208	0.8725
1371	1303772206621	1	1.1227	1.0208	0.8725
1372	1303772206637	1	1.1227	1.0208	0.8725
1373	1303772206653	1	1.1227	1.0208	0.8725
1374	1303772206712	1	1.1227	1.0208	0.8725
1375	1303772206728	1	1.1227	1.0208	0.8725
1376	1303772206744	1	1.1227	1.0208	0.8725
1377	1303772206762	1	1.1227	1.0208	0.8725
1378	1303772206778	1	1.1227	1.0208	0.8725
1379	1303772206794	1	1.1227	1.0208	0.8725
1380	1303772206810	1	1.1227	1.0208	0.8725
1381	1303772206828	1	1.1227	1.0208	0.8725
1382	1303772206844	1	1.1227	1.0208	0.8725
1383	1303772206901	1	1.1227	1.0208	0.8725
1384	1303772206919	1	1.1227	1.0208	0.8725
1385	1303772206935	1	1.1227	1.0208	0.8725
1386	1303772206951	1	1.1227	1.0208	0.8725
1387	1303772206969	1	1.1227	1.0208	0.8725
1388	1303772206986	1	1.1227	1.0208	0.8725
1389	1303772207002	1	1.1227	1.0208	0.8725
1390	1303772207018	1	1.1227	1.0208	0.8725
1391	1303772207036	1	1.1227	1.0208	0.8725
1392	1303772207053	1	1.1227	1.0208	0.8725
1393	1303772207070	1	1.1227	1.0208	0.8725
1394	1303772207087	1	1.1227	1.0208	0.8725
1395	1303772207103	1	1.1227	1.0208	0.8725
1396	1303772207120	1	1.1227	1.0208	0.8725
1397	1303772207137	1	1.1227	1.0208	0.8725
1398	1303772207155	1	1.1227	1.0208	0.8725
1399	1303772207172	1	1.1227	1.0208	0.8725
1400	1303772207188	1	1.1227	1.0208	0.8725
1401	1303772207207	1	1.1227	1.0208	0.8725
1402	1303772207222	1	1.1227	1.0208	0.8725
1403	1303772207238	1	1.1227	1.0208	0.8725
1404	1303772207255	1	1.1227	1.0208	0.8725
1405	1303772207274	1	1.1227	1.0208	0.8725
1406	1303772207291	1	1.1227	1.0208	0.8725
1407	1303772207307	1	1.1227	1.0208	0.8725
1408	1303772207370	1	1.1227	1.0208	0.8725
1409	1303772207387	1	1.1227	1.0208	0.8725
1410	1303772207448	1	1.1227	1.0208	0.8725
1411	1303772207467	1	1.1227	1.0208	0.8725
1412	1303772207484	1	1.1227	1.0208	0.8725
1413	1303772207500	1	1.1227	1.0208	0.8725
1414	1303772207517	1	1.1227	1.0208	0.8725
1415	1303772207537	1	1.1227	1.0208	0.8725
1416	1303772207553	1	1.1227	1.0208	0.8725
1417	1303772207570	1	1.1227	1.0208	0.8725
1418	1303772207588	1	1.1227	1.0208	0.8725
1419	1303772207604	1	1.1227	1.0208	0.8725
1420	1303772207620	1	1.1227	1.0208	0.8725
1421	1303772207636	1	1.1227	1.0208	0.8725
1422	1303772207655	1	1.1227	1.0208	0.8725
1423	1303772207712	1	1.1227	1.0208	0.8725
1424	1303772207729	1	1.1227	1.0208	0.8725
1425	1303772207747	1	1.1227	1.0208	0.8725
1426	1303772207763	1	1.1227	1.0208	0.8725
1427	1303772207780	1	1.1227	1.0208	0.8725
1428	1303772207800	1	1.123	1.0208	0.8723
1429	1303772207823	1	1.123	1.0208	0.8723
1430	1303772207882	1	1.4788	1.0208	0.6624
1431	1303772207900	1	1.4788	1.0208	0.6624
1432	1303772207916	1	1.4788	1.0208	0.6624
1433	1303772207973	1	1.4788	1.0208	0.6624
1434	1303772207991	1	1.5403	1.0208	0.636
1435	1303772208007	1	1.5403	1.0208	0.636
1436	1303772208023	1	1.5403	1.0208	0.636
1437	1303772208039	1	1.5403	1.0208	0.636
1438	1303772208056	1	1.5403	1.0208	0.636
1439	1303772208073	1	1.5403	1.0208	0.636
1440	1303772208089	1	1.5403	1.0208	0.636
1441	1303772208106	1	1.5403	1.0208	0.636
1442	1303772208122	1	1.5403	1.0208	0.636
1443	1303772208138	1	1.5403	1.0208	0.636
1444	1303772208155	1	1.5403	1.0208	0.636
1445	1303772208173	1	1.5403	1.0208	0.636
1446	1303772208189	1	1.5403	1.0208	0.636
1447	1303772208205	1	1.5403	1.0208	0.636
1448	1303772208223	1	1.5403	1.0208	0.636
1449	1303772208240	1	1.5403	1.0208	0.636
1450	1303772208256	1	1.5403	1.0208	0.636
1451	1303772208272	1	1.5403	1.0208	0.636
1452	1303772208290	1	1.5403	1.0208	0.636
1453	1303772208307	1	1.5403	1.0208	0.636
1454	1303772208363	1	1.5403	1.0208	0.636
1455	1303772208425	1	1.5403	1.0208	0.636
1456	1303772208441	1	1.5403	1.0208	0.636
1457	1303772208458	1	1.5403	1.0208	0.636
1458	1303772208475	1	1.5403	1.0208	0.636
1459	1303772208492	1	1.5403	1.0208	0.636
1460	1303772208509	1	1.5403	1.0208	0.636
1461	1303772208524	1	1.5403	1.0208	0.636
1462	1303772208542	1	1.5403	1.0208	0.636
1463	1303772208558	1	1.5403	1.0208	0.636
1464	1303772208615	1	1.5224	1.0208	0.6435
1465	1303772208633	1	1.5224	1.0208	0.6435
1466	1303772208650	1	1.5224	1.0208	0.6435
1467	1303772208667	1	1.5224	1.0208	0.6435
1468	1303772208685	1	1.5224	1.0208	0.6435
1469	1303772208702	1	1.5224	1.0208	0.6435
1470	1303772208719	1	1.5224	1.0208	0.6435
1471	1303772208735	1	1.5224	1.0208	0.6435
1472	1303772208753	1	1.5224	1.0208	0.6435
1473	1303772208769	1	1.5224	1.0208	0.6435
1474	1303772208785	1	1.5224	1.0208	0.6435
1475	1303772208845	1	1.5224	1.0208	0.6435
1476	1303772208862	1	1.5224	1.0208	0.6435
1477	1303772208878	1	1.5224	1.0208	0.6435
1478	1303772208895	1	1.5224	1.0208	0.6435
1479	1303772208913	1	1.5224	1.0208	0.6435
1480	1303772208930	1	1.5224	1.0208	0.6435
1481	1303772208947	1	1.5224	1.0208	0.6435
1482	1303772208965	1	1.5224	1.0208	0.6435
1483	1303772208982	1	1.5224	1.0208	0.6435
1484	1303772208998	1	1.5224	1.0208	0.6435
1485	1303772209014	1	1.5224	1.0208	0.6435
1486	1303772209032	1	1.5224	1.0208	0.6435
1487	1303772209048	1	1.5224	1.0208	0.6435
1488	1303772209065	1	1.5224	1.0208	0.6435
1489	1303772209085	1	1.5217	1.0208	0.6437
1490	1303772209107	1	1.5166	1.0208	0.6459
1491	1303772209126	1	1.5166	1.0208	0.6459
1492	1303772209145	1	1.5166	1.0208	0.6459
1493	1303772209162	1	1.5166	1.0208	0.6459
1494	1303772209179	1	1.5166	1.0208	0.6459
1495	1303772209197	1	1.5166	1.0208	0.6459
1496	1303772209213	1	1.5166	1.0208	0.6459
1497	1303772209229	1	1.5166	1.0208	0.6459
1498	1303772209246	1	1.5166	1.0208	0.6459
1499	1303772209264	1	1.5166	1.0208	0.6459
1500	1303772209281	1	1.5166	1.0208	0.6459
1501	1303772209297	1	1.5166	1.0208	0.6459
1502	1303772209315	1	1.5166	1.0208	0.6459
1503	1303772209332	1	1.5166	1.0208	0.6459
1504	1303772209348	1	1.5166	1.0208	0.6459
1505	1303772209364	1	1.5166	1.0208	0.6459
1506	1303772209382	1	1.5166	1.0208	0.6459
1507	1303772209398	1	1.5166	1.0208	0.6459
1508	1303772209415	1	1.5166	1.0208	0.6459
1509	1303772209433	1	1.5166	1.0208	0.6459
1510	1303772209449	1	1.5166	1.0208	0.6459
1511	1303772209465	1	1.5166	1.0208	0.6459
1512	1303772209481	1	1.5166	1.0208	0.6459
1513	1303772209499	1	1.5166	1.0208	0.6459
1514	1303772209515	1	1.5166	1.0208	0.6459
1515	1303772209532	1	1.5166	1.0208	0.6459
1516	1303772209550	1	1.5166	1.0208	0.6459
1517	1303772209566	1	1.5166	1.0208	0.6459
1518	1303772209582	1	1.5166	1.0208	0.6459
1519	1303772209599	1	1.5166	1.0208	0.6459
1520	1303772209617	1	1.5166	1.0208	0.6459
1521	1303772209634	1	1.5166	1.0208	0.6459
1522	1303772209651	1	1.5166	1.0208	0.6459
1523	1303772209669	1	1.5166	1.0208	0.6459
1524	1303772209685	1	1.5166	1.0208	0.6459
1525	1303772209701	1	1.5166	1.0208	0.6459
1526	1303772209761	1	1.5166	1.0208	0.6459
1527	1303772209778	1	1.5166	1.0208	0.6459
1528	1303772209794	1	1.5166	1.0208	0.6459
1529	1303772209810	1	1.5166	1.0208	0.6459
1530	1303772209828	1	1.5166	1.0208	0.6459
1531	1303772209844	1	1.5166	1.0208	0.6459
1532	1303772209861	1	1.5166	1.0208	0.6459
1533	1303772209879	1	1.5166	1.0208	0.6459
1534	1303772209896	1	1.5166	1.0208	0.6459
1535	1303772209956	1	1.5166	1.0208	0.6459
1536	1303772209973	1	1.5166	1.0208	0.6459
1537	1303772209992	1	1.5166	1.0208	0.6459
1538	1303772210009	1	1.5166	1.0208	0.6459
1539	1303772210026	1	1.5166	1.0208	0.6459
1540	1303772210044	1	1.5166	1.0208	0.6459
1541	1303772210102	1	1.5166	1.0208	0.6459
1542	1303772210119	1	1.5166	1.0208	0.6459
1543	1303772210138	1	1.5166	1.0208	0.6459
1544	1303772210154	1	1.5166	1.0208	0.6459
1545	1303772210170	1	1.5166	1.0208	0.6459
1546	1303772210186	1	1.5166	1.0208	0.6459
1547	1303772210204	1	1.5166	1.0208	0.6459
1548	1303772210220	1	1.5166	1.0208	0.6459
1549	1303772210236	1	1.5166	1.0208	0.6459
1550	1303772210256	1	1.5166	1.0208	0.6459
1551	1303772210280	1	1.5306	1.0208	0.64
1552	1303772210339	1	1.5306	1.0208	0.64
1553	1303772210358	1	1.5311	1.0208	0.6398
1554	1303772210376	1	1.5311	1.0208	0.6398
1555	1303772210393	1	1.5311	1.0208	0.6398
1556	1303772210412	1	1.5311	1.0208	0.6398
1557	1303772210469	1	1.5311	1.0208	0.6398
1558	1303772210486	1	1.5311	1.0208	0.6398
1559	1303772210504	1	1.5311	1.0208	0.6398
1560	1303772210521	1	1.5311	1.0208	0.6398
1561	1303772210537	1	1.5311	1.0208	0.6398
1562	1303772210556	1	1.5311	1.0208	0.6398
1563	1303772210572	1	1.5311	1.0208	0.6398
1564	1303772210589	1	1.5311	1.0208	0.6398
1565	1303772210646	1	1.5311	1.0208	0.6398
1566	1303772210665	1	1.5311	1.0208	0.6398
1567	1303772210682	1	1.5311	1.0208	0.6398
1568	1303772210698	1	1.5311	1.0208	0.6398
1569	1303772210716	1	1.5311	1.0208	0.6398
1570	1303772210733	1	1.5311	1.0208	0.6398
1571	1303772210749	1	1.5311	1.0208	0.6398
1572	1303772210767	1	1.5311	1.0208	0.6398
1573	1303772210784	1	1.5311	1.0208	0.6398
1574	1303772210801	1	1.5311	1.0208	0.6398
1575	1303772210817	1	1.5311	1.0208	0.6398
1576	1303772210835	1	1.5311	1.0208	0.6398
1577	1303772210851	1	1.5311	1.0208	0.6398
1578	1303772210868	1	1.5311	1.0208	0.6398
1579	1303772210887	1	1.5311	1.0208	0.6398
1580	1303772210903	1	1.5311	1.0208	0.6398
1581	1303772210919	1	1.5311	1.0208	0.6398
1582	1303772210936	1	1.5311	1.0208	0.6398
1583	1303772210954	1	1.5311	1.0208	0.6398
1584	1303772210971	1	1.5311	1.0208	0.6398
1585	1303772210987	1	1.5311	1.0208	0.6398
1586	1303772211005	1	1.5311	1.0208	0.6398
1587	1303772211022	1	1.5311	1.0208	0.6398
1588	1303772211038	1	1.5311	1.0208	0.6398
1589	1303772211056	1	1.5311	1.0208	0.6398
1590	1303772211113	1	1.5311	1.0208	0.6398
1591	1303772211130	1	1.5311	1.0208	0.6398
1592	1303772211146	1	1.5311	1.0208	0.6398
1593	1303772211165	1	1.5311	1.0208	0.6398
1594	1303772211182	1	1.5311	1.0208	0.6398
1595	1303772211199	1	1.5311	1.0208	0.6398
1596	1303772211217	1	1.5311	1.0208	0.6398
1597	1303772211234	1	1.5311	1.0208	0.6398
1598	1303772211295	1	1.5311	1.0208	0.6398
1599	1303772211315	1	1.5311	1.0208	0.6398
1600	1303772211331	1	1.5311	1.0208	0.6398
1601	1303772211348	1	1.5311	1.0208	0.6398
1602	1303772211366	1	1.5311	1.0208	0.6398
1603	1303772211384	1	1.5311	1.0208	0.6398
1604	1303772211400	1	1.5311	1.0208	0.6398
1605	1303772211417	1	1.5311	1.0208	0.6398
1606	1303772211435	1	1.5311	1.0208	0.6398
1607	1303772211451	1	1.5311	1.0208	0.6398
1608	1303772211469	1	1.5311	1.0208	0.6398
1609	1303772211488	1	1.5311	1.0208	0.6398
1610	1303772211504	1	1.5311	1.0208	0.6398
1611	1303772211562	1	1.5311	1.0208	0.6398
1612	1303772211586	1	1.5311	1.0208	0.6398
1613	1303772211605	1	1.5311	1.0208	0.6398
1614	1303772211623	1	1.5286	1.0208	0.6408
1615	1303772211642	1	1.5286	1.0208	0.6408
1616	1303772211660	1	1.5286	1.0208	0.6408
1617	1303772211677	1	1.5286	1.0208	0.6408
1618	1303772211697	1	1.5286	1.0208	0.6408
1619	1303772211715	1	1.5286	1.0208	0.6408
1620	1303772211774	1	1.5286	1.0208	0.6408
1621	1303772211793	1	1.5286	1.0208	0.6408
1622	1303772211810	1	1.5286	1.0208	0.6408
1623	1303772211830	1	1.5286	1.0208	0.6408
1624	1303772211848	1	1.5286	1.0208	0.6408
1625	1303772211865	1	1.5286	1.0208	0.6408
1626	1303772211884	1	1.5286	1.0208	0.6408
1627	1303772211902	1	1.5286	1.0208	0.6408
1628	1303772211920	1	1.5286	1.0208	0.6408
1629	1303772211938	1	1.5286	1.0208	0.6408
1630	1303772211956	1	1.5286	1.0208	0.6408
1631	1303772211973	1	1.5286	1.0208	0.6408
1632	1303772211993	1	1.5286	1.0208	0.6408
1633	1303772212011	1	1.5286	1.0208	0.6408
1634	1303772212028	1	1.5286	1.0208	0.6408
1635	1303772212047	1	1.5286	1.0208	0.6408
1636	1303772212065	1	1.5286	1.0208	0.6408
1637	1303772212082	1	1.5286	1.0208	0.6408
1638	1303772212101	1	1.5286	1.0208	0.6408
1639	1303772212119	1	1.5286	1.0208	0.6408
1640	1303772212137	1	1.5286	1.0208	0.6408
1641	1303772212156	1	1.5286	1.0208	0.6408
1642	1303772212174	1	1.5286	1.0208	0.6408
1643	1303772212191	1	1.5286	1.0208	0.6408
1644	1303772212211	1	1.5286	1.0208	0.6408
1645	1303772212228	1	1.5286	1.0208	0.6408
1646	1303772212288	1	1.5286	1.0208	0.6408
1647	1303772212307	1	1.5286	1.0208	0.6408
1648	1303772212324	1	1.5286	1.0208	0.6408
1649	1303772212344	1	1.5286	1.0208	0.6408
1650	1303772212362	1	1.5286	1.0208	0.6408
1651	1303772212380	1	1.5286	1.0208	0.6408
1652	1303772212399	1	1.5286	1.0208	0.6408
1653	1303772212416	1	1.5286	1.0208	0.6408
1654	1303772212434	1	1.5286	1.0208	0.6408
1655	1303772212453	1	1.5286	1.0208	0.6408
1656	1303772212470	1	1.5286	1.0208	0.6408
1657	1303772212488	1	1.5286	1.0208	0.6408
1658	1303772212508	1	1.5286	1.0208	0.6408
1659	1303772212526	1	1.5286	1.0208	0.6408
1660	1303772212545	1	1.5286	1.0208	0.6408
1661	1303772212565	1	1.5286	1.0208	0.6408
1662	1303772212583	1	1.5286	1.0208	0.6408
1663	1303772212601	1	1.5286	1.0208	0.6408
1664	1303772212620	1	1.5286	1.0208	0.6408
1665	1303772212638	1	1.5286	1.0208	0.6408
1666	1303772212658	1	1.5286	1.0208	0.6408
1667	1303772212676	1	1.5286	1.0208	0.6408
1668	1303772212693	1	1.5286	1.0208	0.6408
1669	1303772212713	1	1.5286	1.0208	0.6408
1670	1303772212731	1	1.5286	1.0208	0.6408
1671	1303772212749	1	1.5286	1.0208	0.6408
1672	1303772212770	1	1.5286	1.0208	0.6408
1673	1303772212791	1	1.5286	1.0208	0.6408
1674	1303772212813	1	1.5286	1.0208	0.6408
1675	1303772212834	1	1.5286	1.0208	0.6408
1676	1303772212853	1	1.5262	1.0208	0.6418
1677	1303772212872	1	1.5262	1.0208	0.6418
1678	1303772212893	1	1.5262	1.0208	0.6418
1679	1303772212911	1	1.5262	1.0208	0.6418
1680	1303772212929	1	1.5262	1.0208	0.6418
1681	1303772212948	1	1.5262	1.0208	0.6418
1682	1303772212967	1	1.5262	1.0208	0.6418
1683	1303772212987	1	1.5262	1.0208	0.6418
1684	1303772213004	1	1.5262	1.0208	0.6418
1685	1303772213022	1	1.5262	1.0208	0.6418
1686	1303772213042	1	1.5262	1.0208	0.6418
1687	1303772213060	1	1.5262	1.0208	0.6418
1688	1303772213079	1	1.5262	1.0208	0.6418
1689	1303772213098	1	1.5262	1.0208	0.6418
1690	1303772213156	1	1.5355	1.0208	0.638
1691	1303772213175	1	1.5355	1.0208	0.638
1692	1303772213195	1	1.5355	1.0208	0.638
1693	1303772213212	1	1.5355	1.0208	0.638
1694	1303772213230	1	1.5355	1.0208	0.638
1695	1303772213249	1	1.5355	1.0208	0.638
1696	1303772213267	1	1.5355	1.0208	0.638
1697	1303772213285	1	1.5355	1.0208	0.638
1698	1303772213346	1	1.5355	1.0208	0.638
1699	1303772213364	1	1.5355	1.0208	0.638
1700	1303772213383	1	1.5355	1.0208	0.638
1701	1303772213401	1	1.5355	1.0208	0.638
1702	1303772213419	1	1.5355	1.0208	0.638
1703	1303772213438	1	1.5355	1.0208	0.638
1704	1303772213456	1	1.5355	1.0208	0.638
1705	1303772213474	1	1.5355	1.0208	0.638
1706	1303772213494	1	1.5355	1.0208	0.638
1707	1303772213511	1	1.5355	1.0208	0.638
1708	1303772213529	1	1.5355	1.0208	0.638
1709	1303772213549	1	1.5355	1.0208	0.638
1710	1303772213567	1	1.5355	1.0208	0.638
1711	1303772213584	1	1.5355	1.0208	0.638
1712	1303772213604	1	1.5355	1.0208	0.638
1713	1303772213621	1	1.5355	1.0208	0.638
1714	1303772213640	1	1.5355	1.0208	0.638
1715	1303772213659	1	1.5355	1.0208	0.638
1716	1303772213677	1	1.5355	1.0208	0.638
1717	1303772213696	1	1.5355	1.0208	0.638
1718	1303772213716	1	1.5355	1.0208	0.638
1719	1303772213774	1	1.5355	1.0208	0.638
1720	1303772213792	1	1.5355	1.0208	0.638
1721	1303772213812	1	1.5355	1.0208	0.638
1722	1303772213831	1	1.5355	1.0208	0.638
1723	1303772213851	1	1.5355	1.0208	0.638
1724	1303772213869	1	1.5355	1.0208	0.638
1725	1303772213889	1	1.5355	1.0208	0.638
1726	1303772213909	1	1.5355	1.0208	0.638
1727	1303772213927	1	1.5355	1.0208	0.638
1728	1303772213944	1	1.5355	1.0208	0.638
1729	1303772214004	1	1.5355	1.0208	0.638
1730	1303772214023	1	1.5355	1.0208	0.638
1731	1303772214041	1	1.5355	1.0208	0.638
1732	1303772214061	1	1.5355	1.0208	0.638
1733	1303772214079	1	1.5503	1.0208	0.6319
1734	1303772214099	1	1.539	1.0208	0.6365
1735	1303772214118	1	1.539	1.0208	0.6365
1736	1303772214136	1	1.539	1.0208	0.6365
1737	1303772214153	1	1.539	1.0208	0.6365
1738	1303772214172	1	1.539	1.0208	0.6365
1739	1303772214188	1	1.539	1.0208	0.6365
1740	1303772214205	1	1.539	1.0208	0.6365
1741	1303772214223	1	1.539	1.0208	0.6365
1742	1303772214239	1	1.539	1.0208	0.6365
1743	1303772214256	1	1.539	1.0208	0.6365
1744	1303772214271	1	1.539	1.0208	0.6365
1745	1303772214290	1	1.539	1.0208	0.6365
1746	1303772214305	1	1.539	1.0208	0.6365
1747	1303772214322	1	1.539	1.0208	0.6365
1748	1303772214340	1	1.539	1.0208	0.6365
1749	1303772214357	1	1.539	1.0208	0.6365
1750	1303772214373	1	1.539	1.0208	0.6365
1751	1303772214390	1	1.539	1.0208	0.6365
1752	1303772214409	1	1.539	1.0208	0.6365
1753	1303772214425	1	1.539	1.0208	0.6365
1754	1303772214441	1	1.539	1.0208	0.6365
1755	1303772214460	1	1.539	1.0208	0.6365
1756	1303772214477	1	1.539	1.0208	0.6365
1757	1303772214494	1	1.539	1.0208	0.6365
1758	1303772214512	1	1.539	1.0208	0.6365
1759	1303772214528	1	1.539	1.0208	0.6365
1760	1303772214545	1	1.539	1.0208	0.6365
1761	1303772214561	1	1.539	1.0208	0.6365
1762	1303772214620	1	1.539	1.0208	0.6365
1763	1303772214636	1	1.539	1.0208	0.6365
1764	1303772214653	1	1.539	1.0208	0.6365
1765	1303772214671	1	1.539	1.0208	0.6365
1766	1303772214687	1	1.539	1.0208	0.6365
1767	1303772214703	1	1.539	1.0208	0.6365
1768	1303772214719	1	1.539	1.0208	0.6365
1769	1303772214738	1	1.539	1.0208	0.6365
1770	1303772214754	1	1.539	1.0208	0.6365
1771	1303772214771	1	1.539	1.0208	0.6365
1772	1303772214789	1	1.539	1.0208	0.6365
1773	1303772214806	1	1.539	1.0208	0.6365
1774	1303772214822	1	1.539	1.0208	0.6365
1775	1303772214841	1	1.539	1.0208	0.6365
1776	1303772214897	1	1.539	1.0208	0.6365
1777	1303772214914	1	1.539	1.0208	0.6365
1778	1303772214931	1	1.539	1.0208	0.6365
1779	1303772214949	1	1.539	1.0208	0.6365
1780	1303772214965	1	1.539	1.0208	0.6365
1781	1303772214987	1	1.539	1.0208	0.6365
1782	1303772215005	1	1.539	1.0208	0.6365
1783	1303772215022	1	1.539	1.0208	0.6365
1784	1303772215038	1	1.539	1.0208	0.6365
1785	1303772215055	1	1.539	1.0208	0.6365
1786	1303772215073	1	1.539	1.0208	0.6365
1787	1303772215090	1	1.539	1.0208	0.6365
1788	1303772215106	1	1.539	1.0208	0.6365
1789	1303772215125	1	1.539	1.0208	0.6365
1790	1303772215141	1	1.539	1.0208	0.6365
1791	1303772215198	1	1.539	1.0208	0.6365
1792	1303772215216	1	1.539	1.0208	0.6365
1793	1303772215233	1	1.539	1.0208	0.6365
1794	1303772215250	1	1.539	1.0208	0.6365
1795	1303772215274	1	1.539	1.0208	0.6365
1796	1303772215333	1	1.539	1.0208	0.6365
1797	1303772215350	1	1.539	1.0208	0.6365
1798	1303772215369	1	1.539	1.0208	0.6365
1799	1303772215386	1	1.539	1.0208	0.6365
1800	1303772215402	1	1.539	1.0208	0.6365
