0	1303771859772	0	0	0	0
1	1303771859780	0	0	0	0
2	1303771859789	0	0	0	0
3	1303771859798	0	0	0	0
4	1303771859807	0	0	0	0
5	1303771859816	0	0	0	0
6	1303771859825	0	0	0	0
7	1303771859879	0	0	0	0
8	1303771859890	0	0	0	0
9	1303771859910	0.5	0	0	0
10	1303771859939	0.5	0	0	0
11	1303771859964	0.5	0.9998	0	0
12	1303771860028	0.5	0.9998	0	0
13	1303771860047	0.5	0.9998	0	0
14	1303771860070	0.5	0.9998	0	0
15	1303771860091	0.5	0.9998	0	0
16	1303771860109	0.5	0.9998	0	0
17	1303771860170	0.5	0.9998	0	0
18	1303771860190	0.5	0.9998	0	0
19	1303771860210	0.5	0.9998	0	0
20	1303771860231	0.5	0.9998	0	0
21	1303771860249	0.5	0.9998	1.5	0.3334
22	1303771860270	0.5	0.9998	1.5	0.3334
23	1303771860289	0.5	0.9998	1.5	0.3334
24	1303771860310	0.5	0.9998	1.5	0.3334
25	1303771860329	0.5	0.9998	1.5	0.3334
26	1303771860388	0.5	0.9998	1.5	0.3334
27	1303771860408	0.5	0.9998	1.5	0.3334
28	1303771860427	0.5	0.9998	1.5	0.3334
29	1303771860447	0.5	0.9998	1.5	0.3334
30	1303771860465	0.5	0.9998	1.5	0.3334
31	1303771860485	0.5	0.9998	1.5	0.3334
32	1303771860502	0.5	0.9998	1.5	0.3334
33	1303771860521	0.5	0.9998	1.5	0.3334
34	1303771860538	0.5	0.9998	1.5	0.3334
35	1303771860559	0.5	0.9998	1.5	0.3334
36	1303771860577	0.5	0.9998	1.5	0.3334
37	1303771860596	0.5	0.9998	1.5	0.3334
38	1303771860613	0.5	0.9998	1.5	0.3334
39	1303771860632	0.5	0.9998	1.5	0.3334
40	1303771860649	0.5	0.9998	1.5	0.3334
41	1303771860710	0.5	0.9998	1.5	0.3334
42	1303771860727	0.5	0.9998	1.5	0.3334
43	1303771860746	0.5	0.9998	1.5	0.3334
44	1303771860763	0.5	0.9998	1.5	0.3334
45	1303771860782	0.5	0.9998	1.5	0.3334
46	1303771860799	0.5	0.9998	1.5	0.3334
47	1303771860817	0.5	0.9998	1.5	0.3334
48	1303771860834	0.5	0.9998	1.5	0.3334
49	1303771860852	0.5	0.9998	1.5	0.3334
50	1303771860911	0.5	0.9998	1.5	0.3334
51	1303771860927	0.5	0.9998	1.5	0.3334
52	1303771860945	0.5	0.9998	1.5	0.3334
53	1303771860961	0.5	0.9998	1.5	0.3334
54	1303771860978	0.5	0.9998	1.5	0.3334
55	1303771860997	0.5	0.9998	1.5	0.3334
56	1303771861014	0.5	0.9998	1.5	0.3334
57	1303771861033	0.5	0.9998	1.5	0.3334
58	1303771861051	0.5	0.9998	1.5	0.3334
59	1303771861070	0.5	0.9998	1.5	0.3334
60	1303771861127	0.5	0.9998	1.5	0.3334
61	1303771861144	0.5	0.9998	1.5	0.3334
62	1303771861163	0.5	0.9998	1.5	0.3334
63	1303771861180	0.5	0.9998	1.5	0.3334
64	1303771861239	0.5	0.9998	1.25	0.4001
65	1303771861255	0.5	0.9998	1.25	0.4001
66	1303771861272	0.5	0.9998	1	0.5001
67	1303771861290	0.5	0.9998	1	0.5001
68	1303771861306	0.5	0.9998	1	0.5001
69	1303771861322	0.5	0.9998	1	0.5001
70	1303771861385	0.5	0.9998	1	0.5001
71	1303771861403	0.5	0.9998	1	0.5001
72	1303771861421	0.5	0.9998	1	0.5001
73	1303771861478	0.5	0.9998	1	0.5001
74	1303771861495	0.5	0.9998	1	0.5001
75	1303771861553	0.5	0.9998	1	0.5001
76	1303771861570	0.5	0.9998	1	0.5001
77	1303771861626	0.5	0.9998	1	0.5001
78	1303771861644	0.5	0.9998	1	0.5001
79	1303771861661	0.5	0.9998	1	0.5001
80	1303771861677	0.5	0.9998	1	0.5001
81	1303771861694	0.5	0.9998	1	0.5001
82	1303771861710	0.5	0.9998	1	0.5001
83	1303771861726	0.5	0.9998	1	0.5001
84	1303771861743	0.5	0.9998	1	0.5001
85	1303771861802	0.5	0.9998	1	0.5001
86	1303771861818	0.5	0.9998	1	0.5001
87	1303771861836	0.5	0.9998	1.1667	0.4286
88	1303771861896	0.5	0.9998	1.3333	0.3751
89	1303771861913	0.5	0.9998	1.3333	0.3751
90	1303771861930	0.5	0.9998	1.1667	0.4286
91	1303771861987	0.5	0.9998	1.3333	0.3751
92	1303771862002	0.5	0.9998	1.3333	0.3751
93	1303771862060	0.5	0.9998	1.3333	0.3751
94	1303771862076	0.5	0.9998	1.3333	0.3751
95	1303771862092	0.5	0.9998	1.3333	0.3751
96	1303771862109	0.5	0.9998	1.3333	0.3751
97	1303771862125	0.5	0.9998	1.3333	0.3751
98	1303771862141	0.5	0.9998	1.3333	0.3751
99	1303771862157	0.5	0.9998	1.3333	0.3751
100	1303771862175	0.5	0.9998	1.3333	0.3751
101	1303771862190	0.5	0.9998	1.3333	0.3751
102	1303771862206	0.5	0.9998	1.3333	0.3751
103	1303771862223	0.5	0.9998	1.3333	0.3751
104	1303771862240	0.5	0.9998	1.3333	0.3751
105	1303771862256	0.5	0.9998	1.3333	0.3751
106	1303771862274	0.5	0.9998	1.3333	0.3751
107	1303771862290	0.5	0.9998	1.3333	0.3751
108	1303771862305	0.5	0.9998	1.3333	0.3751
109	1303771862321	0.5	0.9998	1.3333	0.3751
110	1303771862340	0.5	0.9998	1.3333	0.3751
111	1303771862357	0.5	0.9998	1.3333	0.3751
112	1303771862374	0.5	0.9998	1.3333	0.3751
113	1303771862392	0.5	0.9998	1.3333	0.3751
114	1303771862408	0.5	0.9998	1.3333	0.3751
115	1303771862425	0.5	0.9998	1.3333	0.3751
116	1303771862442	0.5	0.9998	1.3333	0.3751
117	1303771862461	0.5	0.9998	1.3333	0.3751
118	1303771862477	0.5	0.9998	1.3333	0.3751
119	1303771862493	0.5	0.9998	1.3333	0.3751
120	1303771862511	0.5	0.9998	1.3333	0.3751
121	1303771862527	0.5	0.9998	1.3333	0.3751
122	1303771862543	0.5	0.9998	1.3333	0.3751
123	1303771862558	0.5	0.9998	1.3333	0.3751
124	1303771862576	0.5	0.9998	1.3333	0.3751
125	1303771862592	0.5	0.9998	1.3333	0.3751
126	1303771862607	0.5	0.9998	1.3333	0.3751
127	1303771862667	0.5	0.9998	1.3333	0.3751
128	1303771862683	0.5	0.9998	1.3333	0.3751
129	1303771862699	0.5	0.9998	1.3333	0.3751
130	1303771862715	0.5	0.9998	1.3333	0.3751
131	1303771862732	0.5	0.9998	1.3333	0.3751
132	1303771862749	0.5	0.9998	1.3333	0.3751
133	1303771862766	0.5	0.9998	1.3333	0.3751
134	1303771862828	0.5	0.9998	1.3333	0.3751
135	1303771862843	0.5	0.9998	1.3333	0.3751
136	1303771862859	0.5	0.9998	1.3333	0.3751
137	1303771862875	0.5	0.9998	1.3333	0.3751
138	1303771862893	0.5	0.9998	1.3333	0.3751
139	1303771862908	0.5	0.9998	1.3333	0.3751
140	1303771862925	0.5	0.9998	1.3333	0.3751
141	1303771862943	0.5	0.9998	1.3333	0.3751
142	1303771862958	0.5	0.9998	1.3333	0.3751
143	1303771862974	0.5	0.9998	1.3333	0.3751
144	1303771862989	0.5	0.9998	1.3333	0.3751
145	1303771863006	0.5	0.9998	1.3333	0.3751
146	1303771863021	0.5	0.9998	1.3333	0.3751
147	1303771863036	0.5	0.9998	1.3333	0.3751
148	1303771863052	0.5	0.9998	1.3333	0.3751
149	1303771863068	0.5	0.9998	1.3333	0.3751
150	1303771863084	0.5	0.9998	1.3333	0.3751
151	1303771863099	0.5	0.9998	1.3333	0.3751
152	1303771863114	0.5	0.9998	1.3333	0.3751
153	1303771863131	0.5	0.9998	1.3333	0.3751
154	1303771863146	0.5	0.9998	1.3333	0.3751
155	1303771863161	0.5	0.9998	1.3333	0.3751
156	1303771863176	0.5	0.9998	1.3333	0.3751
157	1303771863191	0.5	0.9998	1.3333	0.3751
158	1303771863208	0.5	0.9998	1.3333	0.3751
159	1303771863223	0.5	0.9998	1.3333	0.3751
160	1303771863239	0.5	0.9998	1.3333	0.3751
161	1303771863254	0.5	0.9998	1.3333	0.3751
162	1303771863271	0.5	0.9998	1.3333	0.3751
163	1303771863287	0.5	0.9998	1.3333	0.3751
164	1303771863302	0.5	0.9998	1.3333	0.3751
165	1303771863318	0.5	0.9998	1.3333	0.3751
166	1303771863335	0.5	0.9998	1.3333	0.3751
167	1303771863351	0.5	0.9998	1.3333	0.3751
168	1303771863407	0.5	0.9998	1.3333	0.3751
169	1303771863422	0.5	0.9998	1.3333	0.3751
170	1303771863439	0.5	0.9998	1.3333	0.3751
171	1303771863455	0.5	0.9998	1.3333	0.3751
172	1303771863513	0.5	0.9998	1.3333	0.3751
173	1303771863529	0.5	0.9998	1.3333	0.3751
174	1303771863546	0.5	0.9998	1.3333	0.3751
175	1303771863561	0.5	0.9998	1.3333	0.3751
176	1303771863576	0.5	0.9998	1.3333	0.3751
177	1303771863591	0.5	0.9998	1.3333	0.3751
178	1303771863608	0.5	0.9998	1.3333	0.3751
179	1303771863624	0.5	0.9998	1.3333	0.3751
180	1303771863640	0.5	0.9998	1.3333	0.3751
181	1303771863656	0.5	0.9998	1.3333	0.3751
182	1303771863673	0.5	0.9998	1.3333	0.3751
183	1303771863689	0.5	0.9998	1.3333	0.3751
184	1303771863705	0.5	0.9998	1.3333	0.3751
185	1303771863760	0.5	0.9998	1.3333	0.3751
186	1303771863777	0.5	0.9998	1.3333	0.3751
187	1303771863793	0.5	0.9998	1.3333	0.3751
188	1303771863809	0.5	0.9998	1.3333	0.3751
189	1303771863825	0.5	0.9998	1.3333	0.3751
190	1303771863842	0.5	0.9998	1.3333	0.3751
191	1303771863858	0.5	0.9998	1.3333	0.3751
192	1303771863874	0.5	0.9998	1.3333	0.3751
193	1303771863890	0.5	0.9998	1.3333	0.3751
194	1303771863906	0.5	0.9998	1.3333	0.3751
195	1303771863924	0.5	0.9998	1.3333	0.3751
196	1303771863940	0.5	0.9998	1.3333	0.3751
197	1303771863956	0.5	0.9998	1.3333	0.3751
198	1303771863973	0.5	0.9998	1.3333	0.3751
199	1303771863991	0.5	0.9998	1.3333	0.3751
200	1303771864007	0.5	0.9998	1.3333	0.3751
201	1303771864024	0.5	0.9998	1.3333	0.3751
202	1303771864041	0.5	0.9998	1.3333	0.3751
203	1303771864057	0.5	0.9998	1.3333	0.3751
204	1303771864113	0.5	0.9998	1.3333	0.3751
205	1303771864128	0.5	0.9998	1.3333	0.3751
206	1303771864190	0.5	0.9998	1.3333	0.3751
207	1303771864246	0.5	0.9998	1.3333	0.3751
208	1303771864261	0.5	0.9998	1.3333	0.3751
209	1303771864277	0.5	0.9998	1.3333	0.3751
210	1303771864295	0.5	0.9998	1.3333	0.3751
211	1303771864310	0.5	0.9998	1.3333	0.3751
212	1303771864327	0.5	0.9998	1.3333	0.3751
213	1303771864343	0.5	0.9998	1.3333	0.3751
214	1303771864362	0.5	0.9998	1.3333	0.3751
215	1303771864378	0.5	0.9998	1.3333	0.3751
216	1303771864394	0.5	0.9998	1.3333	0.3751
217	1303771864410	0.5	0.9998	1.3333	0.3751
218	1303771864428	0.5	0.9998	1.3333	0.3751
219	1303771864444	0.5	0.9998	1.3333	0.3751
220	1303771864459	0.5	0.9998	1.3333	0.3751
221	1303771864477	0.5	0.9998	1.3333	0.3751
222	1303771864492	0.5	0.9998	1.3333	0.3751
223	1303771864507	0.5	0.9998	1.3333	0.3751
224	1303771864523	0.5	0.9998	1.3333	0.3751
225	1303771864538	0.5	0.9998	1.3333	0.3751
226	1303771864556	0.5	0.9998	1.3333	0.3751
227	1303771864571	0.5	0.9998	1.3333	0.3751
228	1303771864587	0.5	0.9998	1.3333	0.3751
229	1303771864603	0.5	0.9998	1.3333	0.3751
230	1303771864621	0.5	0.9998	1.3333	0.3751
231	1303771864636	0.5	0.9998	1.3333	0.3751
232	1303771864652	0.5	0.9998	1.3333	0.3751
233	1303771864668	0.5	0.9998	1.3333	0.3751
234	1303771864686	0.5	0.9998	1.3333	0.3751
235	1303771864703	0.5	0.9998	1.3333	0.3751
236	1303771864718	0.5	0.9998	1.3333	0.3751
237	1303771864734	0.5	0.9998	1.3333	0.3751
238	1303771864751	0.5	0.9998	1.3333	0.3751
239	1303771864767	0.5	0.9998	1.3333	0.3751
240	1303771864782	0.5	0.9998	1.3333	0.3751
241	1303771864799	0.5	0.9998	1.3333	0.3751
242	1303771864859	0.5	0.9998	1.3333	0.3751
243	1303771864875	0.5	0.9998	1.3333	0.3751
244	1303771864891	0.5	0.9998	1.3333	0.3751
245	1303771864907	0.5	0.9998	1.3333	0.3751
246	1303771864925	0.5	0.9998	1.3333	0.3751
247	1303771864941	0.5	0.9998	1.3333	0.3751
248	1303771864956	0.5	0.9998	1.3333	0.3751
249	1303771865017	0.5	0.9998	1.3333	0.3751
250	1303771865036	0.5	0.9998	1.3333	0.3751
251	1303771865096	0.5	0.9998	1.3333	0.3751
252	1303771865153	0.5	0.9998	1.3333	0.3751
253	1303771865212	0.5	0.9998	1.3333	0.3751
254	1303771865228	0.5	0.9998	1.3333	0.3751
255	1303771865245	0.5	0.9998	1.3333	0.3751
256	1303771865261	0.5	0.9998	1.3333	0.3751
257	1303771865279	0.5	0.9998	1.3333	0.3751
258	1303771865296	0.5	0.9998	1.3333	0.3751
259	1303771865312	0.5	0.9998	1.3333	0.3751
260	1303771865329	0.5	0.9998	1.3333	0.3751
261	1303771865346	0.5	0.9998	1.3333	0.3751
262	1303771865406	0.5	0.9998	1.3333	0.3751
263	1303771865422	0.5	0.9998	1.3333	0.3751
264	1303771865438	0.5	0.9998	1.3333	0.3751
265	1303771865456	0.5	0.9998	1.3333	0.3751
266	1303771865473	0.5	0.9998	1.3333	0.3751
267	1303771865488	0.5	0.9998	1.3333	0.3751
268	1303771865504	0.5	0.9998	1.3333	0.3751
269	1303771865522	0.5	0.9998	1.3333	0.3751
270	1303771865539	0.5	0.9998	1.3333	0.3751
271	1303771865555	0.5	0.9998	1.3333	0.3751
272	1303771865571	0.5	0.9998	1.3333	0.3751
273	1303771865590	0.5	0.9998	1.3333	0.3751
274	1303771865605	0.5	0.9998	1.3333	0.3751
275	1303771865621	0.5	0.9998	1.3333	0.3751
276	1303771865639	0.5	0.9998	1.3333	0.3751
277	1303771865696	0.5	0.9998	1.3333	0.3751
278	1303771865712	0.5	0.9998	1.3333	0.3751
279	1303771865729	0.5	0.9998	1.3333	0.3751
280	1303771865747	0.5	0.9998	1.3333	0.3751
281	1303771865763	0.5	0.9998	1.3333	0.3751
282	1303771865779	0.5	0.9998	1.3333	0.3751
283	1303771865795	0.5	0.9998	1.3333	0.3751
284	1303771865812	0.5	0.9998	1.3333	0.3751
285	1303771865828	0.5	0.9998	1.3333	0.3751
286	1303771865885	0.5	0.9992	1.3333	0.3753
287	1303771865901	0.5	0.9992	1.3333	0.3753
288	1303771865918	0.5	0.9992	1.3333	0.3753
289	1303771865934	0.5	0.9992	1.3333	0.3753
290	1303771865950	0.5	0.9992	1.3333	0.3753
291	1303771865966	0.5	0.9992	1.3333	0.3753
292	1303771865983	0.5	0.9992	1.3333	0.3753
293	1303771865999	0.5	0.9992	1.3333	0.3753
294	1303771866016	0.5	0.9992	1.3333	0.3753
295	1303771866032	0.5	0.9992	1.3333	0.3753
296	1303771866050	0.5	0.9992	1.3333	0.3753
297	1303771866066	0.5	0.9992	1.3333	0.3753
298	1303771866122	0.5	0.9992	1.3333	0.3753
299	1303771866140	0.5	0.9992	1.3333	0.3753
300	1303771866156	0.5	0.9992	1.3333	0.3753
301	1303771866171	0.5	0.9992	1.3333	0.3753
302	1303771866188	0.5	0.9992	1.3333	0.3753
303	1303771866207	0.5	0.9992	1.3333	0.3753
304	1303771866223	0.5	0.9992	1.3333	0.3753
305	1303771866239	0.5	0.9992	1.3333	0.3753
306	1303771866255	0.5	0.9992	1.3333	0.3753
307	1303771866272	0.5	0.9992	1.3333	0.3753
308	1303771866289	0.5	0.9992	1.3333	0.3753
309	1303771866305	0.5	0.9992	1.3333	0.3753
310	1303771866321	0.5	0.9992	1.3333	0.3753
311	1303771866339	0.5	0.9992	1.3333	0.3753
312	1303771866354	0.5	0.9992	1.3333	0.3753
313	1303771866370	0.5	0.9992	1.3333	0.3753
314	1303771866386	0.5	0.9992	1.3333	0.3753
315	1303771866405	0.5	0.9992	1.3333	0.3753
316	1303771866422	0.5	0.9992	1.3333	0.3753
317	1303771866438	0.5	0.9992	1.3333	0.3753
318	1303771866454	0.5	0.9992	1.3333	0.3753
319	1303771866472	0.5	1.0001	1.3333	0.3749
320	1303771866489	0.5	1.0001	1.3333	0.3749
321	1303771866505	0.5	1.046	1.3333	0.3585
322	1303771866522	0.5	1.046	1.3333	0.3585
323	1303771866541	0.5	1.046	1.3333	0.3585
324	1303771866556	0.5	1.046	1.3333	0.3585
325	1303771866573	0.5	1.046	1.3333	0.3585
326	1303771866590	0.5	1.046	1.3333	0.3585
327	1303771866607	0.5	1.046	1.3333	0.3585
328	1303771866664	0.5	1.046	1.3333	0.3585
329	1303771866681	0.5	1.046	1.3333	0.3585
330	1303771866699	0.5	1.046	1.3333	0.3585
331	1303771866715	0.5	1.046	1.3333	0.3585
332	1303771866731	0.5	1.046	1.3333	0.3585
333	1303771866747	0.5	1.046	1.3333	0.3585
334	1303771866765	0.5	1.046	1.3333	0.3585
335	1303771866782	0.5	1.046	1.3333	0.3585
336	1303771866799	0.5	1.046	1.3333	0.3585
337	1303771866815	0.5	1.046	1.3333	0.3585
338	1303771866834	0.5	1.046	1.3333	0.3585
339	1303771866851	0.5	1.046	1.3333	0.3585
340	1303771866866	0.5	1.046	1.3333	0.3585
341	1303771866883	0.5	1.046	1.3333	0.3585
342	1303771866901	0.5	1.046	1.3333	0.3585
343	1303771866917	0.5	1.046	1.3333	0.3585
344	1303771866933	0.5	1.046	1.3333	0.3585
345	1303771866990	0.5	1.046	1.3333	0.3585
346	1303771867048	0.5	1.046	1.3333	0.3585
347	1303771867064	0.5	1.046	1.3333	0.3585
348	1303771867080	0.5	1.046	1.3333	0.3585
349	1303771867098	0.5	1.046	1.3333	0.3585
350	1303771867114	0.5	1.046	1.3333	0.3585
351	1303771867129	0.5	1.046	1.3333	0.3585
352	1303771867145	0.5	1.046	1.3333	0.3585
353	1303771867163	0.5	1.046	1.3333	0.3585
354	1303771867179	0.5	1.046	1.3333	0.3585
355	1303771867195	0.5	1.046	1.3333	0.3585
356	1303771867211	0.5	1.046	1.3333	0.3585
357	1303771867229	0.5	1.046	1.3333	0.3585
358	1303771867245	0.5	1.046	1.3333	0.3585
359	1303771867261	0.5	1.046	1.3333	0.3585
360	1303771867276	0.5	1.046	1.3333	0.3585
361	1303771867294	0.5	1.046	1.3333	0.3585
362	1303771867311	0.5	1.046	1.3333	0.3585
363	1303771867327	0.5	1.046	1.3333	0.3585
364	1303771867343	0.5	1.046	1.3333	0.3585
365	1303771867361	0.5	1.046	1.3333	0.3585
366	1303771867377	0.5	1.046	1.3333	0.3585
367	1303771867393	0.5	1.046	1.3333	0.3585
368	1303771867408	0.5	1.046	1.3333	0.3585
369	1303771867426	0.5	1.046	1.3333	0.3585
370	1303771867482	0.5	1.046	1.3333	0.3585
371	1303771867498	0.5	1.046	1.3333	0.3585
372	1303771867556	0.5	1.046	1.3333	0.3585
373	1303771867573	0.5	1.046	1.3333	0.3585
374	1303771867589	0.5	1.046	1.3333	0.3585
375	1303771867605	0.5	1.046	1.3333	0.3585
376	1303771867623	0.5	1.046	1.3333	0.3585
377	1303771867639	0.5	1.046	1.3333	0.3585
378	1303771867655	0.5	1.0003	1.3333	0.3749
379	1303771867671	0.5	1.0003	1.3333	0.3749
380	1303771867688	0.5	1.0003	1.3333	0.3749
381	1303771867704	0.5	1.0003	1.3333	0.3749
382	1303771867720	0.5	1.0003	1.3333	0.3749
383	1303771867735	0.5	1.0003	1.3333	0.3749
384	1303771867753	0.5	1.0003	1.3333	0.3749
385	1303771867769	0.5	1.0003	1.3333	0.3749
386	1303771867785	0.5	1.0003	1.3333	0.3749
387	1303771867801	0.5	1.0003	1.3333	0.3749
388	1303771867818	0.5	1.0003	1.3333	0.3749
389	1303771867834	0.5	1.0003	1.3333	0.3749
390	1303771867850	0.5	1.0003	1.3333	0.3749
391	1303771867866	0.5	1.0003	1.3333	0.3749
392	1303771867883	0.5	1.0003	1.3333	0.3749
393	1303771867899	1	1.0003	1.3333	0.7498
394	1303771867917	1	1.0003	1.3333	0.7498
395	1303771867937	1	1.0003	1.3333	0.7498
396	1303771867962	1	1.0003	1.3333	0.7498
397	1303771867991	1	1.0003	1.3333	0.7498
398	1303771868053	1	1.0003	1.3333	0.7498
399	1303771868071	1	1.0003	1.3333	0.7498
400	1303771868087	1	1.0003	1.3333	0.7498
401	1303771868103	1	1.0003	1.3333	0.7498
402	1303771868161	1	1.0003	1.3333	0.7498
403	1303771868217	1	1.0003	1.3333	0.7498
404	1303771868232	1	1.0003	1.3333	0.7498
405	1303771868247	1	1.0003	1.3333	0.7498
406	1303771868265	1	1.0003	1.3333	0.7498
407	1303771868281	1	1.0003	1.3333	0.7498
408	1303771868296	1	1.0003	1.3333	0.7498
409	1303771868312	1	1.0003	1.3333	0.7498
410	1303771868330	1	1.0003	1.3333	0.7498
411	1303771868346	1	1.0003	1.3333	0.7498
412	1303771868362	1	1.0003	1.3333	0.7498
413	1303771868378	1	1.0003	1.3333	0.7498
414	1303771868395	1	1.0003	1.3333	0.7498
415	1303771868411	1	1.0003	1.3333	0.7498
416	1303771868427	1	1.0003	1.3333	0.7498
417	1303771868442	1	1.0003	1.3333	0.7498
418	1303771868460	1	1.0003	1.3333	0.7498
419	1303771868475	1	1.0003	1.3333	0.7498
420	1303771868491	1	1.0003	1.3333	0.7498
421	1303771868507	1	1.0003	1.3333	0.7498
422	1303771868524	1	1.0003	1.3333	0.7498
423	1303771868540	1	1.0003	1.3333	0.7498
424	1303771868556	1	1.0003	1.3333	0.7498
425	1303771868571	1	1.0003	1.3333	0.7498
426	1303771868589	1	1.0003	1.3333	0.7498
427	1303771868605	1	1.0003	1.3333	0.7498
428	1303771868620	1	1.0003	1.3333	0.7498
429	1303771868636	1	1.0003	1.3333	0.7498
430	1303771868653	1	1.0003	1.3333	0.7498
431	1303771868669	1	1.0003	1.3333	0.7498
432	1303771868685	1	1.0003	1.3333	0.7498
433	1303771868702	1	1.0003	1.3333	0.7498
434	1303771868718	1	1.0003	1.3333	0.7498
435	1303771868734	1	1.0003	1.3333	0.7498
436	1303771868750	1	1.0003	1.3333	0.7498
437	1303771868768	1	1.0003	1.3333	0.7498
438	1303771868784	1	1.0003	1.3333	0.7498
439	1303771868801	1	1.0003	1.3333	0.7498
440	1303771868857	1	1.0003	1.3333	0.7498
441	1303771868875	1	1.0003	1.3333	0.7498
442	1303771868891	1	1.0003	1.3333	0.7498
443	1303771868907	1	1.0003	1.3333	0.7498
444	1303771868922	1	1.0003	1.3333	0.7498
445	1303771868940	1	1.0003	1.3333	0.7498
446	1303771868956	1	1.0003	1.3333	0.7498
447	1303771868972	1	1.0003	1.3333	0.7498
448	1303771868987	1	1.0003	1.3333	0.7498
449	1303771869005	1	1.0003	1.3333	0.7498
450	1303771869021	1	1.0003	1.3333	0.7498
451	1303771869036	1	1.0003	1.3333	0.7498
452	1303771869052	1	1.0003	1.3333	0.7498
453	1303771869090	1	1.0003	1.3333	0.7498
454	1303771869107	1	1.0003	1.3333	0.7498
455	1303771869124	1	1.0003	1.3333	0.7498
456	1303771869139	1	1.0003	1.3333	0.7498
457	1303771869157	1	1.0003	1.3333	0.7498
458	1303771869173	1	1.0003	1.3333	0.7498
459	1303771869189	1	1.0003	1.3333	0.7498
460	1303771869205	1	1.0003	1.3333	0.7498
461	1303771869223	1	1.0003	1.3333	0.7498
462	1303771869239	1	1.0003	1.3333	0.7498
463	1303771869255	1	1.0003	1.3333	0.7498
464	1303771869271	1	1.0003	1.3333	0.7498
465	1303771869289	1	1.0003	1.3333	0.7498
466	1303771869348	1	1.0003	1.3333	0.7498
467	1303771869364	1	1.0003	1.3333	0.7498
468	1303771869382	1	1.0003	1.3333	0.7498
469	1303771869438	1	1.0003	1.3333	0.7498
470	1303771869453	1	1.0003	1.3333	0.7498
471	1303771869470	1	1.0003	1.3333	0.7498
472	1303771869488	1	1.0003	1.3333	0.7498
473	1303771869504	1	1.0003	1.3333	0.7498
474	1303771869520	1	1.0003	1.3333	0.7498
475	1303771869537	1	1.0003	1.3333	0.7498
476	1303771869555	1	1.0003	1.3333	0.7498
477	1303771869571	1	1.0003	1.3333	0.7498
478	1303771869587	1	1.0003	1.3333	0.7498
479	1303771869603	1	1.0003	1.3333	0.7498
480	1303771869621	1	1.0003	1.3333	0.7498
481	1303771869677	1	1.0003	1.3333	0.7498
482	1303771869693	1	1.0003	1.3333	0.7498
483	1303771869709	1	1.0003	1.3333	0.7498
484	1303771869767	1	1.0003	1.3333	0.7498
485	1303771869783	1	1.0003	1.3333	0.7498
486	1303771869800	1	1.0003	1.3333	0.7498
487	1303771869817	1	1.0003	1.3333	0.7498
488	1303771869833	1	1.0003	1.3333	0.7498
489	1303771869849	1	1.0003	1.3333	0.7498
490	1303771869864	1	1.0003	1.3333	0.7498
491	1303771869882	1	1.0003	1.3333	0.7498
492	1303771869898	1	1.0003	1.3333	0.7498
493	1303771869914	1	1.0003	1.3333	0.7498
494	1303771869930	1	1.0003	1.3333	0.7498
495	1303771869948	1	1.0003	1.3333	0.7498
496	1303771869964	1	1.0003	1.3333	0.7498
497	1303771869980	1	1.0003	1.3333	0.7498
498	1303771869996	1	1.0003	1.3333	0.7498
499	1303771870013	1	1.0003	1.3333	0.7498
500	1303771870029	1	1.0003	1.3333	0.7498
501	1303771870045	1	1.0003	1.3333	0.7498
502	1303771870061	1	1.0003	1.3333	0.7498
503	1303771870119	1	1.0003	1.3333	0.7498
504	1303771870136	1	1.0003	1.3333	0.7498
505	1303771870153	1	1.0003	1.3333	0.7498
506	1303771870169	1	1.0003	1.3333	0.7498
507	1303771870228	1	1.0003	1.3333	0.7498
508	1303771870244	1	1.0003	1.3333	0.7498
509	1303771870260	1	1.0003	1.3333	0.7498
510	1303771870278	1	1.0003	1.3333	0.7498
511	1303771870294	1	1.0003	1.3333	0.7498
512	1303771870310	1	1.0003	1.3333	0.7498
513	1303771870366	1	1.0003	1.3333	0.7498
514	1303771870424	1	1.0003	1.3333	0.7498
515	1303771870440	1	1.0003	1.3333	0.7498
516	1303771870457	1	1.0003	1.3333	0.7498
517	1303771870514	1	1.0003	1.3333	0.7498
518	1303771870532	1	1.0003	1.3333	0.7498
519	1303771870549	1	1.0003	1.3333	0.7498
520	1303771870565	1	1.0003	1.3333	0.7498
521	1303771870581	1	1.0003	1.3333	0.7498
522	1303771870598	1	1.0003	1.3333	0.7498
523	1303771870614	1	1.0003	1.3333	0.7498
524	1303771870670	1	1.0003	1.3333	0.7498
525	1303771870688	1	1.0003	1.3333	0.7498
526	1303771870705	1	1.0003	1.3333	0.7498
527	1303771870721	1	1.0003	1.3333	0.7498
528	1303771870778	1	1.0003	1.3333	0.7498
529	1303771870795	1	1.0003	1.3333	0.7498
530	1303771870811	1	1.0003	1.3333	0.7498
531	1303771870867	1	1.0003	1.3333	0.7498
532	1303771870884	1	1.0003	1.3333	0.7498
533	1303771870902	1	1.0003	1.3333	0.7498
534	1303771870918	1	1.0003	1.3333	0.7498
535	1303771870933	1	1.0003	1.3333	0.7498
536	1303771870949	1	1.0003	1.3333	0.7498
537	1303771870967	1	1.0003	1.3333	0.7498
538	1303771870983	1	1.0003	1.3333	0.7498
539	1303771870999	1	1.0003	1.3333	0.7498
540	1303771871016	1	1.0003	1.3333	0.7498
541	1303771871033	1	1.0003	1.3333	0.7498
542	1303771871049	1	1.0003	1.3333	0.7498
543	1303771871066	1	1.0003	1.3333	0.7498
544	1303771871083	1	1.0003	1.3333	0.7498
545	1303771871099	1	1.0003	1.3333	0.7498
546	1303771871116	1	1.0003	1.3333	0.7498
547	1303771871132	1	1.0003	1.3333	0.7498
548	1303771871149	1	1.0003	1.3333	0.7498
549	1303771871165	1	1.0003	1.3333	0.7498
550	1303771871181	1	1.0003	1.3333	0.7498
551	1303771871197	1	1.0003	1.3333	0.7498
552	1303771871214	1	1.0003	1.3333	0.7498
553	1303771871230	1	1.0003	1.3333	0.7498
554	1303771871246	1	1.0003	1.3333	0.7498
555	1303771871262	1	1.0003	1.3333	0.7498
556	1303771871320	1	1.0003	1.3333	0.7498
557	1303771871376	1	1.0003	1.3333	0.7498
558	1303771871393	1	1.0003	1.3333	0.7498
559	1303771871409	1	1.0003	1.3333	0.7498
560	1303771871427	1	1.0003	1.3333	0.7498
561	1303771871443	1	1.0003	1.3333	0.7498
562	1303771871459	1	1.0003	1.3333	0.7498
563	1303771871475	1	1.0003	1.3333	0.7498
564	1303771871492	1	1.0003	1.3333	0.7498
565	1303771871507	1	1.0003	1.3333	0.7498
566	1303771871523	1	1.0003	1.3333	0.7498
567	1303771871539	1	1.0003	1.3333	0.7498
568	1303771871557	1	1.0003	1.3333	0.7498
569	1303771871573	1	1.0003	1.3333	0.7498
570	1303771871589	1	1.0003	1.3333	0.7498
571	1303771871606	1	1.0402	1.3333	0.721
572	1303771871622	1	1.0402	1.3333	0.721
573	1303771871638	1	1.0402	1.3333	0.721
574	1303771871654	1	1.0402	1.3333	0.721
575	1303771871672	1	1.0402	1.3333	0.721
576	1303771871687	1	1.0402	1.3333	0.721
577	1303771871704	1	1.0402	1.3333	0.721
578	1303771871720	1	1.0402	1.3333	0.721
579	1303771871738	1	1.0402	1.3333	0.721
580	1303771871754	1	1.0402	1.3333	0.721
581	1303771871770	1	1.0402	1.3333	0.721
582	1303771871787	1	1.0402	1.3333	0.721
583	1303771871806	1	1.0402	1.3333	0.721
584	1303771871826	1	1.0402	1.3333	0.721
585	1303771871855	1	1.0402	1.3333	0.721
586	1303771871894	1	1.0402	1.3333	0.721
587	1303771871935	1	1.0402	1.3333	0.721
588	1303771871967	1	1.0402	1.3333	0.721
589	1303771871994	1	1.0402	1.3333	0.721
590	1303771872017	1	1.0402	1.3333	0.721
591	1303771872038	1	1.0402	1.3333	0.721
592	1303771872056	1	1.0402	1.3333	0.721
593	1303771872072	1	1.0402	1.3333	0.721
594	1303771872091	1	1.0402	1.3333	0.721
595	1303771872107	1	1.0402	1.3333	0.721
596	1303771872123	1	1.0402	1.3333	0.721
597	1303771872140	1	1.0402	1.3333	0.721
598	1303771872157	1	1.0402	1.3333	0.721
599	1303771872173	1	1.0402	1.3333	0.721
600	1303771872189	1	1.0402	1.3333	0.721
601	1303771872205	1	1.0402	1.3333	0.721
602	1303771872223	1	1.0402	1.3333	0.721
603	1303771872239	1	1.0402	1.3333	0.721
604	1303771872255	1	1.0402	1.3333	0.721
605	1303771872271	1	1.0402	1.3333	0.721
606	1303771872328	1	1.0402	1.3333	0.721
607	1303771872385	1	1.0402	1.3333	0.721
608	1303771872401	1	1.0402	1.3333	0.721
609	1303771872419	1	1.0402	1.3333	0.721
610	1303771872435	1	1.0402	1.3333	0.721
611	1303771872450	1	1.0402	1.3333	0.721
612	1303771872507	1	1.0402	1.3333	0.721
613	1303771872525	1	1.0402	1.3333	0.721
614	1303771872541	1	1.0402	1.3333	0.721
615	1303771872557	1	1.0402	1.3333	0.721
616	1303771872573	1	1.0402	1.3333	0.721
617	1303771872591	1	1.0402	1.3333	0.721
618	1303771872607	1	1.0402	1.3333	0.721
619	1303771872623	1	1.0402	1.3333	0.721
620	1303771872639	1	1.0402	1.3333	0.721
621	1303771872657	1	1.0402	1.3333	0.721
622	1303771872673	1	1.0003	1.3333	0.7498
623	1303771872689	1	1.0402	1.3333	0.721
624	1303771872705	1	1.0402	1.5	0.6409
625	1303771872722	1	1.0402	1.5	0.6409
626	1303771872738	1	1.9929	1.5	0.3345
627	1303771872754	1	1.9929	1.5	0.3345
628	1303771872770	1	1.9929	1.5	0.3345
629	1303771872788	1	1.9929	1.5	0.3345
630	1303771872804	1	1.9929	1.5	0.3345
631	1303771872820	1	1.9929	1.5	0.3345
632	1303771872876	1	1.9929	1.5	0.3345
633	1303771872894	1	1.9929	1.5	0.3345
634	1303771872910	1	1.9929	1.5	0.3345
635	1303771872926	1	1.9929	1.5	0.3345
636	1303771872944	1	1.9929	1.5	0.3345
637	1303771872960	1	1.9929	1.5	0.3345
638	1303771872976	1	1.9929	1.5	0.3345
639	1303771872992	1	1.9929	1.5	0.3345
640	1303771873010	1	1.9929	1.5	0.3345
641	1303771873026	1	1.9929	1.5	0.3345
642	1303771873043	1	1.9929	1.5	0.3345
643	1303771873100	1	1.9929	1.5	0.3345
644	1303771873119	1	1.9929	1.5	0.3345
645	1303771873142	1	1.9929	1.5	0.3345
646	1303771873175	1	1.9929	1.5	0.3345
647	1303771873236	1	1.9929	1.5	0.3345
648	1303771873342	1	1.9929	1.5	0.3345
649	1303771873481	1	1.9929	1.5	0.3345
650	1303771873592	1	3.0476	1.5	0.2187
651	1303771873644	1	3.0476	1.5	0.2187
652	1303771873665	1	3.0476	1.5	0.2187
653	1303771873683	1	3.0476	1.5	0.2187
654	1303771873701	1	3.0476	1.5	0.2187
655	1303771873719	1	3.0476	1.5	0.2187
656	1303771873736	1	3.0476	1.5	0.2187
657	1303771873753	1	3.0476	1.5	0.2187
658	1303771873769	1	3.0476	1.5	0.2187
659	1303771873787	1	3.0476	1.5	0.2187
660	1303771873804	1	3.0476	1.5	0.2187
661	1303771873820	1	3.0476	1.5	0.2187
662	1303771873837	1	3.0476	1.5	0.2187
663	1303771873856	1	3.0476	1.5	0.2187
664	1303771873872	1	3.0476	1.5	0.2187
665	1303771873888	1	3.0476	1.5	0.2187
666	1303771873906	1	3.0476	1.5	0.2187
667	1303771873922	1	3.0476	1.5	0.2187
668	1303771873938	1	3.0476	1.5	0.2187
669	1303771873954	1	3.0476	1.5	0.2187
670	1303771873973	1	3.0476	1.5	0.2187
671	1303771873989	1	3.0476	1.5	0.2187
672	1303771874006	1	3.0476	1.5	0.2187
673	1303771874023	1	3.0476	1.5	0.2187
674	1303771874042	1	3.0476	1.5	0.2187
675	1303771874060	1	3.0476	1.5	0.2187
676	1303771874076	1	3.0476	1.5	0.2187
677	1303771874092	1	3.0476	1.5	0.2187
678	1303771874110	1	3.0476	1.5	0.2187
679	1303771874167	1	3.0171	1.5	0.221
680	1303771874183	1	3.0171	1.5	0.221
681	1303771874201	1	3.0171	1.5	0.221
682	1303771874217	1	3.0171	1.5	0.221
683	1303771874234	1	2.5208	1.5	0.2645
684	1303771874250	1	2.5633	1.5	0.2601
685	1303771874268	1	2.5633	1.4762	0.2643
686	1303771874284	1	2.5633	1.5	0.2601
687	1303771874300	1	2.5633	1.4524	0.2686
688	1303771874316	1	2.5633	1.4286	0.2731
689	1303771874334	1	2.5633	1.4286	0.2731
690	1303771874350	1	2.5633	1.4286	0.2731
691	1303771874366	1	2.5633	1.4286	0.2731
692	1303771874383	1	2.5633	1.4286	0.2731
693	1303771874400	1	2.5633	1.4524	0.2686
694	1303771874416	1	2.5633	1.4524	0.2686
695	1303771874432	1	2.5633	1.4524	0.2686
696	1303771874491	1	2.5633	1.4524	0.2686
697	1303771874507	1	2.5633	1.4524	0.2686
698	1303771874523	1	2.5633	1.4524	0.2686
699	1303771874540	1	2.5633	1.4524	0.2686
700	1303771874558	1	2.5633	1.4524	0.2686
701	1303771874575	1	2.5633	1.4524	0.2686
702	1303771874591	1	2.5633	1.4524	0.2686
703	1303771874607	1	2.5633	1.4524	0.2686
704	1303771874626	1	2.5633	1.4524	0.2686
705	1303771874644	1	1.4721	1.4524	0.4677
706	1303771874666	1	1.5016	1.4524	0.4585
707	1303771874689	1	1.5016	1.4524	0.4585
708	1303771874745	1	1.5016	1.4524	0.4585
709	1303771874761	1	1.5016	1.4524	0.4585
710	1303771874778	1	1.5016	1.4286	0.4662
711	1303771874795	1	1.5016	1.4286	0.4662
712	1303771874810	1	1.5016	1.4048	0.4741
713	1303771874827	1	1.5016	1.381	0.4822
714	1303771874843	1	1.5016	1.381	0.4822
715	1303771874860	1	1.5016	1.3333	0.4995
716	1303771874875	1	1.5016	1.2619	0.5277
717	1303771874891	1	1.5016	1.2381	0.5379
718	1303771874908	1	1.5016	1.2619	0.5277
719	1303771874925	1	1.5016	1.2619	0.5277
720	1303771874941	1	1.5016	1.2619	0.5277
721	1303771874958	1	1.5016	1.2619	0.5277
722	1303771874975	1	1.5016	1.2619	0.5277
723	1303771874991	1	1.5016	1.2619	0.5277
724	1303771875006	1	1.5016	1.2381	0.5379
725	1303771875022	1	1.5016	1.2381	0.5379
726	1303771875040	1	1.5016	1.2381	0.5379
727	1303771875096	1	1.5016	1.2143	0.5484
728	1303771875113	1	1.5016	1.2143	0.5484
729	1303771875130	1	1.5016	1.1667	0.5708
730	1303771875148	1	1.5016	1.1667	0.5708
731	1303771875165	1	1.5016	1.1429	0.5827
732	1303771875181	1	1.5016	1.1667	0.5708
733	1303771875197	1	1.5016	1.1667	0.5708
734	1303771875215	1	1.5016	1.1667	0.5708
735	1303771875232	1	1.5016	1.1667	0.5708
736	1303771875293	1	1.5016	1.1429	0.5827
737	1303771875311	1	1.5016	1.1429	0.5827
738	1303771875327	1	1.5016	1.1429	0.5827
739	1303771875342	1	1.5016	1.1429	0.5827
740	1303771875358	1	1.5016	1.1429	0.5827
741	1303771875375	1	1.5016	1.1429	0.5827
742	1303771875431	1	1.5016	1.1429	0.5827
743	1303771875447	1	1.5016	1.1429	0.5827
744	1303771875462	1	1.4789	1.1429	0.5917
745	1303771875481	1	1.4789	1.1429	0.5917
746	1303771875496	1	1.4789	1.1429	0.5917
747	1303771875512	1	1.4789	1.1429	0.5917
748	1303771875529	1	1.4789	1.1429	0.5917
749	1303771875545	1	1.4789	1.1429	0.5917
750	1303771875561	1	1.4789	1.1429	0.5917
751	1303771875577	1	1.4789	1.1429	0.5917
752	1303771875594	1	1.4789	1.1429	0.5917
753	1303771875609	1	1.4789	1.1429	0.5917
754	1303771875625	1	1.4789	1.1429	0.5917
755	1303771875640	1	1.4789	1.1429	0.5917
756	1303771875698	1	1.4789	1.1429	0.5917
757	1303771875713	1	1.4789	1.1429	0.5917
758	1303771875729	1	1.4789	1.1429	0.5917
759	1303771875744	1	1.4789	1.1429	0.5917
760	1303771875761	1	1.4789	1.1429	0.5917
761	1303771875777	1	1.4789	1.1429	0.5917
762	1303771875792	1	1.4789	1.1429	0.5917
763	1303771875810	1	1.4789	1.1429	0.5917
764	1303771875832	1	1.4789	1.1429	0.5917
765	1303771875936	1	1.3861	1.1429	0.6313
766	1303771876009	1	1.3915	1.1429	0.6288
767	1303771876031	1	1.3917	1.1429	0.6287
768	1303771876048	1	1.3917	1.119	0.6421
769	1303771876066	1	1.3917	1.0952	0.6561
770	1303771876082	1	1.3917	1.119	0.6421
771	1303771876098	1	1.3917	1.0952	0.6561
772	1303771876115	1	1.3917	1.0952	0.6561
773	1303771876132	1	1.3917	1.0952	0.6561
774	1303771876148	1	1.3917	1.0952	0.6561
775	1303771876164	1	1.3917	1.0714	0.6707
776	1303771876181	1	1.3917	1.0476	0.6859
777	1303771876198	1	1.3917	1.0476	0.6859
778	1303771876214	1	1.3917	1.0476	0.6859
779	1303771876270	1	1.3917	1.0476	0.6859
780	1303771876287	1	1.3917	1.0476	0.6859
781	1303771876303	1	1.3917	1.0476	0.6859
782	1303771876360	1	1.3917	1.0476	0.6859
783	1303771876375	1	1.3917	1.0476	0.6859
784	1303771876393	1	1.3917	1.0476	0.6859
785	1303771876410	1	1.3917	1.0476	0.6859
786	1303771876426	1	1.3917	1.0476	0.6859
787	1303771876444	1	1.3917	1.0476	0.6859
788	1303771876461	1	1.3917	1.0476	0.6859
789	1303771876476	1	1.3917	1.0476	0.6859
790	1303771876492	1	1.3917	1.0476	0.6859
791	1303771876509	1	1.3917	1.0476	0.6859
792	1303771876525	1	1.3917	1.0476	0.6859
793	1303771876542	1	1.3917	1.0476	0.6859
794	1303771876558	1	1.3917	1.0476	0.6859
795	1303771876576	1	1.3917	1.0476	0.6859
796	1303771876591	1	1.3917	1.0476	0.6859
797	1303771876607	1	1.3917	1.0476	0.6859
798	1303771876625	1	1.3917	1.0476	0.6859
799	1303771876640	1	1.3917	1.0476	0.6859
800	1303771876656	1	1.3917	1.0476	0.6859
801	1303771876671	1	1.3917	1.0476	0.6859
802	1303771876688	1	1.3917	1.0476	0.6859
803	1303771876704	1	1.3917	1.0476	0.6859
804	1303771876719	1	1.3917	1.0476	0.6859
805	1303771876735	1	1.3917	1.0476	0.6859
806	1303771876752	1	1.3917	1.0476	0.6859
807	1303771876809	1	1.3917	1.0476	0.6859
808	1303771876865	1	1.3917	1.0476	0.6859
809	1303771876883	1	1.3918	1.0476	0.6858
810	1303771876899	1	1.3918	1.0476	0.6858
811	1303771876914	1	1.3918	1.0476	0.6858
812	1303771876930	1	1.3918	1.0476	0.6858
813	1303771876948	1	1.3918	1.0476	0.6858
814	1303771876964	1	1.3918	1.0476	0.6858
815	1303771876981	1	1.3918	1.0476	0.6858
816	1303771876997	1	1.3918	1.0476	0.6858
817	1303771877015	1	1.3918	1.0476	0.6858
818	1303771877032	1	1.3918	1.0476	0.6858
819	1303771877048	1	1.3918	1.0476	0.6858
820	1303771877110	1	1.3918	1.0476	0.6858
821	1303771877126	1	1.3918	1.0476	0.6858
822	1303771877142	1	1.3918	1.0476	0.6858
823	1303771877157	1	1.3918	1.0476	0.6858
824	1303771877176	1	1.3918	1.0476	0.6858
825	1303771877227	1	1.3752	1.0476	0.6941
826	1303771877406	1	1.5709	1.0476	0.6076
827	1303771877501	1	1.54	1.0476	0.6198
828	1303771877535	1	1.54	1.0476	0.6198
829	1303771877555	1	1.54	1.0476	0.6198
830	1303771877573	1	1.54	1.0476	0.6198
831	1303771877588	1	1.54	1.0476	0.6198
832	1303771877604	1	1.54	1.0476	0.6198
833	1303771877620	1	1.54	1.0476	0.6198
834	1303771877638	1	1.54	1.0476	0.6198
835	1303771877653	1	1.54	1.0476	0.6198
836	1303771877669	1	1.54	1.0476	0.6198
837	1303771877686	1	1.54	1.0476	0.6198
838	1303771877702	1	1.54	1.0476	0.6198
839	1303771877718	1	1.54	1.0476	0.6198
840	1303771877734	1	1.54	1.0476	0.6198
841	1303771877751	1	1.54	1.0476	0.6198
842	1303771877767	1	1.54	1.0476	0.6198
843	1303771877854	1	1.54	1.0476	0.6198
844	1303771877870	1	1.54	1.0476	0.6198
845	1303771878009	1	1.54	1.0476	0.6198
846	1303771878025	1	1.54	1.0476	0.6198
847	1303771878041	1	1.54	1.0476	0.6198
848	1303771878058	1	1.54	1.0476	0.6198
849	1303771878114	1	1.54	1.0476	0.6198
850	1303771878130	1	1.54	1.0476	0.6198
851	1303771878147	1	1.54	1.0476	0.6198
852	1303771878165	1	1.54	1.0476	0.6198
853	1303771878182	1	1.54	1.0476	0.6198
854	1303771878198	1	1.54	1.0476	0.6198
855	1303771878215	1	1.54	1.0476	0.6198
856	1303771878232	1	1.54	1.0476	0.6198
857	1303771878248	1	1.54	1.0476	0.6198
858	1303771878264	1	1.54	1.0476	0.6198
859	1303771878282	1	1.54	1.0476	0.6198
860	1303771878299	1	1.54	1.0476	0.6198
861	1303771878315	1	1.54	1.0476	0.6198
862	1303771878331	1	1.54	1.0476	0.6198
863	1303771878349	1	1.54	1.0476	0.6198
864	1303771878365	1	1.54	1.0476	0.6198
865	1303771878381	1	1.54	1.0476	0.6198
866	1303771878397	1	1.54	1.0476	0.6198
867	1303771878415	1	1.54	1.0476	0.6198
868	1303771878431	1	1.54	1.0476	0.6198
869	1303771878488	1	1.5068	1.0476	0.6335
870	1303771878505	1	1.5068	1.0476	0.6335
871	1303771878522	1	1.5068	1.0476	0.6335
872	1303771878538	1	1.5068	1.0476	0.6335
873	1303771878554	1	1.5068	1.0476	0.6335
874	1303771878572	1	1.5068	1.0476	0.6335
875	1303771878588	1	1.5068	1.0476	0.6335
876	1303771878604	1	1.5068	1.0476	0.6335
877	1303771878621	1	1.5068	1.0476	0.6335
878	1303771878639	1	1.5068	1.0476	0.6335
879	1303771878698	1	1.5068	1.0476	0.6335
880	1303771878714	1	1.5068	1.0476	0.6335
881	1303771878730	1	1.5068	1.0476	0.6335
882	1303771878748	1	1.5068	1.0476	0.6335
883	1303771878763	1	1.5068	1.0476	0.6335
884	1303771878779	1	1.5068	1.0476	0.6335
885	1303771878797	1	1.5068	1.0476	0.6335
886	1303771878839	1	1.5027	1.0476	0.6352
887	1303771878907	1	1.4757	1.0476	0.6469
888	1303771878968	1	1.4753	1.0476	0.647
889	1303771878998	1	1.4753	1.0476	0.647
890	1303771879017	1	1.4753	1.0476	0.647
891	1303771879035	1	1.4753	1.0476	0.647
892	1303771879051	1	1.4753	1.0476	0.647
893	1303771879068	1	1.4753	1.0476	0.647
894	1303771879083	1	1.4753	1.0476	0.647
895	1303771879101	1	1.4753	1.0476	0.647
896	1303771879118	1	1.4753	1.0476	0.647
897	1303771879134	1	1.4753	1.0476	0.647
898	1303771879151	1	1.4753	1.0476	0.647
899	1303771879169	1	1.4753	1.0476	0.647
900	1303771879186	1	1.4753	1.0476	0.647
901	1303771879203	1	1.4753	1.0476	0.647
902	1303771879219	1	1.4753	1.0476	0.647
903	1303771879237	1	1.4753	1.0476	0.647
904	1303771879254	1	1.4753	1.0476	0.647
905	1303771879270	1	1.4753	1.0476	0.647
906	1303771879288	1	1.4753	1.0476	0.647
907	1303771879304	1	1.4753	1.0476	0.647
908	1303771879319	1	1.4753	1.0476	0.647
909	1303771879335	1	1.4753	1.0476	0.647
910	1303771879353	1	1.4753	1.0476	0.647
911	1303771879369	1	1.4753	1.0476	0.647
912	1303771879385	1	1.4753	1.0476	0.647
913	1303771879401	1	1.4753	1.0476	0.647
914	1303771879418	1	1.4753	1.0476	0.647
915	1303771879434	1	1.4753	1.0476	0.647
916	1303771879450	1	1.4753	1.0476	0.647
917	1303771879465	1	1.4753	1.0476	0.647
918	1303771879483	1	1.4753	1.0476	0.647
919	1303771879499	1	1.4753	1.0476	0.647
920	1303771879515	1	1.4753	1.0476	0.647
921	1303771879532	1	1.4753	1.0476	0.647
922	1303771879548	1	1.4753	1.0476	0.647
923	1303771879564	1	1.4753	1.0476	0.647
924	1303771879580	1	1.4753	1.0476	0.647
925	1303771879598	1	1.4753	1.0476	0.647
926	1303771879613	1	1.4753	1.0476	0.647
927	1303771879629	1	1.4753	1.0476	0.647
928	1303771879686	1	1.4753	1.0476	0.647
929	1303771879704	1	1.4753	1.0476	0.647
930	1303771879720	1	1.4763	1.0476	0.6466
931	1303771879736	1	1.4763	1.0476	0.6466
932	1303771879754	1	1.4763	1.0476	0.6466
933	1303771879770	1	1.4763	1.0476	0.6466
934	1303771879786	1	1.4763	1.0476	0.6466
935	1303771879802	1	1.4763	1.0476	0.6466
936	1303771879821	1	1.4763	1.0476	0.6466
937	1303771879837	1	1.4763	1.0476	0.6466
938	1303771879853	1	1.4763	1.0476	0.6466
939	1303771879870	1	1.4763	1.0476	0.6466
940	1303771879887	1	1.4763	1.0476	0.6466
941	1303771879903	1	1.4763	1.0476	0.6466
942	1303771879920	1	1.4763	1.0476	0.6466
943	1303771879938	1	1.4763	1.0476	0.6466
944	1303771879999	1	1.4763	1.0476	0.6466
945	1303771880016	1	1.4763	1.0476	0.6466
946	1303771880033	1	1.4763	1.0476	0.6466
947	1303771880079	1	1.4771	1.0476	0.6462
948	1303771880151	1	1.4592	1.0476	0.6542
949	1303771880207	1	1.4591	1.0476	0.6542
950	1303771880236	1	1.4591	1.0476	0.6542
951	1303771880254	1	1.4591	1.0476	0.6542
952	1303771880311	1	1.4591	1.0476	0.6542
953	1303771880328	1	1.4591	1.0476	0.6542
954	1303771880344	1	1.4591	1.0476	0.6542
955	1303771880361	1	1.4591	1.0476	0.6542
956	1303771880378	1	1.4591	1.0476	0.6542
957	1303771880394	1	1.4591	1.0476	0.6542
958	1303771880411	1	1.4591	1.0476	0.6542
959	1303771880428	1	1.4591	1.0476	0.6542
960	1303771880445	1	1.4591	1.0476	0.6542
961	1303771880462	1	1.4591	1.0476	0.6542
962	1303771880518	1	1.4591	1.0476	0.6542
963	1303771880535	1	1.4591	1.0476	0.6542
964	1303771880554	1	1.4591	1.0476	0.6542
965	1303771880571	1	1.4591	1.0476	0.6542
966	1303771880587	1	1.4591	1.0476	0.6542
967	1303771880603	1	1.4591	1.0476	0.6542
968	1303771880621	1	1.4591	1.0476	0.6542
969	1303771880637	1	1.4591	1.0476	0.6542
970	1303771880653	1	1.4591	1.0476	0.6542
971	1303771880671	1	1.4591	1.0476	0.6542
972	1303771880687	1	1.4591	1.0476	0.6542
973	1303771880703	1	1.4591	1.0476	0.6542
974	1303771880759	1	1.4591	1.0476	0.6542
975	1303771880777	1	1.4591	1.0476	0.6542
976	1303771880793	1	1.4591	1.0476	0.6542
977	1303771880808	1	1.4591	1.0476	0.6542
978	1303771880826	1	1.4591	1.0476	0.6542
979	1303771880882	1	1.4591	1.0476	0.6542
980	1303771880898	1	1.4591	1.0476	0.6542
981	1303771880914	1	1.4591	1.0476	0.6542
982	1303771880932	1	1.4591	1.0476	0.6542
983	1303771880949	1	1.4591	1.0476	0.6542
984	1303771880966	1	1.4591	1.0476	0.6542
985	1303771880982	1	1.4591	1.0476	0.6542
986	1303771880999	1	1.4591	1.0476	0.6542
987	1303771881015	1	1.4591	1.0476	0.6542
988	1303771881031	1	1.4591	1.0476	0.6542
989	1303771881048	1	1.4591	1.0476	0.6542
990	1303771881109	1	1.4591	1.0476	0.6542
991	1303771881126	1	1.4595	1.0476	0.654
992	1303771881182	1	1.4531	1.0476	0.6569
993	1303771881200	1	1.4531	1.0476	0.6569
994	1303771881216	1	1.4531	1.0476	0.6569
995	1303771881232	1	1.4531	1.0476	0.6569
996	1303771881248	1	1.4531	1.0476	0.6569
997	1303771881266	1	1.4531	1.0476	0.6569
998	1303771881282	1	1.4531	1.0476	0.6569
999	1303771881298	1	1.4531	1.0476	0.6569
1000	1303771881315	1	1.4531	1.0476	0.6569
1001	1303771881331	1	1.4531	1.0476	0.6569
1002	1303771881347	1	1.4531	1.0476	0.6569
1003	1303771881363	1	1.4531	1.0476	0.6569
1004	1303771881381	1	1.4531	1.0476	0.6569
1005	1303771881396	1	1.4531	1.0476	0.6569
1006	1303771881412	1	1.4531	1.0476	0.6569
1007	1303771881429	1	1.4531	1.0476	0.6569
1008	1303771881472	1	1.4531	1.0476	0.6569
1009	1303771881533	1	1.4621	1.0476	0.6529
1010	1303771881570	1	1.4621	1.0476	0.6529
1011	1303771881589	1	1.4621	1.0476	0.6529
1012	1303771881607	1	1.4621	1.0476	0.6529
1013	1303771881623	1	1.4621	1.0476	0.6529
1014	1303771881639	1	1.4621	1.0476	0.6529
1015	1303771881655	1	1.4621	1.0476	0.6529
1016	1303771881673	1	1.4621	1.0476	0.6529
1017	1303771881689	1	1.4621	1.0476	0.6529
1018	1303771881705	1	1.4621	1.0476	0.6529
1019	1303771881723	1	1.4621	1.0476	0.6529
1020	1303771881739	1	1.4621	1.0476	0.6529
1021	1303771881755	1	1.4621	1.0476	0.6529
1022	1303771881771	1	1.4621	1.0476	0.6529
1023	1303771881789	1	1.4621	1.0476	0.6529
1024	1303771881806	1	1.4621	1.0476	0.6529
1025	1303771881822	1	1.4621	1.0476	0.6529
1026	1303771881838	1	1.4621	1.0476	0.6529
1027	1303771881961	1	1.4621	1.0476	0.6529
1028	1303771881977	1	1.4621	1.0476	0.6529
1029	1303771881993	1	1.4621	1.0476	0.6529
1030	1303771882011	1	1.4621	1.0476	0.6529
1031	1303771882027	1	1.4621	1.0476	0.6529
1032	1303771882043	1	1.4621	1.0476	0.6529
1033	1303771882059	1	1.4621	1.0476	0.6529
1034	1303771882077	1	1.4621	1.0476	0.6529
1035	1303771882092	1	1.4621	1.0476	0.6529
1036	1303771882161	1	1.492	1.0476	0.6398
1037	1303771882176	1	1.492	1.0476	0.6398
1038	1303771882194	1	1.492	1.0476	0.6398
1039	1303771882210	1	1.492	1.0476	0.6398
1040	1303771882226	1	1.492	1.0476	0.6398
1041	1303771882288	1	1.492	1.0476	0.6398
1042	1303771882304	1	1.492	1.0476	0.6398
1043	1303771882320	1	1.492	1.0476	0.6398
1044	1303771882376	1	1.492	1.0476	0.6398
1045	1303771882394	1	1.492	1.0476	0.6398
1046	1303771882410	1	1.492	1.0476	0.6398
1047	1303771882467	1	1.492	1.0476	0.6398
1048	1303771882483	1	1.492	1.0476	0.6398
1049	1303771882501	1	1.492	1.0476	0.6398
1050	1303771882558	1	1.492	1.0476	0.6398
1051	1303771882574	1	1.492	1.0476	0.6398
1052	1303771882592	1	1.4941	1.0476	0.6389
1053	1303771882608	1	1.4941	1.0476	0.6389
1054	1303771882625	1	1.4941	1.0476	0.6389
1055	1303771882640	1	1.4941	1.0476	0.6389
1056	1303771882658	1	1.4941	1.0476	0.6389
1057	1303771882674	1	1.4941	1.0476	0.6389
1058	1303771882689	1	1.4941	1.0476	0.6389
1059	1303771882705	1	1.4941	1.0476	0.6389
1060	1303771882763	1	1.4941	1.0476	0.6389
1061	1303771882779	1	1.4941	1.0476	0.6389
1062	1303771882795	1	1.4941	1.0476	0.6389
1063	1303771882813	1	1.4941	1.0476	0.6389
1064	1303771882871	1	1.5049	1.0476	0.6343
1065	1303771882887	1	1.5049	1.0476	0.6343
1066	1303771882903	1	1.5049	1.0476	0.6343
1067	1303771882921	1	1.5049	1.0476	0.6343
1068	1303771882937	1	1.5049	1.0476	0.6343
1069	1303771882976	1	1.5049	1.0476	0.6343
1070	1303771883035	1	1.5049	1.0476	0.6343
1071	1303771883114	1	1.5049	1.0476	0.6343
1072	1303771883133	1	1.4957	1.0476	0.6382
1073	1303771883150	1	1.4957	1.0476	0.6382
1074	1303771883166	1	1.4957	1.0476	0.6382
1075	1303771883185	1	1.4957	1.0476	0.6382
1076	1303771883202	1	1.4957	1.0476	0.6382
1077	1303771883258	1	1.4957	1.0476	0.6382
1078	1303771883276	1	1.4957	1.0476	0.6382
1079	1303771883293	1	1.4957	1.0476	0.6382
1080	1303771883309	1	1.4957	1.0476	0.6382
1081	1303771883325	1	1.4957	1.0476	0.6382
1082	1303771883343	1	1.4957	1.0476	0.6382
1083	1303771883359	1	1.4957	1.0476	0.6382
1084	1303771883375	1	1.4957	1.0476	0.6382
1085	1303771883392	1	1.4957	1.05	0.6368
1086	1303771883410	1	1.4957	1.0952	0.6105
1087	1303771883427	1	1.4957	1.0476	0.6382
1088	1303771883443	1	1.4957	1.0476	0.6382
1089	1303771883460	1	1.4957	1.0476	0.6382
1090	1303771883477	1	1.4957	1.0476	0.6382
1091	1303771883493	1	1.4957	1.0476	0.6382
1092	1303771883509	1	1.4957	1.0476	0.6382
1093	1303771883567	1	1.5154	1.0476	0.6299
1094	1303771883583	1	1.5154	1.0476	0.6299
1095	1303771883599	1	1.5154	1.0476	0.6299
1096	1303771883616	1	1.5154	1.0476	0.6299
1097	1303771883634	1	1.5154	1.0476	0.6299
1098	1303771883651	1	1.5154	1.0476	0.6299
1099	1303771883666	1	1.5154	1.0476	0.6299
1100	1303771883682	1	1.5154	1.0476	0.6299
1101	1303771883701	1	1.5154	1.0476	0.6299
1102	1303771883717	1	1.5154	1.0476	0.6299
1103	1303771883734	1	1.5154	1.0476	0.6299
1104	1303771883751	1	1.5154	1.0476	0.6299
1105	1303771883769	1	1.5154	1.0476	0.6299
1106	1303771883785	1	1.5154	1.0476	0.6299
1107	1303771883802	1	1.5154	1.0476	0.6299
1108	1303771883821	1	1.5154	1.0476	0.6299
1109	1303771883837	1	1.5154	1.0476	0.6299
1110	1303771883853	1	1.48	1.0476	0.645
1111	1303771883869	1	1.48	1.0476	0.645
1112	1303771883886	1	1.48	1.0476	0.645
1113	1303771883902	1	1.48	1.0476	0.645
1114	1303771883918	1	1.48	1.0476	0.645
1115	1303771883934	1	1.48	1.0476	0.645
1116	1303771883952	1	1.48	1.0476	0.645
1117	1303771883968	1	1.48	1.0476	0.645
1118	1303771883984	1	1.48	1.0476	0.645
1119	1303771884043	1	1.3747	1.0476	0.6943
1120	1303771884058	1	1.3747	1.0476	0.6943
1121	1303771884074	1	1.3747	1.0476	0.6943
1122	1303771884090	1	1.3747	1.0476	0.6943
1123	1303771884108	1	1.3747	1.0476	0.6943
1124	1303771884124	1	1.3747	1.0476	0.6943
1125	1303771884140	1	1.3747	1.0476	0.6943
1126	1303771884156	1	1.3747	1.0476	0.6943
1127	1303771884174	1	1.3747	1.0476	0.6943
1128	1303771884190	1	1.3747	1.0476	0.6943
1129	1303771884207	1	1.3747	1.0476	0.6943
1130	1303771884253	1	1.3747	1.0476	0.6943
1131	1303771884353	1	1.3747	1.0476	0.6943
1132	1303771884385	1	1.3747	1.0476	0.6943
1133	1303771884402	1	1.3747	1.0476	0.6943
1134	1303771884418	1	1.3747	1.0476	0.6943
1135	1303771884436	1	1.3747	1.0476	0.6943
1136	1303771884452	1	1.3747	1.0476	0.6943
1137	1303771884467	1	1.3747	1.0476	0.6943
1138	1303771884483	1	1.3747	1.0476	0.6943
1139	1303771884501	1	1.3747	1.0476	0.6943
1140	1303771884517	1	1.3747	1.0476	0.6943
1141	1303771884534	1	1.3747	1.0476	0.6943
1142	1303771884552	1	1.3747	1.0476	0.6943
1143	1303771884568	1	1.3747	1.0476	0.6943
1144	1303771884585	1	1.3747	1.0476	0.6943
1145	1303771884643	1	1.3747	1.0476	0.6943
1146	1303771884662	1	1.3747	1.0476	0.6943
1147	1303771884679	1	1.3747	1.0476	0.6943
1148	1303771884695	1	1.3747	1.0476	0.6943
1149	1303771884711	1	1.3747	1.0476	0.6943
1150	1303771884729	1	1.3747	1.0476	0.6943
1151	1303771884789	1	1.3747	1.0476	0.6943
1152	1303771884805	1	1.3747	1.0476	0.6943
1153	1303771884823	1	1.3747	1.0476	0.6943
1154	1303771884840	1	1.3747	1.0476	0.6943
1155	1303771884857	1	1.3747	1.0476	0.6943
1156	1303771884873	1	1.3747	1.0476	0.6943
1157	1303771884890	1	1.3747	1.0476	0.6943
1158	1303771884907	1	1.3747	1.0476	0.6943
1159	1303771884924	1	1.3747	1.0476	0.6943
1160	1303771884939	1	1.3747	1.0476	0.6943
1161	1303771884997	1	1.3747	1.0476	0.6943
1162	1303771885013	1	1.3747	1.0476	0.6943
1163	1303771885029	1	1.3747	1.0476	0.6943
1164	1303771885047	1	1.3747	1.0476	0.6943
1165	1303771885063	1	1.3747	1.0476	0.6943
1166	1303771885079	1	1.3747	1.0476	0.6943
1167	1303771885094	1	1.3747	1.0476	0.6943
1168	1303771885112	1	1.3747	1.0476	0.6943
1169	1303771885128	1	1.3747	1.0476	0.6943
1170	1303771885144	1	1.3747	1.0476	0.6943
1171	1303771885159	1	1.3699	1.0476	0.6968
1172	1303771885177	1	1.3699	1.0476	0.6968
1173	1303771885234	1	1.3699	1.0476	0.6968
1174	1303771885249	1	1.3699	1.0476	0.6968
1175	1303771885267	1	1.3699	1.0476	0.6968
1176	1303771885282	1	1.3699	1.0476	0.6968
1177	1303771885298	1	1.3699	1.0476	0.6968
1178	1303771885313	1	1.3699	1.0476	0.6968
1179	1303771885331	1	1.3699	1.0476	0.6968
1180	1303771885347	1	1.3699	1.0476	0.6968
1181	1303771885363	1	1.3699	1.0476	0.6968
1182	1303771885420	1	1.3699	1.0476	0.6968
1183	1303771885438	1	1.3699	1.0476	0.6968
1184	1303771885453	1	1.3699	1.0476	0.6968
1185	1303771885469	1	1.3699	1.0476	0.6968
1186	1303771885484	1	1.3699	1.0476	0.6968
1187	1303771885501	1	1.3699	1.0476	0.6968
1188	1303771885517	1	1.3699	1.0476	0.6968
1189	1303771885533	1	1.3699	1.0476	0.6968
1190	1303771885551	1	1.3699	1.0476	0.6968
1191	1303771885604	1	1.3699	1.0476	0.6968
1192	1303771885663	1	1.3699	1.0476	0.6968
1193	1303771885693	1	1.375	1.0476	0.6942
1194	1303771885752	1	1.4004	1.0476	0.6816
1195	1303771885808	1	1.4004	1.0476	0.6816
1196	1303771885824	1	1.4004	1.0476	0.6816
1197	1303771885839	1	1.4004	1.0476	0.6816
1198	1303771885857	1	1.4004	1.0476	0.6816
1199	1303771885872	1	1.4004	1.0476	0.6816
1200	1303771885887	1	1.4004	1.0476	0.6816
1201	1303771885904	1	1.4004	1.0476	0.6816
1202	1303771885965	1	1.4004	1.0476	0.6816
1203	1303771885980	1	1.4004	1.0476	0.6816
1204	1303771885997	1	1.4004	1.0476	0.6816
1205	1303771886015	1	1.4004	1.0476	0.6816
1206	1303771886030	1	1.4004	1.0476	0.6816
1207	1303771886045	1	1.4004	1.0476	0.6816
1208	1303771886061	1	1.4004	1.0476	0.6816
1209	1303771886078	1	1.4004	1.0476	0.6816
1210	1303771886094	1	1.4004	1.0476	0.6816
1211	1303771886110	1	1.4004	1.0476	0.6816
1212	1303771886125	1	1.4004	1.0476	0.6816
1213	1303771886143	1	1.4004	1.0476	0.6816
1214	1303771886159	1	1.4004	1.0476	0.6816
1215	1303771886175	1	1.4004	1.0476	0.6816
1216	1303771886192	1	1.4004	1.0476	0.6816
1217	1303771886208	1	1.4004	1.0476	0.6816
1218	1303771886223	1	1.4004	1.0476	0.6816
1219	1303771886239	1	1.4004	1.0476	0.6816
1220	1303771886257	1	1.4004	1.0476	0.6816
1221	1303771886273	1	1.4004	1.0476	0.6816
1222	1303771886289	1	1.4004	1.0476	0.6816
1223	1303771886305	1	1.4004	1.0476	0.6816
1224	1303771886322	1	1.4004	1.0476	0.6816
1225	1303771886338	1	1.4004	1.0476	0.6816
1226	1303771886354	1	1.4004	1.0476	0.6816
1227	1303771886370	1	1.4004	1.0476	0.6816
1228	1303771886387	1	1.4004	1.0476	0.6816
1229	1303771886402	1	1.4004	1.0476	0.6816
1230	1303771886418	1	1.4004	1.0476	0.6816
1231	1303771886435	1	1.4004	1.0476	0.6816
1232	1303771886451	1	1.4004	1.0476	0.6816
1233	1303771886466	1	1.4003	1.0476	0.6816
1234	1303771886482	1	1.4003	1.0476	0.6816
1235	1303771886500	1	1.4003	1.0476	0.6816
1236	1303771886516	1	1.4003	1.0476	0.6816
1237	1303771886532	1	1.4003	1.0476	0.6816
1238	1303771886549	1	1.4003	1.0476	0.6816
1239	1303771886607	1	1.4003	1.0476	0.6816
1240	1303771886623	1	1.4003	1.0476	0.6816
1241	1303771886638	1	1.4003	1.0476	0.6816
1242	1303771886655	1	1.4003	1.0476	0.6816
1243	1303771886673	1	1.4003	1.0476	0.6816
1244	1303771886689	1	1.4003	1.0476	0.6816
1245	1303771886705	1	1.4003	1.0476	0.6816
1246	1303771886723	1	1.4003	1.0476	0.6816
1247	1303771886738	1	1.4003	1.0476	0.6816
1248	1303771886754	1	1.4003	1.0476	0.6816
1249	1303771886770	1	1.4003	1.0476	0.6816
1250	1303771886788	1	1.4003	1.0476	0.6816
1251	1303771886804	1	1.4003	1.0476	0.6816
1252	1303771886860	1	1.4003	1.0476	0.6816
1253	1303771886912	1	1.4003	1.0476	0.6816
1254	1303771886942	1	1.4003	1.0476	0.6816
1255	1303771886958	1	1.4078	1.0476	0.6781
1256	1303771886974	1	1.4078	1.0476	0.6781
1257	1303771886989	1	1.4078	1.0476	0.6781
1258	1303771887006	1	1.4078	1.0476	0.6781
1259	1303771887021	1	1.4078	1.0476	0.6781
1260	1303771887077	1	1.4078	1.0476	0.6781
1261	1303771887093	1	1.4078	1.0476	0.6781
1262	1303771887110	1	1.4078	1.0476	0.6781
1263	1303771887126	1	1.4078	1.0476	0.6781
1264	1303771887141	1	1.4078	1.0476	0.6781
1265	1303771887157	1	1.4078	1.0476	0.6781
1266	1303771887174	1	1.4078	1.0476	0.6781
1267	1303771887190	1	1.4078	1.0476	0.6781
1268	1303771887206	1	1.4078	1.0476	0.6781
1269	1303771887224	1	1.4078	1.0476	0.6781
1270	1303771887240	1	1.4078	1.0476	0.6781
1271	1303771887256	1	1.4078	1.0476	0.6781
1272	1303771887271	1	1.4078	1.0476	0.6781
1273	1303771887289	1	1.4078	1.0476	0.6781
1274	1303771887306	1	1.4078	1.0476	0.6781
1275	1303771887322	1	1.4078	1.0476	0.6781
1276	1303771887337	1	1.4078	1.0476	0.6781
1277	1303771887354	1	1.4078	1.0476	0.6781
1278	1303771887370	1	1.4078	1.0476	0.6781
1279	1303771887386	1	1.4078	1.0476	0.6781
1280	1303771887402	1	1.4078	1.0476	0.6781
1281	1303771887464	1	1.4078	1.0476	0.6781
1282	1303771887480	1	1.4078	1.0476	0.6781
1283	1303771887496	1	1.4078	1.0476	0.6781
1284	1303771887513	1	1.4078	1.0476	0.6781
1285	1303771887529	1	1.4078	1.0476	0.6781
1286	1303771887545	1	1.4078	1.0476	0.6781
1287	1303771887561	1	1.4078	1.0476	0.6781
1288	1303771887618	1	1.4078	1.0476	0.6781
1289	1303771887634	1	1.4078	1.0476	0.6781
1290	1303771887650	1	1.4078	1.0476	0.6781
1291	1303771887666	1	1.4078	1.0476	0.6781
1292	1303771887723	1	1.4078	1.0476	0.6781
1293	1303771887779	1	1.412	1.0476	0.676
1294	1303771887795	1	1.412	1.0476	0.676
1295	1303771887813	1	1.412	1.0476	0.676
1296	1303771887828	1	1.412	1.0476	0.676
1297	1303771887843	1	1.412	1.0476	0.676
1298	1303771887859	1	1.412	1.0476	0.676
1299	1303771887876	1	1.412	1.0476	0.676
1300	1303771887892	1	1.412	1.0476	0.676
1301	1303771887908	1	1.412	1.0476	0.676
1302	1303771887923	1	1.412	1.0476	0.676
1303	1303771887941	1	1.412	1.0476	0.676
1304	1303771887956	1	1.412	1.0476	0.676
1305	1303771887971	1	1.412	1.0476	0.676
1306	1303771887987	1	1.412	1.0476	0.676
1307	1303771888004	1	1.412	1.0476	0.676
1308	1303771888020	1	1.412	1.0476	0.676
1309	1303771888036	1	1.412	1.0476	0.676
1310	1303771888053	1	1.412	1.0476	0.676
1311	1303771888069	1	1.412	1.0476	0.676
1312	1303771888085	1	1.412	1.0476	0.676
1313	1303771888138	1	1.412	1.0476	0.676
1314	1303771888231	1	1.412	1.0476	0.676
1315	1303771888257	1	1.412	1.0476	0.676
1316	1303771888273	1	1.412	1.0476	0.676
1317	1303771888289	1	1.3703	1.0476	0.6966
1318	1303771888306	1	1.3703	1.0476	0.6966
1319	1303771888322	1	1.3703	1.0476	0.6966
1320	1303771888337	1	1.3703	1.0476	0.6966
1321	1303771888353	1	1.3703	1.0476	0.6966
1322	1303771888370	1	1.3703	1.0476	0.6966
1323	1303771888385	1	1.3703	1.0476	0.6966
1324	1303771888400	1	1.3703	1.0476	0.6966
1325	1303771888416	1	1.3703	1.0476	0.6966
1326	1303771888433	1	1.3703	1.0476	0.6966
1327	1303771888449	1	1.3703	1.0476	0.6966
1328	1303771888505	1	1.3703	1.0476	0.6966
1329	1303771888567	1	1.5642	1.0476	0.6102
1330	1303771888582	1	1.5642	1.0476	0.6102
1331	1303771888598	1	1.5642	1.0476	0.6102
1332	1303771888615	1	1.5642	1.0476	0.6102
1333	1303771888632	1	1.5642	1.0476	0.6102
1334	1303771888647	1	1.5642	1.0476	0.6102
1335	1303771888663	1	1.5642	1.0476	0.6102
1336	1303771888678	1	1.5642	1.0476	0.6102
1337	1303771888695	1	1.5642	1.0476	0.6102
1338	1303771888711	1	1.5642	1.0476	0.6102
1339	1303771888727	1	1.5642	1.0476	0.6102
1340	1303771888743	1	1.5642	1.0476	0.6102
1341	1303771888760	1	1.5642	1.0476	0.6102
1342	1303771888775	1	1.5642	1.0476	0.6102
1343	1303771888831	1	1.5642	1.0476	0.6102
1344	1303771888890	1	1.5642	1.0476	0.6102
1345	1303771888946	1	1.5642	1.0476	0.6102
1346	1303771888962	1	1.5642	1.0476	0.6102
1347	1303771888977	1	1.5642	1.0476	0.6102
1348	1303771888995	1	1.5642	1.0476	0.6102
1349	1303771889011	1	1.5642	1.0476	0.6102
1350	1303771889068	1	1.9482	1.0476	0.49
1351	1303771889086	1	1.9482	1.0476	0.49
1352	1303771889141	1	1.9482	1.0476	0.49
1353	1303771889157	1	1.9482	1.0476	0.49
1354	1303771889218	1	1.9355	1.0476	0.4932
1355	1303771889236	1	1.9355	1.0476	0.4932
1356	1303771889252	1	1.9355	1.0476	0.4932
1357	1303771889268	1	1.9355	1.0476	0.4932
1358	1303771889284	1	1.9355	1.0476	0.4932
1359	1303771889354	1	1.9355	1.0476	0.4932
1360	1303771889369	1	1.9355	1.0476	0.4932
1361	1303771889385	1	1.9355	1.0476	0.4932
1362	1303771889404	1	1.9355	1.0476	0.4932
1363	1303771889419	1	1.9355	1.0476	0.4932
1364	1303771889434	1	1.9355	1.0476	0.4932
1365	1303771889450	1	1.9355	1.0476	0.4932
1366	1303771889467	1	1.9355	1.0476	0.4932
1367	1303771889482	1	1.9355	1.0476	0.4932
1368	1303771889498	1	1.9355	1.0476	0.4932
1369	1303771889513	1	1.9355	1.0476	0.4932
1370	1303771889530	1	1.9355	1.0476	0.4932
1371	1303771889545	1	1.9355	1.0476	0.4932
1372	1303771889601	1	1.9355	1.0476	0.4932
1373	1303771889620	1	1.9355	1.0476	0.4932
1374	1303771889672	1	1.9664	1.0476	0.4854
1375	1303771889743	1	1.9666	1.0476	0.4854
1376	1303771889778	1	1.9664	1.0476	0.4854
1377	1303771889798	1	1.9664	1.0476	0.4854
1378	1303771889814	1	1.9664	1.0476	0.4854
1379	1303771889831	1	1.9664	1.0476	0.4854
1380	1303771889847	1	1.9664	1.0476	0.4854
1381	1303771889864	1	1.9664	1.0476	0.4854
1382	1303771889880	1	1.9664	1.0476	0.4854
1383	1303771889895	1	1.9664	1.0476	0.4854
1384	1303771889911	1	1.9664	1.0476	0.4854
1385	1303771889929	1	1.9664	1.0476	0.4854
1386	1303771889945	1	1.9664	1.0476	0.4854
1387	1303771889961	1	1.9664	1.0476	0.4854
1388	1303771889979	1	1.9664	1.0476	0.4854
1389	1303771889994	1	1.9664	1.0476	0.4854
1390	1303771890010	1	1.9664	1.0476	0.4854
1391	1303771890026	1	1.9664	1.0476	0.4854
1392	1303771890043	1	1.9664	1.0476	0.4854
1393	1303771890058	1	1.9664	1.0476	0.4854
1394	1303771890073	1	1.9664	1.0476	0.4854
1395	1303771890089	1	1.9664	1.0476	0.4854
1396	1303771890148	1	1.9811	1.0476	0.4818
1397	1303771890164	1	1.9811	1.0476	0.4818
1398	1303771890180	1	1.9811	1.0476	0.4818
1399	1303771890196	1	1.9811	1.0476	0.4818
1400	1303771890214	1	1.9811	1.0476	0.4818
1401	1303771890231	1	1.9811	1.0476	0.4818
1402	1303771890247	1	1.9811	1.0476	0.4818
1403	1303771890264	1	1.9811	1.0476	0.4818
1404	1303771890280	1	1.9811	1.0476	0.4818
1405	1303771890296	1	1.9811	1.0476	0.4818
1406	1303771890311	1	1.9811	1.0476	0.4818
1407	1303771890329	1	1.9811	1.0476	0.4818
1408	1303771890344	1	1.9811	1.0476	0.4818
1409	1303771890359	1	1.9811	1.0476	0.4818
1410	1303771890375	1	1.9811	1.0476	0.4818
1411	1303771890393	1	1.9811	1.0476	0.4818
1412	1303771890409	1	1.9811	1.0476	0.4818
1413	1303771890424	1	1.9811	1.0476	0.4818
1414	1303771890440	1	1.9811	1.0476	0.4818
1415	1303771890458	1	1.9811	1.0476	0.4818
1416	1303771890473	1	1.9811	1.0476	0.4818
1417	1303771890529	1	1.9811	1.0476	0.4818
1418	1303771890545	1	1.9811	1.0476	0.4818
1419	1303771890562	1	1.9799	1.0476	0.4821
1420	1303771890578	1	1.9799	1.0476	0.4821
1421	1303771890593	1	1.9799	1.0476	0.4821
1422	1303771890611	1	1.9799	1.0476	0.4821
1423	1303771890627	1	1.9799	1.0476	0.4821
1424	1303771890642	1	1.9799	1.0476	0.4821
1425	1303771890658	1	1.9799	1.0476	0.4821
1426	1303771890717	1	1.9799	1.0476	0.4821
1427	1303771890732	1	1.9799	1.0476	0.4821
1428	1303771890748	1	1.9799	1.0476	0.4821
1429	1303771890764	1	1.9799	1.0476	0.4821
1430	1303771890781	1	1.9799	1.0476	0.4821
1431	1303771890837	1	1.9799	1.0476	0.4821
1432	1303771890853	1	1.9799	1.0476	0.4821
1433	1303771890870	1	1.9799	1.0476	0.4821
1434	1303771890887	1	1.9799	1.0476	0.4821
1435	1303771890930	1	1.9799	1.0476	0.4821
1436	1303771890981	1	1.9799	1.0476	0.4821
1437	1303771891007	1	1.9799	1.0476	0.4821
1438	1303771891027	1	1.9799	1.0476	0.4821
1439	1303771891043	1	1.9803	1.0476	0.482
1440	1303771891059	1	1.9803	1.0476	0.482
1441	1303771891075	1	1.9803	1.0476	0.482
1442	1303771891092	1	1.9803	1.0476	0.482
1443	1303771891107	1	1.9803	1.0476	0.482
1444	1303771891124	1	1.9803	1.0476	0.482
1445	1303771891140	1	1.9803	1.0476	0.482
1446	1303771891157	1	1.9803	1.0476	0.482
1447	1303771891174	1	1.9803	1.0476	0.482
1448	1303771891191	1	1.9803	1.0476	0.482
1449	1303771891209	1	1.9803	1.0476	0.482
1450	1303771891225	1	1.9803	1.0476	0.482
1451	1303771891286	1	1.9803	1.0476	0.482
1452	1303771891303	1	1.9803	1.0476	0.482
1453	1303771891321	1	1.9803	1.0476	0.482
1454	1303771891336	1	1.9803	1.0476	0.482
1455	1303771891352	1	1.9803	1.0476	0.482
1456	1303771891368	1	1.9803	1.0476	0.482
1457	1303771891385	1	1.9803	1.0476	0.482
1458	1303771891401	1	1.9803	1.0476	0.482
1459	1303771891417	1	1.9803	1.0476	0.482
1460	1303771891433	1	1.9803	1.0476	0.482
1461	1303771891451	1	1.9803	1.0476	0.482
1462	1303771891467	1	1.9803	1.0476	0.482
1463	1303771891483	1	1.9803	1.0476	0.482
1464	1303771891501	1	1.9803	1.0476	0.482
1465	1303771891517	1	1.9803	1.0476	0.482
1466	1303771891534	1	1.9803	1.0476	0.482
1467	1303771891549	1	1.9803	1.0476	0.482
1468	1303771891567	1	1.9803	1.0476	0.482
1469	1303771891582	1	1.9803	1.0476	0.482
1470	1303771891599	1	1.9803	1.0476	0.482
1471	1303771891615	1	1.9803	1.0476	0.482
1472	1303771891632	1	1.9803	1.0476	0.482
1473	1303771891649	1	1.9803	1.0476	0.482
1474	1303771891705	1	1.9803	1.0476	0.482
1475	1303771891721	1	1.9803	1.0476	0.482
1476	1303771891738	1	1.9816	1.0476	0.4817
1477	1303771891754	1	1.9803	1.0476	0.482
1478	1303771891812	1	1.9803	1.0476	0.482
1479	1303771891829	1	1.9803	1.0476	0.482
1480	1303771891846	1	1.9803	1.0476	0.482
1481	1303771891863	1	1.9803	1.0476	0.482
1482	1303771891878	1	1.9803	1.0476	0.482
1483	1303771891896	1	1.9803	1.0476	0.482
1484	1303771891911	1	1.9803	1.0476	0.482
1485	1303771891928	1	1.9803	1.0476	0.482
1486	1303771891943	1	1.9803	1.0476	0.482
1487	1303771892001	1	1.9803	1.0476	0.482
1488	1303771892017	1	1.9803	1.0476	0.482
1489	1303771892032	1	1.9803	1.0476	0.482
1490	1303771892048	1	1.9803	1.0476	0.482
1491	1303771892065	1	1.9803	1.0476	0.482
1492	1303771892082	1	1.9803	1.0476	0.482
1493	1303771892098	1	1.9803	1.0476	0.482
1494	1303771892116	1	1.9803	1.0476	0.482
1495	1303771892133	1	1.9803	1.0476	0.482
1496	1303771892244	1	1.9803	1.0476	0.482
1497	1303771892320	1	1.9778	1.0476	0.4826
1498	1303771892357	1	1.9778	1.0476	0.4826
1499	1303771892420	1	1.9778	1.0476	0.4826
1500	1303771892439	1	1.9778	1.0476	0.4826
1501	1303771892454	1	1.9778	1.0476	0.4826
1502	1303771892470	1	1.9778	1.0476	0.4826
1503	1303771892487	1	1.9778	1.0476	0.4826
1504	1303771892505	1	1.9778	1.0476	0.4826
1505	1303771892522	1	1.9778	1.0476	0.4826
1506	1303771892538	1	1.9778	1.0476	0.4826
1507	1303771892555	1	1.9778	1.0476	0.4826
1508	1303771892573	1	1.9778	1.0476	0.4826
1509	1303771892588	1	1.9778	1.0476	0.4826
1510	1303771892605	1	1.9778	1.0476	0.4826
1511	1303771892621	1	1.9778	1.0476	0.4826
1512	1303771892680	1	1.9778	1.0476	0.4826
1513	1303771892695	1	1.9778	1.0476	0.4826
1514	1303771892711	1	1.9778	1.0476	0.4826
1515	1303771892729	1	1.9778	1.0476	0.4826
1516	1303771892745	1	1.9778	1.0476	0.4826
1517	1303771892762	1	1.9778	1.0476	0.4826
1518	1303771892819	1	1.9778	1.0476	0.4826
1519	1303771892836	1	1.9778	1.0476	0.4826
1520	1303771892852	1	1.9778	1.0476	0.4826
1521	1303771892868	1	1.9778	1.0476	0.4826
1522	1303771892883	1	1.9778	1.0476	0.4826
1523	1303771892901	1	1.9778	1.0476	0.4826
1524	1303771892916	1	1.9778	1.0476	0.4826
1525	1303771892973	1	1.9778	1.0476	0.4826
1526	1303771893035	1	1.9778	1.0476	0.4826
1527	1303771893051	1	1.9778	1.0476	0.4826
1528	1303771893067	1	1.9778	1.0476	0.4826
1529	1303771893083	1	1.9778	1.0476	0.4826
1530	1303771893101	1	1.9778	1.0476	0.4826
1531	1303771893157	1	1.9778	1.0476	0.4826
1532	1303771893218	1	1.9778	1.0476	0.4826
1533	1303771893237	1	1.9778	1.0476	0.4826
1534	1303771893252	1	1.9778	1.0476	0.4826
1535	1303771893269	1	1.9778	1.0476	0.4826
1536	1303771893285	1	1.9778	1.0476	0.4826
1537	1303771893303	1	1.9791	1.0476	0.4823
1538	1303771893319	1	1.9778	1.0476	0.4826
1539	1303771893335	1	1.9778	1.0476	0.4826
1540	1303771893351	1	1.9778	1.0476	0.4826
1541	1303771893369	1	1.9778	1.0476	0.4826
1542	1303771893384	1	1.9778	1.0476	0.4826
1543	1303771893400	1	1.9778	1.0476	0.4826
1544	1303771893416	1	1.9778	1.0476	0.4826
1545	1303771893434	1	1.9778	1.0476	0.4826
1546	1303771893449	1	1.9778	1.0476	0.4826
1547	1303771893505	1	1.9778	1.0476	0.4826
1548	1303771893563	1	1.9778	1.0476	0.4826
1549	1303771893578	1	1.9778	1.0476	0.4826
1550	1303771893594	1	1.9778	1.0476	0.4826
1551	1303771893610	1	1.9778	1.0476	0.4826
1552	1303771893627	1	1.9778	1.0476	0.4826
1553	1303771893643	1	1.9778	1.0476	0.4826
1554	1303771893704	1	1.9778	1.0476	0.4826
1555	1303771893723	1	1.9778	1.0476	0.4826
1556	1303771893740	1	1.9778	1.0476	0.4826
1557	1303771893810	1	1.9778	1.0476	0.4826
1558	1303771893886	1	1.9933	1.0476	0.4789
1559	1303771893923	1	1.9933	1.0476	0.4789
1560	1303771893942	1	1.9933	1.0476	0.4789
1561	1303771893958	1	1.9933	1.0476	0.4789
1562	1303771893976	1	1.9933	1.0476	0.4789
1563	1303771893993	1	1.9933	1.0476	0.4789
1564	1303771894009	1	1.9933	1.0476	0.4789
1565	1303771894026	1	1.9933	1.0476	0.4789
1566	1303771894042	1	1.9933	1.0476	0.4789
1567	1303771894057	1	1.9933	1.0476	0.4789
1568	1303771894073	1	1.9933	1.0476	0.4789
1569	1303771894131	1	1.9933	1.0476	0.4789
1570	1303771894147	1	1.9933	1.0476	0.4789
1571	1303771894162	1	1.9933	1.0476	0.4789
1572	1303771894178	1	1.9933	1.0476	0.4789
1573	1303771894195	1	1.9933	1.0476	0.4789
1574	1303771894211	1	1.9933	1.0476	0.4789
1575	1303771894227	1	1.9933	1.0476	0.4789
1576	1303771894283	1	1.9933	1.0476	0.4789
1577	1303771894301	1	1.9933	1.0476	0.4789
1578	1303771894317	1	1.9933	1.0476	0.4789
1579	1303771894333	1	1.9933	1.0476	0.4789
1580	1303771894350	1	1.9933	1.0476	0.4789
1581	1303771894367	1	1.9933	1.0476	0.4789
1582	1303771894383	1	1.9933	1.0476	0.4789
1583	1303771894399	1	1.9933	1.0476	0.4789
1584	1303771894416	1	1.9933	1.0476	0.4789
1585	1303771894432	1	1.9933	1.0476	0.4789
1586	1303771894447	1	1.9933	1.0476	0.4789
1587	1303771894463	1	1.9933	1.0476	0.4789
1588	1303771894524	1	1.9933	1.0476	0.4789
1589	1303771894540	1	1.9933	1.0476	0.4789
1590	1303771894556	1	1.9933	1.0476	0.4789
1591	1303771894573	1	1.9933	1.0476	0.4789
1592	1303771894591	1	1.9933	1.0476	0.4789
1593	1303771894607	1	1.9933	1.0476	0.4789
1594	1303771894622	1	1.9933	1.0476	0.4789
1595	1303771894641	1	1.9933	1.0476	0.4789
1596	1303771894656	1	1.9933	1.0476	0.4789
1597	1303771894671	1	1.9933	1.0476	0.4789
1598	1303771894687	1	1.9947	1.0476	0.4786
1599	1303771894745	1	1.9938	1.0476	0.4788
1600	1303771894761	1	1.9938	1.0476	0.4788
1601	1303771894776	1	1.9938	1.0476	0.4788
1602	1303771894791	1	1.9938	1.0476	0.4788
1603	1303771894809	1	1.9938	1.0476	0.4788
1604	1303771894824	1	1.9938	1.0476	0.4788
1605	1303771894840	1	1.9938	1.0476	0.4788
1606	1303771894855	1	1.9938	1.0476	0.4788
1607	1303771894872	1	1.9938	1.0476	0.4788
1608	1303771894929	1	1.9938	1.0476	0.4788
1609	1303771894944	1	1.9938	1.0476	0.4788
1610	1303771894962	1	1.9938	1.0476	0.4788
1611	1303771894978	1	1.9938	1.0476	0.4788
1612	1303771894994	1	1.9938	1.0476	0.4788
1613	1303771895010	1	1.9938	1.0476	0.4788
1614	1303771895027	1	1.9938	1.0476	0.4788
1615	1303771895042	1	1.9938	1.0476	0.4788
1616	1303771895058	1	1.9938	1.0476	0.4788
1617	1303771895075	1	1.9938	1.0476	0.4788
1618	1303771895124	1	1.9938	1.0476	0.4788
1619	1303771895181	1	1.9938	1.0476	0.4788
1620	1303771895209	1	1.9938	1.0476	0.4788
1621	1303771895225	1	1.9951	1.0476	0.4784
1622	1303771895243	1	1.9951	1.0476	0.4784
1623	1303771895259	1	1.9951	1.0476	0.4784
1624	1303771895275	1	1.9951	1.0476	0.4784
1625	1303771895291	1	1.9951	1.0476	0.4784
1626	1303771895309	1	1.9951	1.0476	0.4784
1627	1303771895324	1	1.9951	1.0476	0.4784
1628	1303771895340	1	1.9951	1.0476	0.4784
1629	1303771895356	1	1.9951	1.0476	0.4784
1630	1303771895374	1	1.9951	1.0476	0.4784
1631	1303771895390	1	1.9951	1.0476	0.4784
1632	1303771895406	1	1.9951	1.0476	0.4784
1633	1303771895423	1	1.9951	1.0476	0.4784
1634	1303771895439	1	1.9951	1.0476	0.4784
1635	1303771895454	1	1.9951	1.0476	0.4784
1636	1303771895470	1	1.9951	1.0476	0.4784
1637	1303771895487	1	1.9951	1.0476	0.4784
1638	1303771895503	1	1.9951	1.0476	0.4784
1639	1303771895519	1	1.9951	1.0476	0.4784
1640	1303771895534	1	1.9951	1.0476	0.4784
1641	1303771895552	1	1.9951	1.0476	0.4784
1642	1303771895567	1	1.9951	1.0476	0.4784
1643	1303771895583	1	1.9951	1.0476	0.4784
1644	1303771895598	1	1.9951	1.0476	0.4784
1645	1303771895616	1	1.9951	1.0476	0.4784
1646	1303771895631	1	1.9951	1.0476	0.4784
1647	1303771895647	1	1.9951	1.0476	0.4784
1648	1303771895662	1	1.9951	1.0476	0.4784
1649	1303771895680	1	1.9951	1.0476	0.4784
1650	1303771895737	1	1.9951	1.0476	0.4784
1651	1303771895752	1	1.9951	1.0476	0.4784
1652	1303771895770	1	1.9951	1.0476	0.4784
1653	1303771895786	1	1.9951	1.0476	0.4784
1654	1303771895842	1	1.9951	1.0476	0.4784
1655	1303771895858	1	1.9951	1.0476	0.4784
1656	1303771895875	1	1.9951	1.0476	0.4784
1657	1303771895891	1	1.9951	1.0476	0.4784
1658	1303771895947	1	1.9589	1.0476	0.4873
1659	1303771895963	1	1.9598	1.0476	0.4871
1660	1303771895982	1	1.9589	1.0476	0.4873
1661	1303771895998	1	1.9589	1.0476	0.4873
1662	1303771896013	1	1.9584	1.0476	0.4874
1663	1303771896071	1	1.9584	1.0476	0.4874
1664	1303771896087	1	1.9584	1.0476	0.4874
1665	1303771896103	1	1.9584	1.0476	0.4874
1666	1303771896118	1	1.9584	1.0476	0.4874
1667	1303771896136	1	1.9584	1.0476	0.4874
1668	1303771896151	1	1.9584	1.0476	0.4874
1669	1303771896167	1	1.9584	1.0476	0.4874
1670	1303771896182	1	1.9584	1.0476	0.4874
1671	1303771896200	1	1.9584	1.0476	0.4874
1672	1303771896216	1	1.9584	1.0476	0.4874
1673	1303771896232	1	1.9584	1.0476	0.4874
1674	1303771896247	1	1.9584	1.0476	0.4874
1675	1303771896265	1	1.9584	1.0476	0.4874
1676	1303771896281	1	1.9584	1.0476	0.4874
1677	1303771896297	1	1.9584	1.0476	0.4874
1678	1303771896317	1	1.9584	1.0476	0.4874
1679	1303771896363	1	1.9584	1.0476	0.4874
1680	1303771896421	1	1.9583	1.0476	0.4874
1681	1303771896449	1	1.9583	1.0476	0.4874
1682	1303771896466	1	1.9583	1.0476	0.4874
1683	1303771896483	1	1.9583	1.0476	0.4874
1684	1303771896499	1	1.9583	1.0476	0.4874
1685	1303771896555	1	1.9583	1.0476	0.4874
1686	1303771896572	1	1.9583	1.0476	0.4874
1687	1303771896588	1	1.9583	1.0476	0.4874
1688	1303771896604	1	1.9583	1.0476	0.4874
1689	1303771896619	1	1.9583	1.0476	0.4874
1690	1303771896637	1	1.9583	1.0476	0.4874
1691	1303771896653	1	1.9583	1.0476	0.4874
1692	1303771896669	1	1.9583	1.0476	0.4874
1693	1303771896726	1	1.9583	1.0476	0.4874
1694	1303771896785	1	1.9583	1.0476	0.4874
1695	1303771896800	1	1.9583	1.0476	0.4874
1696	1303771896816	1	1.9583	1.0476	0.4874
1697	1303771896834	1	1.9583	1.0476	0.4874
1698	1303771896850	1	1.9583	1.0476	0.4874
1699	1303771896867	1	1.9583	1.0476	0.4874
1700	1303771896883	1	1.9583	1.0476	0.4874
1701	1303771896902	1	1.9583	1.0476	0.4874
1702	1303771896918	1	1.9583	1.0476	0.4874
1703	1303771896933	1	1.9583	1.0476	0.4874
1704	1303771896949	1	1.9583	1.0476	0.4874
1705	1303771896966	1	1.9583	1.0476	0.4874
1706	1303771896982	1	1.9583	1.0476	0.4874
1707	1303771896998	1	1.9583	1.0476	0.4874
1708	1303771897014	1	1.9583	1.0476	0.4874
1709	1303771897033	1	1.9583	1.0476	0.4874
1710	1303771897088	1	1.9583	1.0476	0.4874
1711	1303771897104	1	1.9583	1.0476	0.4874
1712	1303771897121	1	1.9583	1.0476	0.4874
1713	1303771897137	1	1.9583	1.0476	0.4874
1714	1303771897154	1	1.9583	1.0476	0.4874
1715	1303771897170	1	1.9583	1.0476	0.4874
1716	1303771897188	1	1.9583	1.0476	0.4874
1717	1303771897204	1	1.9583	1.0476	0.4874
1718	1303771897219	1	1.9583	1.0476	0.4874
1719	1303771897236	1	1.9583	1.0476	0.4874
1720	1303771897253	1	1.9597	1.0476	0.4871
1721	1303771897269	1	1.9583	1.0476	0.4874
1722	1303771897284	1	1.9583	1.0476	0.4874
1723	1303771897300	1	1.9583	1.0476	0.4874
1724	1303771897358	1	1.9584	1.0476	0.4874
1725	1303771897374	1	1.9584	1.0476	0.4874
1726	1303771897431	1	1.9584	1.0476	0.4874
1727	1303771897449	1	1.9584	1.0476	0.4874
1728	1303771897471	1	1.9584	1.0476	0.4874
1729	1303771897486	1	1.9584	1.0476	0.4874
1730	1303771897502	1	1.9584	1.0476	0.4874
1731	1303771897520	1	1.9584	1.0476	0.4874
1732	1303771897535	1	1.9584	1.0476	0.4874
1733	1303771897552	1	1.9584	1.0476	0.4874
1734	1303771897568	1	1.9584	1.0476	0.4874
1735	1303771897586	1	1.9584	1.0476	0.4874
1736	1303771897602	1	1.9584	1.0476	0.4874
1737	1303771897618	1	1.9584	1.0476	0.4874
1738	1303771897634	1	1.9584	1.0476	0.4874
1739	1303771897652	1	1.9584	1.0476	0.4874
1740	1303771897695	1	1.9584	1.0476	0.4874
1741	1303771897750	1	1.9582	1.0476	0.4875
1742	1303771897781	1	1.9582	1.0476	0.4875
1743	1303771897799	1	1.9582	1.0476	0.4875
1744	1303771897859	1	1.9582	1.0476	0.4875
1745	1303771897875	1	1.9582	1.0476	0.4875
1746	1303771897892	1	1.9582	1.0476	0.4875
1747	1303771897910	1	1.9582	1.0476	0.4875
1748	1303771897926	1	1.9582	1.0476	0.4875
1749	1303771897942	1	1.9582	1.0476	0.4875
1750	1303771897958	1	1.9582	1.0476	0.4875
1751	1303771897976	1	1.9582	1.0476	0.4875
1752	1303771897991	1	1.9582	1.0476	0.4875
1753	1303771898007	1	1.9582	1.0476	0.4875
1754	1303771898022	1	1.9582	1.0476	0.4875
1755	1303771898040	1	1.9582	1.0476	0.4875
1756	1303771898056	1	1.9582	1.0476	0.4875
1757	1303771898073	1	1.9582	1.0476	0.4875
1758	1303771898090	1	1.9582	1.0476	0.4875
1759	1303771898106	1	1.9582	1.0476	0.4875
1760	1303771898121	1	1.9582	1.0476	0.4875
1761	1303771898137	1	1.9582	1.0476	0.4875
1762	1303771898155	1	1.9582	1.0476	0.4875
1763	1303771898171	1	1.9582	1.0476	0.4875
1764	1303771898188	1	1.9582	1.0476	0.4875
1765	1303771898204	1	1.9582	1.0476	0.4875
1766	1303771898266	1	1.9582	1.0476	0.4875
1767	1303771898283	1	1.9582	1.0476	0.4875
1768	1303771898299	1	1.9582	1.0476	0.4875
1769	1303771898316	1	1.9582	1.0476	0.4875
1770	1303771898334	1	1.9582	1.0476	0.4875
1771	1303771898350	1	1.9582	1.0476	0.4875
1772	1303771898365	1	1.9582	1.0476	0.4875
1773	1303771898383	1	1.9582	1.0476	0.4875
1774	1303771898399	1	1.9582	1.0476	0.4875
1775	1303771898414	1	1.9582	1.0476	0.4875
1776	1303771898430	1	1.9582	1.0476	0.4875
1777	1303771898448	1	1.9582	1.0476	0.4875
1778	1303771898464	1	1.9582	1.0476	0.4875
1779	1303771898479	1	1.9582	1.0476	0.4875
1780	1303771898495	1	1.9582	1.0476	0.4875
1781	1303771898513	1	1.9596	1.0476	0.4871
1782	1303771898528	1	1.9582	1.0476	0.4875
1783	1303771898544	1	1.9582	1.0476	0.4875
1784	1303771898560	1	1.9582	1.0476	0.4875
1785	1303771898577	1	1.9581	1.0476	0.4875
1786	1303771898593	1	1.9581	1.0476	0.4875
1787	1303771898650	1	1.9581	1.0476	0.4875
1788	1303771898667	1	1.9581	1.0476	0.4875
1789	1303771898683	1	1.9581	1.0476	0.4875
1790	1303771898698	1	1.9581	1.0476	0.4875
1791	1303771898714	1	1.9581	1.0476	0.4875
1792	1303771898731	1	1.9581	1.0476	0.4875
1793	1303771898747	1	1.9581	1.0476	0.4875
1794	1303771898762	1	1.9581	1.0476	0.4875
1795	1303771898778	1	1.9581	1.0476	0.4875
1796	1303771898796	1	1.9581	1.0476	0.4875
1797	1303771898812	1	1.9581	1.0476	0.4875
1798	1303771898828	1	1.9581	1.0476	0.4875
1799	1303771898844	1	1.9581	1.0476	0.4875
1800	1303771898863	1	1.9581	1.0476	0.4875
