0	1303772098175	0	0	0	0
1	1303772098183	0	0	0	0
2	1303772098233	0	0	0	0
3	1303772098243	0	0	0	0
4	1303772098253	0	0	0	0
5	1303772098263	0	0	0	0
6	1303772098273	0	0	0	0
7	1303772098284	0	0	0	0
8	1303772098295	0	0	0	0
9	1303772098308	0	0	0	0
10	1303772098320	0	0	0	0
11	1303772098332	0	0	0	0
12	1303772098344	0	0	0	0
13	1303772098356	0	0	0	0
14	1303772098370	0	0	0	0
15	1303772098382	0	0	0	0
16	1303772098393	0	0	0	0
17	1303772098405	0	0	0	0
18	1303772098417	0	0	0	0
19	1303772098429	0	0	0	0
20	1303772098444	0	0	0	0
21	1303772098456	0	0	0	0
22	1303772098468	0	0	0	0
23	1303772098479	0	0	0	0
24	1303772098491	0	0	0	0
25	1303772098504	0	0	0	0
26	1303772098519	0	0	0	0
27	1303772098532	0	0	0	0
28	1303772098544	0	0	0	0
29	1303772098557	0	0	0	0
30	1303772098571	0	0	0	0
31	1303772098585	0	0	0	0
32	1303772098639	0	0	0	0
33	1303772098652	0	0	0	0
34	1303772098665	0	0	0	0
35	1303772098677	0	0	0	0
36	1303772098692	0	0	0	0
37	1303772098705	0	0	0	0
38	1303772098718	0	0	0	0
39	1303772098731	0	0	0	0
40	1303772098744	0	0	0	0
41	1303772098759	0	0	0	0
42	1303772098772	0	0	0	0
43	1303772098786	0	0	0	0
44	1303772098800	0	0	0	0
45	1303772098816	0	0	0	0
46	1303772098870	0	0	0	0
47	1303772098925	0	0	0	0
48	1303772098939	0	0	0	0
49	1303772098955	0	0	0	0
50	1303772098970	0	0	0	0
51	1303772098984	0	0	0	0
52	1303772098998	0	0	0	0
53	1303772099014	0	0	0	0
54	1303772099028	0	0	0	0
55	1303772099043	0	0	0	0
56	1303772099057	0	0	0	0
57	1303772099087	0	0	0	0
58	1303772099104	0	0	0	0
59	1303772099119	0	0	0	0
60	1303772099137	0	0	0	0
61	1303772099154	0	0	0	0
62	1303772099169	0	0	0	0
63	1303772099185	0	0	0	0
64	1303772099200	0.5	0	0	0
65	1303772099228	0.5	0	0	0
66	1303772099264	0.5	0	0	0
67	1303772099285	0.5	0	0	0
68	1303772099344	0.5	1.4545	0	0
69	1303772099363	0.5	1.438	1.5	0.2318
70	1303772099384	0.5	1.438	1.5	0.2318
71	1303772099444	0.5	1.438	1.5	0.2318
72	1303772099461	0.5	1.438	1.1667	0.298
73	1303772099481	0.5	1.438	1.5	0.2318
74	1303772099500	0.5	1.438	1.25	0.2782
75	1303772099518	0.5	1.438	1.5	0.2318
76	1303772099538	0.5	1.438	1.5	0.2318
77	1303772099555	0.5	1.438	1.4	0.2484
78	1303772099572	0.5	1.438	1.4	0.2484
79	1303772099593	0.5	1.438	1.4	0.2484
80	1303772099611	0.5	1.438	1.3333	0.2608
81	1303772099630	0.5	1.438	1.3333	0.2608
82	1303772099647	0.5	1.438	1.2143	0.2864
83	1303772099665	0.5	1.438	1.1429	0.3042
84	1303772099683	0.5	1.438	1.0714	0.3245
85	1303772099702	0.5	1.438	1.1429	0.3042
86	1303772099760	0.5	1.438	1.1429	0.3042
87	1303772099779	0.5	1.438	1.1429	0.3042
88	1303772099796	0.5	1.438	1.1429	0.3042
89	1303772099814	0.5	1.438	1.1429	0.3042
90	1303772099832	0.5	1.438	1.1429	0.3042
91	1303772099850	0.5	1.438	1.1429	0.3042
92	1303772099868	0.5	1.438	1.1429	0.3042
93	1303772099888	0.5	1.438	1.1429	0.3042
94	1303772099906	0.5	1.438	1.1429	0.3042
95	1303772099923	0.5	1.438	1.1429	0.3042
96	1303772099942	0.5	1.438	1.125	0.3091
97	1303772099959	0.5	1.438	1.1111	0.3129
98	1303772099978	0.5	1.438	1.125	0.3091
99	1303772099995	0.5	1.438	1.1111	0.3129
100	1303772100012	0.5	1.438	1.1111	0.3129
101	1303772100030	0.5	1.438	1.125	0.3091
102	1303772100048	0.5	1.438	1.1875	0.2928
103	1303772100065	0.5	1.438	1.1111	0.3129
104	1303772100124	0.5	1.438	1.0556	0.3294
105	1303772100141	0.5	1.438	1.0556	0.3294
106	1303772100208	1	1.438	1.1111	0.6259
107	1303772100246	1	1.438	1.1111	0.6259
108	1303772100290	1	1.438	1.1111	0.6259
109	1303772100370	1	1.438	1.1111	0.6259
110	1303772100410	1	1.438	1.1111	0.6259
111	1303772100452	1	1.438	1.1111	0.6259
112	1303772100494	1	1.438	1.1111	0.6259
113	1303772100539	1	1.438	1.1111	0.6259
114	1303772100628	1	1.2663	1.1111	0.7107
115	1303772100717	1	1.2707	1.1111	0.7083
116	1303772100770	1	1.2707	1.1111	0.7083
117	1303772100818	1	1.2763	1.1111	0.7052
118	1303772100867	1	1.2763	1.1818	0.663
119	1303772100915	1	1.2763	1.15	0.6813
120	1303772100961	1	1.2763	1.1818	0.663
121	1303772101008	1	1.2763	1.1818	0.663
122	1303772101055	1	1.2763	1.1667	0.6716
123	1303772101101	1	1.2763	1.125	0.6965
124	1303772101148	1	1.2763	1.125	0.6965
125	1303772101193	1	1.2763	1.1667	0.6716
126	1303772101240	1	1.2763	1.1667	0.6716
127	1303772101286	1	1.2763	1.1667	0.6716
128	1303772101333	1	1.2763	1.1667	0.6716
129	1303772101392	1	1.2906	1.1667	0.6641
130	1303772101475	1	1.2906	1.1667	0.6641
131	1303772101528	1	1.2906	1.1923	0.6498
132	1303772101576	1	1.2906	1.1923	0.6498
133	1303772101621	1	1.2906	1.1923	0.6498
134	1303772101667	1	1.2906	1.1923	0.6498
135	1303772101714	1	1.2906	1.1923	0.6498
136	1303772101760	1	1.2906	1.1923	0.6498
137	1303772101805	1	1.2906	1.1923	0.6498
138	1303772101855	1	1.2906	1.1923	0.6498
139	1303772101902	1	1.2906	1.1923	0.6498
140	1303772101949	1	1.2906	1.1923	0.6498
141	1303772101994	1	1.2906	1.1923	0.6498
142	1303772102080	1	1.2906	1.1923	0.6498
143	1303772102127	1	1.2906	1.1923	0.6498
144	1303772102173	1	1.2906	1.1786	0.6574
145	1303772102219	1	1.2906	1.1786	0.6574
146	1303772102266	1	1.2906	1.1786	0.6574
147	1303772102312	1	1.2906	1.1667	0.6641
148	1303772102359	1	1.2906	1.1786	0.6574
149	1303772102407	1	1.2906	1.1667	0.6641
150	1303772102452	1	1.2906	1.1667	0.6641
151	1303772102540	1	1.2906	1.1667	0.6641
152	1303772102585	1	1.2906	1.1667	0.6641
153	1303772102629	1	1.2906	1.1667	0.6641
154	1303772102676	1	1.2906	1.1667	0.6641
155	1303772102722	1	1.2906	1.1562	0.6701
156	1303772102768	1	1.2906	1.125	0.6887
157	1303772102812	1	1.2906	1.0938	0.7084
158	1303772102855	1	1.2906	1.125	0.6887
159	1303772102897	1	1.2906	1.125	0.6887
160	1303772102942	1	1.2906	1.125	0.6887
161	1303772102986	1	1.2906	1.125	0.6887
162	1303772103069	1	1.2906	1.125	0.6887
163	1303772103112	1	1.2906	1.125	0.6887
164	1303772103157	1	1.2906	1.125	0.6887
165	1303772103201	1	1.2906	1.125	0.6887
166	1303772103283	1	1.2906	1.125	0.6887
167	1303772103324	1	1.2906	1.125	0.6887
168	1303772103365	1	1.2906	1.125	0.6887
169	1303772103405	1	1.2906	1.125	0.6887
170	1303772103447	1	1.2906	1.125	0.6887
171	1303772103489	1	1.2906	1.125	0.6887
172	1303772103574	1	1.2906	1.125	0.6887
173	1303772103614	1	1.2906	1.125	0.6887
174	1303772103654	1	1.2906	1.125	0.6887
175	1303772103696	1	1.2906	1.125	0.6887
176	1303772103736	1	1.2906	1.125	0.6887
177	1303772103777	1	1.2906	1.125	0.6887
178	1303772103817	1	1.2906	1.0938	0.7084
179	1303772103855	1	1.2906	1.125	0.6887
180	1303772103893	1	1.2906	1.125	0.6887
181	1303772103930	1	1.2906	1.125	0.6887
182	1303772104009	1	1.3245	1.0938	0.6903
183	1303772104049	1	1.339	1.125	0.6639
184	1303772104089	1	1.3367	1.125	0.665
185	1303772104130	1	1.3367	1.125	0.665
186	1303772104168	1	1.3367	1.0938	0.684
187	1303772104206	1	1.3367	1.125	0.665
188	1303772104244	1	1.3367	1.125	0.665
189	1303772104282	1	1.3367	1.125	0.665
190	1303772104324	1	1.3434	1.0938	0.6806
191	1303772104372	1	1.367	1.125	0.6502
192	1303772104411	1	1.367	1.125	0.6502
193	1303772104490	1	1.367	1.125	0.6502
194	1303772104528	1	1.367	1.0938	0.6688
195	1303772104566	1	1.367	1.125	0.6502
196	1303772104607	1	1.367	1.125	0.6502
197	1303772104647	1	1.367	1.125	0.6502
198	1303772104686	1	1.367	1.0938	0.6688
199	1303772104723	1	1.367	1.125	0.6502
200	1303772104762	1	1.367	1.125	0.6502
201	1303772104800	1	1.367	1.125	0.6502
202	1303772104838	1	1.367	1.0938	0.6688
203	1303772104876	1	1.367	1.125	0.6502
204	1303772104914	1	1.367	1.125	0.6502
205	1303772104952	1	1.367	1.125	0.6502
206	1303772104991	1	1.367	1.0938	0.6688
207	1303772105029	1	1.367	1.125	0.6502
208	1303772105071	1	1.367	1.125	0.6502
209	1303772105154	1	1.367	1.125	0.6502
210	1303772105194	1	1.367	1.0938	0.6688
211	1303772105235	1	1.367	1.125	0.6502
212	1303772105272	1	1.367	1.125	0.6502
213	1303772105310	1	1.367	1.125	0.6502
214	1303772105348	1	1.367	1.0938	0.6688
215	1303772105386	1	1.367	1.125	0.6502
216	1303772105424	1	1.367	1.125	0.6502
217	1303772105461	1	1.367	1.125	0.6502
218	1303772105498	1	1.367	1.0938	0.6688
219	1303772105536	1	1.367	1.125	0.6502
220	1303772105573	1	1.367	1.125	0.6502
221	1303772105611	1	1.367	1.125	0.6502
222	1303772105649	1	1.367	1.0938	0.6688
223	1303772105690	1	1.367	1.125	0.6502
224	1303772105728	1	1.367	1.125	0.6502
225	1303772105768	1	1.367	1.125	0.6502
226	1303772105806	1	1.367	1.0938	0.6688
227	1303772105844	1	1.367	1.125	0.6502
228	1303772105884	1	1.367	1.1471	0.6377
229	1303772105921	1	1.367	1.125	0.6502
230	1303772105958	1	1.367	1.0882	0.6722
231	1303772105996	1	1.367	1.0938	0.6688
232	1303772106033	1	1.367	1.1176	0.6545
233	1303772106071	1	1.367	1.1176	0.6545
234	1303772106149	1	1.367	1.0882	0.6722
235	1303772106187	1	1.367	1.1176	0.6545
236	1303772106224	1	1.367	1.0882	0.6722
237	1303772106262	1	1.367	1.0882	0.6722
238	1303772106302	1	1.367	1.0588	0.6909
239	1303772106339	1	1.367	1.0882	0.6722
240	1303772106378	1	1.367	1.0882	0.6722
241	1303772106416	1	1.367	1.0882	0.6722
242	1303772106453	1	1.367	1.0588	0.6909
243	1303772106532	1	1.367	1.0882	0.6722
244	1303772106578	1	1.3305	1.0882	0.6906
245	1303772106617	1	1.3305	1.0882	0.6906
246	1303772106656	1	1.3305	1.0588	0.7098
247	1303772106694	1	1.3305	1.0882	0.6906
248	1303772106732	1	1.3305	1.0882	0.6906
249	1303772106769	1	1.3305	1.0882	0.6906
250	1303772106808	1	1.3305	1.0882	0.6906
251	1303772106850	1	1.3305	1.0882	0.6906
252	1303772106890	1	1.341	1.0882	0.6853
253	1303772106928	1	1.341	1.0882	0.6852
254	1303772106968	1	1.341	1.0882	0.6852
255	1303772107005	1	1.341	1.0882	0.6852
256	1303772107043	1	1.341	1.0882	0.6852
257	1303772107081	1	1.341	1.0882	0.6852
258	1303772107118	1	1.341	1.0882	0.6852
259	1303772107155	1	1.341	1.0882	0.6852
260	1303772107237	1	1.341	1.0882	0.6852
261	1303772107277	1	1.341	1.0882	0.6852
262	1303772107358	1	1.341	1.0882	0.6852
263	1303772107398	1	1.341	1.0882	0.6852
264	1303772107436	1	1.341	1.0882	0.6852
265	1303772107474	1	1.341	1.0882	0.6852
266	1303772107514	1	1.341	1.0882	0.6852
267	1303772107551	1	1.341	1.0882	0.6852
268	1303772107590	1	1.341	1.0882	0.6852
269	1303772107628	1	1.341	1.0882	0.6852
270	1303772107665	1	1.341	1.0882	0.6852
271	1303772107704	1	1.341	1.0882	0.6852
272	1303772107741	1	1.341	1.0882	0.6852
273	1303772107779	1	1.341	1.0882	0.6852
274	1303772107817	1	1.341	1.0882	0.6852
275	1303772107855	1	1.341	1.0882	0.6852
276	1303772107892	1	1.341	1.0882	0.6852
277	1303772107930	1	1.341	1.0882	0.6852
278	1303772107968	1	1.341	1.0882	0.6852
279	1303772108006	1	1.341	1.1111	0.6711
280	1303772108043	1	1.341	1.0882	0.6852
281	1303772108081	1	1.341	1.0833	0.6884
282	1303772108118	1	1.341	1.0833	0.6884
283	1303772108155	1	1.341	1.0833	0.6884
284	1303772108193	1	1.341	1.0882	0.6852
285	1303772108230	1	1.341	1.1111	0.6711
286	1303772108270	1	1.341	1.1176	0.6672
287	1303772108308	1	1.341	1.1111	0.6711
288	1303772108346	1	1.341	1.1111	0.6711
289	1303772108384	1	1.341	1.0833	0.6884
290	1303772108421	1	1.341	1.0833	0.6884
291	1303772108460	1	1.341	1.0833	0.6884
292	1303772108498	1	1.341	1.0833	0.6884
293	1303772108536	1	1.341	1.0833	0.6884
294	1303772108573	1	1.341	1.0833	0.6884
295	1303772108611	1	1.341	1.0833	0.6884
296	1303772108650	1	1.341	1.0833	0.6884
297	1303772108687	1	1.341	1.0833	0.6884
298	1303772108727	1	1.341	1.0833	0.6884
299	1303772108764	1	1.341	1.0833	0.6884
300	1303772108802	1	1.341	1.0833	0.6884
301	1303772108840	1	1.341	1.0833	0.6884
302	1303772108918	1	1.341	1.0833	0.6884
303	1303772108997	1	1.341	1.0833	0.6884
304	1303772109076	1	1.341	1.0833	0.6884
305	1303772109132	1	1.341	1.0833	0.6884
306	1303772109194	1	1.338	1.0833	0.6899
307	1303772109234	1	1.338	1.0833	0.6899
308	1303772109273	1	1.338	1.0833	0.6899
309	1303772109311	1	1.338	1.0833	0.6899
310	1303772109348	1	1.338	1.0833	0.6899
311	1303772109426	1	1.338	1.0833	0.6899
312	1303772109504	1	1.338	1.0833	0.6899
313	1303772109662	1	1.3427	1.0833	0.6875
314	1303772109723	1	1.3427	1.0833	0.6875
315	1303772109802	1	1.3427	1.0833	0.6875
316	1303772109840	1	1.3427	1.0833	0.6875
317	1303772109878	1	1.3427	1.0833	0.6875
318	1303772109917	1	1.3427	1.0833	0.6875
319	1303772109954	1	1.3427	1.0833	0.6875
320	1303772109992	1	1.3427	1.0833	0.6875
321	1303772110029	1	1.3427	1.0833	0.6875
322	1303772110066	1	1.3427	1.0833	0.6875
323	1303772110104	1	1.3427	1.0833	0.6875
324	1303772110143	1	1.3427	1.0833	0.6875
325	1303772110225	1	1.3427	1.0833	0.6875
326	1303772110264	1	1.3427	1.0833	0.6875
327	1303772110302	1	1.3427	1.0833	0.6875
328	1303772110340	1	1.3427	1.0833	0.6875
329	1303772110377	1	1.3427	1.0833	0.6875
330	1303772110415	1	1.3427	1.0833	0.6875
331	1303772110452	1	1.3427	1.0833	0.6875
332	1303772110489	1	1.3427	1.0833	0.6875
333	1303772110526	1	1.3427	1.0833	0.6875
334	1303772110565	1	1.3427	1.0833	0.6875
335	1303772110602	1	1.3427	1.0833	0.6875
336	1303772110639	1	1.3427	1.0833	0.6875
337	1303772110676	1	1.3427	1.0833	0.6875
338	1303772110714	1	1.3427	1.0833	0.6875
339	1303772110753	1	1.3427	1.0833	0.6875
340	1303772110790	1	1.3427	1.0833	0.6875
341	1303772110828	1	1.3427	1.0833	0.6875
342	1303772110865	1	1.3427	1.0833	0.6875
343	1303772110902	1	1.3427	1.0833	0.6875
344	1303772110939	1	1.3427	1.0833	0.6875
345	1303772110976	1	1.3427	1.0833	0.6875
346	1303772111014	1	1.3427	1.0833	0.6875
347	1303772111051	1	1.3427	1.0833	0.6875
348	1303772111088	1	1.3427	1.0833	0.6875
349	1303772111125	1	1.3427	1.0833	0.6875
350	1303772111162	1	1.3427	1.0833	0.6875
351	1303772111240	1	1.3427	1.0833	0.6875
352	1303772111279	1	1.3427	1.0833	0.6875
353	1303772111316	1	1.3427	1.0833	0.6875
354	1303772111356	1	1.3427	1.0833	0.6875
355	1303772111394	1	1.3427	1.0833	0.6875
356	1303772111432	1	1.3427	1.0833	0.6875
357	1303772111471	1	1.3427	1.0833	0.6875
358	1303772111510	1	1.3427	1.0833	0.6875
359	1303772111548	1	1.3427	1.0833	0.6875
360	1303772111588	1	1.3427	1.0833	0.6875
361	1303772111625	1	1.3427	1.0833	0.6875
362	1303772111662	1	1.3427	1.0833	0.6875
363	1303772111699	1	1.3427	1.0833	0.6875
364	1303772111736	1	1.3427	1.0833	0.6875
365	1303772111775	1	1.3427	1.0833	0.6875
366	1303772111832	1	1.3097	1.0833	0.7048
367	1303772111929	1	1.3097	1.0833	0.7048
368	1303772111968	1	1.3097	1.1111	0.6872
369	1303772112007	1	1.3097	1.1111	0.6872
370	1303772112045	1	1.3097	1.1111	0.6872
371	1303772112084	1	1.3097	1.1111	0.6872
372	1303772112121	1	1.3097	1.1111	0.6872
373	1303772112212	1	1.3097	1.1111	0.6872
374	1303772112401	1	1.3097	1.1111	0.6872
375	1303772112465	1	1.3097	1.1111	0.6872
376	1303772112505	1	1.3097	1.1111	0.6872
377	1303772112542	1	1.305	1.1111	0.6897
378	1303772112620	1	1.305	1.1111	0.6897
379	1303772112658	1	1.305	1.1111	0.6897
380	1303772112740	1	1.2203	1.1111	0.7375
381	1303772112778	1	1.2203	1.1111	0.7375
382	1303772112816	1	1.2203	1.1111	0.7375
383	1303772112855	1	1.2203	1.1111	0.7375
384	1303772112893	1	1.2203	1.1111	0.7375
385	1303772112931	1	1.2203	1.1111	0.7375
386	1303772112969	1	1.2203	1.1111	0.7375
387	1303772113047	1	1.2203	1.1111	0.7375
388	1303772113086	1	1.2203	1.1111	0.7375
389	1303772113124	1	1.2203	1.1111	0.7375
390	1303772113162	1	1.2203	1.1111	0.7375
391	1303772113199	1	1.2203	1.1111	0.7375
392	1303772113237	1	1.2203	1.1111	0.7375
393	1303772113277	1	1.2203	1.1111	0.7375
394	1303772113315	1	1.2203	1.1111	0.7375
395	1303772113353	1	1.2203	1.1111	0.7375
396	1303772113390	1	1.2203	1.1111	0.7375
397	1303772113428	1	1.2203	1.1111	0.7375
398	1303772113466	1	1.2203	1.1111	0.7375
399	1303772113503	1	1.2203	1.1111	0.7375
400	1303772113541	1	1.2203	1.0833	0.7564
401	1303772113579	1	1.2203	1.0833	0.7564
402	1303772113617	1	1.2203	1.0833	0.7564
403	1303772113698	1	1.2203	1.0833	0.7564
404	1303772113736	1	1.2203	1.0833	0.7564
405	1303772113775	1	1.2203	1.0833	0.7564
406	1303772113816	1	1.2203	1.0833	0.7564
407	1303772113856	1	1.2203	1.0833	0.7564
408	1303772113934	1	1.2203	1.0833	0.7564
409	1303772113972	1	1.2203	1.0833	0.7564
410	1303772114012	1	1.2203	1.0833	0.7564
411	1303772114049	1	1.2203	1.0833	0.7564
412	1303772114087	1	1.2203	1.0833	0.7564
413	1303772114125	1	1.2203	1.0833	0.7564
414	1303772114208	1	1.2203	1.0833	0.7564
415	1303772114286	1	1.2203	1.0833	0.7564
416	1303772114325	1	1.2203	1.0833	0.7564
417	1303772114363	1	1.2203	1.0833	0.7564
418	1303772114400	1	1.2203	1.0833	0.7564
419	1303772114438	1	1.2203	1.0833	0.7564
420	1303772114477	1	1.2203	1.0833	0.7564
421	1303772114514	1	1.2203	1.0833	0.7564
422	1303772114552	1	1.2203	1.0833	0.7564
423	1303772114589	1	1.2203	1.0833	0.7564
424	1303772114627	1	1.2203	1.0833	0.7564
425	1303772114664	1	1.2203	1.0833	0.7564
426	1303772114711	1	1.2203	1.0833	0.7564
427	1303772114776	1	1.2195	1.0833	0.7569
428	1303772114859	1	1.2195	1.1389	0.72
429	1303772114900	1	1.2195	1.1111	0.738
430	1303772114939	1	1.2195	1.0833	0.7569
431	1303772114979	1	1.2195	1.0833	0.7569
432	1303772115017	1	1.2195	1.0833	0.7569
433	1303772115055	1	1.2195	1.0833	0.7569
434	1303772115150	1	1.2195	1.0833	0.7569
435	1303772115329	1	1.2195	1.0833	0.7569
436	1303772115373	1	1.2195	1.0833	0.7569
437	1303772115411	1	1.2195	1.0556	0.7769
438	1303772115449	1	1.2195	1.0556	0.7769
439	1303772115488	1	1.2195	1.0789	0.76
440	1303772115570	1	1.2195	1.0556	0.7769
441	1303772115611	1	1.2195	1.0789	0.76
442	1303772115650	1	1.2195	1.1053	0.7419
443	1303772115690	1	1.2195	1.0789	0.76
444	1303772115727	1	1.2195	1.0789	0.76
445	1303772115805	1	1.2195	1.0789	0.76
446	1303772115845	1	1.2195	1.0789	0.76
447	1303772115885	1	1.2195	1.0789	0.76
448	1303772115923	1	1.2195	1.0789	0.76
449	1303772115960	1	1.2195	1.0789	0.76
450	1303772115997	1	1.2195	1.0789	0.76
451	1303772116035	1	1.2195	1.0789	0.76
452	1303772116071	1	1.2195	1.0789	0.76
453	1303772116109	1	1.2195	1.0789	0.76
454	1303772116146	1	1.2195	1.0789	0.76
455	1303772116184	1	1.2195	1.0789	0.76
456	1303772116222	1	1.2195	1.0789	0.76
457	1303772116260	1	1.2195	1.0789	0.76
458	1303772116297	1	1.2195	1.0789	0.76
459	1303772116335	1	1.2195	1.0789	0.76
460	1303772116372	1	1.2195	1.0789	0.76
461	1303772116451	1	1.2195	1.0789	0.76
462	1303772116489	1	1.2195	1.0789	0.76
463	1303772116527	1	1.2195	1.0789	0.76
464	1303772116566	1	1.2195	1.0789	0.76
465	1303772116604	1	1.2195	1.0789	0.76
466	1303772116641	1	1.2195	1.0789	0.76
467	1303772116681	1	1.2195	1.0789	0.76
468	1303772116718	1	1.2195	1.0789	0.76
469	1303772116756	1	1.2195	1.0789	0.76
470	1303772116794	1	1.2195	1.0789	0.76
471	1303772116873	1	1.2195	1.0789	0.76
472	1303772116912	1	1.2195	1.0789	0.76
473	1303772116949	1	1.2195	1.0789	0.76
474	1303772116988	1	1.2195	1.0789	0.76
475	1303772117027	1	1.2195	1.0789	0.76
476	1303772117065	1	1.2195	1.0789	0.76
477	1303772117149	1	1.2195	1.0789	0.76
478	1303772117228	1	1.2195	1.0789	0.76
479	1303772117266	1	1.2195	1.0789	0.76
480	1303772117305	1	1.2195	1.0789	0.76
481	1303772117346	1	1.2195	1.0789	0.76
482	1303772117384	1	1.2195	1.0789	0.76
483	1303772117422	1	1.2195	1.0789	0.76
484	1303772117459	1	1.2195	1.0789	0.76
485	1303772117496	1	1.2195	1.0789	0.76
486	1303772117533	1	1.2195	1.0789	0.76
487	1303772117590	1	1.2195	1.0789	0.76
488	1303772117675	1	1.2166	1.0789	0.7618
489	1303772117718	1	1.216	1.0789	0.7622
490	1303772117759	1	1.2157	1.0789	0.7624
491	1303772117799	1	1.2157	1.0789	0.7624
492	1303772117841	1	1.2157	1.0789	0.7624
493	1303772117880	1	1.2157	1.0789	0.7624
494	1303772117918	1	1.2157	1.0789	0.7624
495	1303772118001	1	1.2157	1.0789	0.7624
496	1303772118158	1	1.222	1.0789	0.7585
497	1303772118198	1	1.222	1.0789	0.7585
498	1303772118236	1	1.222	1.0789	0.7585
499	1303772118276	1	1.222	1.0789	0.7585
500	1303772118313	1	1.222	1.0789	0.7585
501	1303772118392	1	1.222	1.0789	0.7585
502	1303772118429	1	1.222	1.0789	0.7585
503	1303772118467	1	1.222	1.0789	0.7585
504	1303772118504	1	1.222	1.0789	0.7585
505	1303772118584	1	1.222	1.0789	0.7585
506	1303772118622	1	1.222	1.0789	0.7585
507	1303772118659	1	1.222	1.0789	0.7585
508	1303772118697	1	1.222	1.0789	0.7585
509	1303772118735	1	1.222	1.0789	0.7585
510	1303772118773	1	1.222	1.0789	0.7585
511	1303772118810	1	1.222	1.0789	0.7585
512	1303772118848	1	1.222	1.0789	0.7585
513	1303772118886	1	1.222	1.0789	0.7585
514	1303772118923	1	1.222	1.0789	0.7585
515	1303772118960	1	1.222	1.0789	0.7585
516	1303772119038	1	1.2483	1.0789	0.7425
517	1303772119077	1	1.2483	1.0789	0.7425
518	1303772119117	1	1.2483	1.0789	0.7425
519	1303772119195	1	1.2483	1.0789	0.7425
520	1303772119233	1	1.2483	1.0789	0.7425
521	1303772119314	1	1.2483	1.0789	0.7425
522	1303772119351	1	1.2483	1.0789	0.7425
523	1303772119389	1	1.2483	1.0789	0.7425
524	1303772119429	1	1.2483	1.0789	0.7425
525	1303772119467	1	1.2483	1.0789	0.7425
526	1303772119504	1	1.2483	1.0789	0.7425
527	1303772119541	1	1.2483	1.0789	0.7425
528	1303772119580	1	1.2483	1.0789	0.7425
529	1303772119617	1	1.2483	1.0789	0.7425
530	1303772119655	1	1.2483	1.0789	0.7425
531	1303772119692	1	1.2483	1.0789	0.7425
532	1303772119729	1	1.2483	1.0789	0.7425
533	1303772119767	1	1.2483	1.0789	0.7425
534	1303772119804	1	1.2483	1.0789	0.7425
535	1303772119843	1	1.2483	1.0789	0.7425
536	1303772119881	1	1.2483	1.0789	0.7425
537	1303772119918	1	1.2483	1.0789	0.7425
538	1303772119958	1	1.2483	1.0789	0.7425
539	1303772119998	1	1.2483	1.0789	0.7425
540	1303772120035	1	1.2483	1.0789	0.7425
541	1303772120072	1	1.2483	1.0789	0.7425
542	1303772120109	1	1.2483	1.0789	0.7425
543	1303772120147	1	1.2483	1.0789	0.7425
544	1303772120224	1	1.2483	1.0789	0.7425
545	1303772120261	1	1.2483	1.0789	0.7425
546	1303772120299	1	1.2483	1.0789	0.7425
547	1303772120337	1	1.2483	1.0789	0.7425
548	1303772120395	1	1.2483	1.0789	0.7425
549	1303772120492	1	1.2474	1.0789	0.743
550	1303772120534	1	1.2471	1.0789	0.7432
551	1303772120576	1	1.2471	1.0789	0.7432
552	1303772120614	1	1.2471	1.0789	0.7432
553	1303772120653	1	1.2471	1.0789	0.7432
554	1303772120692	1	1.2471	1.0789	0.7432
555	1303772120730	1	1.2471	1.0789	0.7432
556	1303772120922	1	1.2471	1.0789	0.7432
557	1303772121374	1	1.2488	1.0789	0.7422
558	1303772121456	1	1.2488	1.0789	0.7422
559	1303772121494	1	1.2488	1.0789	0.7422
560	1303772121531	1	1.2488	1.0789	0.7422
561	1303772121569	1	1.2488	1.0789	0.7422
562	1303772121607	1	1.2488	1.0789	0.7422
563	1303772121645	1	1.2488	1.0789	0.7422
564	1303772121683	1	1.2488	1.0789	0.7422
565	1303772121720	1	1.2488	1.0789	0.7422
566	1303772121758	1	1.2488	1.0789	0.7422
567	1303772121797	1	1.2488	1.0789	0.7422
568	1303772121837	1	1.2488	1.0789	0.7422
569	1303772121875	1	1.2488	1.0789	0.7422
570	1303772121913	1	1.2488	1.0789	0.7422
571	1303772121950	1	1.2488	1.0789	0.7422
572	1303772121988	1	1.2488	1.0789	0.7422
573	1303772122026	1	1.2488	1.0789	0.7422
574	1303772122063	1	1.2488	1.0789	0.7422
575	1303772122101	1	1.2488	1.0789	0.7422
576	1303772122138	1	1.2488	1.0789	0.7422
577	1303772122177	1	1.2488	1.0789	0.7422
578	1303772122216	1	1.2488	1.0789	0.7422
579	1303772122253	1	1.2488	1.0789	0.7422
580	1303772122331	1	1.2488	1.0789	0.7422
581	1303772122372	1	1.2488	1.0789	0.7422
582	1303772122413	1	1.2488	1.0789	0.7422
583	1303772122453	1	1.2488	1.0789	0.7422
584	1303772122490	1	1.2488	1.0789	0.7422
585	1303772122530	1	1.2488	1.0789	0.7422
586	1303772122568	1	1.2488	1.0789	0.7422
587	1303772122605	1	1.2488	1.0789	0.7422
588	1303772122644	1	1.2488	1.0789	0.7422
589	1303772122682	1	1.2488	1.0789	0.7422
590	1303772122761	1	1.2488	1.0789	0.7422
591	1303772122799	1	1.2488	1.0789	0.7422
592	1303772122837	1	1.2488	1.0789	0.7422
593	1303772122874	1	1.2488	1.0789	0.7422
594	1303772122952	1	1.2488	1.0789	0.7422
595	1303772122989	1	1.2488	1.0789	0.7422
596	1303772123027	1	1.2488	1.0789	0.7422
597	1303772123065	1	1.2488	1.0789	0.7422
598	1303772123105	1	1.2488	1.0789	0.7422
599	1303772123147	1	1.2488	1.0789	0.7422
600	1303772123184	1	1.2488	1.0789	0.7422
601	1303772123222	1	1.2488	1.0789	0.7422
602	1303772123260	1	1.2488	1.0789	0.7422
603	1303772123339	1	1.2488	1.0789	0.7422
604	1303772123376	1	1.2488	1.0789	0.7422
605	1303772123415	1	1.2488	1.0789	0.7422
606	1303772123452	1	1.2488	1.0789	0.7422
607	1303772123492	1	1.2488	1.0789	0.7422
608	1303772123529	1	1.2488	1.0789	0.7422
609	1303772123637	1	1.2488	1.0789	0.7422
610	1303772123745	1	1.2488	1.0789	0.7422
611	1303772123789	1	1.249	1.0789	0.7421
612	1303772123878	1	1.2489	1.0789	0.7421
613	1303772123920	1	1.2489	1.0789	0.7421
614	1303772123959	1	1.2489	1.0789	0.7421
615	1303772123997	1	1.2489	1.0789	0.7421
616	1303772124035	1	1.2489	1.0789	0.7421
617	1303772124169	1	1.2489	1.0789	0.7421
618	1303772124519	1	1.2698	1.0789	0.7299
619	1303772124562	1	1.2698	1.0789	0.7299
620	1303772124642	1	1.2698	1.0789	0.7299
621	1303772124682	1	1.2698	1.1053	0.7125
622	1303772124721	1	1.2698	1.1053	0.7125
623	1303772124760	1	1.2698	1.1053	0.7125
624	1303772124800	1	1.2698	1.1053	0.7125
625	1303772124839	1	1.2698	1.1053	0.7125
626	1303772124968	1	1.2698	1.1053	0.7125
627	1303772125047	1	1.2698	1.1053	0.7125
628	1303772125084	1	1.2698	1.1053	0.7125
629	1303772125122	1	1.2698	1.1053	0.7125
630	1303772125159	1	1.2698	1.1053	0.7125
631	1303772125197	1	1.2698	1.1053	0.7125
632	1303772125234	1	1.2698	1.1053	0.7125
633	1303772125272	1	1.2698	1.1053	0.7125
634	1303772125309	1	1.2698	1.1053	0.7125
635	1303772125348	1	1.2698	1.1053	0.7125
636	1303772125387	1	1.2698	1.1053	0.7125
637	1303772125466	1	1.2698	1.1053	0.7125
638	1303772125504	1	1.2698	1.1053	0.7125
639	1303772125582	1	1.2698	1.1053	0.7125
640	1303772125619	1	1.2698	1.1053	0.7125
641	1303772125657	1	1.2698	1.1053	0.7125
642	1303772125694	1	1.2698	1.1053	0.7125
643	1303772125773	1	1.2698	1.1053	0.7125
644	1303772125811	1	1.2698	1.1053	0.7125
645	1303772125848	1	1.2698	1.1053	0.7125
646	1303772125886	1	1.2698	1.1053	0.7125
647	1303772125965	1	1.2698	1.0789	0.7299
648	1303772126003	1	1.2698	1.1053	0.7125
649	1303772126082	1	1.2698	1.1053	0.7125
650	1303772126124	1	1.2698	1.1053	0.7125
651	1303772126164	1	1.2698	1.0789	0.7299
652	1303772126203	1	1.2698	1.1053	0.7125
653	1303772126240	1	1.2698	1.1053	0.7125
654	1303772126277	1	1.2698	1.1053	0.7125
655	1303772126315	1	1.2698	1.0789	0.7299
656	1303772126352	1	1.2698	1.1053	0.7125
657	1303772126390	1	1.2698	1.1053	0.7125
658	1303772126427	1	1.2698	1.1053	0.7125
659	1303772126466	1	1.2698	1.0789	0.7299
660	1303772126505	1	1.2698	1.1053	0.7125
661	1303772126543	1	1.2698	1.1053	0.7125
662	1303772126582	1	1.2698	1.1053	0.7125
663	1303772126619	1	1.2698	1.0789	0.7299
664	1303772126656	1	1.2698	1.1053	0.7125
665	1303772126694	1	1.2698	1.1053	0.7125
666	1303772126731	1	1.2698	1.1053	0.7125
667	1303772126768	1	1.2698	1.0789	0.7299
668	1303772126806	1	1.2698	1.1053	0.7125
669	1303772126845	1	1.2698	1.1053	0.7125
670	1303772126889	1	1.2698	1.1053	0.7125
671	1303772126947	1	1.2698	1.0789	0.7299
672	1303772126990	1	1.2683	1.0789	0.7307
673	1303772127032	1	1.2683	1.0789	0.7307
674	1303772127072	1	1.2683	1.1053	0.7133
675	1303772127114	1	1.2683	1.0789	0.7307
676	1303772127151	1	1.2683	1.0789	0.7307
677	1303772127189	1	1.2683	1.1053	0.7133
678	1303772127246	1	1.2683	1.1053	0.7133
679	1303772127349	1	1.2898	1.1053	0.7015
680	1303772127435	1	1.2898	1.1053	0.7015
681	1303772127474	1	1.2898	1.1316	0.6852
682	1303772127514	1	1.2898	1.1316	0.6852
683	1303772127552	1	1.2898	1.1316	0.6852
684	1303772127590	1	1.2898	1.1316	0.6852
685	1303772127628	1	1.2898	1.1316	0.6852
686	1303772127665	1	1.2898	1.1316	0.6852
687	1303772127702	1	1.2898	1.1316	0.6852
688	1303772127780	1	1.2898	1.1316	0.6852
689	1303772127818	1	1.2898	1.1316	0.6852
690	1303772127855	1	1.2898	1.1316	0.6852
691	1303772127893	1	1.2898	1.1316	0.6852
692	1303772127933	1	1.2898	1.1316	0.6852
693	1303772127972	1	1.2898	1.1316	0.6852
694	1303772128009	1	1.2898	1.1316	0.6852
695	1303772128047	1	1.2898	1.1053	0.7015
696	1303772128084	1	1.2898	1.1053	0.7015
697	1303772128121	1	1.2898	1.1053	0.7015
698	1303772128159	1	1.2898	1.1053	0.7015
699	1303772128236	1	1.2898	1.1053	0.7015
700	1303772128273	1	1.2898	1.1053	0.7015
701	1303772128311	1	1.2898	1.0789	0.7186
702	1303772128350	1	1.2898	1.0789	0.7186
703	1303772128388	1	1.2898	1.0789	0.7186
704	1303772128426	1	1.2898	1.0789	0.7186
705	1303772128464	1	1.2898	1.0789	0.7186
706	1303772128502	1	1.2898	1.0789	0.7186
707	1303772128539	1	1.2898	1.0789	0.7186
708	1303772128577	1	1.2898	1.0789	0.7186
709	1303772128614	1	1.2898	1.0789	0.7186
710	1303772128653	1	1.2898	1.0789	0.7186
711	1303772128690	1	1.2898	1.0789	0.7186
712	1303772128728	1	1.2898	1.0789	0.7186
713	1303772128765	1	1.2898	1.0789	0.7186
714	1303772128802	1	1.2898	1.0789	0.7186
715	1303772128839	1	1.2898	1.0789	0.7186
716	1303772128878	1	1.2898	1.0789	0.7186
717	1303772128917	1	1.2898	1.0789	0.7186
718	1303772128956	1	1.2898	1.0789	0.7186
719	1303772128994	1	1.2898	1.0789	0.7186
720	1303772129032	1	1.2898	1.0789	0.7186
721	1303772129070	1	1.2898	1.0789	0.7186
722	1303772129107	1	1.2898	1.0789	0.7186
723	1303772129145	1	1.2898	1.0789	0.7186
724	1303772129182	1	1.2898	1.0789	0.7186
725	1303772129261	1	1.2898	1.0789	0.7186
726	1303772129299	1	1.2898	1.0789	0.7186
727	1303772129337	1	1.2898	1.0789	0.7186
728	1303772129422	1	1.3471	1.0789	0.688
729	1303772129460	1	1.3471	1.0789	0.688
730	1303772129497	1	1.3471	1.0789	0.688
731	1303772129541	1	1.3471	1.0789	0.688
732	1303772129594	1	1.3471	1.0789	0.688
733	1303772129635	1	1.3471	1.0789	0.688
734	1303772129675	1	1.3487	1.0526	0.7044
735	1303772129756	1	1.3487	1.0789	0.6872
736	1303772129797	1	1.3487	1.0789	0.6872
737	1303772129882	1	1.3487	1.0789	0.6872
738	1303772129919	1	1.3487	1.0789	0.6872
739	1303772129973	1	1.3487	1.0789	0.6872
740	1303772130052	1	1.2876	1.0789	0.7198
741	1303772130091	1	1.2876	1.0789	0.7198
742	1303772130131	1	1.2876	1.0789	0.7198
743	1303772130169	1	1.2876	1.0789	0.7198
744	1303772130206	1	1.2876	1.0789	0.7198
745	1303772130289	1	1.3809	1.0789	0.6712
746	1303772130328	1	1.3809	1.0789	0.6712
747	1303772130366	1	1.3809	1.0789	0.6712
748	1303772130403	1	1.3809	1.0789	0.6712
749	1303772130441	1	1.3809	1.0789	0.6712
750	1303772130478	1	1.3809	1.0789	0.6712
751	1303772130516	1	1.3809	1.0789	0.6712
752	1303772130553	1	1.3809	1.0789	0.6712
753	1303772130590	1	1.3809	1.0789	0.6712
754	1303772130628	1	1.3809	1.0789	0.6712
755	1303772130665	1	1.3809	1.0789	0.6712
756	1303772130704	1	1.3809	1.0789	0.6712
757	1303772130782	1	1.3809	1.0789	0.6712
758	1303772130819	1	1.3809	1.0789	0.6712
759	1303772130898	1	1.3809	1.0789	0.6712
760	1303772130935	1	1.3809	1.0789	0.6712
761	1303772131016	1	1.3809	1.0789	0.6712
762	1303772131095	1	1.3809	1.0789	0.6712
763	1303772131133	1	1.3809	1.0789	0.6712
764	1303772131170	1	1.3809	1.0789	0.6712
765	1303772131209	1	1.3809	1.0789	0.6712
766	1303772131248	1	1.3809	1.0789	0.6712
767	1303772131285	1	1.3809	1.0789	0.6712
768	1303772131323	1	1.3809	1.0789	0.6712
769	1303772131363	1	1.3809	1.0789	0.6712
770	1303772131401	1	1.3809	1.0789	0.6712
771	1303772131441	1	1.3809	1.0789	0.6712
772	1303772131481	1	1.3809	1.0789	0.6712
773	1303772131518	1	1.3809	1.0789	0.6712
774	1303772131555	1	1.3809	1.0789	0.6712
775	1303772131593	1	1.3809	1.0789	0.6712
776	1303772131630	1	1.3809	1.0789	0.6712
777	1303772131669	1	1.3809	1.0789	0.6712
778	1303772131708	1	1.3809	1.0789	0.6712
779	1303772131746	1	1.3809	1.0789	0.6712
780	1303772131784	1	1.3809	1.0789	0.6712
781	1303772131821	1	1.3809	1.0789	0.6712
782	1303772131858	1	1.3809	1.0789	0.6712
783	1303772131896	1	1.3809	1.0789	0.6712
784	1303772131933	1	1.3809	1.0789	0.6712
785	1303772131971	1	1.3809	1.0789	0.6712
786	1303772132008	1	1.3809	1.0789	0.6712
787	1303772132046	1	1.3809	1.0789	0.6712
788	1303772132085	1	1.3809	1.0789	0.6712
789	1303772132122	1	1.3809	1.0789	0.6712
790	1303772132207	1	1.3809	1.0789	0.6712
791	1303772132245	1	1.3809	1.0789	0.6712
792	1303772132291	1	1.3809	1.0789	0.6712
793	1303772132343	1	1.3809	1.0789	0.6712
794	1303772132384	1	1.3809	1.0789	0.6712
795	1303772132425	1	1.3809	1.0789	0.6712
796	1303772132464	1	1.3809	1.0789	0.6712
797	1303772132504	1	1.3809	1.0789	0.6712
798	1303772132543	1	1.3809	1.0789	0.6712
799	1303772132581	1	1.3809	1.0789	0.6712
800	1303772132635	1	1.3809	1.0789	0.6712
801	1303772132757	1	1.4432	1.0789	0.6422
802	1303772132797	1	1.4432	1.0789	0.6422
803	1303772132835	1	1.4432	1.0789	0.6422
804	1303772132876	1	1.4432	1.0789	0.6422
805	1303772132914	1	1.4432	1.0789	0.6422
806	1303772132952	1	1.4432	1.0789	0.6422
807	1303772132990	1	1.4432	1.0789	0.6422
808	1303772133027	1	1.4432	1.0789	0.6422
809	1303772133065	1	1.4432	1.0789	0.6422
810	1303772133102	1	1.4432	1.0789	0.6422
811	1303772133140	1	1.4432	1.0789	0.6422
812	1303772133177	1	1.4432	1.0789	0.6422
813	1303772133215	1	1.4432	1.0789	0.6422
814	1303772133253	1	1.4432	1.0789	0.6422
815	1303772133290	1	1.4432	1.0789	0.6422
816	1303772133330	1	1.4432	1.0789	0.6422
817	1303772133368	1	1.4432	1.0789	0.6422
818	1303772133408	1	1.4432	1.0789	0.6422
819	1303772133445	1	1.4432	1.0789	0.6422
820	1303772133482	1	1.4432	1.0789	0.6422
821	1303772133522	1	1.4432	1.0789	0.6422
822	1303772133560	1	1.4432	1.0789	0.6422
823	1303772133597	1	1.4432	1.0789	0.6422
824	1303772133634	1	1.4432	1.0789	0.6422
825	1303772133719	1	1.4432	1.0789	0.6422
826	1303772133757	1	1.4432	1.0789	0.6422
827	1303772133795	1	1.4432	1.0789	0.6422
828	1303772133835	1	1.4432	1.0789	0.6422
829	1303772133874	1	1.4432	1.0789	0.6422
830	1303772133911	1	1.4432	1.0789	0.6422
831	1303772133949	1	1.4432	1.0789	0.6422
832	1303772133986	1	1.4432	1.0789	0.6422
833	1303772134025	1	1.4432	1.0789	0.6422
834	1303772134064	1	1.4432	1.0789	0.6422
835	1303772134101	1	1.4432	1.0789	0.6422
836	1303772134138	1	1.4432	1.0789	0.6422
837	1303772134176	1	1.4432	1.0789	0.6422
838	1303772134213	1	1.4432	1.0789	0.6422
839	1303772134253	1	1.4432	1.0789	0.6422
840	1303772134290	1	1.4432	1.0789	0.6422
841	1303772134328	1	1.4432	1.0789	0.6422
842	1303772134365	1	1.4432	1.0789	0.6422
843	1303772134403	1	1.4432	1.0789	0.6422
844	1303772134441	1	1.4432	1.0789	0.6422
845	1303772134478	1	1.4432	1.0789	0.6422
846	1303772134516	1	1.4432	1.0789	0.6422
847	1303772134553	1	1.4432	1.0789	0.6422
848	1303772134591	1	1.4432	1.0789	0.6422
849	1303772134671	1	1.3801	1.0789	0.6715
850	1303772134709	1	1.3801	1.0789	0.6715
851	1303772134746	1	1.3801	1.0789	0.6715
852	1303772134784	1	1.3801	1.0789	0.6715
853	1303772134828	1	1.3801	1.0789	0.6715
854	1303772134879	1	1.3801	1.0789	0.6715
855	1303772134919	1	1.3801	1.0789	0.6715
856	1303772134962	1	1.3801	1.0789	0.6715
857	1303772135002	1	1.3801	1.0789	0.6715
858	1303772135042	1	1.3801	1.0789	0.6715
859	1303772135080	1	1.3801	1.0789	0.6715
860	1303772135117	1	1.3801	1.0789	0.6715
861	1303772135170	1	1.3801	1.0789	0.6715
862	1303772135247	1	1.3801	1.0789	0.6715
863	1303772135288	1	1.3801	1.0789	0.6715
864	1303772135329	1	1.3801	1.0789	0.6716
865	1303772135370	1	1.3801	1.0789	0.6716
866	1303772135408	1	1.3801	1.0789	0.6716
867	1303772135445	1	1.3801	1.0789	0.6716
868	1303772135483	1	1.3801	1.0789	0.6716
869	1303772135522	1	1.3801	1.0789	0.6716
870	1303772135560	1	1.3801	1.0789	0.6716
871	1303772135597	1	1.3801	1.0789	0.6716
872	1303772135634	1	1.3801	1.0789	0.6716
873	1303772135671	1	1.3801	1.0789	0.6716
874	1303772135709	1	1.3801	1.0789	0.6716
875	1303772135746	1	1.3801	1.0789	0.6716
876	1303772135824	1	1.3801	1.0789	0.6716
877	1303772135861	1	1.3801	1.0789	0.6716
878	1303772135899	1	1.3801	1.0789	0.6716
879	1303772135979	1	1.3801	1.0789	0.6716
880	1303772136018	1	1.3801	1.0789	0.6716
881	1303772136055	1	1.3801	1.0789	0.6716
882	1303772136093	1	1.3801	1.0789	0.6716
883	1303772136130	1	1.3801	1.0789	0.6716
884	1303772136167	1	1.3801	1.0789	0.6716
885	1303772136205	1	1.3801	1.0789	0.6716
886	1303772136243	1	1.3801	1.0789	0.6716
887	1303772136281	1	1.3801	1.0789	0.6716
888	1303772136359	1	1.3801	1.0789	0.6716
889	1303772136398	1	1.3801	1.0789	0.6716
890	1303772136435	1	1.3801	1.0789	0.6716
891	1303772136473	1	1.3801	1.0789	0.6716
892	1303772136511	1	1.3801	1.0789	0.6716
893	1303772136548	1	1.3801	1.0789	0.6716
894	1303772136586	1	1.3801	1.0789	0.6716
895	1303772136624	1	1.3801	1.0789	0.6716
896	1303772136662	1	1.3801	1.0789	0.6716
897	1303772136700	1	1.3801	1.0789	0.6716
898	1303772136737	1	1.3801	1.0789	0.6716
899	1303772136776	1	1.3801	1.0789	0.6716
900	1303772136814	1	1.3801	1.0789	0.6716
901	1303772136851	1	1.3801	1.0789	0.6716
902	1303772136888	1	1.3801	1.0789	0.6716
903	1303772136926	1	1.3801	1.0789	0.6716
904	1303772136963	1	1.3801	1.0789	0.6716
905	1303772137000	1	1.3801	1.0789	0.6716
906	1303772137038	1	1.3801	1.0789	0.6716
907	1303772137075	1	1.3801	1.0789	0.6716
908	1303772137112	1	1.3801	1.0789	0.6716
909	1303772137150	1	1.3801	1.0789	0.6716
910	1303772137187	1	1.3801	1.0789	0.6716
911	1303772137225	1	1.3801	1.0789	0.6716
912	1303772137262	1	1.3801	1.0789	0.6716
913	1303772137302	1	1.3801	1.0789	0.6716
914	1303772137345	1	1.3801	1.0789	0.6716
915	1303772137394	1	1.3801	1.0789	0.6716
916	1303772137436	1	1.3801	1.0789	0.6716
917	1303772137477	1	1.3801	1.0789	0.6716
918	1303772137515	1	1.3801	1.0789	0.6716
919	1303772137554	1	1.3801	1.0789	0.6716
920	1303772137592	1	1.3801	1.0789	0.6716
921	1303772137671	1	1.3801	1.0789	0.6716
922	1303772137726	1	1.3801	1.0789	0.6716
923	1303772137806	1	1.3802	1.0789	0.6715
924	1303772137846	1	1.3802	1.0789	0.6715
925	1303772137884	1	1.3802	1.0789	0.6715
926	1303772137923	1	1.3802	1.0789	0.6715
927	1303772137963	1	1.3802	1.0789	0.6715
928	1303772138047	1	1.3802	1.0789	0.6715
929	1303772138084	1	1.3802	1.0789	0.6715
930	1303772138122	1	1.3802	1.0789	0.6715
931	1303772138159	1	1.3802	1.0789	0.6715
932	1303772138196	1	1.3802	1.0789	0.6715
933	1303772138234	1	1.3802	1.0789	0.6715
934	1303772138271	1	1.3802	1.0789	0.6715
935	1303772138350	1	1.3802	1.0789	0.6715
936	1303772138389	1	1.3802	1.0789	0.6715
937	1303772138468	1	1.3802	1.0789	0.6715
938	1303772138505	1	1.3802	1.0789	0.6715
939	1303772138543	1	1.3802	1.0789	0.6715
940	1303772138580	1	1.3802	1.0789	0.6715
941	1303772138619	1	1.3802	1.0789	0.6715
942	1303772138657	1	1.3802	1.0789	0.6715
943	1303772138695	1	1.3802	1.0789	0.6715
944	1303772138733	1	1.3802	1.0789	0.6715
945	1303772138772	1	1.3802	1.0789	0.6715
946	1303772138810	1	1.3802	1.0789	0.6715
947	1303772138847	1	1.3802	1.0789	0.6715
948	1303772138884	1	1.3802	1.0789	0.6715
949	1303772138922	1	1.3802	1.0789	0.6715
950	1303772138960	1	1.3802	1.0789	0.6715
951	1303772138999	1	1.3802	1.0789	0.6715
952	1303772139038	1	1.3802	1.0789	0.6715
953	1303772139075	1	1.3802	1.0789	0.6715
954	1303772139120	1	1.3802	1.0789	0.6715
955	1303772139157	1	1.3802	1.0789	0.6715
956	1303772139195	1	1.3802	1.0789	0.6715
957	1303772139232	1	1.3802	1.0789	0.6715
958	1303772139271	1	1.3802	1.0789	0.6715
959	1303772139309	1	1.3802	1.0789	0.6715
960	1303772139347	1	1.3802	1.0789	0.6715
961	1303772139385	1	1.3802	1.0789	0.6715
962	1303772139422	1	1.3802	1.0789	0.6715
963	1303772139459	1	1.3802	1.0789	0.6715
964	1303772139496	1	1.3802	1.0789	0.6715
965	1303772139534	1	1.3802	1.0789	0.6715
966	1303772139572	1	1.3802	1.0789	0.6715
967	1303772139609	1	1.3802	1.0789	0.6715
968	1303772139646	1	1.3802	1.0789	0.6715
969	1303772139684	1	1.3802	1.0789	0.6715
970	1303772139722	1	1.3802	1.0789	0.6715
971	1303772139759	1	1.3802	1.0789	0.6715
972	1303772139797	1	1.3802	1.0789	0.6715
973	1303772139837	1	1.3802	1.0789	0.6715
974	1303772139875	1	1.3802	1.0789	0.6715
975	1303772139920	1	1.3802	1.0789	0.6715
976	1303772139972	1	1.3802	1.0789	0.6715
977	1303772140014	1	1.3802	1.0789	0.6715
978	1303772140055	1	1.3802	1.0789	0.6715
979	1303772140095	1	1.3802	1.0789	0.6715
980	1303772140135	1	1.3802	1.0789	0.6715
981	1303772140173	1	1.3802	1.0789	0.6715
982	1303772140213	1	1.3802	1.0789	0.6715
983	1303772140270	1	1.3802	1.0789	0.6715
984	1303772140389	1	1.3802	1.0789	0.6715
985	1303772140428	1	1.3803	1.0789	0.6715
986	1303772140467	1	1.3803	1.0789	0.6715
987	1303772140504	1	1.3803	1.0789	0.6715
988	1303772140544	1	1.3803	1.0789	0.6715
989	1303772140582	1	1.3803	1.0789	0.6715
990	1303772140620	1	1.3803	1.0789	0.6715
991	1303772140658	1	1.3803	1.0789	0.6715
992	1303772140695	1	1.3803	1.0789	0.6715
993	1303772140732	1	1.3803	1.0789	0.6715
994	1303772140770	1	1.3803	1.0789	0.6715
995	1303772140807	1	1.3803	1.0789	0.6715
996	1303772140845	1	1.3803	1.0789	0.6715
997	1303772140883	1	1.3803	1.0789	0.6715
998	1303772140921	1	1.3803	1.0789	0.6715
999	1303772140959	1	1.3803	1.0789	0.6715
1000	1303772140996	1	1.3803	1.0789	0.6715
1001	1303772141075	1	1.3803	1.0789	0.6715
1002	1303772141112	1	1.3803	1.0789	0.6715
1003	1303772141191	1	1.3803	1.0789	0.6715
1004	1303772141231	1	1.3803	1.0789	0.6715
1005	1303772141310	1	1.3803	1.0789	0.6715
1006	1303772141348	1	1.3803	1.0789	0.6715
1007	1303772141385	1	1.3803	1.0789	0.6715
1008	1303772141425	1	1.3803	1.0789	0.6715
1009	1303772141505	1	1.3803	1.0789	0.6715
1010	1303772141543	1	1.3803	1.0789	0.6715
1011	1303772141582	1	1.3803	1.0789	0.6715
1012	1303772141619	1	1.3803	1.0789	0.6715
1013	1303772141659	1	1.3803	1.0789	0.6715
1014	1303772141699	1	1.3803	1.0789	0.6715
1015	1303772141737	1	1.3803	1.0789	0.6715
1016	1303772141774	1	1.3803	1.0789	0.6715
1017	1303772141813	1	1.3803	1.0789	0.6715
1018	1303772141850	1	1.3803	1.0789	0.6715
1019	1303772141888	1	1.3803	1.0789	0.6715
1020	1303772141927	1	1.3803	1.0789	0.6715
1021	1303772141964	1	1.3803	1.0789	0.6715
1022	1303772142002	1	1.3803	1.0789	0.6715
1023	1303772142040	1	1.3803	1.0789	0.6715
1024	1303772142077	1	1.3803	1.0789	0.6715
1025	1303772142115	1	1.3803	1.0789	0.6715
1026	1303772142153	1	1.3803	1.0789	0.6715
1027	1303772142191	1	1.3803	1.0789	0.6715
1028	1303772142228	1	1.3803	1.0789	0.6715
1029	1303772142265	1	1.3803	1.0789	0.6715
1030	1303772142303	1	1.3803	1.0789	0.6715
1031	1303772142340	1	1.3803	1.0789	0.6715
1032	1303772142378	1	1.3803	1.0789	0.6715
1033	1303772142416	1	1.3803	1.0789	0.6715
1034	1303772142454	1	1.3803	1.0789	0.6715
1035	1303772142491	1	1.3803	1.0789	0.6715
1036	1303772142537	1	1.3803	1.0789	0.6715
1037	1303772142587	1	1.3803	1.0789	0.6715
1038	1303772142630	1	1.3803	1.0789	0.6715
1039	1303772142670	1	1.3803	1.0789	0.6715
1040	1303772142710	1	1.3803	1.0789	0.6715
1041	1303772142748	1	1.3803	1.0789	0.6715
1042	1303772142786	1	1.3803	1.0789	0.6715
1043	1303772142823	1	1.3803	1.0789	0.6715
1044	1303772142922	1	1.5004	1.0789	0.6177
1045	1303772142999	1	1.5004	1.0789	0.6177
1046	1303772143038	1	1.5004	1.0789	0.6177
1047	1303772143093	1	1.5004	1.0789	0.6177
1048	1303772143130	1	1.5004	1.0789	0.6177
1049	1303772143170	1	1.5004	1.0789	0.6177
1050	1303772143207	1	1.5004	1.0789	0.6177
1051	1303772143244	1	1.5004	1.0789	0.6177
1052	1303772143324	1	1.5004	1.0789	0.6177
1053	1303772143362	1	1.5004	1.0789	0.6177
1054	1303772143428	1	1.5004	1.0789	0.6177
1055	1303772143465	1	1.5004	1.0789	0.6177
1056	1303772143503	1	1.5004	1.0789	0.6177
1057	1303772143541	1	1.5004	1.0789	0.6177
1058	1303772143579	1	1.5004	1.0789	0.6177
1059	1303772143617	1	1.5004	1.0789	0.6177
1060	1303772143654	1	1.5004	1.0789	0.6177
1061	1303772143691	1	1.5004	1.0789	0.6177
1062	1303772143729	1	1.5004	1.0789	0.6177
1063	1303772143767	1	1.5004	1.0789	0.6177
1064	1303772143807	1	1.5004	1.0789	0.6177
1065	1303772143845	1	1.5004	1.0789	0.6177
1066	1303772143887	1	1.5004	1.0789	0.6177
1067	1303772143928	1	1.5004	1.0789	0.6177
1068	1303772144012	1	1.5004	1.0789	0.6177
1069	1303772144050	1	1.5004	1.0789	0.6177
1070	1303772144087	1	1.5004	1.0789	0.6177
1071	1303772144125	1	1.5004	1.0789	0.6177
1072	1303772144163	1	1.5004	1.0789	0.6177
1073	1303772144200	1	1.5004	1.0789	0.6177
1074	1303772144238	1	1.5004	1.0789	0.6177
1075	1303772144276	1	1.5004	1.0789	0.6177
1076	1303772144314	1	1.5004	1.0789	0.6177
1077	1303772144352	1	1.5004	1.0789	0.6177
1078	1303772144390	1	1.5004	1.0789	0.6177
1079	1303772144428	1	1.5004	1.0789	0.6177
1080	1303772144465	1	1.5004	1.0789	0.6177
1081	1303772144503	1	1.5004	1.0789	0.6177
1082	1303772144545	1	1.5004	1.0789	0.6177
1083	1303772144583	1	1.5004	1.0789	0.6177
1084	1303772144620	1	1.5004	1.0789	0.6177
1085	1303772144658	1	1.5004	1.0789	0.6177
1086	1303772144696	1	1.5004	1.0789	0.6177
1087	1303772144733	1	1.5004	1.0789	0.6177
1088	1303772144771	1	1.5004	1.0789	0.6177
1089	1303772144809	1	1.5004	1.0789	0.6177
1090	1303772144846	1	1.5004	1.0789	0.6177
1091	1303772144884	1	1.5004	1.0789	0.6177
1092	1303772144922	1	1.5004	1.0789	0.6177
1093	1303772144960	1	1.5004	1.0789	0.6177
1094	1303772144997	1	1.5004	1.0789	0.6177
1095	1303772145035	1	1.5004	1.0789	0.6177
1096	1303772145073	1	1.5004	1.0789	0.6177
1097	1303772145116	1	1.5004	1.0789	0.6177
1098	1303772145167	1	1.5004	1.0789	0.6177
1099	1303772145209	1	1.5004	1.0789	0.6177
1100	1303772145251	1	1.5004	1.0789	0.6177
1101	1303772145292	1	1.5004	1.0789	0.6177
1102	1303772145331	1	1.5004	1.0789	0.6177
1103	1303772145370	1	1.5004	1.0789	0.6177
1104	1303772145408	1	1.5004	1.0789	0.6177
1105	1303772145466	1	1.5004	1.0789	0.6177
1106	1303772145550	1	1.4998	1.0789	0.618
1107	1303772145589	1	1.4998	1.0789	0.618
1108	1303772145628	1	1.4998	1.0789	0.618
1109	1303772145666	1	1.4998	1.0789	0.618
1110	1303772145704	1	1.4998	1.0789	0.618
1111	1303772145743	1	1.4998	1.0789	0.618
1112	1303772145782	1	1.4998	1.0789	0.618
1113	1303772145820	1	1.4998	1.0789	0.618
1114	1303772145860	1	1.4998	1.0789	0.618
1115	1303772145897	1	1.4998	1.0789	0.618
1116	1303772145935	1	1.4998	1.0789	0.618
1117	1303772145972	1	1.4998	1.0789	0.618
1118	1303772146010	1	1.4998	1.0789	0.618
1119	1303772146048	1	1.4998	1.0789	0.618
1120	1303772146085	1	1.4998	1.0789	0.618
1121	1303772146123	1	1.4998	1.0789	0.618
1122	1303772146161	1	1.4998	1.0789	0.618
1123	1303772146199	1	1.4998	1.0789	0.618
1124	1303772146240	1	1.4998	1.0789	0.618
1125	1303772146278	1	1.4998	1.0789	0.618
1126	1303772146316	1	1.4998	1.0789	0.618
1127	1303772146355	1	1.4998	1.0789	0.618
1128	1303772146393	1	1.4998	1.0789	0.618
1129	1303772146433	1	1.4998	1.0789	0.618
1130	1303772146470	1	1.4998	1.0789	0.618
1131	1303772146508	1	1.4998	1.0789	0.618
1132	1303772146545	1	1.4998	1.0789	0.618
1133	1303772146582	1	1.4998	1.0789	0.618
1134	1303772146620	1	1.4998	1.0789	0.618
1135	1303772146704	1	1.4998	1.0789	0.618
1136	1303772146742	1	1.4998	1.0789	0.618
1137	1303772146781	1	1.4998	1.0789	0.618
1138	1303772146818	1	1.4998	1.0789	0.618
1139	1303772146858	1	1.4998	1.0789	0.618
1140	1303772146896	1	1.4998	1.0789	0.618
1141	1303772146933	1	1.4998	1.0789	0.618
1142	1303772146971	1	1.4998	1.0789	0.618
1143	1303772147009	1	1.4998	1.0789	0.618
1144	1303772147046	1	1.4998	1.0789	0.618
1145	1303772147085	1	1.4998	1.0789	0.618
1146	1303772147123	1	1.4998	1.0789	0.618
1147	1303772147160	1	1.4998	1.0789	0.618
1148	1303772147198	1	1.4998	1.0789	0.618
1149	1303772147236	1	1.4998	1.0789	0.618
1150	1303772147273	1	1.4998	1.0789	0.618
1151	1303772147311	1	1.4998	1.0789	0.618
1152	1303772147389	1	1.4998	1.0789	0.618
1153	1303772147429	1	1.4998	1.0789	0.618
1154	1303772147467	1	1.4998	1.0789	0.618
1155	1303772147505	1	1.4998	1.0789	0.618
1156	1303772147543	1	1.4998	1.0789	0.618
1157	1303772147581	1	1.4998	1.0789	0.618
1158	1303772147628	1	1.4998	1.0789	0.618
1159	1303772147679	1	1.4998	1.0789	0.618
1160	1303772147722	1	1.4998	1.0789	0.618
1161	1303772147764	1	1.4998	1.0789	0.618
1162	1303772147804	1	1.4998	1.0789	0.618
1163	1303772147843	1	1.4998	1.0789	0.618
1164	1303772147881	1	1.4998	1.0789	0.618
1165	1303772147919	1	1.4998	1.0789	0.618
1166	1303772147976	1	1.4998	1.0789	0.618
1167	1303772148056	1	1.4998	1.0789	0.618
1168	1303772148096	1	1.4998	1.0789	0.618
1169	1303772148136	1	1.4995	1.0789	0.6181
1170	1303772148174	1	1.4995	1.0789	0.6181
1171	1303772148212	1	1.4995	1.0789	0.6181
1172	1303772148252	1	1.4995	1.0789	0.6181
1173	1303772148290	1	1.4995	1.0789	0.6181
1174	1303772148329	1	1.4995	1.0789	0.6181
1175	1303772148367	1	1.4995	1.0789	0.6181
1176	1303772148405	1	1.4995	1.0789	0.6181
1177	1303772148444	1	1.4995	1.0789	0.6181
1178	1303772148481	1	1.4995	1.0789	0.6181
1179	1303772148519	1	1.4995	1.0789	0.6181
1180	1303772148557	1	1.4995	1.0789	0.6181
1181	1303772148595	1	1.4995	1.0789	0.6181
1182	1303772148632	1	1.4995	1.0789	0.6181
1183	1303772148670	1	1.4995	1.0789	0.6181
1184	1303772148708	1	1.4995	1.0789	0.6181
1185	1303772148749	1	1.4995	1.0789	0.6181
1186	1303772148788	1	1.4995	1.0789	0.6181
1187	1303772148827	1	1.4995	1.0789	0.6181
1188	1303772148906	1	1.4995	1.0789	0.6181
1189	1303772148944	1	1.4995	1.0789	0.6181
1190	1303772148983	1	1.4995	1.0789	0.6181
1191	1303772149024	1	1.4995	1.0789	0.6181
1192	1303772149062	1	1.4995	1.0789	0.6181
1193	1303772149100	1	1.4995	1.0789	0.6181
1194	1303772149141	1	1.4995	1.0789	0.6181
1195	1303772149179	1	1.4995	1.0789	0.6181
1196	1303772149218	1	1.4995	1.0789	0.6181
1197	1303772149256	1	1.4995	1.0789	0.6181
1198	1303772149341	1	1.4615	1.0789	0.6342
1199	1303772149379	1	1.4615	1.0789	0.6342
1200	1303772149458	1	1.4615	1.0789	0.6342
1201	1303772149497	1	1.4615	1.0789	0.6342
1202	1303772149536	1	1.4615	1.0789	0.6342
1203	1303772149574	1	1.4615	1.0789	0.6342
1204	1303772149653	1	1.4615	1.0789	0.6342
1205	1303772149691	1	1.4615	1.0789	0.6342
1206	1303772149729	1	1.4615	1.0789	0.6342
1207	1303772149767	1	1.4615	1.0789	0.6342
1208	1303772149805	1	1.4615	1.0789	0.6342
1209	1303772149842	1	1.4615	1.0789	0.6342
1210	1303772149880	1	1.4615	1.0789	0.6342
1211	1303772149920	1	1.4615	1.0789	0.6342
1212	1303772149958	1	1.4615	1.0789	0.6342
1213	1303772149995	1	1.4615	1.0789	0.6342
1214	1303772150033	1	1.4615	1.0789	0.6342
1215	1303772150070	1	1.4615	1.0789	0.6342
1216	1303772150108	1	1.4615	1.0789	0.6342
1217	1303772150146	1	1.4615	1.0789	0.6342
1218	1303772150184	1	1.4615	1.0789	0.6342
1219	1303772150229	1	1.4615	1.0789	0.6342
1220	1303772150279	1	1.4615	1.0789	0.6342
1221	1303772150320	1	1.4615	1.0789	0.6342
1222	1303772150361	1	1.4615	1.0789	0.6342
1223	1303772150402	1	1.4615	1.0789	0.6342
1224	1303772150441	1	1.4615	1.0789	0.6342
1225	1303772150479	1	1.4615	1.0789	0.6342
1226	1303772150517	1	1.4615	1.0789	0.6342
1227	1303772150573	1	1.4615	1.0789	0.6342
1228	1303772150651	1	1.4615	1.0789	0.6342
1229	1303772150691	1	1.4615	1.0789	0.6342
1230	1303772150729	1	1.4612	1.0789	0.6343
1231	1303772150767	1	1.4612	1.0789	0.6343
1232	1303772150805	1	1.4612	1.0789	0.6343
1233	1303772150847	1	1.4612	1.0789	0.6343
1234	1303772150887	1	1.4612	1.0789	0.6343
1235	1303772150924	1	1.4612	1.0789	0.6343
1236	1303772150962	1	1.4612	1.0789	0.6343
1237	1303772151000	1	1.4612	1.0789	0.6343
1238	1303772151038	1	1.4612	1.0789	0.6343
1239	1303772151076	1	1.4612	1.0789	0.6343
1240	1303772151113	1	1.4612	1.0789	0.6343
1241	1303772151151	1	1.4612	1.0789	0.6343
1242	1303772151189	1	1.4612	1.0789	0.6343
1243	1303772151230	1	1.4612	1.0789	0.6343
1244	1303772151267	1	1.4612	1.0789	0.6343
1245	1303772151305	1	1.4612	1.0789	0.6343
1246	1303772151343	1	1.4612	1.0789	0.6343
1247	1303772151380	1	1.4612	1.0789	0.6343
1248	1303772151419	1	1.4612	1.0789	0.6343
1249	1303772151456	1	1.4612	1.0789	0.6343
1250	1303772151495	1	1.4612	1.0789	0.6343
1251	1303772151534	1	1.4612	1.0789	0.6343
1252	1303772151571	1	1.4612	1.0789	0.6343
1253	1303772151609	1	1.4612	1.0789	0.6343
1254	1303772151646	1	1.4612	1.0789	0.6343
1255	1303772151686	1	1.4612	1.0789	0.6343
1256	1303772151724	1	1.4612	1.0789	0.6343
1257	1303772151761	1	1.4612	1.0789	0.6343
1258	1303772151839	1	1.4612	1.0789	0.6343
1259	1303772151878	1	1.4612	1.0789	0.6343
1260	1303772151917	1	1.4612	1.0789	0.6343
1261	1303772151955	1	1.4612	1.0789	0.6343
1262	1303772151994	1	1.4612	1.0789	0.6343
1263	1303772152072	1	1.4612	1.0789	0.6343
1264	1303772152109	1	1.4612	1.0789	0.6343
1265	1303772152147	1	1.4612	1.0789	0.6343
1266	1303772152187	1	1.4612	1.0789	0.6343
1267	1303772152267	1	1.4612	1.0789	0.6343
1268	1303772152308	1	1.4612	1.0789	0.6343
1269	1303772152348	1	1.4612	1.0789	0.6343
1270	1303772152386	1	1.4612	1.0789	0.6343
1271	1303772152424	1	1.4612	1.0789	0.6343
1272	1303772152461	1	1.4612	1.0789	0.6343
1273	1303772152499	1	1.4612	1.0789	0.6343
1274	1303772152536	1	1.4612	1.0789	0.6343
1275	1303772152574	1	1.4612	1.0789	0.6343
1276	1303772152612	1	1.4612	1.0789	0.6343
1277	1303772152650	1	1.4612	1.0789	0.6343
1278	1303772152729	1	1.4612	1.0789	0.6343
1279	1303772152767	1	1.4612	1.0789	0.6343
1280	1303772152813	1	1.4612	1.0789	0.6343
1281	1303772152863	1	1.4612	1.0789	0.6343
1282	1303772152906	1	1.4612	1.0789	0.6343
1283	1303772152949	1	1.4612	1.0789	0.6343
1284	1303772152987	1	1.4612	1.0789	0.6343
1285	1303772153071	1	1.4946	1.0789	0.6201
1286	1303772153110	1	1.4946	1.0789	0.6201
1287	1303772153149	1	1.4946	1.0789	0.6201
1288	1303772153205	1	1.4946	1.0789	0.6201
1289	1303772153281	1	1.5173	1.0789	0.6109
1290	1303772153320	1	1.5173	1.0789	0.6109
1291	1303772153359	1	1.5173	1.0789	0.6109
1292	1303772153399	1	1.5173	1.0789	0.6109
1293	1303772153438	1	1.5173	1.0789	0.6109
1294	1303772153477	1	1.5173	1.0789	0.6109
1295	1303772153514	1	1.5173	1.0789	0.6109
1296	1303772153554	1	1.5173	1.0789	0.6109
1297	1303772153592	1	1.5173	1.0789	0.6109
1298	1303772153631	1	1.5173	1.0789	0.6109
1299	1303772153669	1	1.5173	1.0789	0.6109
1300	1303772153748	1	1.5173	1.0789	0.6109
1301	1303772153786	1	1.5173	1.0789	0.6109
1302	1303772153823	1	1.5173	1.0789	0.6109
1303	1303772153861	1	1.5173	1.0789	0.6109
1304	1303772153900	1	1.5173	1.0789	0.6109
1305	1303772153939	1	1.5173	1.0789	0.6109
1306	1303772153977	1	1.5173	1.0789	0.6109
1307	1303772154014	1	1.5173	1.0789	0.6109
1308	1303772154052	1	1.5173	1.0789	0.6109
1309	1303772154092	1	1.5173	1.0789	0.6109
1310	1303772154173	1	1.5173	1.0789	0.6109
1311	1303772154210	1	1.5173	1.0789	0.6109
1312	1303772154249	1	1.5173	1.0789	0.6109
1313	1303772154287	1	1.5173	1.0789	0.6109
1314	1303772154325	1	1.5173	1.0789	0.6109
1315	1303772154404	1	1.5173	1.0789	0.6109
1316	1303772154441	1	1.5173	1.0789	0.6109
1317	1303772154480	1	1.5173	1.0789	0.6109
1318	1303772154558	1	1.5173	1.0789	0.6109
1319	1303772154596	1	1.5173	1.0789	0.6109
1320	1303772154634	1	1.5173	1.0789	0.6109
1321	1303772154673	1	1.5173	1.0789	0.6109
1322	1303772154712	1	1.5173	1.0789	0.6109
1323	1303772154750	1	1.5173	1.0789	0.6109
1324	1303772154788	1	1.5173	1.0789	0.6109
1325	1303772154826	1	1.5173	1.0789	0.6109
1326	1303772154868	1	1.5173	1.0789	0.6109
1327	1303772154906	1	1.5173	1.0789	0.6109
1328	1303772154943	1	1.5173	1.0789	0.6109
1329	1303772154981	1	1.5173	1.0789	0.6109
1330	1303772155019	1	1.5173	1.0789	0.6109
1331	1303772155056	1	1.5173	1.0789	0.6109
1332	1303772155094	1	1.5173	1.0789	0.6109
1333	1303772155132	1	1.5173	1.0789	0.6109
1334	1303772155170	1	1.5173	1.0789	0.6109
1335	1303772155208	1	1.5173	1.0789	0.6109
1336	1303772155246	1	1.5173	1.0789	0.6109
1337	1303772155284	1	1.5173	1.0789	0.6109
1338	1303772155322	1	1.5173	1.0789	0.6109
1339	1303772155814	1	1.5173	1.0789	0.6109
1340	1303772155852	1	1.5173	1.0789	0.6109
1341	1303772155896	1	1.5173	1.0789	0.6109
1342	1303772155949	1	1.5206	1.0789	0.6095
1343	1303772155993	1	1.5208	1.0789	0.6094
1344	1303772156034	1	1.5208	1.0789	0.6094
1345	1303772156073	1	1.5208	1.0789	0.6094
1346	1303772156112	1	1.5208	1.0789	0.6094
1347	1303772156191	1	1.5208	1.0789	0.6094
1348	1303772156229	1	1.5208	1.0789	0.6094
1349	1303772156329	1	1.5208	1.0789	0.6094
1350	1303772156409	1	1.5208	1.0789	0.6094
1351	1303772156450	1	1.5208	1.0789	0.6094
1352	1303772156489	1	1.5208	1.0789	0.6094
1353	1303772156527	1	1.5208	1.0789	0.6094
1354	1303772156567	1	1.5208	1.0789	0.6094
1355	1303772156605	1	1.5208	1.0789	0.6094
1356	1303772156643	1	1.5208	1.0789	0.6094
1357	1303772156680	1	1.5208	1.0789	0.6094
1358	1303772156718	1	1.5208	1.0789	0.6094
1359	1303772156756	1	1.5208	1.0789	0.6094
1360	1303772156796	1	1.5208	1.0789	0.6094
1361	1303772156834	1	1.5208	1.0789	0.6094
1362	1303772156874	1	1.5208	1.0789	0.6094
1363	1303772156953	1	1.5208	1.0789	0.6094
1364	1303772156991	1	1.5208	1.0789	0.6094
1365	1303772157030	1	1.5208	1.0789	0.6094
1366	1303772157068	1	1.5208	1.0789	0.6094
1367	1303772157106	1	1.5208	1.0789	0.6094
1368	1303772157144	1	1.5208	1.0789	0.6094
1369	1303772157182	1	1.5208	1.0789	0.6094
1370	1303772157268	1	1.5208	1.0789	0.6094
1371	1303772157308	1	1.5208	1.0789	0.6094
1372	1303772157346	1	1.5208	1.0789	0.6094
1373	1303772157384	1	1.5208	1.0789	0.6094
1374	1303772157422	1	1.5208	1.0789	0.6094
1375	1303772157501	1	1.5388	1.0789	0.6023
1376	1303772157539	1	1.5388	1.0789	0.6023
1377	1303772157577	1	1.5388	1.0789	0.6023
1378	1303772157659	1	1.5388	1.0789	0.6023
1379	1303772157698	1	1.5388	1.0789	0.6023
1380	1303772157736	1	1.5388	1.0789	0.6023
1381	1303772157773	1	1.5388	1.0789	0.6023
1382	1303772157811	1	1.5388	1.0789	0.6023
1383	1303772157850	1	1.5388	1.0789	0.6023
1384	1303772157888	1	1.5388	1.0789	0.6023
1385	1303772157926	1	1.5388	1.0789	0.6023
1386	1303772157964	1	1.5388	1.0789	0.6023
1387	1303772158043	1	1.5388	1.0789	0.6023
1388	1303772158081	1	1.5388	1.0789	0.6023
1389	1303772158119	1	1.5388	1.0789	0.6023
1390	1303772158157	1	1.5388	1.0789	0.6023
1391	1303772158195	1	1.5388	1.0789	0.6023
1392	1303772158233	1	1.5388	1.0789	0.6023
1393	1303772158314	1	1.5388	1.0789	0.6023
1394	1303772158354	1	1.5388	1.0789	0.6023
1395	1303772158392	1	1.5388	1.0789	0.6023
1396	1303772158431	1	1.5388	1.0789	0.6023
1397	1303772158473	1	1.5388	1.0789	0.6023
1398	1303772158517	1	1.5388	1.0789	0.6023
1399	1303772158556	1	1.5388	1.0789	0.6023
1400	1303772158609	1	1.5388	1.0789	0.6023
1401	1303772158687	1	1.5388	1.0789	0.6023
1402	1303772158731	1	1.5388	1.0789	0.6023
1403	1303772158783	1	1.5388	1.0789	0.6023
1404	1303772158825	1	1.5386	1.0789	0.6024
1405	1303772158869	1	1.5386	1.0789	0.6024
1406	1303772158911	1	1.5386	1.0789	0.6024
1407	1303772158949	1	1.5386	1.0789	0.6024
1408	1303772158987	1	1.5386	1.0789	0.6024
1409	1303772159066	1	1.5386	1.0789	0.6024
1410	1303772159188	1	1.5386	1.0789	0.6024
1411	1303772159273	1	1.5386	1.0789	0.6024
1412	1303772159355	1	1.5386	1.0789	0.6024
1413	1303772159395	1	1.5386	1.0789	0.6024
1414	1303772159434	1	1.5386	1.0789	0.6024
1415	1303772159476	1	1.5386	1.0789	0.6024
1416	1303772159516	1	1.5386	1.0789	0.6024
1417	1303772159554	1	1.5386	1.0789	0.6024
1418	1303772159595	1	1.5386	1.0789	0.6024
1419	1303772159634	1	1.5386	1.0789	0.6024
1420	1303772159673	1	1.5386	1.0789	0.6024
1421	1303772159712	1	1.5386	1.0789	0.6024
1422	1303772159751	1	1.5386	1.0789	0.6024
1423	1303772159791	1	1.5386	1.0789	0.6024
1424	1303772159830	1	1.5386	1.0789	0.6024
1425	1303772159869	1	1.5386	1.0789	0.6024
1426	1303772159910	1	1.5386	1.0789	0.6024
1427	1303772159954	1	1.5386	1.0789	0.6024
1428	1303772159995	1	1.5386	1.0789	0.6024
1429	1303772160034	1	1.5386	1.0789	0.6024
1430	1303772160115	1	1.5386	1.0789	0.6024
1431	1303772160155	1	1.5386	1.0789	0.6024
1432	1303772160194	1	1.5386	1.0789	0.6024
1433	1303772160234	1	1.5386	1.0789	0.6024
1434	1303772160274	1	1.5386	1.0789	0.6024
1435	1303772160314	1	1.5386	1.0789	0.6024
1436	1303772160356	1	1.5386	1.0789	0.6024
1437	1303772160397	1	1.5386	1.0789	0.6024
1438	1303772160438	1	1.5386	1.0789	0.6024
1439	1303772160477	1	1.5386	1.0789	0.6024
1440	1303772160516	1	1.5386	1.0789	0.6024
1441	1303772160596	1	1.5386	1.0789	0.6024
1442	1303772160635	1	1.5386	1.0789	0.6024
1443	1303772160676	1	1.5386	1.0789	0.6024
1444	1303772160717	1	1.5386	1.0789	0.6024
1445	1303772160798	1	1.5386	1.0789	0.6024
1446	1303772160837	1	1.5386	1.0789	0.6024
1447	1303772160876	1	1.5386	1.0789	0.6024
1448	1303772160916	1	1.5386	1.0789	0.6024
1449	1303772160956	1	1.5386	1.0789	0.6024
1450	1303772160998	1	1.5386	1.0789	0.6024
1451	1303772161080	1	1.5386	1.0789	0.6024
1452	1303772161120	1	1.5386	1.0789	0.6024
1453	1303772161160	1	1.5386	1.0789	0.6024
1454	1303772161201	1	1.5386	1.0789	0.6024
1455	1303772161240	1	1.5386	1.0789	0.6024
1456	1303772161321	1	1.4793	1.0789	0.6265
1457	1303772161360	1	1.4793	1.0789	0.6265
1458	1303772161400	1	1.4793	1.0789	0.6265
1459	1303772161444	1	1.4793	1.0789	0.6265
1460	1303772161486	1	1.4793	1.0789	0.6265
1461	1303772161567	1	1.4793	1.0789	0.6265
1462	1303772161607	1	1.4793	1.0789	0.6265
1463	1303772161652	1	1.4793	1.0789	0.6265
1464	1303772161705	1	1.4793	1.0789	0.6265
1465	1303772161748	1	1.4795	1.0789	0.6264
1466	1303772161789	1	1.4795	1.0789	0.6264
1467	1303772161828	1	1.4795	1.0789	0.6264
1468	1303772161868	1	1.4795	1.0789	0.6264
1469	1303772161907	1	1.4795	1.0789	0.6264
1470	1303772161946	1	1.4795	1.0789	0.6264
1471	1303772162002	1	1.4795	1.0789	0.6264
1472	1303772162083	1	1.4794	1.0789	0.6265
1473	1303772162123	1	1.4794	1.0789	0.6265
1474	1303772162202	1	1.4794	1.0789	0.6265
1475	1303772162282	1	1.4794	1.0789	0.6265
1476	1303772162320	1	1.4794	1.0789	0.6265
1477	1303772162358	1	1.4794	1.0789	0.6265
1478	1303772162398	1	1.4794	1.0789	0.6265
1479	1303772162437	1	1.4794	1.0789	0.6265
1480	1303772162474	1	1.4794	1.0789	0.6265
1481	1303772162514	1	1.4794	1.0789	0.6265
1482	1303772162552	1	1.4794	1.0789	0.6265
1483	1303772162589	1	1.4794	1.0789	0.6265
1484	1303772162627	1	1.4794	1.0789	0.6265
1485	1303772162666	1	1.4794	1.0789	0.6265
1486	1303772162706	1	1.4794	1.0789	0.6265
1487	1303772162745	1	1.4794	1.0789	0.6265
1488	1303772162782	1	1.4794	1.0789	0.6265
1489	1303772162820	1	1.4794	1.0789	0.6265
1490	1303772162861	1	1.4794	1.0789	0.6265
1491	1303772162899	1	1.4794	1.0789	0.6265
1492	1303772162936	1	1.4794	1.0789	0.6265
1493	1303772162975	1	1.4794	1.0789	0.6265
1494	1303772163014	1	1.4794	1.0789	0.6265
1495	1303772163052	1	1.4794	1.0789	0.6265
1496	1303772163090	1	1.4794	1.0789	0.6265
1497	1303772163127	1	1.4794	1.0789	0.6265
1498	1303772163165	1	1.4794	1.0789	0.6265
1499	1303772163246	1	1.4794	1.0789	0.6265
1500	1303772163287	1	1.4794	1.0789	0.6265
1501	1303772163371	1	1.4794	1.0789	0.6265
1502	1303772163411	1	1.4794	1.0789	0.6265
1503	1303772163449	1	1.4794	1.0789	0.6265
1504	1303772163487	1	1.4794	1.0789	0.6265
1505	1303772163566	1	1.4794	1.0789	0.6265
1506	1303772163603	1	1.4794	1.0789	0.6265
1507	1303772163682	1	1.4794	1.0789	0.6265
1508	1303772163720	1	1.4794	1.0789	0.6265
1509	1303772163758	1	1.4794	1.0789	0.6265
1510	1303772163796	1	1.4794	1.0789	0.6265
1511	1303772163875	1	1.5387	1.0789	0.6023
1512	1303772163912	1	1.5387	1.0789	0.6023
1513	1303772163951	1	1.5387	1.0789	0.6023
1514	1303772163989	1	1.5387	1.0789	0.6023
1515	1303772164028	1	1.5387	1.0789	0.6023
1516	1303772164068	1	1.5387	1.0789	0.6023
1517	1303772164107	1	1.5387	1.0789	0.6023
1518	1303772164144	1	1.5387	1.0789	0.6023
1519	1303772164183	1	1.5387	1.0789	0.6023
1520	1303772164221	1	1.5387	1.0789	0.6023
1521	1303772164261	1	1.5387	1.0789	0.6023
1522	1303772164301	1	1.5387	1.0789	0.6023
1523	1303772164380	1	1.5387	1.0789	0.6023
1524	1303772164424	1	1.5387	1.0789	0.6023
1525	1303772164476	1	1.5387	1.0789	0.6023
1526	1303772164517	1	1.5387	1.0789	0.6023
1527	1303772164558	1	1.5386	1.0789	0.6024
1528	1303772164642	1	1.5386	1.0789	0.6024
1529	1303772164684	1	1.5386	1.0789	0.6024
1530	1303772164726	1	1.5386	1.0789	0.6024
1531	1303772164766	1	1.5386	1.0789	0.6024
1532	1303772164828	1	1.5386	1.0789	0.6024
1533	1303772164923	1	1.5382	1.0789	0.6025
1534	1303772164964	1	1.5382	1.0789	0.6025
1535	1303772165004	1	1.5382	1.0789	0.6025
1536	1303772165043	1	1.5382	1.0789	0.6025
1537	1303772165083	1	1.5382	1.0789	0.6025
1538	1303772165123	1	1.5382	1.0789	0.6025
1539	1303772165165	1	1.5382	1.0789	0.6025
1540	1303772165206	1	1.5382	1.0789	0.6025
1541	1303772165246	1	1.5382	1.0789	0.6025
1542	1303772165285	1	1.5382	1.0789	0.6025
1543	1303772165324	1	1.5382	1.0789	0.6025
1544	1303772165363	1	1.5382	1.0789	0.6025
1545	1303772165444	1	1.5382	1.0789	0.6025
1546	1303772165483	1	1.5382	1.0789	0.6025
1547	1303772165523	1	1.5382	1.0789	0.6025
1548	1303772165564	1	1.5382	1.0789	0.6025
1549	1303772165603	1	1.5382	1.0789	0.6025
1550	1303772165643	1	1.5382	1.0789	0.6025
1551	1303772165682	1	1.5382	1.0789	0.6025
1552	1303772165723	1	1.5382	1.0789	0.6025
1553	1303772165762	1	1.5382	1.0789	0.6025
1554	1303772165801	1	1.5382	1.0789	0.6025
1555	1303772165840	1	1.5382	1.0789	0.6025
1556	1303772165879	1	1.5382	1.0789	0.6025
1557	1303772165920	1	1.5382	1.0789	0.6025
1558	1303772165958	1	1.5382	1.0789	0.6025
1559	1303772165997	1	1.5382	1.0789	0.6025
1560	1303772166039	1	1.5382	1.0789	0.6025
1561	1303772166079	1	1.5382	1.0789	0.6025
1562	1303772166119	1	1.5382	1.0789	0.6025
1563	1303772166158	1	1.5382	1.0789	0.6025
1564	1303772166198	1	1.5382	1.0789	0.6025
1565	1303772166237	1	1.5382	1.0789	0.6025
1566	1303772166279	1	1.5382	1.0789	0.6025
1567	1303772166321	1	1.5382	1.0789	0.6025
1568	1303772166360	1	1.5382	1.0789	0.6025
1569	1303772166399	1	1.5382	1.0789	0.6025
1570	1303772166438	1	1.5382	1.0789	0.6025
1571	1303772166477	1	1.5382	1.0789	0.6025
1572	1303772166517	1	1.5382	1.0789	0.6025
1573	1303772166556	1	1.5382	1.0789	0.6025
1574	1303772166596	1	1.5382	1.0789	0.6025
1575	1303772166636	1	1.5382	1.0789	0.6025
1576	1303772166674	1	1.5382	1.0789	0.6025
1577	1303772166713	1	1.5382	1.0789	0.6025
1578	1303772166753	1	1.5382	1.0789	0.6025
1579	1303772166793	1	1.5382	1.0789	0.6025
1580	1303772166831	1	1.5382	1.0789	0.6025
1581	1303772166912	1	1.5382	1.0789	0.6025
1582	1303772166950	1	1.5382	1.0789	0.6025
1583	1303772166989	1	1.5382	1.0789	0.6025
1584	1303772167031	1	1.5382	1.0789	0.6025
1585	1303772167075	1	1.5382	1.0789	0.6025
1586	1303772167128	1	1.5382	1.0789	0.6025
1587	1303772167170	1	1.5382	1.0789	0.6025
1588	1303772167210	1	1.5382	1.0789	0.6025
1589	1303772167251	1	1.5386	1.0789	0.6024
1590	1303772167291	1	1.5386	1.0789	0.6024
1591	1303772167331	1	1.5386	1.0789	0.6024
1592	1303772167370	1	1.5386	1.0789	0.6024
1593	1303772167426	1	1.5386	1.0789	0.6024
1594	1303772167516	1	1.5382	1.0789	0.6025
1595	1303772167557	1	1.5382	1.0789	0.6025
1596	1303772167597	1	1.5382	1.0789	0.6025
1597	1303772167636	1	1.5382	1.0789	0.6025
1598	1303772167676	1	1.5382	1.0789	0.6025
1599	1303772167715	1	1.5382	1.0789	0.6025
1600	1303772167757	1	1.5382	1.0789	0.6025
1601	1303772167797	1	1.5382	1.0789	0.6025
1602	1303772167837	1	1.5382	1.0789	0.6025
1603	1303772167877	1	1.5382	1.0789	0.6025
1604	1303772167916	1	1.5382	1.0789	0.6025
1605	1303772167957	1	1.5382	1.0789	0.6025
1606	1303772167996	1	1.5382	1.0789	0.6025
1607	1303772168036	1	1.5382	1.0789	0.6025
1608	1303772168076	1	1.5382	1.0789	0.6025
1609	1303772168115	1	1.5382	1.0789	0.6025
1610	1303772168154	1	1.5382	1.0789	0.6025
1611	1303772168195	1	1.5382	1.0789	0.6025
1612	1303772168234	1	1.5382	1.0789	0.6025
1613	1303772168273	1	1.5382	1.0789	0.6025
1614	1303772168353	1	1.5382	1.0789	0.6025
1615	1303772168393	1	1.5382	1.0789	0.6025
1616	1303772168477	1	1.5382	1.0789	0.6025
1617	1303772168516	1	1.5382	1.0789	0.6025
1618	1303772168555	1	1.5382	1.0789	0.6025
1619	1303772168597	1	1.5382	1.0789	0.6025
1620	1303772168637	1	1.5382	1.0789	0.6025
1621	1303772168677	1	1.5382	1.0789	0.6025
1622	1303772168717	1	1.5382	1.0789	0.6025
1623	1303772168757	1	1.5382	1.0789	0.6025
1624	1303772168796	1	1.5382	1.0789	0.6025
1625	1303772168835	1	1.5382	1.0789	0.6025
1626	1303772168875	1	1.5382	1.0789	0.6025
1627	1303772168916	1	1.5382	1.0789	0.6025
1628	1303772168958	1	1.5382	1.0789	0.6025
1629	1303772169038	1	1.5382	1.0789	0.6025
1630	1303772169077	1	1.5382	1.0789	0.6025
1631	1303772169123	1	1.5382	1.0789	0.6025
1632	1303772169163	1	1.5382	1.0789	0.6025
1633	1303772169202	1	1.5382	1.0789	0.6025
1634	1303772169283	1	1.5382	1.0789	0.6025
1635	1303772169322	1	1.5382	1.0789	0.6025
1636	1303772169363	1	1.5382	1.0789	0.6025
1637	1303772169405	1	1.5382	1.0789	0.6025
1638	1303772169444	1	1.5382	1.0789	0.6025
1639	1303772169483	1	1.5382	1.0789	0.6025
1640	1303772169523	1	1.5382	1.0789	0.6025
1641	1303772169561	1	1.5382	1.0789	0.6025
1642	1303772169600	1	1.5382	1.0789	0.6025
1643	1303772169639	1	1.5382	1.0789	0.6025
1644	1303772169678	1	1.5382	1.0789	0.6025
1645	1303772169718	1	1.5382	1.0789	0.6025
1646	1303772169766	1	1.5382	1.0789	0.6025
1647	1303772169821	1	1.5382	1.0789	0.6025
1648	1303772169864	1	1.5382	1.0789	0.6025
1649	1303772169906	1	1.5382	1.0789	0.6025
1650	1303772169949	1	1.5382	1.0789	0.6025
1651	1303772169989	1	1.5382	1.0789	0.6025
1652	1303772170030	1	1.5382	1.0789	0.6025
1653	1303772170111	1	1.5382	1.0789	0.6025
1654	1303772170169	1	1.5382	1.0789	0.6025
1655	1303772170267	1	1.5382	1.0789	0.6025
1656	1303772170312	1	1.5382	1.0789	0.6025
1657	1303772170352	1	1.5382	1.0789	0.6025
1658	1303772170393	1	1.5335	1.0789	0.6044
1659	1303772170434	1	1.5335	1.0789	0.6044
1660	1303772170473	1	1.5335	1.0789	0.6044
1661	1303772170513	1	1.5335	1.0789	0.6044
1662	1303772170553	1	1.5335	1.0789	0.6044
1663	1303772170635	1	1.4367	1.0789	0.6451
1664	1303772170675	1	1.4367	1.0789	0.6451
1665	1303772170714	1	1.4367	1.0789	0.6451
1666	1303772170754	1	1.4367	1.0789	0.6451
1667	1303772170793	1	1.4367	1.0789	0.6451
1668	1303772170833	1	1.4367	1.0789	0.6451
1669	1303772170873	1	1.4367	1.0789	0.6451
1670	1303772170912	1	1.4367	1.0789	0.6451
1671	1303772170952	1	1.4367	1.0789	0.6451
1672	1303772170993	1	1.4367	1.0789	0.6451
1673	1303772171032	1	1.4367	1.0789	0.6451
1674	1303772171072	1	1.4367	1.0789	0.6451
1675	1303772171113	1	1.4367	1.0789	0.6451
1676	1303772171154	1	1.4367	1.0789	0.6451
1677	1303772171195	1	1.4367	1.0789	0.6451
1678	1303772171234	1	1.4367	1.0789	0.6451
1679	1303772171274	1	1.4367	1.0789	0.6451
1680	1303772171314	1	1.4367	1.0789	0.6451
1681	1303772171355	1	1.4367	1.0789	0.6451
1682	1303772171397	1	1.4367	1.0789	0.6451
1683	1303772171437	1	1.4367	1.0789	0.6451
1684	1303772171476	1	1.4367	1.0789	0.6451
1685	1303772171517	1	1.4367	1.0789	0.6451
1686	1303772171558	1	1.4367	1.0789	0.6451
1687	1303772171597	1	1.4367	1.0789	0.6451
1688	1303772171678	1	1.4367	1.0789	0.6451
1689	1303772171717	1	1.4367	1.0789	0.6451
1690	1303772171759	1	1.4367	1.0789	0.6451
1691	1303772171798	1	1.4367	1.0789	0.6451
1692	1303772171840	1	1.4367	1.0789	0.6451
1693	1303772171881	1	1.4367	1.0789	0.6451
1694	1303772171920	1	1.4367	1.0789	0.6451
1695	1303772171960	1	1.4367	1.0789	0.6451
1696	1303772172000	1	1.4367	1.0789	0.6451
1697	1303772172038	1	1.4367	1.0789	0.6451
1698	1303772172078	1	1.4367	1.0789	0.6451
1699	1303772172119	1	1.4367	1.0789	0.6451
1700	1303772172158	1	1.4367	1.0789	0.6451
1701	1303772172198	1	1.4367	1.0789	0.6451
1702	1303772172237	1	1.4367	1.0789	0.6451
1703	1303772172278	1	1.4367	1.0789	0.6451
1704	1303772172318	1	1.4367	1.0789	0.6451
1705	1303772172358	1	1.4367	1.0789	0.6451
1706	1303772172398	1	1.4367	1.0789	0.6451
1707	1303772172445	1	1.4367	1.0789	0.6451
1708	1303772172498	1	1.4367	1.0789	0.6451
1709	1303772172542	1	1.4367	1.0789	0.6451
1710	1303772172585	1	1.4367	1.0789	0.6451
1711	1303772172626	1	1.4392	1.0789	0.644
1712	1303772172665	1	1.4392	1.0789	0.644
1713	1303772172705	1	1.4392	1.0789	0.644
1714	1303772172745	1	1.4392	1.0789	0.644
1715	1303772172802	1	1.4392	1.0789	0.644
1716	1303772172892	1	1.4392	1.0789	0.644
1717	1303772172935	1	1.4392	1.0789	0.644
1718	1303772172974	1	1.4392	1.0789	0.644
1719	1303772173014	1	1.4392	1.0789	0.644
1720	1303772173054	1	1.4392	1.0789	0.644
1721	1303772173094	1	1.4392	1.0789	0.644
1722	1303772173133	1	1.4392	1.0789	0.644
1723	1303772173174	1	1.4392	1.0789	0.644
1724	1303772173214	1	1.4392	1.0789	0.644
1725	1303772173253	1	1.4392	1.0789	0.644
1726	1303772173295	1	1.4392	1.0789	0.644
1727	1303772173335	1	1.4392	1.0789	0.644
1728	1303772173374	1	1.4392	1.0789	0.644
1729	1303772173414	1	1.4392	1.0789	0.644
1730	1303772173454	1	1.4392	1.0789	0.644
1731	1303772173534	1	1.4392	1.0789	0.644
1732	1303772173575	1	1.4392	1.0789	0.644
1733	1303772173615	1	1.4392	1.0789	0.644
1734	1303772173655	1	1.4392	1.0789	0.644
1735	1303772173696	1	1.4392	1.0789	0.644
1736	1303772173738	1	1.4392	1.0789	0.644
1737	1303772173778	1	1.4392	1.0789	0.644
1738	1303772173821	1	1.4392	1.0789	0.644
1739	1303772173865	1	1.4392	1.0789	0.644
1740	1303772173905	1	1.4392	1.0789	0.644
1741	1303772173945	1	1.4392	1.0789	0.644
1742	1303772174026	1	1.4392	1.0789	0.644
1743	1303772174068	1	1.4392	1.0789	0.644
1744	1303772174108	1	1.4392	1.0789	0.644
1745	1303772174148	1	1.4392	1.0789	0.644
1746	1303772174189	1	1.4392	1.0789	0.644
1747	1303772174231	1	1.4392	1.0789	0.644
1748	1303772174270	1	1.4392	1.0789	0.644
1749	1303772174310	1	1.4392	1.0789	0.644
1750	1303772174350	1	1.4392	1.0789	0.644
1751	1303772174389	1	1.4392	1.0789	0.644
1752	1303772174431	1	1.4392	1.0789	0.644
1753	1303772174471	1	1.4392	1.0789	0.644
1754	1303772174511	1	1.4392	1.0789	0.644
1755	1303772174591	1	1.4392	1.0789	0.644
1756	1303772174631	1	1.4392	1.0789	0.644
1757	1303772174670	1	1.4392	1.0789	0.644
1758	1303772174710	1	1.4392	1.0789	0.644
1759	1303772174750	1	1.4392	1.0789	0.644
1760	1303772174794	1	1.4392	1.0789	0.644
1761	1303772174835	1	1.4392	1.0789	0.644
1762	1303772174874	1	1.4392	1.0789	0.644
1763	1303772174914	1	1.4392	1.0789	0.644
1764	1303772174953	1	1.4392	1.0789	0.644
1765	1303772174993	1	1.4392	1.0789	0.644
1766	1303772175033	1	1.4392	1.0789	0.644
1767	1303772175073	1	1.4392	1.0789	0.644
1768	1303772175120	1	1.4392	1.0789	0.644
1769	1303772175178	1	1.4319	1.0789	0.6473
1770	1303772175222	1	1.4316	1.0789	0.6474
1771	1303772175265	1	1.4317	1.0789	0.6474
1772	1303772175307	1	1.4317	1.0789	0.6474
1773	1303772175347	1	1.4317	1.0789	0.6474
1774	1303772175387	1	1.4317	1.0789	0.6474
1775	1303772175428	1	1.4317	1.0789	0.6474
1776	1303772175497	1	1.4317	1.0789	0.6474
1777	1303772175619	1	1.4317	1.0789	0.6474
1778	1303772175662	1	1.4317	1.0789	0.6474
1779	1303772175702	1	1.4317	1.0789	0.6474
1780	1303772175787	1	1.4317	1.0789	0.6474
1781	1303772175826	1	1.4317	1.0789	0.6474
1782	1303772175866	1	1.4317	1.0789	0.6474
1783	1303772175908	1	1.4317	1.0789	0.6474
1784	1303772175947	1	1.4317	1.0789	0.6474
1785	1303772175987	1	1.4317	1.0789	0.6474
1786	1303772176069	1	1.4317	1.0789	0.6474
1787	1303772176109	1	1.4317	1.0789	0.6474
1788	1303772176149	1	1.4317	1.0789	0.6474
1789	1303772176190	1	1.4317	1.0789	0.6474
1790	1303772176231	1	1.4317	1.0789	0.6474
1791	1303772176272	1	1.4317	1.0789	0.6474
1792	1303772176311	1	1.4317	1.0789	0.6474
1793	1303772176351	1	1.4317	1.0789	0.6474
1794	1303772176392	1	1.4317	1.0789	0.6474
1795	1303772176434	1	1.4317	1.0789	0.6474
1796	1303772176474	1	1.4317	1.0789	0.6474
1797	1303772176515	1	1.4317	1.0789	0.6474
1798	1303772176554	1	1.4317	1.0789	0.6474
1799	1303772176594	1	1.4317	1.0789	0.6474
1800	1303772176634	1	1.4317	1.0789	0.6474
