0	1303771441038	0	0	0	0
1	1303771441046	0	0	0	0
2	1303771441056	0	0	0	0
3	1303771441065	0	0	0	0
4	1303771441076	0	0	0	0
5	1303771441088	0	0	0	0
6	1303771441100	0	0	0	0
7	1303771441114	0	0	0	0
8	1303771441127	0	0	0	0
9	1303771441149	0	0	0	0
10	1303771441165	0	0	0	0
11	1303771441179	0	0	0	0
12	1303771441241	0	0	0	0
13	1303771441254	0	0	0	0
14	1303771441269	0	0	0	0
15	1303771441285	0	0	0	0
16	1303771441300	0	0	0	0
17	1303771441315	0	0	0	0
18	1303771441330	0	0	0	0
19	1303771441344	0	0	0	0
20	1303771441358	0	0	0	0
21	1303771441374	0	0	0	0
22	1303771441389	0	0	0	0
23	1303771441406	0	0	0	0
24	1303771441461	0	0	0	0
25	1303771441476	0	0	0	0
26	1303771441493	0	0	0	0
27	1303771441507	0	0	0	0
28	1303771441523	0	0	0	0
29	1303771441539	0	0	0	0
30	1303771441555	0	0	0	0
31	1303771441572	0	0	0	0
32	1303771441587	0	0	0	0
33	1303771441604	0	0	0	0
34	1303771441620	0	0	0	0
35	1303771441636	0	0	0	0
36	1303771441654	0	0	0	0
37	1303771441669	0	0	0	0
38	1303771441686	0	0	0	0
39	1303771441704	0	0	0	0
40	1303771441720	0	0	0	0
41	1303771441738	0	0	0	0
42	1303771441754	0	0	0	0
43	1303771441772	0	0	0	0
44	1303771441788	0	0	0	0
45	1303771441803	0	0	0	0
46	1303771441821	0	0	0	0
47	1303771441837	0	0	0	0
48	1303771441857	1	0	0	0
49	1303771441899	1	0	0	0
50	1303771441944	1	0	0	0
51	1303771442003	1	0	0	0
52	1303771442027	1	1.2186	0	0
53	1303771442102	1	1.3339	0	0
54	1303771442129	1	1.3339	0	0
55	1303771442155	1	1.3339	0	0
56	1303771442182	1	1.3339	1.5	0.4998
57	1303771442209	1	1.3339	1.5	0.4998
58	1303771442235	1	1.3339	1.5	0.4998
59	1303771442261	1	1.3339	1.5	0.4998
60	1303771442287	1	1.3339	1.5	0.4998
61	1303771442313	1	1.3339	1.5	0.4998
62	1303771442340	1	1.3339	1.5	0.4998
63	1303771442367	1	1.3339	1.5	0.4998
64	1303771442393	1	1.3339	1.5	0.4998
65	1303771442419	1	1.3339	1.5	0.4998
66	1303771442445	1	1.3339	1.4167	0.5292
67	1303771442471	1	1.3339	1.2778	0.5867
68	1303771442494	1	1.3339	1.3333	0.5623
69	1303771442519	1	1.3339	1.125	0.6664
70	1303771442588	1	1.4994	1.1	0.6063
71	1303771442614	1	1.4994	1.1111	0.6002
72	1303771442639	1	1.4994	1.0556	0.6318
73	1303771442664	1	1.4994	1.0556	0.6318
74	1303771442689	1	1.4994	1.1111	0.6002
75	1303771442714	1	1.4994	1.0909	0.6113
76	1303771442738	1	1.4994	1.05	0.6352
77	1303771442804	1	1.3282	1.1111	0.6776
78	1303771442829	1	1.3282	1.1	0.6844
79	1303771442852	1	1.3282	1.0909	0.6901
80	1303771442917	1	1.3282	1.0909	0.6901
81	1303771442941	1	1.3282	1.0909	0.6901
82	1303771442965	1	1.3282	1.0417	0.7228
83	1303771443030	1	1.3282	1.0455	0.7201
84	1303771443095	1	1.3282	1.0417	0.7228
85	1303771443120	1	1.3282	1.0417	0.7228
86	1303771443144	1	1.3282	1.0417	0.7228
87	1303771443167	1	1.3282	1.0833	0.695
88	1303771443190	1	1.3282	1.0833	0.695
89	1303771443214	1	1.3282	1.0833	0.695
90	1303771443280	1	1.3282	1.0833	0.695
91	1303771443305	1	1.3282	1.0833	0.695
92	1303771443329	1	1.3282	1.0833	0.695
93	1303771443395	1	1.3282	1.0833	0.695
94	1303771443460	1	1.3282	1.0833	0.695
95	1303771443484	1	1.3282	1.0833	0.695
96	1303771443506	1	1.3282	1.0833	0.695
97	1303771443530	1	1.3282	1.0833	0.695
98	1303771443554	1	1.3282	1.0833	0.695
99	1303771443577	1	1.3282	1.0833	0.695
100	1303771443602	1	1.3282	1.0833	0.695
101	1303771443626	1	1.3282	1.0833	0.695
102	1303771443648	1	1.3282	1.0833	0.695
103	1303771443671	1	1.3282	1.0833	0.695
104	1303771443696	1	1.3282	1.0833	0.695
105	1303771443719	1	1.3282	1.0833	0.695
106	1303771443742	1	1.3282	1.0833	0.695
107	1303771443766	1	1.3282	1.0833	0.695
108	1303771443790	1	1.3282	1.0833	0.695
109	1303771443857	1	1.3282	1.0833	0.695
110	1303771443882	1	1.3282	1.0833	0.695
111	1303771443907	1	1.3282	1.0833	0.695
112	1303771443933	1	1.3282	1.0833	0.695
113	1303771444012	1	1.2843	1.0833	0.7187
114	1303771444058	1	1.2513	1.125	0.7104
115	1303771444083	1	1.2513	1.0833	0.7377
116	1303771444104	1	1.2513	1.0833	0.7377
117	1303771444126	1	1.2513	1.0769	0.7421
118	1303771444146	1	1.2513	1.0769	0.7421
119	1303771444168	1	1.2513	1.0769	0.7421
120	1303771444187	1	1.2513	1.0385	0.7696
121	1303771444252	1	1.2513	1.0385	0.7696
122	1303771444272	1	1.2513	1.0385	0.7696
123	1303771444293	1	1.2513	1.0385	0.7696
124	1303771444314	1	1.2513	1.0769	0.7421
125	1303771444337	1	1.2513	1.0769	0.7421
126	1303771444401	1	1.2513	1.0769	0.7421
127	1303771444421	1	1.2513	1.0769	0.7421
128	1303771444442	1	1.2513	1.0769	0.7421
129	1303771444461	1	1.2513	1.0769	0.7421
130	1303771444483	1	1.2513	1.0769	0.7421
131	1303771444502	1	1.2513	1.0769	0.7421
132	1303771444524	1	1.2513	1.0769	0.7421
133	1303771444584	1	1.2513	1.0769	0.7421
134	1303771444605	1	1.2513	1.0769	0.7421
135	1303771444625	1	1.2513	1.0769	0.7421
136	1303771444646	1	1.2513	1.0769	0.7421
137	1303771444666	1	1.2513	1.0769	0.7421
138	1303771444687	1	1.2513	1.0714	0.7459
139	1303771444708	1	1.2513	1.0714	0.7459
140	1303771444728	1	1.2513	1.0357	0.7716
141	1303771444751	1	1.2513	1.0385	0.7696
142	1303771444771	1	1.2513	1.0769	0.7421
143	1303771444792	1	1.2513	1.0714	0.7459
144	1303771444812	1	1.2513	1.0714	0.7459
145	1303771444834	1	1.2513	1.0357	0.7716
146	1303771444853	1	1.2513	1.0714	0.7459
147	1303771444875	1	1.2513	1.0714	0.7459
148	1303771444895	1	1.2513	1.0714	0.7459
149	1303771444916	1	1.2513	1.0714	0.7459
150	1303771444936	1	1.2513	1.0714	0.7459
151	1303771444956	1	1.2513	1.0714	0.7459
152	1303771444976	1	1.2513	1.0714	0.7459
153	1303771444998	1	1.2513	1.0714	0.7459
154	1303771445064	1	1.2513	1.0714	0.7459
155	1303771445085	1	1.2513	1.0714	0.7459
156	1303771445107	1	1.2513	1.0714	0.7459
157	1303771445127	1	1.2513	1.0714	0.7459
158	1303771445190	1	1.2513	1.0714	0.7459
159	1303771445211	1	1.2513	1.0714	0.7459
160	1303771445234	1	1.2513	1.0714	0.7459
161	1303771445254	1	1.2513	1.0714	0.7459
162	1303771445276	1	1.2513	1.0714	0.7459
163	1303771445298	1	1.2513	1.0714	0.7459
164	1303771445318	1	1.2513	1.0714	0.7459
165	1303771445340	1	1.2513	1.0714	0.7459
166	1303771445360	1	1.2513	1.0714	0.7459
167	1303771445381	1	1.2513	1.0714	0.7459
168	1303771445401	1	1.2513	1.0714	0.7459
169	1303771445423	1	1.2513	1.0714	0.7459
170	1303771445443	1	1.2513	1.0714	0.7459
171	1303771445464	1	1.2513	1.0714	0.7459
172	1303771445527	1	1.2513	1.0714	0.7459
173	1303771445556	1	1.2513	1.0714	0.7459
174	1303771445666	1	1.2473	1.0714	0.7483
175	1303771445752	1	1.2469	1.0714	0.7485
176	1303771445784	1	1.2091	1.0714	0.7719
177	1303771445807	1	1.1931	1.1071	0.757
178	1303771445832	1	1.193	1.1071	0.7571
179	1303771445855	1	1.193	1.0714	0.7823
180	1303771445875	1	1.193	1.0714	0.7823
181	1303771445897	1	1.193	1.0714	0.7823
182	1303771445918	1	1.193	1.0714	0.7823
183	1303771445940	1	1.193	1.0714	0.7823
184	1303771445961	1	1.193	1.0714	0.7823
185	1303771445984	1	1.193	1.0714	0.7823
186	1303771446004	1	1.193	1.0714	0.7823
187	1303771446026	1	1.193	1.0714	0.7823
188	1303771446048	1	1.193	1.0714	0.7823
189	1303771446068	1	1.193	1.0714	0.7823
190	1303771446089	1	1.193	1.0714	0.7823
191	1303771446111	1	1.193	1.0714	0.7823
192	1303771446174	1	1.193	1.0714	0.7823
193	1303771446195	1	1.193	1.0714	0.7823
194	1303771446217	1	1.193	1.0714	0.7823
195	1303771446238	1	1.193	1.0714	0.7823
196	1303771446260	1	1.193	1.0714	0.7823
197	1303771446282	1	1.193	1.0714	0.7823
198	1303771446303	1	1.193	1.0714	0.7823
199	1303771446326	1	1.193	1.0714	0.7823
200	1303771446346	1	1.193	1.0714	0.7823
201	1303771446368	1	1.193	1.0714	0.7823
202	1303771446389	1	1.193	1.0714	0.7823
203	1303771446411	1	1.193	1.0714	0.7823
204	1303771446471	1	1.193	1.0714	0.7823
205	1303771446493	1	1.193	1.0714	0.7823
206	1303771446514	1	1.193	1.0714	0.7823
207	1303771446580	1	1.193	1.0714	0.7823
208	1303771446602	1	1.193	1.0714	0.7823
209	1303771446622	1	1.193	1.0714	0.7823
210	1303771446684	1	1.193	1.0714	0.7823
211	1303771446705	1	1.193	1.0714	0.7823
212	1303771446768	1	1.193	1.0714	0.7823
213	1303771446788	1	1.193	1.0714	0.7823
214	1303771446810	1	1.193	1.0714	0.7823
215	1303771446832	1	1.193	1.0714	0.7823
216	1303771446853	1	1.193	1.0714	0.7823
217	1303771446875	1	1.193	1.0714	0.7823
218	1303771446895	1	1.193	1.0714	0.7823
219	1303771446917	1	1.193	1.0714	0.7823
220	1303771446939	1	1.193	1.0714	0.7823
221	1303771446961	1	1.193	1.0714	0.7823
222	1303771446981	1	1.193	1.0714	0.7823
223	1303771447003	1	1.193	1.0714	0.7823
224	1303771447023	1	1.193	1.0714	0.7823
225	1303771447045	1	1.193	1.0714	0.7823
226	1303771447067	1	1.193	1.0714	0.7823
227	1303771447089	1	1.193	1.0714	0.7823
228	1303771447111	1	1.193	1.0714	0.7823
229	1303771447177	1	1.193	1.0714	0.7823
230	1303771447200	1	1.193	1.0714	0.7823
231	1303771447222	1	1.193	1.0714	0.7823
232	1303771447244	1	1.193	1.0714	0.7823
233	1303771447265	1	1.193	1.0714	0.7823
234	1303771447334	1	1.193	1.0714	0.7823
235	1303771447419	1	1.1626	1.0714	0.8028
236	1303771447479	1	1.1589	1.0714	0.8054
237	1303771447503	1	1.1589	1.0714	0.8054
238	1303771447526	1	1.1589	1.0714	0.8054
239	1303771447548	1	1.1589	1.0714	0.8054
240	1303771447570	1	1.1589	1.0714	0.8054
241	1303771447590	1	1.1589	1.0714	0.8054
242	1303771447611	1	1.1589	1.0714	0.8054
243	1303771447631	1	1.1589	1.0714	0.8054
244	1303771447653	1	1.1589	1.0714	0.8054
245	1303771447673	1	1.1589	1.0714	0.8054
246	1303771447694	1	1.1589	1.0714	0.8054
247	1303771447714	1	1.1589	1.0714	0.8054
248	1303771447735	1	1.1589	1.0714	0.8054
249	1303771447755	1	1.1589	1.0714	0.8054
250	1303771447777	1	1.1589	1.0714	0.8054
251	1303771447796	1	1.1589	1.0714	0.8054
252	1303771447818	1	1.1589	1.0714	0.8054
253	1303771447839	1	1.1589	1.0714	0.8054
254	1303771447859	1	1.1589	1.0714	0.8054
255	1303771447881	1	1.1589	1.0714	0.8054
256	1303771447901	1	1.1589	1.0714	0.8054
257	1303771447922	1	1.1589	1.0714	0.8054
258	1303771447941	1	1.1589	1.0714	0.8054
259	1303771447963	1	1.1589	1.0714	0.8054
260	1303771447983	1	1.1589	1.0714	0.8054
261	1303771448004	1	1.1589	1.0714	0.8054
262	1303771448024	1	1.1589	1.0714	0.8054
263	1303771448046	1	1.1589	1.0714	0.8054
264	1303771448068	1	1.1589	1.0714	0.8054
265	1303771448089	1	1.1589	1.0714	0.8054
266	1303771448110	1	1.1589	1.0714	0.8054
267	1303771448130	1	1.1589	1.0714	0.8054
268	1303771448153	1	1.1589	1.0714	0.8054
269	1303771448173	1	1.1589	1.0714	0.8054
270	1303771448194	1	1.1589	1.0714	0.8054
271	1303771448214	1	1.1589	1.0714	0.8054
272	1303771448241	1	1.1589	1.0714	0.8054
273	1303771448261	1	1.1589	1.0714	0.8054
274	1303771448283	1	1.1589	1.0714	0.8054
275	1303771448303	1	1.1589	1.0714	0.8054
276	1303771448324	1	1.1589	1.0714	0.8054
277	1303771448344	1	1.1589	1.0714	0.8054
278	1303771448365	1	1.1589	1.0714	0.8054
279	1303771448385	1	1.1589	1.0714	0.8054
280	1303771448407	1	1.1589	1.0714	0.8054
281	1303771448428	1	1.1589	1.0714	0.8054
282	1303771448448	1	1.1589	1.0714	0.8054
283	1303771448469	1	1.1589	1.0714	0.8054
284	1303771448489	1	1.1589	1.0714	0.8054
285	1303771448552	1	1.1589	1.0714	0.8054
286	1303771448572	1	1.1589	1.0714	0.8054
287	1303771448593	1	1.1589	1.0714	0.8054
288	1303771448612	1	1.1589	1.0714	0.8054
289	1303771448634	1	1.1589	1.0714	0.8054
290	1303771448654	1	1.1589	1.0714	0.8054
291	1303771448676	1	1.1589	1.0714	0.8054
292	1303771448699	1	1.1589	1.0714	0.8054
293	1303771448719	1	1.1589	1.0714	0.8054
294	1303771448740	1	1.1589	1.0714	0.8054
295	1303771448765	1	1.1589	1.0714	0.8054
296	1303771448861	1	1.1589	1.0714	0.8054
297	1303771448908	1	1.1589	1.0714	0.8054
298	1303771448933	1	1.171	1.0714	0.797
299	1303771448956	1	1.171	1.0714	0.797
300	1303771448979	1	1.171	1.0714	0.797
301	1303771449002	1	1.171	1.0714	0.797
302	1303771449021	1	1.171	1.0714	0.797
303	1303771449044	1	1.171	1.0714	0.797
304	1303771449064	1	1.171	1.0714	0.797
305	1303771449086	1	1.171	1.0714	0.797
306	1303771449105	1	1.171	1.0714	0.797
307	1303771449126	1	1.171	1.0714	0.797
308	1303771449146	1	1.171	1.0714	0.797
309	1303771449209	1	1.171	1.0714	0.797
310	1303771449229	1	1.171	1.0714	0.797
311	1303771449250	1	1.171	1.0714	0.797
312	1303771449272	1	1.171	1.0714	0.797
313	1303771449294	1	1.171	1.0714	0.797
314	1303771449316	1	1.171	1.0714	0.797
315	1303771449336	1	1.171	1.0714	0.797
316	1303771449399	1	1.3469	1.0714	0.693
317	1303771449418	1	1.3469	1.0714	0.693
318	1303771449440	1	1.3469	1.0714	0.693
319	1303771449460	1	1.3469	1.0714	0.693
320	1303771449481	1	1.3469	1.0714	0.693
321	1303771449501	1	1.3469	1.0714	0.693
322	1303771449522	1	1.3469	1.0714	0.693
323	1303771449542	1	1.3469	1.0714	0.693
324	1303771449564	1	1.3469	1.0714	0.693
325	1303771449586	1	1.3469	1.0714	0.693
326	1303771449606	1	1.3469	1.0714	0.693
327	1303771449628	1	1.3469	1.0714	0.693
328	1303771449688	1	1.3469	1.0714	0.693
329	1303771449755	1	1.3469	1.0714	0.693
330	1303771449776	1	1.3469	1.0714	0.693
331	1303771449838	1	1.3469	1.0714	0.693
332	1303771449858	1	1.3469	1.0714	0.693
333	1303771449879	1	1.3469	1.0714	0.693
334	1303771449901	1	1.3469	1.0714	0.693
335	1303771449921	1	1.3469	1.0714	0.693
336	1303771449942	1	1.3469	1.0714	0.693
337	1303771449962	1	1.3469	1.0714	0.693
338	1303771449984	1	1.3469	1.0714	0.693
339	1303771450046	1	1.3469	1.0714	0.693
340	1303771450067	1	1.3469	1.0714	0.693
341	1303771450129	1	1.3469	1.0714	0.693
342	1303771450151	1	1.3469	1.0714	0.693
343	1303771450173	1	1.3469	1.0714	0.693
344	1303771450193	1	1.3469	1.0714	0.693
345	1303771450215	1	1.3469	1.0714	0.693
346	1303771450235	1	1.3469	1.0714	0.693
347	1303771450256	1	1.3469	1.0714	0.693
348	1303771450276	1	1.3469	1.0714	0.693
349	1303771450297	1	1.3469	1.0714	0.693
350	1303771450317	1	1.3469	1.0714	0.693
351	1303771450339	1	1.3469	1.0714	0.693
352	1303771450359	1	1.3469	1.0714	0.693
353	1303771450381	1	1.3469	1.0714	0.693
354	1303771450401	1	1.3469	1.0714	0.693
355	1303771450422	1	1.3469	1.0714	0.693
356	1303771450448	1	1.3469	1.0714	0.693
357	1303771450488	1	1.3469	1.0714	0.693
358	1303771450518	1	1.3469	1.0714	0.693
359	1303771450541	1	1.3101	1.0714	0.7124
360	1303771450562	1	1.3101	1.0714	0.7124
361	1303771450584	1	1.3101	1.0714	0.7124
362	1303771450604	1	1.3101	1.0714	0.7124
363	1303771450667	1	1.3101	1.0714	0.7124
364	1303771450689	1	1.3101	1.0714	0.7124
365	1303771450709	1	1.3101	1.0714	0.7124
366	1303771450730	1	1.3101	1.0714	0.7124
367	1303771450751	1	1.3101	1.0714	0.7124
368	1303771450773	1	1.3101	1.0714	0.7124
369	1303771450793	1	1.3101	1.0714	0.7124
370	1303771450814	1	1.3101	1.0714	0.7124
371	1303771450835	1	1.3101	1.0714	0.7124
372	1303771450857	1	1.3101	1.0714	0.7124
373	1303771450878	1	1.3101	1.0714	0.7124
374	1303771450939	1	1.3101	1.0714	0.7124
375	1303771450961	1	1.3101	1.0714	0.7124
376	1303771450982	1	1.3101	1.0714	0.7124
377	1303771451004	1	1.3101	1.0714	0.7124
378	1303771451025	1	1.3101	1.0714	0.7124
379	1303771451047	1	1.3101	1.0714	0.7124
380	1303771451067	1	1.3101	1.0714	0.7124
381	1303771451089	1	1.3101	1.0714	0.7124
382	1303771451109	1	1.3101	1.0714	0.7124
383	1303771451173	1	1.3101	1.0714	0.7124
384	1303771451195	1	1.3101	1.0714	0.7124
385	1303771451217	1	1.3101	1.0714	0.7124
386	1303771451239	1	1.3101	1.0714	0.7124
387	1303771451260	1	1.3101	1.0714	0.7124
388	1303771451281	1	1.3101	1.0714	0.7124
389	1303771451301	1	1.3101	1.0714	0.7124
390	1303771451322	1	1.3101	1.0714	0.7124
391	1303771451344	1	1.3101	1.0714	0.7124
392	1303771451407	1	1.3101	1.0714	0.7124
393	1303771451429	1	1.3101	1.0714	0.7124
394	1303771451451	1	1.3101	1.0714	0.7124
395	1303771451473	1	1.3101	1.0714	0.7124
396	1303771451494	1	1.3101	1.0714	0.7124
397	1303771451515	1	1.3101	1.0714	0.7124
398	1303771451535	1	1.3101	1.0714	0.7124
399	1303771451557	1	1.3101	1.0714	0.7124
400	1303771451577	1	1.3101	1.0714	0.7124
401	1303771451599	1	1.3101	1.0714	0.7124
402	1303771451619	1	1.3101	1.0714	0.7124
403	1303771451641	1	1.3101	1.0714	0.7124
404	1303771451662	1	1.3101	1.0714	0.7124
405	1303771451683	1	1.3101	1.0714	0.7124
406	1303771451746	1	1.3101	1.0714	0.7124
407	1303771451767	1	1.3101	1.0714	0.7124
408	1303771451789	1	1.3101	1.0714	0.7124
409	1303771451810	1	1.3101	1.0714	0.7124
410	1303771451833	1	1.3101	1.0714	0.7124
411	1303771451854	1	1.3101	1.0714	0.7124
412	1303771451916	1	1.3101	1.0714	0.7124
413	1303771451938	1	1.3101	1.0714	0.7124
414	1303771452000	1	1.3101	1.0714	0.7124
415	1303771452022	1	1.3101	1.0714	0.7124
416	1303771452041	1	1.3101	1.0714	0.7124
417	1303771452069	1	1.3101	1.0714	0.7124
418	1303771452132	1	1.3536	1.0714	0.6895
419	1303771452212	1	1.3086	1.0714	0.7132
420	1303771452282	1	1.3086	1.0714	0.7132
421	1303771452345	1	1.3086	1.0714	0.7132
422	1303771452431	1	1.3086	1.0714	0.7132
423	1303771452463	1	1.3086	1.0714	0.7132
424	1303771452486	1	1.3086	1.0357	0.7378
425	1303771452507	1	1.3086	1.0714	0.7132
426	1303771452530	1	1.3086	1.0714	0.7132
427	1303771452550	1	1.3086	1.0714	0.7132
428	1303771452571	1	1.3086	1.0357	0.7378
429	1303771452591	1	1.3086	1.0714	0.7132
430	1303771452612	1	1.3086	1.0714	0.7132
431	1303771452674	1	1.3086	1.0714	0.7132
432	1303771452696	1	1.3086	1.0357	0.7378
433	1303771452759	1	1.3086	1.0714	0.7132
434	1303771452780	1	1.3086	1.0714	0.7132
435	1303771452802	1	1.3086	1.0714	0.7132
436	1303771452822	1	1.3086	1.0357	0.7378
437	1303771452844	1	1.3086	1.0714	0.7132
438	1303771452865	1	1.3086	1.0714	0.7132
439	1303771452928	1	1.3086	1.0714	0.7132
440	1303771452949	1	1.3086	1.0357	0.7378
441	1303771452971	1	1.3086	1.0714	0.7132
442	1303771452993	1	1.3086	1.0714	0.7132
443	1303771453014	1	1.3086	1.0714	0.7132
444	1303771453078	1	1.3086	1.0357	0.7378
445	1303771453099	1	1.3086	1.0714	0.7132
446	1303771453121	1	1.3086	1.0714	0.7132
447	1303771453140	1	1.3086	1.0714	0.7132
448	1303771453163	1	1.3086	1.0357	0.7378
449	1303771453184	1	1.3086	1.0714	0.7132
450	1303771453205	1	1.3086	1.0714	0.7132
451	1303771453225	1	1.3086	1.0714	0.7132
452	1303771453247	1	1.3086	1.0357	0.7378
453	1303771453269	1	1.3086	1.0714	0.7132
454	1303771453289	1	1.3086	1.0714	0.7132
455	1303771453310	1	1.3086	1.0714	0.7132
456	1303771453329	1	1.3086	1.0357	0.7378
457	1303771453351	1	1.3086	1.0714	0.7132
458	1303771453371	1	1.3086	1.0714	0.7132
459	1303771453393	1	1.3086	1.0714	0.7132
460	1303771453413	1	1.3086	1.0357	0.7378
461	1303771453434	1	1.3086	1.0714	0.7132
462	1303771453453	1	1.3086	1.0714	0.7132
463	1303771453475	1	1.3086	1.0714	0.7132
464	1303771453495	1	1.3086	1.0357	0.7378
465	1303771453517	1	1.3086	1.0714	0.7132
466	1303771453538	1	1.3086	1.0714	0.7132
467	1303771453559	1	1.3086	1.0714	0.7132
468	1303771453580	1	1.3086	1.0357	0.7378
469	1303771453601	1	1.3086	1.0714	0.7132
470	1303771453623	1	1.3086	1.0714	0.7132
471	1303771453643	1	1.3086	1.0714	0.7132
472	1303771453706	1	1.3086	1.0357	0.7378
473	1303771453726	1	1.3086	1.0714	0.7132
474	1303771453748	1	1.3086	1.0714	0.7132
475	1303771453772	1	1.3086	1.0714	0.7132
476	1303771453794	1	1.3086	1.0357	0.7378
477	1303771453815	1	1.3086	1.0714	0.7132
478	1303771453841	1	1.3086	1.0714	0.7132
479	1303771453946	1	1.3086	1.0714	0.7132
480	1303771454023	1	1.3086	1.0357	0.7378
481	1303771454091	1	1.3129	1.0357	0.7354
482	1303771454153	1	1.3129	1.0714	0.7109
483	1303771454196	1	1.313	1.0357	0.7354
484	1303771454225	1	1.313	1.0714	0.7109
485	1303771454250	1	1.313	1.0714	0.7109
486	1303771454271	1	1.313	1.0714	0.7109
487	1303771454292	1	1.313	1.0357	0.7354
488	1303771454313	1	1.313	1.0714	0.7109
489	1303771454334	1	1.313	1.0714	0.7109
490	1303771454354	1	1.313	1.0714	0.7109
491	1303771454375	1	1.313	1.0357	0.7354
492	1303771454397	1	1.313	1.0714	0.7109
493	1303771454418	1	1.313	1.0714	0.7109
494	1303771454439	1	1.313	1.0714	0.7109
495	1303771454460	1	1.313	1.0357	0.7354
496	1303771454481	1	1.313	1.0714	0.7109
497	1303771454501	1	1.313	1.0714	0.7109
498	1303771454523	1	1.313	1.0714	0.7109
499	1303771454543	1	1.313	1.0357	0.7354
500	1303771454565	1	1.313	1.0714	0.7109
501	1303771454585	1	1.313	1.0714	0.7109
502	1303771454607	1	1.313	1.0714	0.7109
503	1303771454628	1	1.313	1.0714	0.7109
504	1303771454649	1	1.313	1.0357	0.7354
505	1303771454670	1	1.313	1.0714	0.7109
506	1303771454691	1	1.313	1.0714	0.7109
507	1303771454754	1	1.313	1.0714	0.7109
508	1303771454774	1	1.313	1.0714	0.7109
509	1303771454796	1	1.313	1.0357	0.7354
510	1303771454816	1	1.313	1.0714	0.7109
511	1303771454838	1	1.313	1.0714	0.7109
512	1303771454858	1	1.313	1.0714	0.7109
513	1303771454880	1	1.313	1.0714	0.7109
514	1303771454902	1	1.313	1.0357	0.7354
515	1303771454923	1	1.313	1.0714	0.7109
516	1303771454945	1	1.313	1.0714	0.7109
517	1303771454966	1	1.313	1.0714	0.7109
518	1303771454988	1	1.313	1.0714	0.7109
519	1303771455008	1	1.313	1.0357	0.7354
520	1303771455030	1	1.313	1.0714	0.7109
521	1303771455050	1	1.313	1.0714	0.7109
522	1303771455072	1	1.313	1.0714	0.7109
523	1303771455093	1	1.313	1.0714	0.7109
524	1303771455115	1	1.313	1.0357	0.7354
525	1303771455137	1	1.313	1.0714	0.7109
526	1303771455158	1	1.313	1.0714	0.7109
527	1303771455181	1	1.313	1.0714	0.7109
528	1303771455242	1	1.313	1.0714	0.7109
529	1303771455265	1	1.313	1.0357	0.7354
530	1303771455326	1	1.313	1.0714	0.7109
531	1303771455348	1	1.313	1.0714	0.7109
532	1303771455368	1	1.313	1.0714	0.7109
533	1303771455390	1	1.313	1.0714	0.7109
534	1303771455412	1	1.313	1.0357	0.7354
535	1303771455432	1	1.313	1.0714	0.7109
536	1303771455454	1	1.313	1.0714	0.7109
537	1303771455475	1	1.313	1.0714	0.7109
538	1303771455497	1	1.313	1.0714	0.7109
539	1303771455524	1	1.313	1	0.7616
540	1303771455640	1	1.313	1.0714	0.7109
541	1303771455730	1	1.3129	1.0714	0.7109
542	1303771455842	1	1.327	1.0714	0.7033
543	1303771455912	1	1.327	1	0.7536
544	1303771455962	1	1.327	1.0714	0.7033
545	1303771455993	1	1.505	1.0714	0.6202
546	1303771456019	1	1.505	1.0714	0.6201
547	1303771456041	1	1.505	1	0.6644
548	1303771456063	1	1.505	1.0714	0.6201
549	1303771456085	1	1.505	1.0714	0.6201
550	1303771456105	1	1.505	1.0714	0.6201
551	1303771456127	1	1.505	1.0357	0.6415
552	1303771456146	1	1.505	1.0714	0.6201
553	1303771456168	1	1.505	1.1071	0.6001
554	1303771456189	1	1.505	1.1071	0.6001
555	1303771456211	1	1.505	1.0714	0.6201
556	1303771456232	1	1.505	1.1071	0.6001
557	1303771456255	1	1.505	1.0667	0.6229
558	1303771456277	1	1.505	1.1	0.604
559	1303771456297	1	1.505	1.0667	0.6229
560	1303771456319	1	1.505	1.1	0.604
561	1303771456381	1	1.505	1.1	0.604
562	1303771456403	1	1.505	1.0667	0.6229
563	1303771456424	1	1.505	1.0667	0.6229
564	1303771456445	1	1.505	1.1	0.604
565	1303771456466	1	1.505	1.1	0.604
566	1303771456489	1	1.505	1.1	0.604
567	1303771456512	1	1.505	1.0333	0.643
568	1303771456533	1	1.505	1.1	0.604
569	1303771456555	1	1.505	1.1	0.604
570	1303771456576	1	1.505	1.1	0.604
571	1303771456679	1	1.505	1.0667	0.6229
572	1303771456700	1	1.505	1.0667	0.6229
573	1303771456763	1	1.505	1.0667	0.6229
574	1303771456785	1	1.505	1.1	0.604
575	1303771456806	1	1.505	1.0667	0.6229
576	1303771456828	1	1.505	1.1	0.604
577	1303771456848	1	1.505	1.0667	0.6229
578	1303771456870	1	1.505	1.0625	0.6254
579	1303771456891	1	1.505	1.0667	0.6229
580	1303771456914	1	1.505	1.0938	0.6075
581	1303771456935	1	1.505	1.0938	0.6075
582	1303771456957	1	1.505	1.0625	0.6254
583	1303771456979	1	1.505	1	0.6644
584	1303771457000	1	1.505	1.0625	0.6254
585	1303771457022	1	1.505	1.0625	0.6254
586	1303771457089	1	1.505	1.0938	0.6075
587	1303771457112	1	1.505	1.0588	0.6275
588	1303771457133	1	1.505	1.0882	0.6106
589	1303771457155	1	1.505	1.0625	0.6254
590	1303771457177	1	1.505	1.0625	0.6254
591	1303771457239	1	1.505	1.0625	0.6254
592	1303771457262	1	1.505	1.0625	0.6254
593	1303771457283	1	1.505	1.0882	0.6106
594	1303771457306	1	1.505	1.1176	0.5945
595	1303771457326	1	1.505	1.0588	0.6275
596	1303771457347	1	1.505	1.0882	0.6106
597	1303771457369	1	1.505	1.0588	0.6275
598	1303771457390	1	1.505	1.0588	0.6275
599	1303771457413	1	1.505	1.0588	0.6275
600	1303771457445	1	1.505	1.0882	0.6106
601	1303771457529	1	1.505	1.0882	0.6106
602	1303771457614	1	1.505	1.0588	0.6275
603	1303771457755	1	1.3328	1.0294	0.7289
604	1303771457814	1	1.3144	1.0294	0.7391
605	1303771457838	1	1.3144	1.0588	0.7185
606	1303771457860	1	1.3144	1.0588	0.7185
607	1303771457881	1	1.3144	1	0.7608
608	1303771457902	1	1.3144	1.0294	0.7391
609	1303771457923	1	1.3144	1.0588	0.7185
610	1303771457944	1	1.3144	1.0588	0.7185
611	1303771457966	1	1.3144	1.0294	0.7391
612	1303771457986	1	1.3144	1.0294	0.7391
613	1303771458007	1	1.3144	1.0294	0.7391
614	1303771458069	1	1.3144	1.0294	0.7391
615	1303771458089	1	1.3144	1.0294	0.7391
616	1303771458111	1	1.3144	1.0588	0.7185
617	1303771458132	1	1.3144	1.0294	0.7391
618	1303771458154	1	1.3144	1.0294	0.7391
619	1303771458175	1	1.3144	1	0.7608
620	1303771458197	1	1.3144	1.0588	0.7185
621	1303771458217	1	1.3144	1.0588	0.7185
622	1303771458239	1	1.3144	1.0294	0.7391
623	1303771458259	1	1.3144	1	0.7608
624	1303771458280	1	1.3144	1.0294	0.7391
625	1303771458300	1	1.3144	1.0588	0.7185
626	1303771458322	1	1.3144	1.0588	0.7185
627	1303771458390	1	1.3144	1	0.7608
628	1303771458409	1	1.3144	1.0294	0.7391
629	1303771458431	1	1.3144	1.0294	0.7391
630	1303771458451	1	1.3144	1.0588	0.7185
631	1303771458513	1	1.3144	1	0.7608
632	1303771458533	1	1.3144	1	0.7608
633	1303771458555	1	1.3144	1.0294	0.7391
634	1303771458575	1	1.3144	1.0588	0.7185
635	1303771458597	1	1.3144	1.0294	0.7391
636	1303771458618	1	1.3144	1	0.7608
637	1303771458638	1	1.3144	1.0294	0.7391
638	1303771458660	1	1.3144	1.0294	0.7391
639	1303771458680	1	1.3144	1.0294	0.7391
640	1303771458701	1	1.3144	1	0.7608
641	1303771458721	1	1.3144	1.0294	0.7391
642	1303771458742	1	1.3144	1.0294	0.7391
643	1303771458762	1	1.3144	1.0294	0.7391
644	1303771458783	1	1.3144	1	0.7608
645	1303771458803	1	1.3144	1.0294	0.7391
646	1303771458825	1	1.3144	1.0294	0.7391
647	1303771458845	1	1.3144	1.0294	0.7391
648	1303771458866	1	1.3144	1.0294	0.7391
649	1303771458887	1	1.3144	1.0294	0.7391
650	1303771458907	1	1.3144	1.0294	0.7391
651	1303771458970	1	1.3144	1	0.7608
652	1303771458990	1	1.3144	1.0294	0.7391
653	1303771459053	1	1.3144	1.0294	0.7391
654	1303771459074	1	1.3144	1.0294	0.7391
655	1303771459096	1	1.3144	1	0.7608
656	1303771459117	1	1.3144	1.0294	0.7391
657	1303771459139	1	1.3144	1.0588	0.7185
658	1303771459161	1	1.3144	1	0.7608
659	1303771459183	1	1.3144	1	0.7608
660	1303771459206	1	1.3144	1.0294	0.7391
661	1303771459241	1	1.3144	1.0588	0.7185
662	1303771459345	1	1.3144	1.0294	0.7391
663	1303771459399	1	1.3197	1	0.7577
664	1303771459435	1	1.3177	1.0294	0.7372
665	1303771459461	1	1.3177	1	0.7589
666	1303771459485	1	1.3199	1	0.7577
667	1303771459509	1	1.3199	1.0294	0.736
668	1303771459530	1	1.3199	1.0294	0.736
669	1303771459553	1	1.3199	1.0294	0.736
670	1303771459613	1	1.3199	1	0.7577
671	1303771459634	1	1.3199	1.0294	0.736
672	1303771459655	1	1.3199	1	0.7577
673	1303771459676	1	1.3199	1.0294	0.736
674	1303771459696	1	1.3199	1.0294	0.736
675	1303771459718	1	1.3199	1	0.7577
676	1303771459741	1	1.3199	1	0.7577
677	1303771459760	1	1.3199	1.0588	0.7156
678	1303771459782	1	1.3199	1	0.7577
679	1303771459843	1	1.3199	1	0.7577
680	1303771459864	1	1.3199	1.0294	0.736
681	1303771459884	1	1.3199	1.0294	0.736
682	1303771459906	1	1.3199	1	0.7577
683	1303771459926	1	1.3199	1.0294	0.736
684	1303771459949	1	1.3199	1	0.7577
685	1303771459969	1	1.3199	1.0294	0.736
686	1303771459991	1	1.3199	1.0294	0.736
687	1303771460012	1	1.3199	1	0.7577
688	1303771460032	1	1.3199	1	0.7577
689	1303771460053	1	1.3199	1.0588	0.7156
690	1303771460073	1	1.3199	1	0.7577
691	1303771460094	1	1.3199	1	0.7577
692	1303771460114	1	1.3199	1.0294	0.736
693	1303771460135	1	1.3199	1.0294	0.736
694	1303771460155	1	1.3199	1	0.7577
695	1303771460176	1	1.3199	1.0294	0.736
696	1303771460196	1	1.3199	1	0.7577
697	1303771460218	1	1.3199	1.0294	0.736
698	1303771460239	1	1.3199	1.0294	0.736
699	1303771460259	1	1.3199	1	0.7577
700	1303771460281	1	1.3199	1	0.7577
701	1303771460300	1	1.3199	1.0588	0.7156
702	1303771460365	1	1.3199	1	0.7577
703	1303771460385	1	1.3199	1	0.7577
704	1303771460407	1	1.3199	1.0294	0.736
705	1303771460427	1	1.3199	1.0294	0.736
706	1303771460448	1	1.3199	1	0.7577
707	1303771460468	1	1.3199	1.0294	0.736
708	1303771460490	1	1.3199	1	0.7577
709	1303771460512	1	1.3199	1.0294	0.736
710	1303771460533	1	1.3199	1.0294	0.736
711	1303771460555	1	1.3199	1	0.7577
712	1303771460575	1	1.3199	1	0.7577
713	1303771460597	1	1.3199	1.0588	0.7156
714	1303771460616	1	1.3199	1	0.7577
715	1303771460637	1	1.3199	1	0.7577
716	1303771460657	1	1.3199	1.0294	0.736
717	1303771460678	1	1.3199	1.0294	0.736
718	1303771460698	1	1.3199	1	0.7577
719	1303771460720	1	1.3199	1.0294	0.736
720	1303771460740	1	1.3199	1	0.7577
721	1303771460761	1	1.3199	1.0294	0.736
722	1303771460798	1	1.3199	1.0294	0.736
723	1303771460924	1	1.3199	1	0.7577
724	1303771461002	1	1.3199	1	0.7577
725	1303771461183	1	1.3016	1.0588	0.7256
726	1303771461465	1	1.3008	1	0.7688
727	1303771461656	1	1.3007	1	0.7688
728	1303771461730	1	1.3007	1.0294	0.7468
729	1303771461802	1	1.3007	1	0.7688
730	1303771461866	1	1.3007	1	0.7688
731	1303771461886	1	1.3007	1.0294	0.7468
732	1303771461907	1	1.3007	1	0.7688
733	1303771461927	1	1.3007	1	0.7688
734	1303771461949	1	1.3007	1.0294	0.7468
735	1303771461970	1	1.3007	1	0.7688
736	1303771461992	1	1.3007	1	0.7688
737	1303771462054	1	1.3007	1.0294	0.7468
738	1303771462075	1	1.3007	1	0.7688
739	1303771462139	1	1.3007	1	0.7688
740	1303771462159	1	1.3007	1.0294	0.7468
741	1303771462180	1	1.3007	1	0.7688
742	1303771462201	1	1.3007	1	0.7688
743	1303771462224	1	1.3007	1.0294	0.7468
744	1303771462244	1	1.3007	1	0.7688
745	1303771462265	1	1.3007	1	0.7688
746	1303771462287	1	1.3007	1.0294	0.7468
747	1303771462308	1	1.3007	1	0.7688
748	1303771462331	1	1.3007	1	0.7688
749	1303771462351	1	1.3007	1.0294	0.7468
750	1303771462372	1	1.3007	1	0.7688
751	1303771462433	1	1.3007	1	0.7688
752	1303771462454	1	1.3007	1.0294	0.7468
753	1303771462474	1	1.3007	1	0.7688
754	1303771462496	1	1.3007	1	0.7688
755	1303771462516	1	1.3007	1.0294	0.7468
756	1303771462538	1	1.3007	1	0.7688
757	1303771462561	1	1.3007	1	0.7688
758	1303771462581	1	1.3007	1.0294	0.7468
759	1303771462602	1	1.3007	1	0.7688
760	1303771462622	1	1.3007	1	0.7688
761	1303771462643	1	1.3007	1.0588	0.7261
762	1303771462663	1	1.3007	1	0.7688
763	1303771462685	1	1.3007	1	0.7688
764	1303771462705	1	1.3007	1.0588	0.7261
765	1303771462727	1	1.3007	1	0.7688
766	1303771462791	1	1.3007	1	0.7688
767	1303771462812	1	1.3007	1.0588	0.7261
768	1303771462834	1	1.3007	1	0.7688
769	1303771462854	1	1.3007	1	0.7688
770	1303771462876	1	1.3007	1.0294	0.7468
771	1303771462896	1	1.3007	1	0.7688
772	1303771462917	1	1.3007	1	0.7688
773	1303771462938	1	1.3007	1.0294	0.7468
774	1303771462960	1	1.3007	1	0.7688
775	1303771462980	1	1.3007	1	0.7688
776	1303771463002	1	1.3007	1.0294	0.7468
777	1303771463023	1	1.3007	1	0.7688
778	1303771463086	1	1.3007	1	0.7688
779	1303771463108	1	1.3007	1.0294	0.7468
780	1303771463129	1	1.3007	1	0.7688
781	1303771463196	1	1.3007	1	0.7688
782	1303771463218	1	1.3007	1.0294	0.7468
783	1303771463252	1	1.3007	1	0.7688
784	1303771463347	1	1.3007	1	0.7688
785	1303771463423	1	1.3007	1	0.7688
786	1303771463624	1	1.3007	1	0.7688
787	1303771463884	1	1.3004	1	0.769
788	1303771464106	1	1.3004	1	0.769
789	1303771464215	1	1.3004	1	0.769
790	1303771464259	1	1.3004	1	0.769
791	1303771464285	1	1.3004	1	0.769
792	1303771464305	1	1.3004	1	0.769
793	1303771464327	1	1.3004	1	0.769
794	1303771464349	1	1.3004	1	0.769
795	1303771464369	1	1.3004	1	0.769
796	1303771464389	1	1.3004	1	0.769
797	1303771464409	1	1.3004	1	0.769
798	1303771464430	1	1.3004	1	0.769
799	1303771464450	1	1.3004	1	0.769
800	1303771464472	1	1.3004	1.0294	0.747
801	1303771464538	1	1.3004	1	0.769
802	1303771464560	1	1.3004	1	0.769
803	1303771464580	1	1.3004	1	0.769
804	1303771464602	1	1.3004	1	0.769
805	1303771464622	1	1.3004	1	0.769
806	1303771464644	1	1.3004	1.0294	0.747
807	1303771464665	1	1.3004	1	0.769
808	1303771464685	1	1.3004	1	0.769
809	1303771464707	1	1.3004	1.0294	0.747
810	1303771464727	1	1.3004	1	0.769
811	1303771464748	1	1.3004	1	0.769
812	1303771464768	1	1.3004	1.0294	0.747
813	1303771464789	1	1.3004	1	0.769
814	1303771464810	1	1.3004	1	0.769
815	1303771464830	1	1.3004	1.0294	0.747
816	1303771464851	1	1.3004	1	0.769
817	1303771464872	1	1.3004	1	0.769
818	1303771464894	1	1.3004	1.0294	0.747
819	1303771464915	1	1.3004	1	0.769
820	1303771464938	1	1.3004	1	0.769
821	1303771464959	1	1.3004	1	0.769
822	1303771464981	1	1.3004	1	0.769
823	1303771465001	1	1.3004	1	0.769
824	1303771465068	1	1.3004	1	0.769
825	1303771465129	1	1.3004	1	0.769
826	1303771465151	1	1.3004	1	0.769
827	1303771465171	1	1.3004	1	0.769
828	1303771465193	1	1.3004	1	0.769
829	1303771465214	1	1.3004	1	0.769
830	1303771465234	1	1.3004	1	0.769
831	1303771465256	1	1.3004	1	0.769
832	1303771465275	1	1.3004	1	0.769
833	1303771465297	1	1.3004	1	0.769
834	1303771465317	1	1.3004	1	0.769
835	1303771465338	1	1.3004	1	0.769
836	1303771465358	1	1.3004	1	0.769
837	1303771465379	1	1.3004	1	0.769
838	1303771465399	1	1.3004	1	0.769
839	1303771465421	1	1.3004	1.0294	0.747
840	1303771465442	1	1.3004	1	0.769
841	1303771465462	1	1.3004	1	0.769
842	1303771465483	1	1.3004	1	0.769
843	1303771465503	1	1.3004	1	0.769
844	1303771465532	1	1.3004	1	0.769
845	1303771465589	1	1.3004	1.0294	0.747
846	1303771465668	1	1.3004	1	0.769
847	1303771465864	1	1.3085	1	0.7642
848	1303771466235	1	1.3085	1	0.7642
849	1303771466560	1	1.3302	1	0.7518
850	1303771466703	1	1.3251	1	0.7547
851	1303771466751	1	1.3251	1	0.7547
852	1303771466776	1	1.3251	1	0.7547
853	1303771466799	1	1.3251	1	0.7547
854	1303771466819	1	1.3251	1.0294	0.7331
855	1303771466841	1	1.3251	1	0.7547
856	1303771466863	1	1.3251	1	0.7547
857	1303771466924	1	1.3251	1.0294	0.7331
858	1303771466946	1	1.3251	1	0.7547
859	1303771466966	1	1.3251	1	0.7547
860	1303771466988	1	1.3251	1.0294	0.7331
861	1303771467008	1	1.3251	1.0294	0.7331
862	1303771467029	1	1.3251	1	0.7547
863	1303771467051	1	1.3251	1	0.7547
864	1303771467073	1	1.3251	1.0294	0.7331
865	1303771467137	1	1.3251	1	0.7547
866	1303771467157	1	1.3251	1	0.7547
867	1303771467180	1	1.3251	1.0294	0.7331
868	1303771467201	1	1.3251	1	0.7547
869	1303771467224	1	1.3251	1	0.7547
870	1303771467245	1	1.3251	1.0294	0.7331
871	1303771467267	1	1.3251	1.0294	0.7331
872	1303771467288	1	1.3251	1	0.7547
873	1303771467311	1	1.3251	1	0.7547
874	1303771467333	1	1.3251	1.0294	0.7331
875	1303771467355	1	1.3251	1	0.7547
876	1303771467377	1	1.3251	1	0.7547
877	1303771467397	1	1.3251	1.0294	0.7331
878	1303771467420	1	1.3251	1.0294	0.7331
879	1303771467481	1	1.3251	1	0.7547
880	1303771467503	1	1.3251	1	0.7547
881	1303771467524	1	1.3251	1.0294	0.7331
882	1303771467546	1	1.3251	1	0.7547
883	1303771467567	1	1.3251	1	0.7547
884	1303771467588	1	1.3251	1.0294	0.7331
885	1303771467610	1	1.3251	1	0.7547
886	1303771467676	1	1.3251	1	0.7547
887	1303771467740	1	1.3251	1.0294	0.7331
888	1303771467760	1	1.3251	1.0294	0.7331
889	1303771467782	1	1.3251	1	0.7547
890	1303771467802	1	1.3251	1	0.7547
891	1303771467824	1	1.3251	1.0294	0.7331
892	1303771467844	1	1.3251	1	0.7547
893	1303771467866	1	1.3251	1	0.7547
894	1303771467889	1	1.3251	1.0294	0.7331
895	1303771467911	1	1.3251	1	0.7547
896	1303771467933	1	1.3251	1	0.7547
897	1303771467954	1	1.3251	1.0294	0.7331
898	1303771467975	1	1.3251	1.0294	0.7331
899	1303771467996	1	1.3251	1	0.7547
900	1303771468017	1	1.3251	1	0.7547
901	1303771468037	1	1.3251	1.0294	0.7331
902	1303771468059	1	1.3251	1	0.7547
903	1303771468079	1	1.3251	1	0.7547
904	1303771468101	1	1.3251	1.0294	0.7331
905	1303771468135	1	1.1964	1	0.8358
906	1303771468250	1	1.1873	1	0.8423
907	1303771468315	1	1.2243	1.0294	0.7935
908	1303771468371	1	1.2144	1.0294	0.7999
909	1303771468398	1	1.2144	1	0.8234
910	1303771468423	1	1.2144	1.0294	0.7999
911	1303771468444	1	1.2144	1.0294	0.7999
912	1303771468508	1	1.2144	1.0294	0.7999
913	1303771468528	1	1.2144	1	0.8234
914	1303771468550	1	1.2144	1	0.8234
915	1303771468611	1	1.2144	1.0294	0.7999
916	1303771468632	1	1.2144	1.0294	0.7999
917	1303771468654	1	1.2144	1	0.8234
918	1303771468674	1	1.2144	1	0.8234
919	1303771468696	1	1.2144	1.0294	0.7999
920	1303771468716	1	1.2144	1.0294	0.7999
921	1303771468738	1	1.2144	1	0.8234
922	1303771468758	1	1.2144	1	0.8234
923	1303771468780	1	1.2144	1.0294	0.7999
924	1303771468841	1	1.2144	1	0.8234
925	1303771468862	1	1.2144	1	0.8234
926	1303771468925	1	1.2144	1.0294	0.7999
927	1303771468945	1	1.2144	1.0294	0.7999
928	1303771468967	1	1.2144	1	0.8234
929	1303771468987	1	1.2144	1	0.8234
930	1303771469009	1	1.2144	1.0294	0.7999
931	1303771469030	1	1.2144	1.0294	0.7999
932	1303771469052	1	1.2144	1	0.8234
933	1303771469072	1	1.2144	1.0294	0.7999
934	1303771469094	1	1.2144	1.0294	0.7999
935	1303771469114	1	1.2144	1.0294	0.7999
936	1303771469135	1	1.2144	1.0294	0.7999
937	1303771469156	1	1.2144	1	0.8234
938	1303771469218	1	1.2144	1.0294	0.7999
939	1303771469240	1	1.2144	1.0588	0.7777
940	1303771469260	1	1.2144	1	0.8234
941	1303771469283	1	1.2144	1	0.8234
942	1303771469303	1	1.2144	1.0588	0.7777
943	1303771469324	1	1.2144	1.0294	0.7999
944	1303771469345	1	1.2144	1	0.8234
945	1303771469366	1	1.2144	1.0294	0.7999
946	1303771469386	1	1.2144	1.0294	0.7999
947	1303771469449	1	1.2144	1.0294	0.7999
948	1303771469469	1	1.2144	1.0294	0.7999
949	1303771469490	1	1.2144	1	0.8234
950	1303771469511	1	1.2144	1.0294	0.7999
951	1303771469531	1	1.2144	1.0588	0.7777
952	1303771469553	1	1.2144	1	0.8234
953	1303771469573	1	1.2144	1	0.8234
954	1303771469595	1	1.2144	1.0588	0.7777
955	1303771469614	1	1.2144	1.0294	0.7999
956	1303771469636	1	1.2144	1	0.8234
957	1303771469656	1	1.2144	1.0294	0.7999
958	1303771469677	1	1.2144	1.0294	0.7999
959	1303771469698	1	1.2144	1.0294	0.7999
960	1303771469719	1	1.2144	1.0294	0.7999
961	1303771469741	1	1.2144	1	0.8234
962	1303771469761	1	1.2144	1.0294	0.7999
963	1303771469825	1	1.2144	1.0588	0.7777
964	1303771469845	1	1.2144	1	0.8234
965	1303771469866	1	1.2144	1	0.8234
966	1303771469903	1	1.2144	1.0588	0.7777
967	1303771470003	1	1.3234	1.0294	0.734
968	1303771470040	1	1.3101	1	0.7633
969	1303771470063	1	1.3101	1	0.7633
970	1303771470085	1	1.3101	1.0294	0.7415
971	1303771470106	1	1.3101	1.0294	0.7415
972	1303771470169	1	1.3101	1	0.7633
973	1303771470191	1	1.3101	1	0.7633
974	1303771470211	1	1.3101	1.0294	0.7415
975	1303771470232	1	1.3101	1.0294	0.7415
976	1303771470252	1	1.3101	1	0.7633
977	1303771470273	1	1.3101	1.0294	0.7415
978	1303771470294	1	1.3101	1.0294	0.7415
979	1303771470316	1	1.3101	1.0294	0.7415
980	1303771470337	1	1.3101	1	0.7633
981	1303771470359	1	1.3101	1	0.7633
982	1303771470380	1	1.3101	1.0294	0.7415
983	1303771470401	1	1.3101	1.0294	0.7415
984	1303771470421	1	1.3101	1	0.7633
985	1303771470444	1	1.3101	1.0294	0.7415
986	1303771470464	1	1.3101	1.0294	0.7415
987	1303771470486	1	1.3101	1.0294	0.7415
988	1303771470507	1	1.3101	1	0.7633
989	1303771470526	1	1.3101	1.0294	0.7415
990	1303771470548	1	1.3101	1.0294	0.7415
991	1303771470568	1	1.3101	1.0294	0.7415
992	1303771470631	1	1.3101	1	0.7633
993	1303771470652	1	1.3101	1.0294	0.7415
994	1303771470674	1	1.3101	1.0294	0.7415
995	1303771470694	1	1.3101	1.0294	0.7415
996	1303771470756	1	1.3101	1	0.7633
997	1303771470775	1	1.3101	1.0294	0.7415
998	1303771470797	1	1.3101	1.0294	0.7415
999	1303771470863	1	1.3101	1.0294	0.7415
1000	1303771470883	1	1.3101	1	0.7633
1001	1303771470905	1	1.3101	1.0294	0.7415
1002	1303771470925	1	1.3101	1.0294	0.7415
1003	1303771470945	1	1.3101	1.0294	0.7415
1004	1303771470965	1	1.3101	1	0.7633
1005	1303771470987	1	1.3101	1.0294	0.7415
1006	1303771471048	1	1.3101	1.0294	0.7415
1007	1303771471069	1	1.3101	1.0294	0.7415
1008	1303771471089	1	1.3101	1	0.7633
1009	1303771471110	1	1.3101	1.0294	0.7415
1010	1303771471132	1	1.3101	1.0294	0.7415
1011	1303771471152	1	1.3101	1.0294	0.7415
1012	1303771471218	1	1.3101	1	0.7633
1013	1303771471237	1	1.3101	1.0294	0.7415
1014	1303771471259	1	1.3101	1.0294	0.7415
1015	1303771471279	1	1.3101	1.0294	0.7415
1016	1303771471301	1	1.3101	1	0.7633
1017	1303771471322	1	1.3101	1	0.7633
1018	1303771471344	1	1.3101	1.0294	0.7415
1019	1303771471365	1	1.3101	1.0294	0.7415
1020	1303771471387	1	1.3101	1	0.7633
1021	1303771471407	1	1.3101	1	0.7633
1022	1303771471431	1	1.3101	1.0294	0.7415
1023	1303771471453	1	1.3101	1.0294	0.7415
1024	1303771471518	1	1.3101	1	0.7633
1025	1303771471541	1	1.3101	1.0294	0.7415
1026	1303771471562	1	1.3101	1.0294	0.7415
1027	1303771471595	1	1.3101	1.0294	0.7415
1028	1303771471681	1	1.3053	1	0.7661
1029	1303771471719	1	1.3053	1.0294	0.7442
1030	1303771471745	1	1.3053	1.0294	0.7442
1031	1303771471766	1	1.3053	1.0294	0.7442
1032	1303771471788	1	1.3053	1	0.7661
1033	1303771471848	1	1.3053	1.0294	0.7442
1034	1303771471870	1	1.3053	1.0294	0.7442
1035	1303771471891	1	1.3053	1.0294	0.7442
1036	1303771471913	1	1.3053	1	0.7661
1037	1303771471976	1	1.3053	1	0.7661
1038	1303771471996	1	1.3053	1.0294	0.7442
1039	1303771472017	1	1.3053	1.0294	0.7442
1040	1303771472083	1	1.3053	1	0.7661
1041	1303771472106	1	1.3053	1	0.7661
1042	1303771472126	1	1.3053	1.0294	0.7442
1043	1303771472148	1	1.3053	1.0294	0.7442
1044	1303771472168	1	1.3053	1	0.7661
1045	1303771472190	1	1.3053	1.0294	0.7442
1046	1303771472210	1	1.3053	1.0294	0.7442
1047	1303771472272	1	1.3053	1.0294	0.7442
1048	1303771472293	1	1.3053	1	0.7661
1049	1303771472313	1	1.3053	1.0294	0.7442
1050	1303771472334	1	1.3053	1.0294	0.7442
1051	1303771472354	1	1.3053	1.0294	0.7442
1052	1303771472375	1	1.3053	1	0.7661
1053	1303771472395	1	1.3053	1.0294	0.7442
1054	1303771472462	1	1.3053	1.0294	0.7442
1055	1303771472483	1	1.3053	1.0294	0.7442
1056	1303771472505	1	1.3053	1	0.7661
1057	1303771472525	1	1.3053	1	0.7661
1058	1303771472546	1	1.3053	1.0294	0.7442
1059	1303771472613	1	1.3053	1.0294	0.7442
1060	1303771472633	1	1.3053	1	0.7661
1061	1303771472654	1	1.3053	1.0294	0.7442
1062	1303771472675	1	1.3053	1.0294	0.7442
1063	1303771472696	1	1.3053	1.0294	0.7442
1064	1303771472717	1	1.3053	1	0.7661
1065	1303771472739	1	1.3053	1.0294	0.7442
1066	1303771472758	1	1.3053	1.0294	0.7442
1067	1303771472780	1	1.3053	1.0294	0.7442
1068	1303771472800	1	1.3053	1	0.7661
1069	1303771472822	1	1.3053	1.0294	0.7442
1070	1303771472842	1	1.3053	1.0294	0.7442
1071	1303771472864	1	1.3053	1.0294	0.7442
1072	1303771472884	1	1.3053	1	0.7661
1073	1303771472904	1	1.3053	1.0294	0.7442
1074	1303771472926	1	1.3053	1.0294	0.7442
1075	1303771472946	1	1.3053	1.0294	0.7442
1076	1303771472968	1	1.3053	1	0.7661
1077	1303771472988	1	1.3053	1.0294	0.7442
1078	1303771473011	1	1.3053	1.0294	0.7442
1079	1303771473030	1	1.3053	1.0294	0.7442
1080	1303771473051	1	1.3053	1	0.7661
1081	1303771473071	1	1.3053	1	0.7661
1082	1303771473092	1	1.3053	1.0294	0.7442
1083	1303771473112	1	1.3053	1.0294	0.7442
1084	1303771473135	1	1.3053	1	0.7661
1085	1303771473156	1	1.3053	1.0294	0.7442
1086	1303771473177	1	1.3053	1.0294	0.7442
1087	1303771473198	1	1.3053	1.0294	0.7442
1088	1303771473272	1	1.3053	1	0.7661
1089	1303771473358	1	1.3053	1.0294	0.7442
1090	1303771473391	1	1.3053	1.0294	0.7442
1091	1303771473417	1	1.3105	1.0294	0.7413
1092	1303771473439	1	1.3105	1	0.7631
1093	1303771473461	1	1.3105	1.0294	0.7413
1094	1303771473483	1	1.3105	1.0294	0.7413
1095	1303771473503	1	1.3105	1.0294	0.7413
1096	1303771473524	1	1.3105	1	0.7631
1097	1303771473544	1	1.3105	1.0294	0.7413
1098	1303771473566	1	1.3105	1.0294	0.7413
1099	1303771473627	1	1.3105	1.0294	0.7413
1100	1303771473648	1	1.3105	1	0.7631
1101	1303771473668	1	1.3105	1.0294	0.7413
1102	1303771473689	1	1.3105	1.0294	0.7413
1103	1303771473709	1	1.3105	1.0294	0.7413
1104	1303771473730	1	1.3105	1	0.7631
1105	1303771473752	1	1.3105	1.0294	0.7413
1106	1303771473771	1	1.3105	1.0294	0.7413
1107	1303771473834	1	1.3105	1.0294	0.7413
1108	1303771473854	1	1.3105	1	0.7631
1109	1303771473875	1	1.3105	1.0294	0.7413
1110	1303771473896	1	1.3105	1.0294	0.7413
1111	1303771473959	1	1.3105	1.0294	0.7413
1112	1303771473979	1	1.3105	1	0.7631
1113	1303771474001	1	1.3105	1.0294	0.7413
1114	1303771474021	1	1.3105	1.0294	0.7413
1115	1303771474042	1	1.3105	1.0294	0.7413
1116	1303771474065	1	1.3105	1	0.7631
1117	1303771474085	1	1.3105	1.0294	0.7413
1118	1303771474107	1	1.3105	1.0294	0.7413
1119	1303771474126	1	1.3105	1.0294	0.7413
1120	1303771474149	1	1.3105	1	0.7631
1121	1303771474169	1	1.3105	1.0294	0.7413
1122	1303771474190	1	1.3105	1.0294	0.7413
1123	1303771474210	1	1.3105	1.0294	0.7413
1124	1303771474230	1	1.3105	1	0.7631
1125	1303771474250	1	1.3105	1.0294	0.7413
1126	1303771474271	1	1.3105	1.0294	0.7413
1127	1303771474291	1	1.3105	1.0294	0.7413
1128	1303771474312	1	1.3105	1	0.7631
1129	1303771474332	1	1.3105	1.0294	0.7413
1130	1303771474353	1	1.3105	1.0294	0.7413
1131	1303771474374	1	1.3105	1.0294	0.7413
1132	1303771474395	1	1.3105	1	0.7631
1133	1303771474417	1	1.3105	1.0294	0.7413
1134	1303771474437	1	1.3105	1.0294	0.7413
1135	1303771474458	1	1.3105	1.0294	0.7413
1136	1303771474478	1	1.3105	1	0.7631
1137	1303771474500	1	1.3105	1.0294	0.7413
1138	1303771474520	1	1.3105	1.0294	0.7413
1139	1303771474541	1	1.3105	1.0294	0.7413
1140	1303771474561	1	1.3105	1	0.7631
1141	1303771474582	1	1.3105	1.0294	0.7413
1142	1303771474602	1	1.3105	1.0294	0.7413
1143	1303771474624	1	1.3105	1.0294	0.7413
1144	1303771474645	1	1.3105	1	0.7631
1145	1303771474665	1	1.3105	1.0294	0.7413
1146	1303771474688	1	1.3105	1.0294	0.7413
1147	1303771474707	1	1.3105	1.0294	0.7413
1148	1303771474728	1	1.3105	1	0.7631
1149	1303771474760	1	1.3105	1.0294	0.7413
1150	1303771474831	1	1.3105	1.0294	0.7413
1151	1303771474905	1	1.3105	1.0294	0.7413
1152	1303771474929	1	1.3105	1	0.7631
1153	1303771474951	1	1.3175	1.0294	0.7373
1154	1303771474973	1	1.3175	1.0294	0.7373
1155	1303771474994	1	1.3175	1.0294	0.7373
1156	1303771475014	1	1.3175	1	0.759
1157	1303771475036	1	1.3175	1.0294	0.7373
1158	1303771475056	1	1.3175	1.0294	0.7373
1159	1303771475078	1	1.3175	1.0294	0.7373
1160	1303771475098	1	1.3175	1.0294	0.7373
1161	1303771475120	1	1.3175	1.0294	0.7373
1162	1303771475140	1	1.3175	1.0294	0.7373
1163	1303771475161	1	1.3175	1.0294	0.7373
1164	1303771475182	1	1.3175	1	0.759
1165	1303771475244	1	1.2801	1.0294	0.7589
1166	1303771475266	1	1.2801	1.0294	0.7589
1167	1303771475286	1	1.2801	1.0294	0.7589
1168	1303771475353	1	1.2801	1	0.7812
1169	1303771475372	1	1.2801	1.0294	0.7589
1170	1303771475394	1	1.2801	1.0294	0.7589
1171	1303771475414	1	1.2801	1.0294	0.7589
1172	1303771475435	1	1.2801	1	0.7812
1173	1303771475455	1	1.2801	1.0294	0.7589
1174	1303771475477	1	1.2801	1.0294	0.7589
1175	1303771475497	1	1.2801	1.0294	0.7589
1176	1303771475518	1	1.2801	1.0294	0.7589
1177	1303771475540	1	1.2801	1.0294	0.7589
1178	1303771475559	1	1.2801	1.0294	0.7589
1179	1303771475581	1	1.2801	1.0294	0.7589
1180	1303771475601	1	1.2801	1	0.7812
1181	1303771475622	1	1.2801	1.0294	0.7589
1182	1303771475685	1	1.2801	1.0294	0.7589
1183	1303771475707	1	1.2801	1.0294	0.7589
1184	1303771475727	1	1.2801	1	0.7812
1185	1303771475749	1	1.2801	1.0294	0.7589
1186	1303771475770	1	1.2801	1.0294	0.7589
1187	1303771475833	1	1.2801	1.0294	0.7589
1188	1303771475854	1	1.2801	1	0.7812
1189	1303771475874	1	1.2801	1.0294	0.7589
1190	1303771475895	1	1.2801	1.0294	0.7589
1191	1303771475917	1	1.2801	1.0294	0.7589
1192	1303771475939	1	1.2801	1.0294	0.7589
1193	1303771475960	1	1.2801	1.0294	0.7589
1194	1303771475982	1	1.2801	1.0294	0.7589
1195	1303771476002	1	1.2801	1.0294	0.7589
1196	1303771476024	1	1.2801	1	0.7812
1197	1303771476044	1	1.2801	1.0294	0.7589
1198	1303771476065	1	1.2801	1.0294	0.7589
1199	1303771476085	1	1.2801	1.0294	0.7589
1200	1303771476146	1	1.2801	1	0.7812
1201	1303771476168	1	1.2801	1.0294	0.7589
1202	1303771476188	1	1.2801	1.0294	0.7589
1203	1303771476251	1	1.2801	1.0294	0.7589
1204	1303771476311	1	1.2801	1	0.7812
1205	1303771476333	1	1.2801	1.0294	0.7589
1206	1303771476394	1	1.2801	1.0294	0.7589
1207	1303771476416	1	1.2801	1.0294	0.7589
1208	1303771476436	1	1.2801	1.0294	0.7589
1209	1303771476457	1	1.2801	1.0294	0.7589
1210	1303771476487	1	1.2801	1.0294	0.7589
1211	1303771476556	1	1.2742	1.0294	0.7624
1212	1303771476592	1	1.2742	1	0.7848
1213	1303771476614	1	1.2742	1.0294	0.7624
1214	1303771476636	1	1.2742	1.0294	0.7624
1215	1303771476698	1	1.2742	1.0294	0.7624
1216	1303771476719	1	1.2742	1	0.7848
1217	1303771476739	1	1.2742	1	0.7848
1218	1303771476760	1	1.2742	1	0.7848
1219	1303771476780	1	1.2742	1	0.7848
1220	1303771476802	1	1.2742	1	0.7848
1221	1303771476823	1	1.2742	1	0.7848
1222	1303771476843	1	1.2742	1	0.7848
1223	1303771476927	1	1.2742	1	0.7848
1224	1303771476947	1	1.2742	1	0.7848
1225	1303771476969	1	1.2742	1	0.7848
1226	1303771476990	1	1.2742	1	0.7848
1227	1303771477012	1	1.2742	1	0.7848
1228	1303771477032	1	1.2742	1	0.7848
1229	1303771477052	1	1.2742	1	0.7848
1230	1303771477073	1	1.2742	1	0.7848
1231	1303771477096	1	1.2742	1	0.7848
1232	1303771477117	1	1.2742	1	0.7848
1233	1303771477137	1	1.2742	1	0.7848
1234	1303771477158	1	1.2742	1	0.7848
1235	1303771477218	1	1.2742	1	0.7848
1236	1303771477240	1	1.2742	1	0.7848
1237	1303771477260	1	1.2742	1	0.7848
1238	1303771477282	1	1.2742	1	0.7848
1239	1303771477343	1	1.2742	1	0.7848
1240	1303771477365	1	1.2742	1	0.7848
1241	1303771477385	1	1.2742	1	0.7848
1242	1303771477406	1	1.2742	1	0.7848
1243	1303771477469	1	1.2742	1	0.7848
1244	1303771477488	1	1.2742	1	0.7848
1245	1303771477510	1	1.2742	1	0.7848
1246	1303771477530	1	1.2742	1	0.7848
1247	1303771477592	1	1.2742	1	0.7848
1248	1303771477611	1	1.2742	1	0.7848
1249	1303771477633	1	1.2742	1	0.7848
1250	1303771477653	1	1.2742	1	0.7848
1251	1303771477675	1	1.2742	1	0.7848
1252	1303771477695	1	1.2742	1	0.7848
1253	1303771477716	1	1.2742	1	0.7848
1254	1303771477738	1	1.2742	1	0.7848
1255	1303771477803	1	1.2742	1	0.7848
1256	1303771477825	1	1.2742	1	0.7848
1257	1303771477845	1	1.2742	1	0.7848
1258	1303771477866	1	1.2742	1	0.7848
1259	1303771477886	1	1.2742	1	0.7848
1260	1303771477908	1	1.2742	1	0.7848
1261	1303771477929	1	1.2742	1	0.7848
1262	1303771477950	1	1.2742	1	0.7848
1263	1303771477970	1	1.2742	1	0.7848
1264	1303771477992	1	1.2742	1	0.7848
1265	1303771478012	1	1.2742	1	0.7848
1266	1303771478033	1	1.2742	1	0.7848
1267	1303771478054	1	1.2742	1	0.7848
1268	1303771478074	1	1.2742	1	0.7848
1269	1303771478095	1	1.2742	1	0.7848
1270	1303771478117	1	1.2742	1	0.7848
1271	1303771478148	1	1.2742	1	0.7848
1272	1303771478218	1	1.2769	1	0.7831
1273	1303771478254	1	1.2769	1	0.7831
1274	1303771478278	1	1.2769	1	0.7831
1275	1303771478302	1	1.2769	1	0.7831
1276	1303771478323	1	1.2769	1	0.7831
1277	1303771478384	1	1.2769	1	0.7831
1278	1303771478406	1	1.2769	1	0.7831
1279	1303771478425	1	1.2769	1	0.7831
1280	1303771478446	1	1.2769	1	0.7831
1281	1303771478466	1	1.2769	1	0.7831
1282	1303771478487	1	1.2769	1	0.7831
1283	1303771478507	1	1.2769	1	0.7831
1284	1303771478529	1	1.2769	1	0.7831
1285	1303771478549	1	1.2769	1	0.7831
1286	1303771478571	1	1.2769	1	0.7831
1287	1303771478591	1	1.2769	1	0.7831
1288	1303771478612	1	1.2769	1	0.7831
1289	1303771478678	1	1.2769	1	0.7831
1290	1303771478697	1	1.2769	1	0.7831
1291	1303771478719	1	1.2769	1	0.7831
1292	1303771478780	1	1.2769	1	0.7831
1293	1303771478801	1	1.2769	1	0.7831
1294	1303771478821	1	1.2769	1	0.7831
1295	1303771478842	1	1.2769	1	0.7831
1296	1303771478862	1	1.2769	1	0.7831
1297	1303771478884	1	1.2769	1	0.7831
1298	1303771478903	1	1.2769	1	0.7831
1299	1303771478924	1	1.2769	1	0.7831
1300	1303771478944	1	1.2769	1	0.7831
1301	1303771478966	1	1.2769	1	0.7831
1302	1303771478987	1	1.2769	1	0.7831
1303	1303771479006	1	1.2769	1	0.7831
1304	1303771479028	1	1.2769	1	0.7831
1305	1303771479070	1	1.2769	1	0.7831
1306	1303771479091	1	1.2769	1	0.7831
1307	1303771479111	1	1.2769	1	0.7831
1308	1303771479133	1	1.2769	1	0.7831
1309	1303771479152	1	1.2769	1	0.7831
1310	1303771479215	1	1.2769	1	0.7831
1311	1303771479235	1	1.2769	1	0.7831
1312	1303771479256	1	1.2769	1	0.7831
1313	1303771479277	1	1.2769	1	0.7831
1314	1303771479298	1	1.2769	1	0.7831
1315	1303771479320	1	1.2769	1	0.7831
1316	1303771479381	1	1.2769	1	0.7831
1317	1303771479444	1	1.2769	1	0.7831
1318	1303771479465	1	1.2769	1.0294	0.7608
1319	1303771479487	1	1.2769	1	0.7831
1320	1303771479506	1	1.2769	1	0.7831
1321	1303771479528	1	1.2769	1	0.7831
1322	1303771479549	1	1.2769	1	0.7831
1323	1303771479571	1	1.2769	1	0.7831
1324	1303771479591	1	1.2769	1	0.7831
1325	1303771479613	1	1.2769	1.0294	0.7608
1326	1303771479677	1	1.2769	1	0.7831
1327	1303771479696	1	1.2769	1	0.7831
1328	1303771479719	1	1.2769	1	0.7831
1329	1303771479740	1	1.2769	1	0.7831
1330	1303771479761	1	1.2769	1	0.7831
1331	1303771479782	1	1.2769	1	0.7831
1332	1303771479812	1	1.2769	1.0294	0.7608
1333	1303771479881	1	1.2769	1	0.7831
1334	1303771479917	1	1.2769	1	0.7831
1335	1303771479945	1	1.28	1	0.7813
1336	1303771479971	1	1.2773	1	0.7829
1337	1303771479996	1	1.2773	1	0.7829
1338	1303771480058	1	1.2773	1	0.7829
1339	1303771480081	1	1.2773	1.0294	0.7605
1340	1303771480101	1	1.2773	1	0.7829
1341	1303771480123	1	1.2773	1	0.7829
1342	1303771480145	1	1.2773	1	0.7829
1343	1303771480165	1	1.2773	1	0.7829
1344	1303771480186	1	1.2773	1	0.7829
1345	1303771480206	1	1.2773	1	0.7829
1346	1303771480227	1	1.2773	1	0.7829
1347	1303771480247	1	1.2773	1	0.7829
1348	1303771480269	1	1.2773	1	0.7829
1349	1303771480289	1	1.2773	1.0294	0.7605
1350	1303771480310	1	1.2773	1	0.7829
1351	1303771480330	1	1.2773	1	0.7829
1352	1303771480352	1	1.2773	1	0.7829
1353	1303771480372	1	1.2773	1.0294	0.7605
1354	1303771480393	1	1.2773	1	0.7829
1355	1303771480416	1	1.2773	1	0.7829
1356	1303771480435	1	1.2773	1	0.7829
1357	1303771480457	1	1.2773	1.0294	0.7605
1358	1303771480478	1	1.2773	1	0.7829
1359	1303771480501	1	1.2773	1	0.7829
1360	1303771480522	1	1.2773	1	0.7829
1361	1303771480544	1	1.2773	1.0294	0.7605
1362	1303771480564	1	1.2773	1	0.7829
1363	1303771480585	1	1.2773	1	0.7829
1364	1303771480606	1	1.2773	1	0.7829
1365	1303771480627	1	1.2773	1.0294	0.7605
1366	1303771480689	1	1.3053	1	0.7661
1367	1303771480709	1	1.3053	1	0.7661
1368	1303771480731	1	1.3053	1	0.7661
1369	1303771480751	1	1.3053	1.0294	0.7442
1370	1303771480773	1	1.3053	1	0.7661
1371	1303771480792	1	1.3053	1	0.7661
1372	1303771480814	1	1.3053	1	0.7661
1373	1303771480834	1	1.3053	1.0294	0.7442
1374	1303771480856	1	1.3053	1	0.7661
1375	1303771480876	1	1.3053	1	0.7661
1376	1303771480897	1	1.3053	1	0.7661
1377	1303771480918	1	1.3053	1.0294	0.7442
1378	1303771480939	1	1.3053	1	0.7661
1379	1303771480961	1	1.3053	1	0.7661
1380	1303771480981	1	1.3053	1	0.7661
1381	1303771481002	1	1.3053	1.0294	0.7442
1382	1303771481022	1	1.3053	1	0.7661
1383	1303771481044	1	1.3053	1	0.7661
1384	1303771481064	1	1.3053	1	0.7661
1385	1303771481085	1	1.3053	1.0294	0.7442
1386	1303771481106	1	1.3053	1	0.7661
1387	1303771481128	1	1.3053	1	0.7661
1388	1303771481148	1	1.3053	1	0.7661
1389	1303771481170	1	1.3053	1.0294	0.7442
1390	1303771481190	1	1.3053	1	0.7661
1391	1303771481212	1	1.3053	1	0.7661
1392	1303771481233	1	1.3053	1	0.7661
1393	1303771481264	1	1.3053	1.0294	0.7442
1394	1303771481325	1	1.3053	1	0.7661
1395	1303771481358	1	1.3053	1	0.7661
1396	1303771481385	1	1.3053	1	0.7661
1397	1303771481406	1	1.3016	1	0.7683
1398	1303771481429	1	1.3016	1	0.7683
1399	1303771481450	1	1.3016	1	0.7683
1400	1303771481472	1	1.3016	1.0294	0.7464
1401	1303771481492	1	1.3016	1	0.7683
1402	1303771481513	1	1.3016	1	0.7683
1403	1303771481535	1	1.3016	1	0.7683
1404	1303771481555	1	1.3016	1.0294	0.7464
1405	1303771481576	1	1.3016	1	0.7683
1406	1303771481595	1	1.3016	1	0.7683
1407	1303771481616	1	1.3016	1	0.7683
1408	1303771481636	1	1.3016	1.0294	0.7464
1409	1303771481658	1	1.3016	1	0.7683
1410	1303771481678	1	1.3016	1	0.7683
1411	1303771481699	1	1.3016	1	0.7683
1412	1303771481719	1	1.3016	1.0294	0.7464
1413	1303771481740	1	1.3016	1	0.7683
1414	1303771481760	1	1.3016	1	0.7683
1415	1303771481781	1	1.3016	1	0.7683
1416	1303771481802	1	1.3016	1.0294	0.7464
1417	1303771481822	1	1.3016	1	0.7683
1418	1303771481845	1	1.3016	1	0.7683
1419	1303771481865	1	1.3016	1	0.7683
1420	1303771481928	1	1.3016	1.0294	0.7464
1421	1303771481948	1	1.3016	1	0.7683
1422	1303771481969	1	1.3016	1	0.7683
1423	1303771481990	1	1.3016	1	0.7683
1424	1303771482012	1	1.3016	1.0294	0.7464
1425	1303771482032	1	1.3016	1	0.7683
1426	1303771482053	1	1.3016	1	0.7683
1427	1303771482073	1	1.3016	1	0.7683
1428	1303771482095	1	1.3016	1.0294	0.7464
1429	1303771482117	1	1.3016	1	0.7683
1430	1303771482184	1	1.3016	1	0.7683
1431	1303771482206	1	1.3016	1	0.7683
1432	1303771482226	1	1.3016	1.0294	0.7464
1433	1303771482247	1	1.3016	1	0.7683
1434	1303771482307	1	1.3016	1	0.7683
1435	1303771482329	1	1.3016	1	0.7683
1436	1303771482349	1	1.3016	1.0294	0.7464
1437	1303771482370	1	1.3016	1	0.7683
1438	1303771482430	1	1.3016	1	0.7683
1439	1303771482452	1	1.3016	1	0.7683
1440	1303771482473	1	1.3016	1.0294	0.7464
1441	1303771482495	1	1.3016	1	0.7683
1442	1303771482517	1	1.3016	1	0.7683
1443	1303771482580	1	1.2865	1	0.7773
1444	1303771482602	1	1.2865	1.0294	0.7551
1445	1303771482622	1	1.2865	1	0.7773
1446	1303771482643	1	1.2865	1	0.7773
1447	1303771482704	1	1.2865	1	0.7773
1448	1303771482725	1	1.2865	1.0294	0.7551
1449	1303771482747	1	1.2865	1	0.7773
1450	1303771482768	1	1.2865	1	0.7773
1451	1303771482789	1	1.2865	1	0.7773
1452	1303771482809	1	1.2865	1.0294	0.7551
1453	1303771482830	1	1.2865	1	0.7773
1454	1303771482901	1	1.2865	1	0.7773
1455	1303771482967	1	1.2865	1	0.7773
1456	1303771482998	1	1.2923	1	0.7738
1457	1303771483023	1	1.2923	1	0.7738
1458	1303771483086	1	1.2923	1	0.7738
1459	1303771483109	1	1.2923	1	0.7738
1460	1303771483131	1	1.2923	1	0.7738
1461	1303771483150	1	1.2923	1	0.7738
1462	1303771483172	1	1.2923	1	0.7738
1463	1303771483192	1	1.2923	1	0.7738
1464	1303771483214	1	1.2923	1	0.7738
1465	1303771483234	1	1.2923	1	0.7738
1466	1303771483256	1	1.2923	1	0.7738
1467	1303771483276	1	1.2923	1	0.7738
1468	1303771483298	1	1.2923	1	0.7738
1469	1303771483318	1	1.2923	1	0.7738
1470	1303771483342	1	1.2923	1	0.7738
1471	1303771483363	1	1.2923	1.0294	0.7517
1472	1303771483385	1	1.2923	1	0.7738
1473	1303771483406	1	1.2923	1	0.7738
1474	1303771483427	1	1.2923	1	0.7738
1475	1303771483494	1	1.2923	1.0294	0.7517
1476	1303771483516	1	1.2923	1	0.7738
1477	1303771483538	1	1.2923	1	0.7738
1478	1303771483559	1	1.2923	1	0.7738
1479	1303771483582	1	1.2923	1.0294	0.7517
1480	1303771483602	1	1.2923	1	0.7738
1481	1303771483623	1	1.2923	1	0.7738
1482	1303771483644	1	1.2923	1	0.7738
1483	1303771483667	1	1.2923	1.0294	0.7517
1484	1303771483687	1	1.2923	1	0.7738
1485	1303771483708	1	1.2923	1	0.7738
1486	1303771483730	1	1.2923	1	0.7738
1487	1303771483750	1	1.2923	1.0294	0.7517
1488	1303771483772	1	1.2923	1	0.7738
1489	1303771483791	1	1.2923	1	0.7738
1490	1303771483813	1	1.2923	1	0.7738
1491	1303771483834	1	1.2923	1.0294	0.7517
1492	1303771483856	1	1.2923	1	0.7738
1493	1303771483875	1	1.2923	1	0.7738
1494	1303771483896	1	1.2923	1	0.7738
1495	1303771483916	1	1.2923	1.0294	0.7517
1496	1303771483939	1	1.2923	1	0.7738
1497	1303771483959	1	1.2923	1	0.7738
1498	1303771484022	1	1.2923	1	0.7738
1499	1303771484044	1	1.2923	1.0294	0.7517
1500	1303771484064	1	1.2923	1	0.7738
1501	1303771484086	1	1.2923	1	0.7738
1502	1303771484105	1	1.2923	1	0.7738
1503	1303771484126	1	1.2923	1.0294	0.7517
1504	1303771484147	1	1.2923	1	0.7738
1505	1303771484168	1	1.2923	1	0.7738
1506	1303771484187	1	1.2923	1	0.7738
1507	1303771484209	1	1.2923	1.0294	0.7517
1508	1303771484229	1	1.2923	1	0.7738
1509	1303771484251	1	1.2923	1	0.7738
1510	1303771484271	1	1.2923	1	0.7738
1511	1303771484292	1	1.2923	1.0294	0.7517
1512	1303771484312	1	1.2923	1	0.7738
1513	1303771484334	1	1.2923	1	0.7738
1514	1303771484356	1	1.2923	1	0.7738
1515	1303771484386	1	1.2923	1.0294	0.7517
1516	1303771484451	1	1.2923	1	0.7738
1517	1303771484479	1	1.2923	1	0.7738
1518	1303771484506	1	1.2923	1	0.7738
1519	1303771484529	1	1.295	1.0294	0.7501
1520	1303771484552	1	1.295	1	0.7722
1521	1303771484572	1	1.295	1	0.7722
1522	1303771484593	1	1.295	1	0.7722
1523	1303771484613	1	1.295	1.0294	0.7501
1524	1303771484634	1	1.295	1	0.7722
1525	1303771484654	1	1.295	1	0.7722
1526	1303771484675	1	1.295	1	0.7722
1527	1303771484697	1	1.295	1.0294	0.7501
1528	1303771484717	1	1.295	1	0.7722
1529	1303771484739	1	1.295	1	0.7722
1530	1303771484758	1	1.295	1	0.7722
1531	1303771484780	1	1.295	1.0294	0.7501
1532	1303771484800	1	1.295	1	0.7722
1533	1303771484821	1	1.295	1	0.7722
1534	1303771484841	1	1.295	1	0.7722
1535	1303771484863	1	1.295	1.0294	0.7501
1536	1303771484883	1	1.295	1.0294	0.7501
1537	1303771484905	1	1.295	1	0.7722
1538	1303771484925	1	1.295	1	0.7722
1539	1303771484946	1	1.295	1	0.7722
1540	1303771484968	1	1.295	1.0294	0.7501
1541	1303771485033	1	1.295	1.0294	0.7501
1542	1303771485056	1	1.295	1	0.7722
1543	1303771485076	1	1.295	1	0.7722
1544	1303771485098	1	1.295	1	0.7722
1545	1303771485118	1	1.295	1.0294	0.7501
1546	1303771485140	1	1.295	1.0294	0.7501
1547	1303771485160	1	1.295	1	0.7722
1548	1303771485181	1	1.295	1	0.7722
1549	1303771485201	1	1.295	1	0.7722
1550	1303771485223	1	1.295	1.0294	0.7501
1551	1303771485243	1	1.295	1.0294	0.7501
1552	1303771485266	1	1.295	1	0.7722
1553	1303771485288	1	1.295	1	0.7722
1554	1303771485309	1	1.295	1	0.7722
1555	1303771485331	1	1.295	1	0.7722
1556	1303771485351	1	1.295	1.0294	0.7501
1557	1303771485373	1	1.295	1	0.7722
1558	1303771485393	1	1.295	1	0.7722
1559	1303771485414	1	1.295	1	0.7722
1560	1303771485433	1	1.295	1.0294	0.7501
1561	1303771485454	1	1.295	1	0.7722
1562	1303771485474	1	1.295	1	0.7722
1563	1303771485495	1	1.295	1	0.7722
1564	1303771485515	1	1.295	1.0294	0.7501
1565	1303771485537	1	1.295	1	0.7722
1566	1303771485557	1	1.295	1	0.7722
1567	1303771485578	1	1.295	1	0.7722
1568	1303771485600	1	1.295	1.0294	0.7501
1569	1303771485619	1	1.295	1.0294	0.7501
1570	1303771485640	1	1.295	1	0.7722
1571	1303771485661	1	1.295	1	0.7722
1572	1303771485684	1	1.295	1	0.7722
1573	1303771485703	1	1.295	1.0294	0.7501
1574	1303771485725	1	1.295	1.0294	0.7501
1575	1303771485746	1	1.295	1	0.7722
1576	1303771485777	1	1.295	1	0.7722
1577	1303771485845	1	1.295	1	0.7722
1578	1303771485880	1	1.295	1.0294	0.7501
1579	1303771485906	1	1.295	1	0.7722
1580	1303771485930	1	1.3092	1	0.7639
1581	1303771485953	1	1.3092	1	0.7639
1582	1303771485974	1	1.3092	1	0.7639
1583	1303771485996	1	1.3092	1.0294	0.742
1584	1303771486016	1	1.3092	1.0294	0.742
1585	1303771486037	1	1.3092	1	0.7639
1586	1303771486102	1	1.3092	1	0.7639
1587	1303771486124	1	1.3092	1	0.7639
1588	1303771486145	1	1.3092	1	0.7639
1589	1303771486166	1	1.3092	1.0294	0.742
1590	1303771486228	1	1.3092	1	0.7639
1591	1303771486250	1	1.3092	1	0.7639
1592	1303771486348	1	1.3092	1	0.7639
1593	1303771486434	1	1.3092	1.0294	0.742
1594	1303771486456	1	1.3092	1.0294	0.742
1595	1303771486476	1	1.3092	1.0294	0.742
1596	1303771486498	1	1.3092	1.0294	0.742
1597	1303771486519	1	1.3092	1	0.7639
1598	1303771486540	1	1.3092	1	0.7639
1599	1303771486602	1	1.3092	1	0.7639
1600	1303771486622	1	1.3092	1	0.7639
1601	1303771486644	1	1.3092	1.0294	0.742
1602	1303771486663	1	1.3092	1	0.7639
1603	1303771486729	1	1.3092	1	0.7639
1604	1303771486748	1	1.3092	1	0.7639
1605	1303771486770	1	1.3092	1.0294	0.742
1606	1303771486790	1	1.3092	1.0294	0.742
1607	1303771486811	1	1.3092	1.0294	0.742
1608	1303771486833	1	1.3092	1	0.7639
1609	1303771486940	1	1.3092	1	0.7639
1610	1303771486962	1	1.3092	1	0.7639
1611	1303771486983	1	1.3092	1	0.7639
1612	1303771487004	1	1.3092	1	0.7639
1613	1303771487024	1	1.3092	1	0.7639
1614	1303771487046	1	1.3092	1	0.7639
1615	1303771487065	1	1.3092	1	0.7639
1616	1303771487086	1	1.3092	1	0.7639
1617	1303771487115	1	1.3092	1.0294	0.742
1618	1303771487136	1	1.3092	1	0.7639
1619	1303771487155	1	1.3092	1	0.7639
1620	1303771487177	1	1.3092	1	0.7639
1621	1303771487197	1	1.3092	1	0.7639
1622	1303771487218	1	1.3092	1.0294	0.742
1623	1303771487281	1	1.3092	1	0.7639
1624	1303771487301	1	1.3092	1	0.7639
1625	1303771487363	1	1.3092	1	0.7639
1626	1303771487383	1	1.3092	1	0.7639
1627	1303771487404	1	1.3092	1	0.7639
1628	1303771487424	1	1.3092	1.0294	0.742
1629	1303771487446	1	1.3092	1	0.7639
1630	1303771487466	1	1.3092	1	0.7639
1631	1303771487487	1	1.3092	1	0.7639
1632	1303771487507	1	1.3092	1	0.7639
1633	1303771487529	1	1.3092	1.0294	0.742
1634	1303771487590	1	1.3092	1.0294	0.742
1635	1303771487613	1	1.3092	1	0.7639
1636	1303771487636	1	1.3092	1	0.7639
1637	1303771487664	1	1.3092	1	0.7639
1638	1303771487736	1	1.3092	1	0.7639
1639	1303771487780	1	1.3092	1	0.7639
1640	1303771487807	1	1.3092	1	0.7639
1641	1303771487830	1	1.3144	1	0.7608
1642	1303771487855	1	1.3144	1	0.7608
1643	1303771487877	1	1.3144	1	0.7608
1644	1303771487897	1	1.3144	1	0.7608
1645	1303771487918	1	1.3144	1	0.7608
1646	1303771487940	1	1.3144	1	0.7608
1647	1303771487963	1	1.3144	1	0.7608
1648	1303771487983	1	1.3144	1	0.7608
1649	1303771488005	1	1.3144	1	0.7608
1650	1303771488024	1	1.3144	1	0.7608
1651	1303771488045	1	1.3144	1	0.7608
1652	1303771488067	1	1.3144	1	0.7608
1653	1303771488089	1	1.3144	1	0.7608
1654	1303771488111	1	1.3144	1	0.7608
1655	1303771488131	1	1.3144	1.0294	0.7391
1656	1303771488152	1	1.3144	1.0294	0.7391
1657	1303771488171	1	1.3144	1	0.7608
1658	1303771488192	1	1.3144	1	0.7608
1659	1303771488212	1	1.3144	1	0.7608
1660	1303771488233	1	1.3144	1	0.7608
1661	1303771488253	1	1.3144	1	0.7608
1662	1303771488274	1	1.3144	1.0294	0.7391
1663	1303771488294	1	1.3144	1	0.7608
1664	1303771488315	1	1.3144	1	0.7608
1665	1303771488335	1	1.3144	1	0.7608
1666	1303771488357	1	1.3144	1	0.7608
1667	1303771488377	1	1.3144	1.0294	0.7391
1668	1303771488398	1	1.3144	1	0.7608
1669	1303771488420	1	1.3144	1	0.7608
1670	1303771488440	1	1.3144	1	0.7608
1671	1303771488462	1	1.3144	1	0.7608
1672	1303771488483	1	1.3144	1.0294	0.7391
1673	1303771488504	1	1.3144	1	0.7608
1674	1303771488524	1	1.3144	1	0.7608
1675	1303771488546	1	1.3144	1	0.7608
1676	1303771488566	1	1.3144	1	0.7608
1677	1303771488587	1	1.3144	1	0.7608
1678	1303771488608	1	1.3144	1.0294	0.7391
1679	1303771488629	1	1.3144	1	0.7608
1680	1303771488649	1	1.3144	1	0.7608
1681	1303771488671	1	1.3144	1	0.7608
1682	1303771488735	1	1.3144	1	0.7608
1683	1303771488755	1	1.3144	1.0294	0.7391
1684	1303771488817	1	1.3144	1.0294	0.7391
1685	1303771488837	1	1.3144	1	0.7608
1686	1303771488860	1	1.3144	1	0.7608
1687	1303771488880	1	1.3144	1	0.7608
1688	1303771488944	1	1.3144	1	0.7608
1689	1303771488965	1	1.3144	1	0.7608
1690	1303771488987	1	1.3144	1	0.7608
1691	1303771489007	1	1.3144	1	0.7608
1692	1303771489029	1	1.3144	1	0.7608
1693	1303771489063	1	1.3144	1	0.7608
1694	1303771489083	1	1.3144	1.0294	0.7391
1695	1303771489104	1	1.3144	1.0294	0.7391
1696	1303771489124	1	1.3144	1	0.7608
1697	1303771489146	1	1.3144	1	0.7608
1698	1303771489176	1	1.3144	1	0.7608
1699	1303771489244	1	1.3144	1	0.7608
1700	1303771489276	1	1.3144	1	0.7608
1701	1303771489304	1	1.3144	1	0.7608
1702	1303771489328	1	1.3318	1	0.7509
1703	1303771489351	1	1.3318	1	0.7509
1704	1303771489373	1	1.3318	1	0.7509
1705	1303771489394	1	1.3318	1.0294	0.7294
1706	1303771489415	1	1.3318	1	0.7509
1707	1303771489435	1	1.3318	1	0.7509
1708	1303771489457	1	1.3318	1	0.7509
1709	1303771489478	1	1.3318	1.0294	0.7294
1710	1303771489500	1	1.3318	1	0.7509
1711	1303771489520	1	1.3318	1	0.7509
1712	1303771489541	1	1.3318	1	0.7509
1713	1303771489562	1	1.3318	1.0294	0.7294
1714	1303771489582	1	1.3318	1	0.7509
1715	1303771489603	1	1.3318	1	0.7509
1716	1303771489623	1	1.3318	1	0.7509
1717	1303771489645	1	1.3318	1.0294	0.7294
1718	1303771489665	1	1.3318	1	0.7509
1719	1303771489686	1	1.3318	1	0.7509
1720	1303771489706	1	1.3318	1.0294	0.7294
1721	1303771489728	1	1.3318	1.0294	0.7294
1722	1303771489749	1	1.3318	1.0294	0.7294
1723	1303771489811	1	1.3318	1	0.7509
1724	1303771489833	1	1.3318	1	0.7509
1725	1303771489893	1	1.3318	1.0294	0.7294
1726	1303771489916	1	1.3318	1.0294	0.7294
1727	1303771489936	1	1.3318	1.0294	0.7294
1728	1303771489959	1	1.3318	1	0.7509
1729	1303771489980	1	1.3318	1	0.7509
1730	1303771490002	1	1.3318	1.0294	0.7294
1731	1303771490023	1	1.3318	1.0294	0.7294
1732	1303771490046	1	1.3318	1.0294	0.7294
1733	1303771490067	1	1.3318	1	0.7509
1734	1303771490089	1	1.3318	1	0.7509
1735	1303771490148	1	1.3318	1.0294	0.7294
1736	1303771490244	1	1.3318	1.0294	0.7294
1737	1303771490321	1	1.3318	1.0294	0.7294
1738	1303771490373	1	1.3318	1	0.7509
1739	1303771490395	1	1.3318	1	0.7509
1740	1303771490416	1	1.3318	1.0294	0.7294
1741	1303771490437	1	1.3318	1.0294	0.7294
1742	1303771490458	1	1.3318	1.0294	0.7294
1743	1303771490530	1	1.3318	1	0.7509
1744	1303771490550	1	1.3318	1	0.7509
1745	1303771490570	1	1.3318	1.0294	0.7294
1746	1303771490591	1	1.3318	1.0294	0.7294
1747	1303771490612	1	1.3318	1.0294	0.7294
1748	1303771490634	1	1.3318	1	0.7509
1749	1303771490725	1	1.3318	1	0.7509
1750	1303771490786	1	1.3318	1.0294	0.7294
1751	1303771490815	1	1.3318	1.0294	0.7294
1752	1303771490836	1	1.3318	1.0294	0.7294
1753	1303771490856	1	1.3318	1	0.7509
1754	1303771490876	1	1.3318	1	0.7509
1755	1303771490896	1	1.3318	1.0294	0.7294
1756	1303771490928	1	1.3318	1.0294	0.7294
1757	1303771491002	1	1.3318	1.0294	0.7294
1758	1303771491182	1	1.3318	1	0.7509
1759	1303771491233	1	1.3318	1	0.7509
1760	1303771491320	1	1.3083	1.0294	0.7425
1761	1303771491362	1	1.311	1.0294	0.741
1762	1303771491424	1	1.3047	1.0294	0.7446
1763	1303771491454	1	1.3047	1	0.7665
1764	1303771491516	1	1.3047	1.0294	0.7446
1765	1303771491555	1	1.3047	1.0294	0.7446
1766	1303771491589	1	1.3047	1.0294	0.7446
1767	1303771491608	1	1.3047	1.0294	0.7446
1768	1303771491636	1	1.3047	1	0.7665
1769	1303771491672	1	1.3047	1	0.7665
1770	1303771491693	1	1.3047	1.0294	0.7446
1771	1303771491727	1	1.3047	1.0294	0.7446
1772	1303771491775	1	1.3047	1.0294	0.7446
1773	1303771491855	1	1.3047	1	0.7665
1774	1303771491903	1	1.3047	1	0.7665
1775	1303771491935	1	1.3047	1.0294	0.7446
1776	1303771491967	1	1.3047	1.0294	0.7446
1777	1303771492012	1	1.3047	1.0294	0.7446
1778	1303771492041	1	1.3047	1	0.7665
1779	1303771492074	1	1.3047	1	0.7665
1780	1303771492108	1	1.3047	1.0294	0.7446
1781	1303771492141	1	1.3047	1.0294	0.7446
1782	1303771492160	1	1.3047	1.0294	0.7446
1783	1303771492199	1	1.3047	1	0.7665
1784	1303771492227	1	1.3047	1	0.7665
1785	1303771492258	1	1.3047	1.0294	0.7446
1786	1303771492286	1	1.3047	1.0294	0.7446
1787	1303771492307	1	1.3047	1.0294	0.7446
1788	1303771492342	1	1.3047	1.0294	0.7446
1789	1303771492503	1	1.1071	1	0.9032
1790	1303771492597	1	1.1071	1	0.9032
1791	1303771492692	1	1.1071	1.0294	0.8774
1792	1303771492715	1	1.1071	1.0294	0.8774
1793	1303771492736	1	1.1071	1.0294	0.8774
1794	1303771492804	1	1.1071	1	0.9032
1795	1303771492824	1	1.1071	1	0.9032
1796	1303771492846	1	1.1071	1.0294	0.8774
1797	1303771492867	1	1.1071	1.0294	0.8774
1798	1303771492889	1	1.1071	1.0294	0.8774
1799	1303771492909	1	1.1071	1.0294	0.8774
1800	1303771492971	1	1.1071	1	0.9032
